FAC_PARTY_ID,SERVICE_TYPE_CD,NAME,ADDRESS_1,ADDRESS_2,CITY,POSTAL_CODE,LATITUDE,LONGITUDE,PHONE,WEBSITE,EMAIL,OP_WEEKDAY_YN,OP_WEEKEND_YN,OP_STAT_HOLIDAY_YN,OP_OVERNIGHT_YN,OP_EXT_WEEKDAY_BEFORE6AM_YN,OP_EXT_WEEKDAY_AFTER7PM_YN,SRVC_UNDER36_YN,SRVC_30MOS_5YRS_YN,SRVC_LICPRE_YN,SRVC_OOS_KINDER_YN,SRVC_OOS_GR1_AGE12_YN,LANG_CANTONESE_YN,LANG_PUNJABI_YN,LANG_MANDARIN_YN,LANG_FRENCH_YN,LANG_SPANISH_YN,LANG_OTHER_YN,PROVIDE_CD_MEALS,PROVIDE_CD_PICKUP,PRESCHOOL_MORNING_YN,PRESCHOOL_MIDDAY_YN,PRESCHOOL_AFTERNOON_YN,ABORIGINAL_PROGRAMMING_YN,ACCOMMODATE_SPECIAL_NEEDS,ECE_CERTIFICATION_YN,ELF_PROGRAMMING_YN,VACANCY_SRVC_UNDER36,VACANCY_SRVC_30MOS_5YRS,VACANCY_SRVC_LICPRE,VACANCY_SRVC_OOS_GR1_AGE12,VACANCY_LAST_UPDATE,HA_FAC_INSPEC_RPTS,IS_INCOMPLETE_IND,IS_CCFRI_AUTH,IS_DUPLICATE,popup
1,Licensed Group,Bonnie Bairns Childcare Services,2260 Philip Ave,,North Vancouver,V7P 2W8,49.330395,-123.112745,604-983-2600,,,N,N,N,N,N,N,N,N,N,N,N,N,N,N,N,N,N,,,N,N,N,N,N,N,N,N,N,N,N,2026-04-29,https://inspections.vcha.ca/ChildCare/Table,N,Y,N,Bonnie Bairns Childcare Services<br>Licensed Group<br>604-983-2600<br><br>Vacancy:<br>&nbsp;&nbsp;&nbsp;&nbsp;<36 months: N<br>&nbsp;&nbsp;&nbsp;&nbsp;30 months -- 5 years: N<br>&nbsp;&nbsp;&nbsp;&nbsp;Preschool: N<br>&nbsp;&nbsp;&nbsp;&nbsp;Grade 1 - Age 12: N<br>
2,Licensed Group,Willow Point Children's Centre,200 Larwood Rd,,Campbell River,V9W 2S1,49.967369,-125.21629,250-923-0484,,,N,N,N,N,N,N,N,N,N,N,N,N,N,N,N,N,N,,,N,N,N,N,N,N,N,N,N,N,N,2026-05-01,https://www.healthspace.ca/clients/viha/viha_website.nsf/CCFL-Main?OpenView,N,Y,N,Willow Point Children's Centre<br>Licensed Group<br>250-923-0484<br><br>Vacancy:<br>&nbsp;&nbsp;&nbsp;&nbsp;<36 months: N<br>&nbsp;&nbsp;&nbsp;&nbsp;30 months -- 5 years: N<br>&nbsp;&nbsp;&nbsp;&nbsp;Preschool: N<br>&nbsp;&nbsp;&nbsp;&nbsp;Grade 1 - Age 12: N<br>
3,Licensed Group,Le' Lum' Uy' Lh,5588 River Rd,,Duncan,V9L 6V9,48.774361,-123.707365,250-715-1022,,,N,N,N,N,N,N,N,N,N,N,N,N,N,N,N,N,N,,,N,N,N,N,N,N,N,N,N,N,N,2026-05-11,https://www.healthspace.ca/clients/viha/viha_website.nsf/CCFL-Main?OpenView,N,Y,N,Le' Lum' Uy' Lh<br>Licensed Group<br>250-715-1022<br><br>Vacancy:<br>&nbsp;&nbsp;&nbsp;&nbsp;<36 months: N<br>&nbsp;&nbsp;&nbsp;&nbsp;30 months -- 5 years: N<br>&nbsp;&nbsp;&nbsp;&nbsp;Preschool: N<br>&nbsp;&nbsp;&nbsp;&nbsp;Grade 1 - Age 12: N<br>
4,Licensed Group,Victoria Children's Centre,1515 Blanshard St,,Victoria,V8W 3C8,48.428183,-123.361025,250-380-2484,,,N,N,N,N,N,N,N,N,N,N,N,N,N,N,N,N,N,,,N,N,N,N,N,N,N,N,N,N,N,2026-04-30,https://www.healthspace.ca/clients/viha/viha_website.nsf/CCFL-Main?OpenView,N,Y,N,Victoria Children's Centre<br>Licensed Group<br>250-380-2484<br><br>Vacancy:<br>&nbsp;&nbsp;&nbsp;&nbsp;<36 months: N<br>&nbsp;&nbsp;&nbsp;&nbsp;30 months -- 5 years: N<br>&nbsp;&nbsp;&nbsp;&nbsp;Preschool: N<br>&nbsp;&nbsp;&nbsp;&nbsp;Grade 1 - Age 12: N<br>
5,Licensed Group,Forest Grove Childcare Centre,36-8650 Cinnamon Dr,,Burnaby,V5A 4H7,49.264565,-122.914866,604-339-6340,,,N,N,N,N,N,N,N,N,N,N,N,N,N,N,N,N,N,,,N,N,N,N,N,N,N,Y,Y,N,N,2026-05-15,http://www.healthspace.ca/fha/childcare,N,Y,N,Forest Grove Childcare Centre<br>Licensed Group<br>604-339-6340<br><br>Vacancy:<br>&nbsp;&nbsp;&nbsp;&nbsp;<36 months: Y<br>&nbsp;&nbsp;&nbsp;&nbsp;30 months -- 5 years: Y<br>&nbsp;&nbsp;&nbsp;&nbsp;Preschool: N<br>&nbsp;&nbsp;&nbsp;&nbsp;Grade 1 - Age 12: N<br>
6,Licensed Group,mcgregor Child Care Centre (0 - 3 Gdc),1155 Broadway E,,Vancouver,V5T 4V5,49.263354,-123.080381,778-783-5147,,,N,N,N,N,N,N,N,N,N,N,N,N,N,N,N,N,N,,,N,N,N,N,N,N,N,N,N,N,N,2026-05-11,https://inspections.vcha.ca/ChildCare/Table,N,Y,N,mcgregor Child Care Centre (0 - 3 Gdc)<br>Licensed Group<br>778-783-5147<br><br>Vacancy:<br>&nbsp;&nbsp;&nbsp;&nbsp;<36 months: N<br>&nbsp;&nbsp;&nbsp;&nbsp;30 months -- 5 years: N<br>&nbsp;&nbsp;&nbsp;&nbsp;Preschool: N<br>&nbsp;&nbsp;&nbsp;&nbsp;Grade 1 - Age 12: N<br>
7,Licensed Group,Eco Kids Care Inc.,6256 Mt Lehman Rd,,Abbotsford,V4X 2G5,49.115834,-122.381674,778-549-0766,,,N,N,N,N,N,N,N,N,N,N,N,N,N,N,N,N,N,,,N,N,N,N,N,N,N,N,N,N,N,2026-05-15,http://www.healthspace.ca/fha/childcare,N,Y,N,Eco Kids Care Inc.<br>Licensed Group<br>778-549-0766<br><br>Vacancy:<br>&nbsp;&nbsp;&nbsp;&nbsp;<36 months: N<br>&nbsp;&nbsp;&nbsp;&nbsp;30 months -- 5 years: N<br>&nbsp;&nbsp;&nbsp;&nbsp;Preschool: N<br>&nbsp;&nbsp;&nbsp;&nbsp;Grade 1 - Age 12: N<br>
8,Licensed Group,Laugh And Learn Children Centre Branch,5412 Vedder Rd,,Chilliwack,V2R 3M4,49.100184,-121.962297,604-705-2556,,,N,N,N,N,N,N,N,N,N,N,N,N,N,N,N,N,N,,,N,N,N,N,N,N,N,Y,Y,N,N,2026-05-11,http://www.healthspace.ca/fha/childcare,N,Y,N,Laugh And Learn Children Centre Branch<br>Licensed Group<br>604-705-2556<br><br>Vacancy:<br>&nbsp;&nbsp;&nbsp;&nbsp;<36 months: Y<br>&nbsp;&nbsp;&nbsp;&nbsp;30 months -- 5 years: Y<br>&nbsp;&nbsp;&nbsp;&nbsp;Preschool: N<br>&nbsp;&nbsp;&nbsp;&nbsp;Grade 1 - Age 12: N<br>
9,Licensed Group,Shannon Day Care,290-1200 73Rd Ave W,,Vancouver,V6P 6G5,49.203994,-123.133622,604-263-3421,,,N,N,N,N,N,N,N,N,N,N,N,N,N,N,N,N,N,,,N,N,N,N,N,N,N,N,N,N,N,2026-05-15,https://inspections.vcha.ca/ChildCare/Table,N,Y,N,Shannon Day Care<br>Licensed Group<br>604-263-3421<br><br>Vacancy:<br>&nbsp;&nbsp;&nbsp;&nbsp;<36 months: N<br>&nbsp;&nbsp;&nbsp;&nbsp;30 months -- 5 years: N<br>&nbsp;&nbsp;&nbsp;&nbsp;Preschool: N<br>&nbsp;&nbsp;&nbsp;&nbsp;Grade 1 - Age 12: N<br>
10,Licensed Group,West Point Grey Under Three Day Care,1708 West 16Th Ave,,Vancouver,V6J 2M1,49.256848,-123.144396,604-568-9002,,,N,N,N,N,N,N,N,N,N,N,N,N,N,N,N,N,N,,,N,N,N,N,N,N,N,N,N,N,N,2026-05-15,https://inspections.vcha.ca/ChildCare/Table,N,Y,N,West Point Grey Under Three Day Care<br>Licensed Group<br>604-568-9002<br><br>Vacancy:<br>&nbsp;&nbsp;&nbsp;&nbsp;<36 months: N<br>&nbsp;&nbsp;&nbsp;&nbsp;30 months -- 5 years: N<br>&nbsp;&nbsp;&nbsp;&nbsp;Preschool: N<br>&nbsp;&nbsp;&nbsp;&nbsp;Grade 1 - Age 12: N<br>
11,Licensed Group,Whistler Children's Centre,7146 Nesters Rd,,Whistler,V0N 1B7,50.12399,-122.960699,604-932-1119,,,N,N,N,N,N,N,N,N,N,N,N,N,N,N,N,N,N,,,N,N,N,N,N,N,N,N,N,N,N,2026-05-05,https://inspections.vcha.ca/ChildCare/Table,N,Y,N,Whistler Children's Centre<br>Licensed Group<br>604-932-1119<br><br>Vacancy:<br>&nbsp;&nbsp;&nbsp;&nbsp;<36 months: N<br>&nbsp;&nbsp;&nbsp;&nbsp;30 months -- 5 years: N<br>&nbsp;&nbsp;&nbsp;&nbsp;Preschool: N<br>&nbsp;&nbsp;&nbsp;&nbsp;Grade 1 - Age 12: N<br>
12,Licensed Group,Castleview Child Care Centre,1075 Joan Cres,,Victoria,V8S 3L3,48.423331,-123.343216,250-595-5355,,,N,N,N,N,N,N,N,N,N,N,N,N,N,N,N,N,N,,,N,N,N,N,N,N,N,N,N,N,N,2026-05-19,https://www.healthspace.ca/clients/viha/viha_website.nsf/CCFL-Main?OpenView,N,Y,N,Castleview Child Care Centre<br>Licensed Group<br>250-595-5355<br><br>Vacancy:<br>&nbsp;&nbsp;&nbsp;&nbsp;<36 months: N<br>&nbsp;&nbsp;&nbsp;&nbsp;30 months -- 5 years: N<br>&nbsp;&nbsp;&nbsp;&nbsp;Preschool: N<br>&nbsp;&nbsp;&nbsp;&nbsp;Grade 1 - Age 12: N<br>
13,Licensed Group,Camosun College Child Care Services - Interurban,4461 Interurban Rd,,Victoria,V9E 2C1,48.491032,-123.416365,250-370-4880,,,N,N,N,N,N,N,N,N,N,N,N,N,N,N,N,N,N,,,N,N,N,N,N,N,N,N,N,N,N,2026-05-21,https://www.healthspace.ca/clients/viha/viha_website.nsf/CCFL-Main?OpenView,N,Y,N,Camosun College Child Care Services - Interurban<br>Licensed Group<br>250-370-4880<br><br>Vacancy:<br>&nbsp;&nbsp;&nbsp;&nbsp;<36 months: N<br>&nbsp;&nbsp;&nbsp;&nbsp;30 months -- 5 years: N<br>&nbsp;&nbsp;&nbsp;&nbsp;Preschool: N<br>&nbsp;&nbsp;&nbsp;&nbsp;Grade 1 - Age 12: N<br>
14,Licensed Group,Camosun College Child Care Services - Lansdowne,3211 Richmond Rd,,Victoria,V8P 4P2,48.448484,-123.325345,250-370-4880,,,N,N,N,N,N,N,N,N,N,N,N,N,N,N,N,N,N,,,N,N,N,N,N,N,N,N,N,N,N,2026-05-21,https://www.healthspace.ca/clients/viha/viha_website.nsf/CCFL-Main?OpenView,N,Y,N,Camosun College Child Care Services - Lansdowne<br>Licensed Group<br>250-370-4880<br><br>Vacancy:<br>&nbsp;&nbsp;&nbsp;&nbsp;<36 months: N<br>&nbsp;&nbsp;&nbsp;&nbsp;30 months -- 5 years: N<br>&nbsp;&nbsp;&nbsp;&nbsp;Preschool: N<br>&nbsp;&nbsp;&nbsp;&nbsp;Grade 1 - Age 12: N<br>
15,Licensed Group,ywca Crabtree Corner Early Learning And Care Center (<36Mos),533 E. Hastings St,,Vancouver,V6A 1P9,49.28151,-123.092378,604-216-1655,,,N,N,N,N,N,N,N,N,N,N,N,N,N,N,N,N,N,,,N,N,N,N,N,N,N,N,N,N,N,2026-05-04,https://inspections.vcha.ca/ChildCare/Table,N,Y,N,ywca Crabtree Corner Early Learning And Care Center (<36Mos)<br>Licensed Group<br>604-216-1655<br><br>Vacancy:<br>&nbsp;&nbsp;&nbsp;&nbsp;<36 months: N<br>&nbsp;&nbsp;&nbsp;&nbsp;30 months -- 5 years: N<br>&nbsp;&nbsp;&nbsp;&nbsp;Preschool: N<br>&nbsp;&nbsp;&nbsp;&nbsp;Grade 1 - Age 12: N<br>
16,Licensed Group,6Th Avenue Childcare,520 6Th Ave,,Kamloops,V2C 3R7,50.672937,-120.32746,250-828-6675,,,N,N,N,N,N,N,N,N,N,N,N,N,N,N,N,N,N,,,N,N,N,N,N,N,N,N,N,N,N,2026-04-30,https://hedgehogportal.interiorhealth.ca/ChildCare/Map,N,Y,N,6Th Avenue Childcare<br>Licensed Group<br>250-828-6675<br><br>Vacancy:<br>&nbsp;&nbsp;&nbsp;&nbsp;<36 months: N<br>&nbsp;&nbsp;&nbsp;&nbsp;30 months -- 5 years: N<br>&nbsp;&nbsp;&nbsp;&nbsp;Preschool: N<br>&nbsp;&nbsp;&nbsp;&nbsp;Grade 1 - Age 12: N<br>
17,Licensed Group,Gingerbread House,559 Battle St,,Kamloops,V2C 2M1,50.672974,-120.327839,250-828-6675,,,N,N,N,N,N,N,N,N,N,N,N,N,N,N,N,N,N,,,N,N,N,N,N,N,N,N,N,N,N,2026-04-30,https://hedgehogportal.interiorhealth.ca/ChildCare/Map,N,Y,N,Gingerbread House<br>Licensed Group<br>250-828-6675<br><br>Vacancy:<br>&nbsp;&nbsp;&nbsp;&nbsp;<36 months: N<br>&nbsp;&nbsp;&nbsp;&nbsp;30 months -- 5 years: N<br>&nbsp;&nbsp;&nbsp;&nbsp;Preschool: N<br>&nbsp;&nbsp;&nbsp;&nbsp;Grade 1 - Age 12: N<br>
18,Licensed Group,Summit Childcare,1565 Summit Dr,,Kamloops,V2E 1E9,50.657927,-120.338601,250-828-6675,,,N,N,N,N,N,N,N,N,N,N,N,N,N,N,N,N,N,,,N,N,N,N,N,N,N,Y,Y,N,Y,2026-04-30,https://hedgehogportal.interiorhealth.ca/ChildCare/Map,N,Y,N,Summit Childcare<br>Licensed Group<br>250-828-6675<br><br>Vacancy:<br>&nbsp;&nbsp;&nbsp;&nbsp;<36 months: Y<br>&nbsp;&nbsp;&nbsp;&nbsp;30 months -- 5 years: Y<br>&nbsp;&nbsp;&nbsp;&nbsp;Preschool: N<br>&nbsp;&nbsp;&nbsp;&nbsp;Grade 1 - Age 12: Y<br>
19,Licensed Group,Cedar Grove Childcare Centre,10330 144 St,,Surrey,V3T 4V3,49.190475,-122.822825,604-584-2311,,,N,N,N,N,N,N,N,N,N,N,N,N,N,N,N,N,N,,,N,N,N,N,N,N,N,N,Y,N,N,2026-04-20,http://www.healthspace.ca/fha/childcare,N,Y,N,Cedar Grove Childcare Centre<br>Licensed Group<br>604-584-2311<br><br>Vacancy:<br>&nbsp;&nbsp;&nbsp;&nbsp;<36 months: N<br>&nbsp;&nbsp;&nbsp;&nbsp;30 months -- 5 years: Y<br>&nbsp;&nbsp;&nbsp;&nbsp;Preschool: N<br>&nbsp;&nbsp;&nbsp;&nbsp;Grade 1 - Age 12: N<br>
20,Licensed Group,St. Barnabas Daycare Society,1005 Napanee St,,New Westminster,V3M 5Y2,49.207788,-122.924806,604-526-6956,,,N,N,N,N,N,N,N,N,N,N,N,N,N,N,N,N,N,,,N,N,N,N,N,N,N,N,Y,N,N,2026-05-06,http://www.healthspace.ca/fha/childcare,N,Y,N,St. Barnabas Daycare Society<br>Licensed Group<br>604-526-6956<br><br>Vacancy:<br>&nbsp;&nbsp;&nbsp;&nbsp;<36 months: N<br>&nbsp;&nbsp;&nbsp;&nbsp;30 months -- 5 years: Y<br>&nbsp;&nbsp;&nbsp;&nbsp;Preschool: N<br>&nbsp;&nbsp;&nbsp;&nbsp;Grade 1 - Age 12: N<br>
21,Licensed Group,St. Matthews Day Care Society,103-7355 Canada Way,,Burnaby,V3N 4Z6,49.223387,-122.940843,604-527-1031,,,N,N,N,N,N,N,N,N,N,N,N,N,N,N,N,N,N,,,N,N,N,N,N,N,N,N,Y,N,N,2026-05-04,http://www.healthspace.ca/fha/childcare,N,Y,N,St. Matthews Day Care Society<br>Licensed Group<br>604-527-1031<br><br>Vacancy:<br>&nbsp;&nbsp;&nbsp;&nbsp;<36 months: N<br>&nbsp;&nbsp;&nbsp;&nbsp;30 months -- 5 years: Y<br>&nbsp;&nbsp;&nbsp;&nbsp;Preschool: N<br>&nbsp;&nbsp;&nbsp;&nbsp;Grade 1 - Age 12: N<br>
22,Licensed Group,Springridge Early Childhood Centre,1222 Gladstone Ave,,Victoria,V8T 1G6,48.430895,-123.34878,250-384-2132,,,N,N,N,N,N,N,N,N,N,N,N,N,N,N,N,N,N,,,N,N,N,N,N,N,N,N,N,N,N,2026-05-15,https://www.healthspace.ca/clients/viha/viha_website.nsf/CCFL-Main?OpenView,N,Y,N,Springridge Early Childhood Centre<br>Licensed Group<br>250-384-2132<br><br>Vacancy:<br>&nbsp;&nbsp;&nbsp;&nbsp;<36 months: N<br>&nbsp;&nbsp;&nbsp;&nbsp;30 months -- 5 years: N<br>&nbsp;&nbsp;&nbsp;&nbsp;Preschool: N<br>&nbsp;&nbsp;&nbsp;&nbsp;Grade 1 - Age 12: N<br>
23,Licensed Group,Kidcare Early Learning Center,1045 Western Avenue,,Williams Lake,V2G 2J8,52.145828,-122.15134,250-302-3444,,,N,N,N,N,N,N,N,N,N,N,N,N,N,N,N,N,N,,,N,N,N,N,N,N,N,N,N,N,Y,2026-05-19,https://www.interiorhealth.ca/HedgehogPortal/facility/Table,N,Y,N,Kidcare Early Learning Center<br>Licensed Group<br>250-302-3444<br><br>Vacancy:<br>&nbsp;&nbsp;&nbsp;&nbsp;<36 months: N<br>&nbsp;&nbsp;&nbsp;&nbsp;30 months -- 5 years: N<br>&nbsp;&nbsp;&nbsp;&nbsp;Preschool: N<br>&nbsp;&nbsp;&nbsp;&nbsp;Grade 1 - Age 12: Y<br>
24,Licensed Group,Northside ymca Child Care,45465 Bernard Ave,,Chilliwack,V2P 1H6,49.164731,-121.965953,604-792-8010,,,N,N,N,N,N,N,N,N,N,N,N,N,N,N,N,N,N,,,N,N,N,N,N,N,N,N,N,N,N,2026-05-14,http://www.healthspace.ca/fha/childcare,N,Y,N,Northside ymca Child Care<br>Licensed Group<br>604-792-8010<br><br>Vacancy:<br>&nbsp;&nbsp;&nbsp;&nbsp;<36 months: N<br>&nbsp;&nbsp;&nbsp;&nbsp;30 months -- 5 years: N<br>&nbsp;&nbsp;&nbsp;&nbsp;Preschool: N<br>&nbsp;&nbsp;&nbsp;&nbsp;Grade 1 - Age 12: N<br>
25,Licensed Group,Little Mountain ymca Kids Club,9900 Carleton St,,Chilliwack,V2P 6E5,49.181666,-121.929289,604-819-3338,,,N,N,N,N,N,N,N,N,N,N,N,N,N,N,N,N,N,,,N,N,N,N,N,N,N,N,N,N,N,2026-05-14,http://www.healthspace.ca/fha/childcare,N,Y,N,Little Mountain ymca Kids Club<br>Licensed Group<br>604-819-3338<br><br>Vacancy:<br>&nbsp;&nbsp;&nbsp;&nbsp;<36 months: N<br>&nbsp;&nbsp;&nbsp;&nbsp;30 months -- 5 years: N<br>&nbsp;&nbsp;&nbsp;&nbsp;Preschool: N<br>&nbsp;&nbsp;&nbsp;&nbsp;Grade 1 - Age 12: N<br>
26,Licensed Group,Discovery World Daycare,870 Francis Ave,,Kelowna,V1Y 5G5,49.870191,-119.483527,250-868-7395,,,N,N,N,N,N,N,Y,Y,N,Y,Y,N,N,N,N,N,N,Not offered,Include in fee,N,N,N,N,Y,Y,Y,N,Y,N,Y,2026-05-14,https://hedgehogportal.interiorhealth.ca/ChildCare/Map,N,Y,N,Discovery World Daycare<br>Licensed Group<br>250-868-7395<br><br>Vacancy:<br>&nbsp;&nbsp;&nbsp;&nbsp;<36 months: N<br>&nbsp;&nbsp;&nbsp;&nbsp;30 months -- 5 years: Y<br>&nbsp;&nbsp;&nbsp;&nbsp;Preschool: N<br>&nbsp;&nbsp;&nbsp;&nbsp;Grade 1 - Age 12: Y<br>
27,Licensed Group,Bright Angels Children's Centre Ii,21176 Yeoman's Cres,,Langley,V1M 2P7,49.177182,-122.637094,604-599-1943,,,N,N,N,N,N,N,N,N,N,N,N,N,N,N,N,N,N,,,N,N,N,N,N,N,N,N,N,N,N,2026-04-23,http://www.healthspace.ca/fha/childcare,N,Y,N,Bright Angels Children's Centre Ii<br>Licensed Group<br>604-599-1943<br><br>Vacancy:<br>&nbsp;&nbsp;&nbsp;&nbsp;<36 months: N<br>&nbsp;&nbsp;&nbsp;&nbsp;30 months -- 5 years: N<br>&nbsp;&nbsp;&nbsp;&nbsp;Preschool: N<br>&nbsp;&nbsp;&nbsp;&nbsp;Grade 1 - Age 12: N<br>
28,Licensed Group,Creekview Tiny Tots (18Mths - 3Yrs Gdc),1483 Lamey's Mill Rd,,Vancouver,V6H 3Y7,49.269319,-123.137045,604-742-0212,,,N,N,N,N,N,N,N,N,N,N,N,N,N,N,N,N,N,,,N,N,N,N,N,N,N,N,N,N,N,2026-05-15,https://inspections.vcha.ca/ChildCare/Table,N,Y,N,Creekview Tiny Tots (18Mths - 3Yrs Gdc)<br>Licensed Group<br>604-742-0212<br><br>Vacancy:<br>&nbsp;&nbsp;&nbsp;&nbsp;<36 months: N<br>&nbsp;&nbsp;&nbsp;&nbsp;30 months -- 5 years: N<br>&nbsp;&nbsp;&nbsp;&nbsp;Preschool: N<br>&nbsp;&nbsp;&nbsp;&nbsp;Grade 1 - Age 12: N<br>
29,Licensed Group,Delbrook Wonderland Academy,#120 - 3721 Delbrook Ave,,North Vancouver,V7N 3Z4,49.343297,-123.086546,778-340-9595,,,,,,,,,,,,,,,,,,,,,,,,,,,,,,,,,,,Y,Y,N,Delbrook Wonderland Academy<br>Licensed Group<br>778-340-9595<br><br>Vacancy:<br>&nbsp;&nbsp;&nbsp;&nbsp;<36 months: None<br>&nbsp;&nbsp;&nbsp;&nbsp;30 months -- 5 years: None<br>&nbsp;&nbsp;&nbsp;&nbsp;Preschool: None<br>&nbsp;&nbsp;&nbsp;&nbsp;Grade 1 - Age 12: None<br>
30,Licensed Group,Kids Club,2855 Acadia Rd,,Vancouver,V6T 1S1,49.261738,-123.234515,604-827-9232,,,N,N,N,N,N,N,N,N,N,N,N,N,N,N,N,N,N,,,N,N,N,N,N,N,N,N,N,N,N,2026-04-24,https://inspections.vcha.ca/ChildCare/Table,N,Y,N,Kids Club<br>Licensed Group<br>604-827-9232<br><br>Vacancy:<br>&nbsp;&nbsp;&nbsp;&nbsp;<36 months: N<br>&nbsp;&nbsp;&nbsp;&nbsp;30 months -- 5 years: N<br>&nbsp;&nbsp;&nbsp;&nbsp;Preschool: N<br>&nbsp;&nbsp;&nbsp;&nbsp;Grade 1 - Age 12: N<br>
31,Licensed Group,Swamp,101-2730 Acadia Rd,,Vancouver,V6T 1S1,49.262634,-123.235138,604-837-9232,,,N,N,N,N,N,N,N,N,N,N,N,N,N,N,N,N,N,,,N,N,N,N,N,N,N,N,N,N,N,2026-04-24,https://inspections.vcha.ca/ChildCare/Table,N,Y,N,Swamp<br>Licensed Group<br>604-837-9232<br><br>Vacancy:<br>&nbsp;&nbsp;&nbsp;&nbsp;<36 months: N<br>&nbsp;&nbsp;&nbsp;&nbsp;30 months -- 5 years: N<br>&nbsp;&nbsp;&nbsp;&nbsp;Preschool: N<br>&nbsp;&nbsp;&nbsp;&nbsp;Grade 1 - Age 12: N<br>
32,Licensed Group,Kids Club Child Care,3300 37 Ave,,Vernon,V1T 2Y5,50.26863,-119.275795,250-762-3989,,,N,N,N,N,N,N,N,N,N,N,N,N,N,N,N,N,N,,,N,N,N,N,N,N,N,N,N,N,N,2026-05-15,https://hedgehogportal.interiorhealth.ca/ChildCare/Map,N,Y,N,Kids Club Child Care<br>Licensed Group<br>250-762-3989<br><br>Vacancy:<br>&nbsp;&nbsp;&nbsp;&nbsp;<36 months: N<br>&nbsp;&nbsp;&nbsp;&nbsp;30 months -- 5 years: N<br>&nbsp;&nbsp;&nbsp;&nbsp;Preschool: N<br>&nbsp;&nbsp;&nbsp;&nbsp;Grade 1 - Age 12: N<br>
33,Licensed Group,Boys & Girls Club Of Kamloops - L S Neighbourhood Club -,492 mcgill Rd,,Kamloops,V2C 1M3,50.670089,-120.352419,250-554-5437,,,N,N,N,N,N,N,N,N,N,N,N,N,N,N,N,N,N,Not offered,Not offered,N,N,N,N,N,N,N,N,N,N,N,2026-05-21,https://hedgehogportal.interiorhealth.ca/ChildCare/Map,N,Y,N,Boys & Girls Club Of Kamloops - L S Neighbourhood Club -<br>Licensed Group<br>250-554-5437<br><br>Vacancy:<br>&nbsp;&nbsp;&nbsp;&nbsp;<36 months: N<br>&nbsp;&nbsp;&nbsp;&nbsp;30 months -- 5 years: N<br>&nbsp;&nbsp;&nbsp;&nbsp;Preschool: N<br>&nbsp;&nbsp;&nbsp;&nbsp;Grade 1 - Age 12: N<br>
34,Licensed Group,First Steps Childcare Centre,480 Kenora Rd,,Kamloops,V2B 3X6,50.697406,-120.369904,250-554-5437,,,N,N,N,N,N,N,N,N,N,N,N,N,N,N,N,N,N,Not offered,Not offered,N,N,N,N,N,N,N,N,N,N,N,2026-05-21,https://hedgehogportal.interiorhealth.ca/ChildCare/Map,N,Y,N,First Steps Childcare Centre<br>Licensed Group<br>250-554-5437<br><br>Vacancy:<br>&nbsp;&nbsp;&nbsp;&nbsp;<36 months: N<br>&nbsp;&nbsp;&nbsp;&nbsp;30 months -- 5 years: N<br>&nbsp;&nbsp;&nbsp;&nbsp;Preschool: N<br>&nbsp;&nbsp;&nbsp;&nbsp;Grade 1 - Age 12: N<br>
35,Licensed Group,Brocklehurst Neighbourhood Club,950 Southill St,,Kamloops,V2B 5M2,50.704451,-120.39801,250-554-5437,,,N,N,N,N,N,N,N,N,N,N,N,N,N,N,N,N,N,Not offered,Not offered,N,N,N,N,N,N,N,N,N,N,N,2026-05-21,https://hedgehogportal.interiorhealth.ca/ChildCare/Map,N,Y,N,Brocklehurst Neighbourhood Club<br>Licensed Group<br>250-554-5437<br><br>Vacancy:<br>&nbsp;&nbsp;&nbsp;&nbsp;<36 months: N<br>&nbsp;&nbsp;&nbsp;&nbsp;30 months -- 5 years: N<br>&nbsp;&nbsp;&nbsp;&nbsp;Preschool: N<br>&nbsp;&nbsp;&nbsp;&nbsp;Grade 1 - Age 12: N<br>
36,Licensed Group,Panorama Recreation Osc And Owls Nest Early Learning,2151 Lannon Way,,Sidney,V8L 3Z1,48.639274,-123.410153,250-655-2172,,,N,N,N,N,N,N,N,N,N,N,N,N,N,N,N,N,N,,,N,N,N,N,N,N,N,N,N,N,N,2026-05-15,https://www.healthspace.ca/clients/viha/viha_website.nsf/CCFL-Main?OpenView,N,N,N,Panorama Recreation Osc And Owls Nest Early Learning<br>Licensed Group<br>250-655-2172<br><br>Vacancy:<br>&nbsp;&nbsp;&nbsp;&nbsp;<36 months: N<br>&nbsp;&nbsp;&nbsp;&nbsp;30 months -- 5 years: N<br>&nbsp;&nbsp;&nbsp;&nbsp;Preschool: N<br>&nbsp;&nbsp;&nbsp;&nbsp;Grade 1 - Age 12: N<br>
37,Licensed Group,The Halfmoon Bay Child Care Centre Society,8090 Northwood Rd,,Halfmoon Bay,V7Z 1A8,49.481901,-123.885301,604-885-3739,,,N,N,N,N,N,N,N,N,N,N,N,N,N,N,N,N,N,,,N,N,N,N,N,N,N,N,N,N,N,2026-05-16,https://inspections.vcha.ca/ChildCare/Table,N,Y,N,The Halfmoon Bay Child Care Centre Society<br>Licensed Group<br>604-885-3739<br><br>Vacancy:<br>&nbsp;&nbsp;&nbsp;&nbsp;<36 months: N<br>&nbsp;&nbsp;&nbsp;&nbsp;30 months -- 5 years: N<br>&nbsp;&nbsp;&nbsp;&nbsp;Preschool: N<br>&nbsp;&nbsp;&nbsp;&nbsp;Grade 1 - Age 12: N<br>
38,Licensed Group,Emmanuel Baptist Church Child Care,2121 Cedar Hill Cross Rd,,Victoria,V8P 2R6,48.457596,-123.314096,250-598-0573,,,N,N,N,N,N,N,N,N,N,N,N,N,N,N,N,N,N,,,N,N,N,N,N,N,N,N,Y,N,Y,2026-05-19,https://www.healthspace.ca/clients/viha/viha_website.nsf/CCFL-Main?OpenView,N,Y,N,Emmanuel Baptist Church Child Care<br>Licensed Group<br>250-598-0573<br><br>Vacancy:<br>&nbsp;&nbsp;&nbsp;&nbsp;<36 months: N<br>&nbsp;&nbsp;&nbsp;&nbsp;30 months -- 5 years: Y<br>&nbsp;&nbsp;&nbsp;&nbsp;Preschool: N<br>&nbsp;&nbsp;&nbsp;&nbsp;Grade 1 - Age 12: Y<br>
39,Licensed Group,Alderson ymca Kids Club,825 Gauthier Ave,,Coquitlam,V3K 7C4,49.239211,-122.874935,604-365-1867,,,N,N,N,N,N,N,N,N,N,N,N,N,N,N,N,N,N,,,N,N,N,N,N,N,N,N,N,N,N,2026-05-14,http://www.healthspace.ca/fha/childcare,N,Y,N,Alderson ymca Kids Club<br>Licensed Group<br>604-365-1867<br><br>Vacancy:<br>&nbsp;&nbsp;&nbsp;&nbsp;<36 months: N<br>&nbsp;&nbsp;&nbsp;&nbsp;30 months -- 5 years: N<br>&nbsp;&nbsp;&nbsp;&nbsp;Preschool: N<br>&nbsp;&nbsp;&nbsp;&nbsp;Grade 1 - Age 12: N<br>
40,Licensed Group,Brighouse ymca Kids Club,6800 Azure Rd,,Richmond,V7C 2S8,49.166987,-123.150441,604-306-2630,,,N,N,N,N,N,N,N,N,N,N,N,N,N,N,N,N,N,,,N,N,N,N,N,N,N,N,N,N,N,2026-05-14,https://inspections.vcha.ca/ChildCare/Table,N,Y,N,Brighouse ymca Kids Club<br>Licensed Group<br>604-306-2630<br><br>Vacancy:<br>&nbsp;&nbsp;&nbsp;&nbsp;<36 months: N<br>&nbsp;&nbsp;&nbsp;&nbsp;30 months -- 5 years: N<br>&nbsp;&nbsp;&nbsp;&nbsp;Preschool: N<br>&nbsp;&nbsp;&nbsp;&nbsp;Grade 1 - Age 12: N<br>
41,Licensed Group,Byng ymca Kids Club,3711 Georgia St,,Richmond,V7E 6M3,49.130864,-123.183474,604-668-6155,,,N,N,N,N,N,N,N,N,N,N,N,N,N,N,N,N,N,,,N,N,N,N,N,N,N,N,N,N,N,2026-05-14,https://inspections.vcha.ca/ChildCare/Table,N,Y,N,Byng ymca Kids Club<br>Licensed Group<br>604-668-6155<br><br>Vacancy:<br>&nbsp;&nbsp;&nbsp;&nbsp;<36 months: N<br>&nbsp;&nbsp;&nbsp;&nbsp;30 months -- 5 years: N<br>&nbsp;&nbsp;&nbsp;&nbsp;Preschool: N<br>&nbsp;&nbsp;&nbsp;&nbsp;Grade 1 - Age 12: N<br>
42,Licensed Group,Cameron ymca Kids Club,9540 Erickson Dr,,Burnaby,V3J 1M9,49.251635,-122.899696,604-421-6560,,,N,N,N,N,N,N,N,N,N,N,N,N,N,N,N,N,N,,,N,N,N,N,N,N,N,N,N,N,N,2026-05-14,http://www.healthspace.ca/fha/childcare,N,Y,N,Cameron ymca Kids Club<br>Licensed Group<br>604-421-6560<br><br>Vacancy:<br>&nbsp;&nbsp;&nbsp;&nbsp;<36 months: N<br>&nbsp;&nbsp;&nbsp;&nbsp;30 months -- 5 years: N<br>&nbsp;&nbsp;&nbsp;&nbsp;Preschool: N<br>&nbsp;&nbsp;&nbsp;&nbsp;Grade 1 - Age 12: N<br>
43,Licensed Group,Capitol Hill ymca Kids Club,350 Holdom Ave,,Burnaby,V5B 3V1,49.281465,-122.979536,604-294-3013,,,N,N,N,N,N,N,N,N,N,N,N,N,N,N,N,N,N,,,N,N,N,N,N,N,N,N,N,N,N,2026-05-14,http://www.healthspace.ca/fha/childcare,N,Y,N,Capitol Hill ymca Kids Club<br>Licensed Group<br>604-294-3013<br><br>Vacancy:<br>&nbsp;&nbsp;&nbsp;&nbsp;<36 months: N<br>&nbsp;&nbsp;&nbsp;&nbsp;30 months -- 5 years: N<br>&nbsp;&nbsp;&nbsp;&nbsp;Preschool: N<br>&nbsp;&nbsp;&nbsp;&nbsp;Grade 1 - Age 12: N<br>
44,Licensed Group,Manoah ymca Kids Club,10111 4Th Ave,,Richmond,V7E 1V5,49.139457,-123.188606,604-241-1116,,,N,N,N,N,N,N,N,N,N,N,N,N,N,N,N,N,N,,,N,N,N,N,N,N,N,N,N,N,N,2026-05-14,https://inspections.vcha.ca/ChildCare/Table,N,Y,N,Manoah ymca Kids Club<br>Licensed Group<br>604-241-1116<br><br>Vacancy:<br>&nbsp;&nbsp;&nbsp;&nbsp;<36 months: N<br>&nbsp;&nbsp;&nbsp;&nbsp;30 months -- 5 years: N<br>&nbsp;&nbsp;&nbsp;&nbsp;Preschool: N<br>&nbsp;&nbsp;&nbsp;&nbsp;Grade 1 - Age 12: N<br>
45,Licensed Group,Mount Pleasant ymca Kids Club,2300 Guelph St,,Vancouver,V5T 3P1,49.26404,-123.094042,604-872-2344,,,N,N,N,N,N,N,N,N,N,N,N,N,N,N,N,N,N,,,N,N,N,N,N,N,N,N,N,N,N,2026-05-14,https://inspections.vcha.ca/ChildCare/Table,N,Y,N,Mount Pleasant ymca Kids Club<br>Licensed Group<br>604-872-2344<br><br>Vacancy:<br>&nbsp;&nbsp;&nbsp;&nbsp;<36 months: N<br>&nbsp;&nbsp;&nbsp;&nbsp;30 months -- 5 years: N<br>&nbsp;&nbsp;&nbsp;&nbsp;Preschool: N<br>&nbsp;&nbsp;&nbsp;&nbsp;Grade 1 - Age 12: N<br>
46,Licensed Group,Stoney Creek ymca Kids Club And Preschool,2740 Beaverbrook Cres,,Burnaby,V3J 7B6,49.259404,-122.902055,604-421-0555,,,N,N,N,N,N,N,N,N,N,N,N,N,N,N,N,N,N,,,N,N,N,N,N,N,N,N,N,N,N,2026-05-14,http://www.healthspace.ca/fha/childcare,N,Y,N,Stoney Creek ymca Kids Club And Preschool<br>Licensed Group<br>604-421-0555<br><br>Vacancy:<br>&nbsp;&nbsp;&nbsp;&nbsp;<36 months: N<br>&nbsp;&nbsp;&nbsp;&nbsp;30 months -- 5 years: N<br>&nbsp;&nbsp;&nbsp;&nbsp;Preschool: N<br>&nbsp;&nbsp;&nbsp;&nbsp;Grade 1 - Age 12: N<br>
47,Licensed Group,Tennyson ymca Kids Club,2650 Maple St,,Vancouver,V6J 2B2,49.262349,-123.149372,604-218-4806,,,N,N,N,N,N,N,N,N,N,N,N,N,N,N,N,N,N,,,N,N,N,N,N,N,N,N,N,N,N,2026-05-14,https://inspections.vcha.ca/ChildCare/Table,N,Y,N,Tennyson ymca Kids Club<br>Licensed Group<br>604-218-4806<br><br>Vacancy:<br>&nbsp;&nbsp;&nbsp;&nbsp;<36 months: N<br>&nbsp;&nbsp;&nbsp;&nbsp;30 months -- 5 years: N<br>&nbsp;&nbsp;&nbsp;&nbsp;Preschool: N<br>&nbsp;&nbsp;&nbsp;&nbsp;Grade 1 - Age 12: N<br>
48,Licensed Group,Van Horne ymca Kids Club,5855 Ontario St,,Vancouver,V5W 2L8,49.231801,-123.106946,604-325-0077,,,N,N,N,N,N,N,N,N,N,N,N,N,N,N,N,N,N,,,N,N,N,N,N,N,N,N,N,N,N,2026-05-14,https://inspections.vcha.ca/ChildCare/Table,N,Y,N,Van Horne ymca Kids Club<br>Licensed Group<br>604-325-0077<br><br>Vacancy:<br>&nbsp;&nbsp;&nbsp;&nbsp;<36 months: N<br>&nbsp;&nbsp;&nbsp;&nbsp;30 months -- 5 years: N<br>&nbsp;&nbsp;&nbsp;&nbsp;Preschool: N<br>&nbsp;&nbsp;&nbsp;&nbsp;Grade 1 - Age 12: N<br>
49,Licensed Group,Hastings ymca Kids Club,2625 Franklin St,,Vancouver,V5K 3W7,49.282524,-123.050642,604-254-3199,,,N,N,N,N,N,N,N,N,N,N,N,N,N,N,N,N,N,,,N,N,N,N,N,N,N,N,N,N,N,2026-05-14,https://inspections.vcha.ca/ChildCare/Table,N,Y,N,Hastings ymca Kids Club<br>Licensed Group<br>604-254-3199<br><br>Vacancy:<br>&nbsp;&nbsp;&nbsp;&nbsp;<36 months: N<br>&nbsp;&nbsp;&nbsp;&nbsp;30 months -- 5 years: N<br>&nbsp;&nbsp;&nbsp;&nbsp;Preschool: N<br>&nbsp;&nbsp;&nbsp;&nbsp;Grade 1 - Age 12: N<br>
50,Licensed Group,Jules Quesnel ymca Kids Club,3050 Crown St,,Vancouver,V6R 4K9,49.259023,-123.192584,604-222-0114,,,N,N,N,N,N,N,N,N,N,N,N,N,N,N,N,N,N,,,N,N,N,N,N,N,N,N,N,N,N,2026-05-14,https://inspections.vcha.ca/ChildCare/Table,N,Y,N,Jules Quesnel ymca Kids Club<br>Licensed Group<br>604-222-0114<br><br>Vacancy:<br>&nbsp;&nbsp;&nbsp;&nbsp;<36 months: N<br>&nbsp;&nbsp;&nbsp;&nbsp;30 months -- 5 years: N<br>&nbsp;&nbsp;&nbsp;&nbsp;Preschool: N<br>&nbsp;&nbsp;&nbsp;&nbsp;Grade 1 - Age 12: N<br>
51,Licensed Group,Kerrisdale ymca Kids Club,5555 Carnarvon St,,Vancouver,V6N 1J2,49.235716,-123.174493,604-261-9611,,,N,N,N,N,N,N,N,N,N,N,N,N,N,N,N,N,N,,,N,N,N,N,N,N,N,N,N,N,N,2026-05-14,https://inspections.vcha.ca/ChildCare/Table,N,Y,N,Kerrisdale ymca Kids Club<br>Licensed Group<br>604-261-9611<br><br>Vacancy:<br>&nbsp;&nbsp;&nbsp;&nbsp;<36 months: N<br>&nbsp;&nbsp;&nbsp;&nbsp;30 months -- 5 years: N<br>&nbsp;&nbsp;&nbsp;&nbsp;Preschool: N<br>&nbsp;&nbsp;&nbsp;&nbsp;Grade 1 - Age 12: N<br>
52,Licensed Group,Creative Childcare Centre,1891 Wellington Cres,,Richmond,V7B 1G6,49.191375,-123.149718,604-512-1318,,,N,N,N,N,N,N,N,N,N,N,N,N,N,N,N,N,N,,,N,N,N,N,N,N,N,N,Y,N,N,2026-05-13,https://inspections.vcha.ca/ChildCare/Table,N,Y,N,Creative Childcare Centre<br>Licensed Group<br>604-512-1318<br><br>Vacancy:<br>&nbsp;&nbsp;&nbsp;&nbsp;<36 months: N<br>&nbsp;&nbsp;&nbsp;&nbsp;30 months -- 5 years: Y<br>&nbsp;&nbsp;&nbsp;&nbsp;Preschool: N<br>&nbsp;&nbsp;&nbsp;&nbsp;Grade 1 - Age 12: N<br>
53,Licensed Group,Mackenzie ymca Kids Club,960 39Th Ave E,,Vancouver,V5W 1K8,49.234683,-123.086308,604-321-4802,,,N,N,N,N,N,N,N,N,N,N,N,N,N,N,N,N,N,,,N,N,N,N,N,N,N,N,N,N,N,2026-05-14,https://inspections.vcha.ca/ChildCare/Table,N,Y,N,Mackenzie ymca Kids Club<br>Licensed Group<br>604-321-4802<br><br>Vacancy:<br>&nbsp;&nbsp;&nbsp;&nbsp;<36 months: N<br>&nbsp;&nbsp;&nbsp;&nbsp;30 months -- 5 years: N<br>&nbsp;&nbsp;&nbsp;&nbsp;Preschool: N<br>&nbsp;&nbsp;&nbsp;&nbsp;Grade 1 - Age 12: N<br>
54,Licensed Group,Lord Roberts ymca Kids Club,1100 Bidwell St,,Vancouver,V6G 2K4,49.286765,-123.137923,778-960-6491,,,N,N,N,N,N,N,N,N,N,N,N,N,N,N,N,N,N,,,N,N,N,N,N,N,N,N,N,N,N,2026-05-14,https://inspections.vcha.ca/ChildCare/Table,N,Y,N,Lord Roberts ymca Kids Club<br>Licensed Group<br>778-960-6491<br><br>Vacancy:<br>&nbsp;&nbsp;&nbsp;&nbsp;<36 months: N<br>&nbsp;&nbsp;&nbsp;&nbsp;30 months -- 5 years: N<br>&nbsp;&nbsp;&nbsp;&nbsp;Preschool: N<br>&nbsp;&nbsp;&nbsp;&nbsp;Grade 1 - Age 12: N<br>
55,Licensed Group,Anderson ymca Kids Club,9460 Alberta Rd,,Richmond,V6Y 1T6,49.165695,-123.119676,604-214-6629,,,N,N,N,N,N,N,N,N,N,N,N,N,N,N,N,N,N,,,N,N,N,N,N,N,N,N,N,N,N,2026-05-14,https://inspections.vcha.ca/ChildCare/Table,N,Y,N,Anderson ymca Kids Club<br>Licensed Group<br>604-214-6629<br><br>Vacancy:<br>&nbsp;&nbsp;&nbsp;&nbsp;<36 months: N<br>&nbsp;&nbsp;&nbsp;&nbsp;30 months -- 5 years: N<br>&nbsp;&nbsp;&nbsp;&nbsp;Preschool: N<br>&nbsp;&nbsp;&nbsp;&nbsp;Grade 1 - Age 12: N<br>
56,Licensed Group,Pooh Corner Daycare,975 Lagoon Dr,,Vancouver,V6G 2S1,49.293589,-123.139299,604-684-9734,,,N,N,N,N,N,N,N,N,N,N,N,N,N,N,N,N,N,,,N,N,N,N,N,N,N,N,N,N,N,2026-05-06,https://inspections.vcha.ca/ChildCare/Table,N,Y,Y,Pooh Corner Daycare<br>Licensed Group<br>604-684-9734<br><br>Vacancy:<br>&nbsp;&nbsp;&nbsp;&nbsp;<36 months: N<br>&nbsp;&nbsp;&nbsp;&nbsp;30 months -- 5 years: N<br>&nbsp;&nbsp;&nbsp;&nbsp;Preschool: N<br>&nbsp;&nbsp;&nbsp;&nbsp;Grade 1 - Age 12: N<br>
57,Licensed Group,Malaspina Child Care Centre,900 Fifth St,,Nanaimo,V9R 5S5,49.15716,-123.966663,250-753-6931,,,N,N,N,N,N,N,N,N,N,N,N,N,N,N,N,N,N,,,N,N,N,N,N,N,N,N,N,N,N,2026-05-19,https://www.healthspace.ca/clients/viha/viha_website.nsf/CCFL-Main?OpenView,N,Y,N,Malaspina Child Care Centre<br>Licensed Group<br>250-753-6931<br><br>Vacancy:<br>&nbsp;&nbsp;&nbsp;&nbsp;<36 months: N<br>&nbsp;&nbsp;&nbsp;&nbsp;30 months -- 5 years: N<br>&nbsp;&nbsp;&nbsp;&nbsp;Preschool: N<br>&nbsp;&nbsp;&nbsp;&nbsp;Grade 1 - Age 12: N<br>
58,Licensed Group,Malaspina Preschool,205 Howard Ave,,Nanaimo,V9R 3R3,49.165609,-123.956672,250-753-6931,,,N,N,N,N,N,N,N,N,N,N,N,N,N,N,N,N,N,,,N,N,N,N,N,N,N,N,N,N,N,2026-05-19,https://www.healthspace.ca/clients/viha/viha_website.nsf/CCFL-Main?OpenView,N,Y,N,Malaspina Preschool<br>Licensed Group<br>250-753-6931<br><br>Vacancy:<br>&nbsp;&nbsp;&nbsp;&nbsp;<36 months: N<br>&nbsp;&nbsp;&nbsp;&nbsp;30 months -- 5 years: N<br>&nbsp;&nbsp;&nbsp;&nbsp;Preschool: N<br>&nbsp;&nbsp;&nbsp;&nbsp;Grade 1 - Age 12: N<br>
59,Licensed Group,Beaver Valley Afterschool Care,1867 Columbia Gardens Rd,,Fruitvale,V0G 1L0,49.111973,-117.545728,250-367-7887,,,N,N,N,N,N,N,N,N,N,N,N,N,N,N,N,N,N,,,N,N,N,N,N,N,N,N,Y,N,Y,2026-05-05,https://hedgehogportal.interiorhealth.ca/ChildCare/Map,N,Y,N,Beaver Valley Afterschool Care<br>Licensed Group<br>250-367-7887<br><br>Vacancy:<br>&nbsp;&nbsp;&nbsp;&nbsp;<36 months: N<br>&nbsp;&nbsp;&nbsp;&nbsp;30 months -- 5 years: Y<br>&nbsp;&nbsp;&nbsp;&nbsp;Preschool: N<br>&nbsp;&nbsp;&nbsp;&nbsp;Grade 1 - Age 12: Y<br>
60,Licensed Group,Brock Junction After School Program,4860 Main St,,Vancouver,V5V 3R8,49.241543,-123.10038,604-323-8370,,,N,N,N,N,N,N,N,N,N,N,N,N,N,N,N,N,N,,,N,N,N,N,N,N,N,N,N,N,N,2026-05-19,https://inspections.vcha.ca/ChildCare/Table,N,Y,N,Brock Junction After School Program<br>Licensed Group<br>604-323-8370<br><br>Vacancy:<br>&nbsp;&nbsp;&nbsp;&nbsp;<36 months: N<br>&nbsp;&nbsp;&nbsp;&nbsp;30 months -- 5 years: N<br>&nbsp;&nbsp;&nbsp;&nbsp;Preschool: N<br>&nbsp;&nbsp;&nbsp;&nbsp;Grade 1 - Age 12: N<br>
61,Licensed Group,Calypso Montessori School Bc Ltd.,2474 Prince Edward St,,Vancouver,V5T 3M8,49.262773,-123.095934,604-266-4416,,,N,N,N,N,N,N,N,N,N,N,N,N,N,N,N,N,N,,,N,N,N,N,N,N,N,N,N,Y,N,2026-05-15,http://www.vch.ca/your_environment/facility_licensing/residential_care/inspection_reports/,N,Y,N,Calypso Montessori School Bc Ltd.<br>Licensed Group<br>604-266-4416<br><br>Vacancy:<br>&nbsp;&nbsp;&nbsp;&nbsp;<36 months: N<br>&nbsp;&nbsp;&nbsp;&nbsp;30 months -- 5 years: N<br>&nbsp;&nbsp;&nbsp;&nbsp;Preschool: Y<br>&nbsp;&nbsp;&nbsp;&nbsp;Grade 1 - Age 12: N<br>
62,Licensed Group,South Park Family Out Of School Care,508 Douglas St,,Victoria,V8V 2P7,48.417712,-123.366291,250-361-5978,,,N,N,N,N,N,N,N,N,N,N,N,N,N,N,N,N,N,,,N,N,N,N,N,N,N,N,N,N,N,2026-05-01,https://www.healthspace.ca/clients/viha/viha_website.nsf/CCFL-Main?OpenView,N,Y,N,South Park Family Out Of School Care<br>Licensed Group<br>250-361-5978<br><br>Vacancy:<br>&nbsp;&nbsp;&nbsp;&nbsp;<36 months: N<br>&nbsp;&nbsp;&nbsp;&nbsp;30 months -- 5 years: N<br>&nbsp;&nbsp;&nbsp;&nbsp;Preschool: N<br>&nbsp;&nbsp;&nbsp;&nbsp;Grade 1 - Age 12: N<br>
63,Licensed Group,Tyke Town Early Learning,1448 5Th Ave,,Prince George,V2L 3L7,53.916107,-122.748834,250-899-4546,,,N,N,N,N,N,N,N,N,N,N,N,N,N,N,N,N,N,,,N,N,N,N,N,N,N,N,N,N,N,2026-05-14,https://www.healthspace.ca/Clients/NHA/NHA_Website.nsf/CCFL-Frameset,N,Y,N,Tyke Town Early Learning<br>Licensed Group<br>250-899-4546<br><br>Vacancy:<br>&nbsp;&nbsp;&nbsp;&nbsp;<36 months: N<br>&nbsp;&nbsp;&nbsp;&nbsp;30 months -- 5 years: N<br>&nbsp;&nbsp;&nbsp;&nbsp;Preschool: N<br>&nbsp;&nbsp;&nbsp;&nbsp;Grade 1 - Age 12: N<br>
64,Licensed Group,Quadra Child Care Centre,4315 6Th Ave W,,Vancouver,V6R 3Z4,49.26724,-123.204442,604-224-5911,,,N,N,N,N,N,N,N,N,N,N,N,N,N,N,N,N,N,,,N,N,N,N,N,N,N,N,N,N,N,2026-05-05,https://inspections.vcha.ca/ChildCare/Table,N,Y,N,Quadra Child Care Centre<br>Licensed Group<br>604-224-5911<br><br>Vacancy:<br>&nbsp;&nbsp;&nbsp;&nbsp;<36 months: N<br>&nbsp;&nbsp;&nbsp;&nbsp;30 months -- 5 years: N<br>&nbsp;&nbsp;&nbsp;&nbsp;Preschool: N<br>&nbsp;&nbsp;&nbsp;&nbsp;Grade 1 - Age 12: N<br>
65,Licensed Group,Campus Kids Daycare,11401 8 St,,Dawson Creek,V1G 4G2,55.746978,-120.224682,250-784-7523,,,N,N,N,N,N,N,N,N,N,N,N,N,N,N,N,N,N,,,N,N,N,N,N,N,N,N,Y,N,N,2026-05-15,https://www.healthspace.ca/Clients/NHA/NHA_Website.nsf/CCFL-Frameset,N,Y,N,Campus Kids Daycare<br>Licensed Group<br>250-784-7523<br><br>Vacancy:<br>&nbsp;&nbsp;&nbsp;&nbsp;<36 months: N<br>&nbsp;&nbsp;&nbsp;&nbsp;30 months -- 5 years: Y<br>&nbsp;&nbsp;&nbsp;&nbsp;Preschool: N<br>&nbsp;&nbsp;&nbsp;&nbsp;Grade 1 - Age 12: N<br>
66,Licensed Group,Sunflower Preschool,2260 Philip Ave,,North Vancouver,V7P 2W8,49.330602,-123.112718,604-985-9622,,,N,N,N,N,N,N,N,N,N,N,N,N,N,N,N,N,N,,,N,N,N,N,N,N,N,N,Y,N,N,2026-05-19,https://inspections.vcha.ca/ChildCare/Table,N,Y,N,Sunflower Preschool<br>Licensed Group<br>604-985-9622<br><br>Vacancy:<br>&nbsp;&nbsp;&nbsp;&nbsp;<36 months: N<br>&nbsp;&nbsp;&nbsp;&nbsp;30 months -- 5 years: Y<br>&nbsp;&nbsp;&nbsp;&nbsp;Preschool: N<br>&nbsp;&nbsp;&nbsp;&nbsp;Grade 1 - Age 12: N<br>
67,Licensed Group,St. Christopher's Montessori School,2619 Currie Rd,,Victoria,V8S 3B9,48.422478,-123.304487,250-595-3213,,,N,N,N,N,N,N,N,N,N,N,N,N,N,N,N,N,N,,,N,N,N,N,N,N,N,N,Y,N,N,2026-05-19,https://www.healthspace.ca/clients/viha/viha_website.nsf/CCFL-Main?OpenView,N,Y,N,St. Christopher's Montessori School<br>Licensed Group<br>250-595-3213<br><br>Vacancy:<br>&nbsp;&nbsp;&nbsp;&nbsp;<36 months: N<br>&nbsp;&nbsp;&nbsp;&nbsp;30 months -- 5 years: Y<br>&nbsp;&nbsp;&nbsp;&nbsp;Preschool: N<br>&nbsp;&nbsp;&nbsp;&nbsp;Grade 1 - Age 12: N<br>
68,Licensed Group,Shaughnessy Point Grey Out Of School Care Centre,5300 Maple St,,Vancouver,V6M 3T6,49.237313,-123.151949,604-261-0515,,,N,N,N,N,N,N,N,N,N,N,N,N,N,N,N,N,N,,,N,N,N,N,N,N,N,N,N,N,N,2026-04-01,https://inspections.vcha.ca/ChildCare/Table,N,Y,N,Shaughnessy Point Grey Out Of School Care Centre<br>Licensed Group<br>604-261-0515<br><br>Vacancy:<br>&nbsp;&nbsp;&nbsp;&nbsp;<36 months: N<br>&nbsp;&nbsp;&nbsp;&nbsp;30 months -- 5 years: N<br>&nbsp;&nbsp;&nbsp;&nbsp;Preschool: N<br>&nbsp;&nbsp;&nbsp;&nbsp;Grade 1 - Age 12: N<br>
69,Licensed Group,Pj Kids Club,1150 22Nd St,,West Vancouver,V7V 4C4,49.334635,-123.169496,604-926-5972,,,N,N,N,N,N,N,N,N,N,N,N,N,N,N,N,N,N,,,N,N,N,N,N,N,N,N,N,N,N,2026-05-04,https://inspections.vcha.ca/ChildCare/Table,N,Y,Y,Pj Kids Club<br>Licensed Group<br>604-926-5972<br><br>Vacancy:<br>&nbsp;&nbsp;&nbsp;&nbsp;<36 months: N<br>&nbsp;&nbsp;&nbsp;&nbsp;30 months -- 5 years: N<br>&nbsp;&nbsp;&nbsp;&nbsp;Preschool: N<br>&nbsp;&nbsp;&nbsp;&nbsp;Grade 1 - Age 12: N<br>
70,Licensed Group,Little Vine Learning Centre,1005 Kensington Ave,,Burnaby,V5B 4B8,49.274765,-122.970614,604-566-5887,,,N,N,N,N,N,N,N,N,N,N,N,N,N,N,N,N,N,,,N,N,N,N,N,N,N,N,N,N,N,2026-05-06,http://www.healthspace.ca/fha/childcare,N,Y,N,Little Vine Learning Centre<br>Licensed Group<br>604-566-5887<br><br>Vacancy:<br>&nbsp;&nbsp;&nbsp;&nbsp;<36 months: N<br>&nbsp;&nbsp;&nbsp;&nbsp;30 months -- 5 years: N<br>&nbsp;&nbsp;&nbsp;&nbsp;Preschool: N<br>&nbsp;&nbsp;&nbsp;&nbsp;Grade 1 - Age 12: N<br>
71,Licensed Group,Kiddies Korner Daycare,2250 Park Dr,,Kamloops,V2C 4P6,50.67779,-120.257728,250-828-0877,,,N,N,N,N,N,N,N,N,N,N,N,N,N,N,N,N,N,,,N,N,N,N,N,N,N,N,Y,N,N,2026-05-20,https://hedgehogportal.interiorhealth.ca/ChildCare/Map,N,Y,N,Kiddies Korner Daycare<br>Licensed Group<br>250-828-0877<br><br>Vacancy:<br>&nbsp;&nbsp;&nbsp;&nbsp;<36 months: N<br>&nbsp;&nbsp;&nbsp;&nbsp;30 months -- 5 years: Y<br>&nbsp;&nbsp;&nbsp;&nbsp;Preschool: N<br>&nbsp;&nbsp;&nbsp;&nbsp;Grade 1 - Age 12: N<br>
72,Licensed Group,Douglas Park Preschool,801 22Nd Ave W,,Vancouver,V5Z 1Z8,49.25292,-123.121274,604-257-8134,,,N,N,N,N,N,N,N,N,N,N,N,N,N,N,N,N,N,,,N,N,N,N,N,N,N,N,N,N,N,2026-04-23,https://inspections.vcha.ca/ChildCare/Table,N,Y,N,Douglas Park Preschool<br>Licensed Group<br>604-257-8134<br><br>Vacancy:<br>&nbsp;&nbsp;&nbsp;&nbsp;<36 months: N<br>&nbsp;&nbsp;&nbsp;&nbsp;30 months -- 5 years: N<br>&nbsp;&nbsp;&nbsp;&nbsp;Preschool: N<br>&nbsp;&nbsp;&nbsp;&nbsp;Grade 1 - Age 12: N<br>
73,Licensed Group,Hastings Community Centre Preschool,3096 Hastings St E,,Vancouver,V5K 2A3,49.281102,-123.038983,604-718-6232,,,N,N,N,N,N,N,N,N,N,N,N,N,N,N,N,N,N,,,N,N,N,N,N,N,N,N,N,Y,N,2026-05-13,https://inspections.vcha.ca/ChildCare/Table,N,Y,N,Hastings Community Centre Preschool<br>Licensed Group<br>604-718-6232<br><br>Vacancy:<br>&nbsp;&nbsp;&nbsp;&nbsp;<36 months: N<br>&nbsp;&nbsp;&nbsp;&nbsp;30 months -- 5 years: N<br>&nbsp;&nbsp;&nbsp;&nbsp;Preschool: Y<br>&nbsp;&nbsp;&nbsp;&nbsp;Grade 1 - Age 12: N<br>
74,Licensed Group,Kiwassa-Longhouse Out Of School Care Program,2595 Franklin St,,Vancouver,V5K 1X5,49.282319,-123.052392,604-254-5401,,,N,N,N,N,N,N,N,N,N,N,N,N,N,N,N,N,N,,,N,N,N,N,N,N,N,N,N,N,N,2026-04-28,https://inspections.vcha.ca/ChildCare/Table,N,Y,N,Kiwassa-Longhouse Out Of School Care Program<br>Licensed Group<br>604-254-5401<br><br>Vacancy:<br>&nbsp;&nbsp;&nbsp;&nbsp;<36 months: N<br>&nbsp;&nbsp;&nbsp;&nbsp;30 months -- 5 years: N<br>&nbsp;&nbsp;&nbsp;&nbsp;Preschool: N<br>&nbsp;&nbsp;&nbsp;&nbsp;Grade 1 - Age 12: N<br>
75,Licensed Group,Brentwood Park Plus,"1455 Delta Ave, Room B",,Burnaby,V5B 3G4,49.271456,-122.993524,604-292-1290,,,N,N,N,N,N,N,N,N,N,N,N,N,N,N,N,N,N,,,N,N,N,N,N,N,N,N,N,N,N,2026-05-04,http://www.healthspace.ca/fha/childcare,N,Y,N,Brentwood Park Plus<br>Licensed Group<br>604-292-1290<br><br>Vacancy:<br>&nbsp;&nbsp;&nbsp;&nbsp;<36 months: N<br>&nbsp;&nbsp;&nbsp;&nbsp;30 months -- 5 years: N<br>&nbsp;&nbsp;&nbsp;&nbsp;Preschool: N<br>&nbsp;&nbsp;&nbsp;&nbsp;Grade 1 - Age 12: N<br>
76,Licensed Group,Abc University Daycare,4595 8Th Ave W,,Vancouver,V6R 2A4,49.265648,-123.211945,604-228-5885,,,N,N,N,N,N,N,N,N,N,N,N,N,N,N,N,N,N,,,N,N,N,N,N,N,N,N,Y,N,N,2026-05-08,https://inspections.vcha.ca/ChildCare/Table,N,Y,N,Abc University Daycare<br>Licensed Group<br>604-228-5885<br><br>Vacancy:<br>&nbsp;&nbsp;&nbsp;&nbsp;<36 months: N<br>&nbsp;&nbsp;&nbsp;&nbsp;30 months -- 5 years: Y<br>&nbsp;&nbsp;&nbsp;&nbsp;Preschool: N<br>&nbsp;&nbsp;&nbsp;&nbsp;Grade 1 - Age 12: N<br>
77,Licensed Group,Hobbit Hill Children's Centre,749 11Th Ave,,Castlegar,V1N 1J7,49.319134,-117.663951,778-460-5102,,,N,N,N,N,N,N,N,N,N,N,N,N,N,N,N,N,N,,,N,N,N,N,N,N,N,N,Y,N,N,2026-05-02,https://hedgehogportal.interiorhealth.ca/ChildCare/Map,N,Y,N,Hobbit Hill Children's Centre<br>Licensed Group<br>778-460-5102<br><br>Vacancy:<br>&nbsp;&nbsp;&nbsp;&nbsp;<36 months: N<br>&nbsp;&nbsp;&nbsp;&nbsp;30 months -- 5 years: Y<br>&nbsp;&nbsp;&nbsp;&nbsp;Preschool: N<br>&nbsp;&nbsp;&nbsp;&nbsp;Grade 1 - Age 12: N<br>
78,Licensed Group,Puddleduck Early Learning Society,295 Back Rd,,Courtenay,V9N 3W8,49.701188,-124.983844,250-338-5521,,,N,N,N,N,N,N,N,N,N,N,N,N,N,N,N,N,N,,,N,N,N,N,N,N,N,N,N,N,Y,2026-05-17,https://www.healthspace.ca/clients/viha/viha_website.nsf/CCFL-Main?OpenView,N,Y,N,Puddleduck Early Learning Society<br>Licensed Group<br>250-338-5521<br><br>Vacancy:<br>&nbsp;&nbsp;&nbsp;&nbsp;<36 months: N<br>&nbsp;&nbsp;&nbsp;&nbsp;30 months -- 5 years: N<br>&nbsp;&nbsp;&nbsp;&nbsp;Preschool: N<br>&nbsp;&nbsp;&nbsp;&nbsp;Grade 1 - Age 12: Y<br>
79,Licensed Group,Nsnh - Lynn Valley Kid's Club,3361 Mountain Hwy,,North Vancouver,V7K 2H4,49.339649,-123.038796,604-987-8138,,,N,N,N,N,N,N,N,N,N,N,N,N,N,N,N,N,N,,,N,N,N,N,N,N,N,N,N,N,N,2026-05-11,https://inspections.vcha.ca/ChildCare/Table,N,Y,N,Nsnh - Lynn Valley Kid's Club<br>Licensed Group<br>604-987-8138<br><br>Vacancy:<br>&nbsp;&nbsp;&nbsp;&nbsp;<36 months: N<br>&nbsp;&nbsp;&nbsp;&nbsp;30 months -- 5 years: N<br>&nbsp;&nbsp;&nbsp;&nbsp;Preschool: N<br>&nbsp;&nbsp;&nbsp;&nbsp;Grade 1 - Age 12: N<br>
80,Licensed Group,Sir James Douglas Out Of School Club,401 Moss St,,Victoria,V8V 4N2,48.415536,-123.347935,250-389-0500,,,N,N,N,N,N,N,N,N,N,N,N,N,N,N,N,N,N,,,N,N,N,N,N,N,N,N,N,Y,N,2026-05-08,https://www.healthspace.ca/clients/viha/viha_website.nsf/CCFL-Main?OpenView,N,Y,N,Sir James Douglas Out Of School Club<br>Licensed Group<br>250-389-0500<br><br>Vacancy:<br>&nbsp;&nbsp;&nbsp;&nbsp;<36 months: N<br>&nbsp;&nbsp;&nbsp;&nbsp;30 months -- 5 years: N<br>&nbsp;&nbsp;&nbsp;&nbsp;Preschool: Y<br>&nbsp;&nbsp;&nbsp;&nbsp;Grade 1 - Age 12: N<br>
81,Licensed Group,Park Place Out-Of-School Care,521 Fader St,,New Westminster,V3L 3T4,49.232909,-122.890477,604-540-1688,,,N,N,N,N,N,N,N,N,N,N,N,N,N,N,N,N,N,,,N,N,N,N,N,N,N,N,N,N,N,2026-05-15,http://www.healthspace.ca/fha/childcare,N,Y,N,Park Place Out-Of-School Care<br>Licensed Group<br>604-540-1688<br><br>Vacancy:<br>&nbsp;&nbsp;&nbsp;&nbsp;<36 months: N<br>&nbsp;&nbsp;&nbsp;&nbsp;30 months -- 5 years: N<br>&nbsp;&nbsp;&nbsp;&nbsp;Preschool: N<br>&nbsp;&nbsp;&nbsp;&nbsp;Grade 1 - Age 12: N<br>
82,Licensed Group,Playwest Kids Out-Of-School Care,1714 8 Ave,,New Westminster,V3M 2S7,49.20546,-122.942285,604-517-6078,,,N,N,N,N,N,N,N,N,N,N,N,N,N,N,N,N,N,,,N,N,N,N,N,N,N,N,N,N,N,2026-05-15,http://www.healthspace.ca/fha/childcare,N,Y,N,Playwest Kids Out-Of-School Care<br>Licensed Group<br>604-517-6078<br><br>Vacancy:<br>&nbsp;&nbsp;&nbsp;&nbsp;<36 months: N<br>&nbsp;&nbsp;&nbsp;&nbsp;30 months -- 5 years: N<br>&nbsp;&nbsp;&nbsp;&nbsp;Preschool: N<br>&nbsp;&nbsp;&nbsp;&nbsp;Grade 1 - Age 12: N<br>
83,Licensed Group,Misty Meadows Out-Of-School Care,91 Courtney Cres,,New Westminster,V3L 4M1,49.226212,-122.911597,604-540-1688,,,N,N,N,N,N,N,N,N,N,N,N,N,N,N,N,N,N,,,N,N,N,N,N,N,N,N,N,N,N,2026-05-15,http://www.healthspace.ca/fha/childcare,N,Y,N,Misty Meadows Out-Of-School Care<br>Licensed Group<br>604-540-1688<br><br>Vacancy:<br>&nbsp;&nbsp;&nbsp;&nbsp;<36 months: N<br>&nbsp;&nbsp;&nbsp;&nbsp;30 months -- 5 years: N<br>&nbsp;&nbsp;&nbsp;&nbsp;Preschool: N<br>&nbsp;&nbsp;&nbsp;&nbsp;Grade 1 - Age 12: N<br>
84,Licensed Group,Hilltop Hideway Out-Of-School Care,331 Richmond St,,New Westminster,V3L 4B7,49.226575,-122.899939,604-540-1688,,,N,N,N,N,N,N,N,N,N,N,N,N,N,N,N,N,N,,,N,N,N,N,N,N,N,N,N,N,N,2026-05-15,http://www.healthspace.ca/fha/childcare,N,Y,N,Hilltop Hideway Out-Of-School Care<br>Licensed Group<br>604-540-1688<br><br>Vacancy:<br>&nbsp;&nbsp;&nbsp;&nbsp;<36 months: N<br>&nbsp;&nbsp;&nbsp;&nbsp;30 months -- 5 years: N<br>&nbsp;&nbsp;&nbsp;&nbsp;Preschool: N<br>&nbsp;&nbsp;&nbsp;&nbsp;Grade 1 - Age 12: N<br>
85,Licensed Group,Griffin's Alley-Out-Of-School Care,701 Park Cres,,New Westminster,V3L 5V4,49.220733,-122.911269,604-540-1688,,,N,N,N,N,N,N,N,N,N,N,N,N,N,N,N,N,N,,,N,N,N,N,N,N,N,N,N,N,N,2026-05-15,http://www.healthspace.ca/fha/childcare,N,Y,N,Griffin's Alley-Out-Of-School Care<br>Licensed Group<br>604-540-1688<br><br>Vacancy:<br>&nbsp;&nbsp;&nbsp;&nbsp;<36 months: N<br>&nbsp;&nbsp;&nbsp;&nbsp;30 months -- 5 years: N<br>&nbsp;&nbsp;&nbsp;&nbsp;Preschool: N<br>&nbsp;&nbsp;&nbsp;&nbsp;Grade 1 - Age 12: N<br>
86,Licensed Group,Klub Kelvin Out-Of-School Care,1010 Hamilton St,,New Westminster,V3M 2M9,49.210863,-122.929894,604-517-6088,,,N,N,N,N,N,N,N,N,N,N,N,N,N,N,N,N,N,,,N,N,N,N,N,N,N,N,N,N,N,2026-05-15,http://www.healthspace.ca/fha/childcare,N,Y,N,Klub Kelvin Out-Of-School Care<br>Licensed Group<br>604-517-6088<br><br>Vacancy:<br>&nbsp;&nbsp;&nbsp;&nbsp;<36 months: N<br>&nbsp;&nbsp;&nbsp;&nbsp;30 months -- 5 years: N<br>&nbsp;&nbsp;&nbsp;&nbsp;Preschool: N<br>&nbsp;&nbsp;&nbsp;&nbsp;Grade 1 - Age 12: N<br>
87,Licensed Group,Little Dinosaurs Childcare Centre,396 Nimpkish Dr,,Gold River,V0P 1G0,49.777629,-126.052374,250-283-2061,,,N,N,N,N,N,N,N,N,N,N,N,N,N,N,N,N,N,,,N,N,N,N,N,N,N,Y,N,Y,Y,2026-05-01,https://www.healthspace.ca/clients/viha/viha_website.nsf/CCFL-Main?OpenView,N,Y,N,Little Dinosaurs Childcare Centre<br>Licensed Group<br>250-283-2061<br><br>Vacancy:<br>&nbsp;&nbsp;&nbsp;&nbsp;<36 months: Y<br>&nbsp;&nbsp;&nbsp;&nbsp;30 months -- 5 years: N<br>&nbsp;&nbsp;&nbsp;&nbsp;Preschool: Y<br>&nbsp;&nbsp;&nbsp;&nbsp;Grade 1 - Age 12: Y<br>
88,Licensed Group,Tree Frog Daycare,215 South Ridge Dr,,Salt Spring Island,V8K 1Y9,48.777613,-123.446206,250-653-4998,,,N,N,N,N,N,N,N,N,N,N,N,N,N,N,N,N,N,,,N,N,N,N,N,N,N,N,N,N,N,2026-04-24,https://www.healthspace.ca/clients/viha/viha_website.nsf/CCFL-Main?OpenView,N,Y,N,Tree Frog Daycare<br>Licensed Group<br>250-653-4998<br><br>Vacancy:<br>&nbsp;&nbsp;&nbsp;&nbsp;<36 months: N<br>&nbsp;&nbsp;&nbsp;&nbsp;30 months -- 5 years: N<br>&nbsp;&nbsp;&nbsp;&nbsp;Preschool: N<br>&nbsp;&nbsp;&nbsp;&nbsp;Grade 1 - Age 12: N<br>
89,Licensed Group,The Echelon Daycare Teachers Association,101 575 8 Ave W,,Vancouver,V5Z 1C6,49.264202,-123.116974,604-874-4010,,,N,N,N,N,N,N,N,N,N,N,N,N,N,N,N,N,N,,,N,N,N,N,N,N,N,N,N,N,N,2026-05-18,https://inspections.vcha.ca/ChildCare/Table,N,Y,N,The Echelon Daycare Teachers Association<br>Licensed Group<br>604-874-4010<br><br>Vacancy:<br>&nbsp;&nbsp;&nbsp;&nbsp;<36 months: N<br>&nbsp;&nbsp;&nbsp;&nbsp;30 months -- 5 years: N<br>&nbsp;&nbsp;&nbsp;&nbsp;Preschool: N<br>&nbsp;&nbsp;&nbsp;&nbsp;Grade 1 - Age 12: N<br>
90,Licensed Group,James Bay Community School Day Care,140 Oswego St,,Victoria,V8V 2B1,48.416936,-123.379714,250-389-1470,,,N,N,N,N,N,N,N,N,N,N,N,N,N,N,N,N,N,,,N,N,N,N,N,N,N,N,N,N,N,2026-05-07,https://www.healthspace.ca/clients/viha/viha_website.nsf/CCFL-Main?OpenView,N,Y,N,James Bay Community School Day Care<br>Licensed Group<br>250-389-1470<br><br>Vacancy:<br>&nbsp;&nbsp;&nbsp;&nbsp;<36 months: N<br>&nbsp;&nbsp;&nbsp;&nbsp;30 months -- 5 years: N<br>&nbsp;&nbsp;&nbsp;&nbsp;Preschool: N<br>&nbsp;&nbsp;&nbsp;&nbsp;Grade 1 - Age 12: N<br>
91,Licensed Group,Killarney Community Centre Preschool,6260 Killarney St,,Vancouver,V5S 2X7,49.22741,-123.044391,604-718-8214,,,N,N,N,N,N,N,N,N,N,N,N,N,N,N,N,N,N,,,N,N,N,N,N,N,N,N,N,N,N,2026-05-04,https://inspections.vcha.ca/ChildCare/Table,N,Y,N,Killarney Community Centre Preschool<br>Licensed Group<br>604-718-8214<br><br>Vacancy:<br>&nbsp;&nbsp;&nbsp;&nbsp;<36 months: N<br>&nbsp;&nbsp;&nbsp;&nbsp;30 months -- 5 years: N<br>&nbsp;&nbsp;&nbsp;&nbsp;Preschool: N<br>&nbsp;&nbsp;&nbsp;&nbsp;Grade 1 - Age 12: N<br>
92,Licensed Group,Champlain ymca Kids Club,6955 Frontenac St,,Vancouver,V5S 3T4,49.220357,-123.027791,604-438-5571,,,N,N,N,N,N,N,N,N,N,N,N,N,N,N,N,N,N,,,N,N,N,N,N,N,N,N,N,N,N,2026-05-14,https://inspections.vcha.ca/ChildCare/Table,N,Y,N,Champlain ymca Kids Club<br>Licensed Group<br>604-438-5571<br><br>Vacancy:<br>&nbsp;&nbsp;&nbsp;&nbsp;<36 months: N<br>&nbsp;&nbsp;&nbsp;&nbsp;30 months -- 5 years: N<br>&nbsp;&nbsp;&nbsp;&nbsp;Preschool: N<br>&nbsp;&nbsp;&nbsp;&nbsp;Grade 1 - Age 12: N<br>
93,Licensed Group,Arcadian Early Learning,5650 Club Rd,,Duncan,V9L 3X5,48.77705,-123.712246,250-748-3922,,,N,N,N,N,N,N,N,N,N,N,N,N,N,N,N,N,N,,,N,N,N,N,N,N,N,N,N,N,N,2026-05-19,https://www.healthspace.ca/clients/viha/viha_website.nsf/CCFL-Main?OpenView,N,Y,N,Arcadian Early Learning<br>Licensed Group<br>250-748-3922<br><br>Vacancy:<br>&nbsp;&nbsp;&nbsp;&nbsp;<36 months: N<br>&nbsp;&nbsp;&nbsp;&nbsp;30 months -- 5 years: N<br>&nbsp;&nbsp;&nbsp;&nbsp;Preschool: N<br>&nbsp;&nbsp;&nbsp;&nbsp;Grade 1 - Age 12: N<br>
94,Licensed Group,Jack & Jill Early Learning,690 Harmony Lane,,Gibsons,V0N 1V0,49.394308,-123.507871,604-886-9417,,,Y,N,N,N,N,N,N,Y,N,N,N,N,N,N,N,N,N,Not offered,Not offered,N,N,N,N,Y,Y,Y,N,N,N,N,2026-05-01,https://inspections.vcha.ca/ChildCare/Table,N,Y,N,Jack & Jill Early Learning<br>Licensed Group<br>604-886-9417<br><br>Vacancy:<br>&nbsp;&nbsp;&nbsp;&nbsp;<36 months: N<br>&nbsp;&nbsp;&nbsp;&nbsp;30 months -- 5 years: N<br>&nbsp;&nbsp;&nbsp;&nbsp;Preschool: N<br>&nbsp;&nbsp;&nbsp;&nbsp;Grade 1 - Age 12: N<br>
95,Licensed Group,Acorn-Eight Oaks Day Care Centre,103 3637 Cambie St,,Vancouver,V5Z 2X3,49.252465,-123.115582,604-872-0022,,,N,N,N,N,N,N,N,N,N,N,N,N,N,N,N,N,N,,,N,N,N,N,N,N,N,N,N,N,N,2026-05-21,https://inspections.vcha.ca/ChildCare/Table,N,Y,N,Acorn-Eight Oaks Day Care Centre<br>Licensed Group<br>604-872-0022<br><br>Vacancy:<br>&nbsp;&nbsp;&nbsp;&nbsp;<36 months: N<br>&nbsp;&nbsp;&nbsp;&nbsp;30 months -- 5 years: N<br>&nbsp;&nbsp;&nbsp;&nbsp;Preschool: N<br>&nbsp;&nbsp;&nbsp;&nbsp;Grade 1 - Age 12: N<br>
96,Licensed Group,St. Alban's The Martyr Day Care,7717 19Th Ave,,Burnaby,V3N 1E8,49.223736,-122.939818,604-522-6228,,,N,N,N,N,N,N,N,N,N,N,N,N,N,N,N,N,N,,,N,N,N,N,N,N,N,N,N,N,N,2026-04-28,http://www.healthspace.ca/fha/childcare,N,Y,N,St. Alban's The Martyr Day Care<br>Licensed Group<br>604-522-6228<br><br>Vacancy:<br>&nbsp;&nbsp;&nbsp;&nbsp;<36 months: N<br>&nbsp;&nbsp;&nbsp;&nbsp;30 months -- 5 years: N<br>&nbsp;&nbsp;&nbsp;&nbsp;Preschool: N<br>&nbsp;&nbsp;&nbsp;&nbsp;Grade 1 - Age 12: N<br>
97,Licensed Group,Gladwin Child Care Centre,3145 Gladwin Rd,,Abbotsford,V2T 5T4,49.058963,-122.316711,604-853-9084,,,N,N,N,N,N,N,N,N,N,N,N,N,N,N,N,N,N,,,N,N,N,N,N,N,N,N,N,N,N,2026-05-11,http://www.healthspace.ca/fha/childcare,N,Y,N,Gladwin Child Care Centre<br>Licensed Group<br>604-853-9084<br><br>Vacancy:<br>&nbsp;&nbsp;&nbsp;&nbsp;<36 months: N<br>&nbsp;&nbsp;&nbsp;&nbsp;30 months -- 5 years: N<br>&nbsp;&nbsp;&nbsp;&nbsp;Preschool: N<br>&nbsp;&nbsp;&nbsp;&nbsp;Grade 1 - Age 12: N<br>
98,Licensed Group,Totem Nursery Preschool,9908 84 St,,Fort St. John,V1J 3G1,56.244729,-120.818001,250-785-7227,,,N,N,N,N,N,N,N,N,N,N,N,N,N,N,N,N,N,,,N,N,N,N,N,N,N,N,N,Y,N,2026-05-01,https://www.healthspace.ca/Clients/NHA/NHA_Website.nsf/CCFL-Frameset,N,Y,N,Totem Nursery Preschool<br>Licensed Group<br>250-785-7227<br><br>Vacancy:<br>&nbsp;&nbsp;&nbsp;&nbsp;<36 months: N<br>&nbsp;&nbsp;&nbsp;&nbsp;30 months -- 5 years: N<br>&nbsp;&nbsp;&nbsp;&nbsp;Preschool: Y<br>&nbsp;&nbsp;&nbsp;&nbsp;Grade 1 - Age 12: N<br>
99,Licensed Group,Teddy Bear Day Care,806 Cook St,,Creston,V0B 1G0,49.09449,-116.515859,250-402-0068,,,N,N,N,N,N,N,N,N,N,N,N,N,N,N,N,N,N,,,N,N,N,N,N,N,N,N,N,N,N,2026-05-11,https://hedgehogportal.interiorhealth.ca/ChildCare/Map,N,Y,N,Teddy Bear Day Care<br>Licensed Group<br>250-402-0068<br><br>Vacancy:<br>&nbsp;&nbsp;&nbsp;&nbsp;<36 months: N<br>&nbsp;&nbsp;&nbsp;&nbsp;30 months -- 5 years: N<br>&nbsp;&nbsp;&nbsp;&nbsp;Preschool: N<br>&nbsp;&nbsp;&nbsp;&nbsp;Grade 1 - Age 12: N<br>
100,Licensed Group,Bgccvi - Fifth Street Child And Family Centre,20 Fifth St,,Nanaimo,V9R 1M7,49.155477,-123.93945,250-754-3215,,,N,N,N,N,N,N,N,N,N,N,N,N,N,N,N,N,N,Not offered,Not offered,N,N,N,N,N,N,N,N,Y,N,Y,2026-05-15,https://www.healthspace.ca/clients/viha/viha_website.nsf/CCFL-Main?OpenView,N,Y,N,Bgccvi - Fifth Street Child And Family Centre<br>Licensed Group<br>250-754-3215<br><br>Vacancy:<br>&nbsp;&nbsp;&nbsp;&nbsp;<36 months: N<br>&nbsp;&nbsp;&nbsp;&nbsp;30 months -- 5 years: Y<br>&nbsp;&nbsp;&nbsp;&nbsp;Preschool: N<br>&nbsp;&nbsp;&nbsp;&nbsp;Grade 1 - Age 12: Y<br>
101,Licensed Group,Artemis Young Parent Program,3020 Richmond Rd,,Victoria,V8R 4V1,48.445426,-123.326722,250-598-5183,,,N,N,N,N,N,N,N,N,N,N,N,N,N,N,N,N,N,,,N,N,N,N,N,N,N,Y,N,N,N,2026-05-21,https://www.healthspace.ca/clients/viha/viha_website.nsf/CCFL-Main?OpenView,N,Y,N,Artemis Young Parent Program<br>Licensed Group<br>250-598-5183<br><br>Vacancy:<br>&nbsp;&nbsp;&nbsp;&nbsp;<36 months: Y<br>&nbsp;&nbsp;&nbsp;&nbsp;30 months -- 5 years: N<br>&nbsp;&nbsp;&nbsp;&nbsp;Preschool: N<br>&nbsp;&nbsp;&nbsp;&nbsp;Grade 1 - Age 12: N<br>
102,Licensed Group,West-Mont School,4075 Metchosin Rd,,Victoria,V9C 4A4,48.389984,-123.523263,250-940-4654,,,N,N,N,N,N,N,N,N,N,N,N,N,N,N,N,N,N,,,N,N,N,N,N,N,N,N,Y,N,Y,2026-05-11,https://www.healthspace.ca/clients/viha/viha_website.nsf/CCFL-Main?OpenView,N,Y,N,West-Mont School<br>Licensed Group<br>250-940-4654<br><br>Vacancy:<br>&nbsp;&nbsp;&nbsp;&nbsp;<36 months: N<br>&nbsp;&nbsp;&nbsp;&nbsp;30 months -- 5 years: Y<br>&nbsp;&nbsp;&nbsp;&nbsp;Preschool: N<br>&nbsp;&nbsp;&nbsp;&nbsp;Grade 1 - Age 12: Y<br>
103,Licensed Group,Lakehill Preschool Co-Op,3821 Cedar Hill X Rd,,Victoria,V8P 2M6,48.463406,-123.338982,250-477-4141,,,N,N,N,N,N,N,N,N,N,N,N,N,N,N,N,N,N,,,N,N,N,N,N,N,N,N,N,Y,N,2026-05-06,https://www.healthspace.ca/clients/viha/viha_website.nsf/CCFL-Main?OpenView,N,Y,N,Lakehill Preschool Co-Op<br>Licensed Group<br>250-477-4141<br><br>Vacancy:<br>&nbsp;&nbsp;&nbsp;&nbsp;<36 months: N<br>&nbsp;&nbsp;&nbsp;&nbsp;30 months -- 5 years: N<br>&nbsp;&nbsp;&nbsp;&nbsp;Preschool: Y<br>&nbsp;&nbsp;&nbsp;&nbsp;Grade 1 - Age 12: N<br>
104,Licensed Group,Kensington Preschool,5175 Dumfries St,,Vancouver,V5P 3A2,49.237572,-123.074183,604-874-4231,,,N,N,N,N,N,N,N,N,N,N,N,N,N,N,N,N,N,Not offered,Not offered,N,N,N,N,N,N,N,N,N,N,N,2026-04-08,https://inspections.vcha.ca/ChildCare/Table,N,N,N,Kensington Preschool<br>Licensed Group<br>604-874-4231<br><br>Vacancy:<br>&nbsp;&nbsp;&nbsp;&nbsp;<36 months: N<br>&nbsp;&nbsp;&nbsp;&nbsp;30 months -- 5 years: N<br>&nbsp;&nbsp;&nbsp;&nbsp;Preschool: N<br>&nbsp;&nbsp;&nbsp;&nbsp;Grade 1 - Age 12: N<br>
105,Licensed Group,Almosthome Gordon,935 Goldstream Ave,,Victoria,V9B 2Y2,48.450263,-123.507271,250-590-7666,,,N,N,N,N,N,N,N,N,N,N,N,N,N,N,N,N,N,,,N,N,N,N,N,N,N,N,N,N,N,2026-04-29,https://www.healthspace.ca/clients/viha/viha_website.nsf/CCFL-Main?OpenView,N,Y,N,Almosthome Gordon<br>Licensed Group<br>250-590-7666<br><br>Vacancy:<br>&nbsp;&nbsp;&nbsp;&nbsp;<36 months: N<br>&nbsp;&nbsp;&nbsp;&nbsp;30 months -- 5 years: N<br>&nbsp;&nbsp;&nbsp;&nbsp;Preschool: N<br>&nbsp;&nbsp;&nbsp;&nbsp;Grade 1 - Age 12: N<br>
106,Licensed Group,Kildala Nursery And Out Of School Care,803 Columbia Ave E,,Kitimat,V8C 1V7,54.050304,-128.660047,250-632-8745,,,N,N,N,N,N,N,N,N,N,N,N,N,N,N,N,N,N,,,N,N,N,N,N,N,N,N,N,N,N,2026-05-21,https://www.healthspace.ca/Clients/NHA/NHA_Website.nsf/CCFL-Frameset,N,Y,N,Kildala Nursery And Out Of School Care<br>Licensed Group<br>250-632-8745<br><br>Vacancy:<br>&nbsp;&nbsp;&nbsp;&nbsp;<36 months: N<br>&nbsp;&nbsp;&nbsp;&nbsp;30 months -- 5 years: N<br>&nbsp;&nbsp;&nbsp;&nbsp;Preschool: N<br>&nbsp;&nbsp;&nbsp;&nbsp;Grade 1 - Age 12: N<br>
107,Licensed Group,Burnaby French Language Preschool,6060 Marlborough Ave,,Burnaby,V5H 3L7,49.229781,-122.991466,604-432-1323,,,N,N,N,N,N,N,N,N,N,N,N,N,N,N,N,N,N,,,N,N,N,N,N,N,N,N,N,Y,N,2026-05-04,http://www.healthspace.ca/fha/childcare,N,Y,N,Burnaby French Language Preschool<br>Licensed Group<br>604-432-1323<br><br>Vacancy:<br>&nbsp;&nbsp;&nbsp;&nbsp;<36 months: N<br>&nbsp;&nbsp;&nbsp;&nbsp;30 months -- 5 years: N<br>&nbsp;&nbsp;&nbsp;&nbsp;Preschool: Y<br>&nbsp;&nbsp;&nbsp;&nbsp;Grade 1 - Age 12: N<br>
108,Licensed Group,Kingsway Christian Children's Centre - Clubhouse,4045 Kingsway,,Burnaby,V5H 1Y9,49.233536,-123.014934,604-437-3393,,,N,N,N,N,N,N,N,N,N,N,N,N,N,N,N,N,N,,,N,N,N,N,N,N,N,N,N,N,N,2026-04-20,http://www.healthspace.ca/fha/childcare,N,Y,N,Kingsway Christian Children's Centre - Clubhouse<br>Licensed Group<br>604-437-3393<br><br>Vacancy:<br>&nbsp;&nbsp;&nbsp;&nbsp;<36 months: N<br>&nbsp;&nbsp;&nbsp;&nbsp;30 months -- 5 years: N<br>&nbsp;&nbsp;&nbsp;&nbsp;Preschool: N<br>&nbsp;&nbsp;&nbsp;&nbsp;Grade 1 - Age 12: N<br>
109,Licensed Group,Kingsway Christian Children's Centre,4061 Kingsway,,Burnaby,V5H 1Z1,49.23303,-123.014259,604-437-3393,,,N,N,N,N,N,N,N,N,N,N,N,N,N,N,N,N,N,,,N,N,N,N,N,N,N,N,N,N,N,2026-04-22,http://www.healthspace.ca/fha/childcare,N,Y,N,Kingsway Christian Children's Centre<br>Licensed Group<br>604-437-3393<br><br>Vacancy:<br>&nbsp;&nbsp;&nbsp;&nbsp;<36 months: N<br>&nbsp;&nbsp;&nbsp;&nbsp;30 months -- 5 years: N<br>&nbsp;&nbsp;&nbsp;&nbsp;Preschool: N<br>&nbsp;&nbsp;&nbsp;&nbsp;Grade 1 - Age 12: N<br>
110,Licensed Group,Hilltop Christian Child Care,6749 120 St,,Delta,V4E 2A7,49.125949,-122.891573,604-594-0910,,,N,N,N,N,N,N,N,N,N,N,N,N,N,N,N,N,N,,,N,N,N,N,N,N,N,N,Y,Y,Y,2026-04-01,http://www.healthspace.ca/fha/childcare,N,Y,N,Hilltop Christian Child Care<br>Licensed Group<br>604-594-0910<br><br>Vacancy:<br>&nbsp;&nbsp;&nbsp;&nbsp;<36 months: N<br>&nbsp;&nbsp;&nbsp;&nbsp;30 months -- 5 years: Y<br>&nbsp;&nbsp;&nbsp;&nbsp;Preschool: Y<br>&nbsp;&nbsp;&nbsp;&nbsp;Grade 1 - Age 12: Y<br>
111,Licensed Group,New Life Child Care Centre,8868 128 St,,Surrey,V3V 5M7,49.163754,-122.867798,604-590-6131,,,N,N,N,N,N,N,N,N,N,N,N,N,N,N,N,N,N,,,N,N,N,N,N,N,N,Y,Y,N,Y,2026-05-14,http://www.healthspace.ca/fha/childcare,N,Y,N,New Life Child Care Centre<br>Licensed Group<br>604-590-6131<br><br>Vacancy:<br>&nbsp;&nbsp;&nbsp;&nbsp;<36 months: Y<br>&nbsp;&nbsp;&nbsp;&nbsp;30 months -- 5 years: Y<br>&nbsp;&nbsp;&nbsp;&nbsp;Preschool: N<br>&nbsp;&nbsp;&nbsp;&nbsp;Grade 1 - Age 12: Y<br>
112,Licensed Group,Mosaic Child Care Centre,2710 Commercial Dr,,Vancouver,V5N 5P4,49.260203,-123.069386,604-254-9626,,,N,N,N,N,N,N,N,N,N,N,N,N,N,N,N,N,N,,,N,N,N,N,N,N,N,Y,Y,N,N,2026-05-05,https://inspections.vcha.ca/ChildCare/Table,N,N,Y,Mosaic Child Care Centre<br>Licensed Group<br>604-254-9626<br><br>Vacancy:<br>&nbsp;&nbsp;&nbsp;&nbsp;<36 months: Y<br>&nbsp;&nbsp;&nbsp;&nbsp;30 months -- 5 years: Y<br>&nbsp;&nbsp;&nbsp;&nbsp;Preschool: N<br>&nbsp;&nbsp;&nbsp;&nbsp;Grade 1 - Age 12: N<br>
113,Licensed Group,Cordova Bay Preschool,5182 Cordova Bay Rd,,Victoria,V8Y 2K8,48.524931,-123.368897,250-658-3441,,,N,N,N,N,N,N,N,N,N,N,N,N,N,N,N,N,N,,,N,N,N,N,N,N,N,N,N,Y,N,2026-04-09,https://www.healthspace.ca/clients/viha/viha_website.nsf/CCFL-Main?OpenView,N,Y,N,Cordova Bay Preschool<br>Licensed Group<br>250-658-3441<br><br>Vacancy:<br>&nbsp;&nbsp;&nbsp;&nbsp;<36 months: N<br>&nbsp;&nbsp;&nbsp;&nbsp;30 months -- 5 years: N<br>&nbsp;&nbsp;&nbsp;&nbsp;Preschool: Y<br>&nbsp;&nbsp;&nbsp;&nbsp;Grade 1 - Age 12: N<br>
114,Licensed Group,Keeginaw Kids,10208 95 Ave,,Fort St. John,V1J 1J2,56.241708,-120.851885,250-785-8566,,,N,N,N,N,N,N,N,N,N,N,N,N,N,N,N,N,N,,,N,N,N,N,N,N,N,N,N,N,Y,2026-05-19,https://www.healthspace.ca/Clients/NHA/NHA_Website.nsf/CCFL-Frameset,N,N,N,Keeginaw Kids<br>Licensed Group<br>250-785-8566<br><br>Vacancy:<br>&nbsp;&nbsp;&nbsp;&nbsp;<36 months: N<br>&nbsp;&nbsp;&nbsp;&nbsp;30 months -- 5 years: N<br>&nbsp;&nbsp;&nbsp;&nbsp;Preschool: N<br>&nbsp;&nbsp;&nbsp;&nbsp;Grade 1 - Age 12: Y<br>
115,Licensed Group,Angel Care,2085 Maple Bay Rd,,Duncan,V9L 5L9,48.782385,-123.672679,250-727-6893,,,N,N,N,N,N,N,N,N,N,N,N,N,N,N,N,N,N,,,N,N,N,N,N,N,N,N,N,N,N,2026-04-20,https://www.healthspace.ca/clients/viha/viha_website.nsf/CCFL-Main?OpenView,N,Y,N,Angel Care<br>Licensed Group<br>250-727-6893<br><br>Vacancy:<br>&nbsp;&nbsp;&nbsp;&nbsp;<36 months: N<br>&nbsp;&nbsp;&nbsp;&nbsp;30 months -- 5 years: N<br>&nbsp;&nbsp;&nbsp;&nbsp;Preschool: N<br>&nbsp;&nbsp;&nbsp;&nbsp;Grade 1 - Age 12: N<br>
116,Licensed Group,Port Coquitlam Children's Centre,50-3150 Coast Meridian Rd,,Port Coquitlam,V3B 5J8,49.269751,-122.755361,604-941-9206,,,N,N,N,N,N,N,N,N,N,N,N,N,N,N,N,N,N,,,N,N,N,N,N,N,N,N,Y,N,N,2026-05-21,http://www.healthspace.ca/fha/childcare,N,Y,N,Port Coquitlam Children's Centre<br>Licensed Group<br>604-941-9206<br><br>Vacancy:<br>&nbsp;&nbsp;&nbsp;&nbsp;<36 months: N<br>&nbsp;&nbsp;&nbsp;&nbsp;30 months -- 5 years: Y<br>&nbsp;&nbsp;&nbsp;&nbsp;Preschool: N<br>&nbsp;&nbsp;&nbsp;&nbsp;Grade 1 - Age 12: N<br>
117,Licensed Group,Margaret Jenkins Osc,1824 Fairfield Rd,,Victoria,V8S 1G8,48.415898,-123.329549,250-382-4604,,,N,N,N,N,N,N,N,N,N,N,N,N,N,N,N,N,N,,,N,N,N,N,N,N,N,N,Y,N,Y,2026-05-21,https://www.healthspace.ca/clients/viha/viha_website.nsf/CCFL-Main?OpenView,N,Y,N,Margaret Jenkins Osc<br>Licensed Group<br>250-382-4604<br><br>Vacancy:<br>&nbsp;&nbsp;&nbsp;&nbsp;<36 months: N<br>&nbsp;&nbsp;&nbsp;&nbsp;30 months -- 5 years: Y<br>&nbsp;&nbsp;&nbsp;&nbsp;Preschool: N<br>&nbsp;&nbsp;&nbsp;&nbsp;Grade 1 - Age 12: Y<br>
118,Licensed Group,Sundance Out Of School Care,1623 Bank St,,Victoria,V8R 4V5,48.42802,-123.3285,778-677-8813,,,N,N,N,N,N,N,N,N,N,N,N,N,N,N,N,N,N,,,N,N,N,N,N,N,N,N,N,N,N,2026-04-23,https://www.healthspace.ca/clients/viha/viha_website.nsf/CCFL-Main?OpenView,N,Y,N,Sundance Out Of School Care<br>Licensed Group<br>778-677-8813<br><br>Vacancy:<br>&nbsp;&nbsp;&nbsp;&nbsp;<36 months: N<br>&nbsp;&nbsp;&nbsp;&nbsp;30 months -- 5 years: N<br>&nbsp;&nbsp;&nbsp;&nbsp;Preschool: N<br>&nbsp;&nbsp;&nbsp;&nbsp;Grade 1 - Age 12: N<br>
119,Licensed Group,Starbright Educare Day Care,15515 104A Ave,,Surrey,V3R 6W5,49.192596,-122.792223,604-583-5756,,,N,N,N,N,N,N,N,N,N,N,N,N,N,N,N,N,N,,,N,N,N,N,N,N,N,N,Y,Y,Y,2026-05-20,http://www.healthspace.ca/fha/childcare,N,Y,N,Starbright Educare Day Care<br>Licensed Group<br>604-583-5756<br><br>Vacancy:<br>&nbsp;&nbsp;&nbsp;&nbsp;<36 months: N<br>&nbsp;&nbsp;&nbsp;&nbsp;30 months -- 5 years: Y<br>&nbsp;&nbsp;&nbsp;&nbsp;Preschool: Y<br>&nbsp;&nbsp;&nbsp;&nbsp;Grade 1 - Age 12: Y<br>
120,Licensed Group,Hand In Hand - Early Learning Centre,3154 Clearbrook Rd,,Abbotsford,V2T 4N6,49.058796,-122.337824,604-859-3830,,,N,N,N,N,N,N,N,N,N,N,N,N,N,N,N,N,N,,,N,N,N,N,N,N,N,N,Y,N,N,2026-05-06,http://www.healthspace.ca/fha/childcare,N,Y,N,Hand In Hand - Early Learning Centre<br>Licensed Group<br>604-859-3830<br><br>Vacancy:<br>&nbsp;&nbsp;&nbsp;&nbsp;<36 months: N<br>&nbsp;&nbsp;&nbsp;&nbsp;30 months -- 5 years: Y<br>&nbsp;&nbsp;&nbsp;&nbsp;Preschool: N<br>&nbsp;&nbsp;&nbsp;&nbsp;Grade 1 - Age 12: N<br>
121,Licensed Group,Splats' In Child Care Center,2730 Canyon Rd,,Enderby,V0E 1V3,50.530424,-119.157104,250-838-6404,,,Y,N,N,N,N,N,Y,Y,N,Y,Y,N,N,N,N,N,N,Included in fee,Include in fee,N,N,N,Y,Y,Y,Y,N,N,N,N,2026-05-20,https://hedgehogportal.interiorhealth.ca/ChildCare/Map,N,Y,N,Splats' In Child Care Center<br>Licensed Group<br>250-838-6404<br><br>Vacancy:<br>&nbsp;&nbsp;&nbsp;&nbsp;<36 months: N<br>&nbsp;&nbsp;&nbsp;&nbsp;30 months -- 5 years: N<br>&nbsp;&nbsp;&nbsp;&nbsp;Preschool: N<br>&nbsp;&nbsp;&nbsp;&nbsp;Grade 1 - Age 12: N<br>
122,Licensed Group,"Enderby Preschool, Daycare And Kids Club",102 Meadow Cres,,Enderby,V0E 1V1,50.557555,-119.142269,250-838-6676,,,N,N,N,N,N,N,N,N,N,N,N,N,N,N,N,N,N,,,N,N,N,N,N,N,N,Y,Y,Y,N,2026-05-01,https://hedgehogportal.interiorhealth.ca/ChildCare/Map,N,Y,N,"Enderby Preschool, Daycare And Kids Club<br>Licensed Group<br>250-838-6676<br><br>Vacancy:<br>&nbsp;&nbsp;&nbsp;&nbsp;<36 months: Y<br>&nbsp;&nbsp;&nbsp;&nbsp;30 months -- 5 years: Y<br>&nbsp;&nbsp;&nbsp;&nbsp;Preschool: Y<br>&nbsp;&nbsp;&nbsp;&nbsp;Grade 1 - Age 12: N<br>"
123,Licensed Group,Freedom Childcare Centre,A-749 View St,,Victoria,V8W 1J9,48.424975,-123.363159,250-920-9933,,,N,N,N,N,N,N,N,N,N,N,N,N,N,N,N,N,N,,,N,N,N,N,N,N,N,N,N,N,N,2026-05-14,https://www.healthspace.ca/clients/viha/viha_website.nsf/CCFL-Main?OpenView,N,Y,N,Freedom Childcare Centre<br>Licensed Group<br>250-920-9933<br><br>Vacancy:<br>&nbsp;&nbsp;&nbsp;&nbsp;<36 months: N<br>&nbsp;&nbsp;&nbsp;&nbsp;30 months -- 5 years: N<br>&nbsp;&nbsp;&nbsp;&nbsp;Preschool: N<br>&nbsp;&nbsp;&nbsp;&nbsp;Grade 1 - Age 12: N<br>
124,Licensed Group,Beaver Valley Nursery Centre,1122 Highway 3B,,Montrose,V0G 1P0,49.086075,-117.577393,250-367-7887,,,N,N,N,N,N,N,N,N,N,N,N,N,N,N,N,N,N,,,N,N,N,N,N,N,N,N,N,Y,N,2026-05-05,https://hedgehogportal.interiorhealth.ca/ChildCare/Map,N,Y,N,Beaver Valley Nursery Centre<br>Licensed Group<br>250-367-7887<br><br>Vacancy:<br>&nbsp;&nbsp;&nbsp;&nbsp;<36 months: N<br>&nbsp;&nbsp;&nbsp;&nbsp;30 months -- 5 years: N<br>&nbsp;&nbsp;&nbsp;&nbsp;Preschool: Y<br>&nbsp;&nbsp;&nbsp;&nbsp;Grade 1 - Age 12: N<br>
125,Licensed Group,Learning For Little People Preschool,120 216 Hastings Ave,,Penticton,V2A 2V6,49.484513,-119.59407,250-493-2331,,,N,N,N,N,N,N,N,N,N,N,N,N,N,N,N,N,N,,,N,N,N,N,N,N,N,N,N,Y,N,2026-05-12,https://hedgehogportal.interiorhealth.ca/ChildCare/Map,N,Y,N,Learning For Little People Preschool<br>Licensed Group<br>250-493-2331<br><br>Vacancy:<br>&nbsp;&nbsp;&nbsp;&nbsp;<36 months: N<br>&nbsp;&nbsp;&nbsp;&nbsp;30 months -- 5 years: N<br>&nbsp;&nbsp;&nbsp;&nbsp;Preschool: Y<br>&nbsp;&nbsp;&nbsp;&nbsp;Grade 1 - Age 12: N<br>
126,Licensed Group,Armstrong Preschool,3260 Rosedale Ave,,Armstrong,V0E 1B2,50.441476,-119.202782,250-546-9314,,,N,N,N,N,N,N,N,N,N,N,N,N,N,N,N,N,N,,,N,N,N,N,N,N,N,N,N,Y,N,2026-05-20,https://hedgehogportal.interiorhealth.ca/ChildCare/Map,N,Y,N,Armstrong Preschool<br>Licensed Group<br>250-546-9314<br><br>Vacancy:<br>&nbsp;&nbsp;&nbsp;&nbsp;<36 months: N<br>&nbsp;&nbsp;&nbsp;&nbsp;30 months -- 5 years: N<br>&nbsp;&nbsp;&nbsp;&nbsp;Preschool: Y<br>&nbsp;&nbsp;&nbsp;&nbsp;Grade 1 - Age 12: N<br>
127,Licensed Group,Highlands Out Of School Care,3150 Colwood Dr,,North Vancouver,V7R 2R6,49.338469,-123.097063,604-985-6958,,,N,N,N,N,N,N,N,N,N,N,N,N,N,N,N,N,N,,,N,N,N,N,N,N,N,N,N,N,N,2026-05-06,https://inspections.vcha.ca/ChildCare/Table,N,Y,N,Highlands Out Of School Care<br>Licensed Group<br>604-985-6958<br><br>Vacancy:<br>&nbsp;&nbsp;&nbsp;&nbsp;<36 months: N<br>&nbsp;&nbsp;&nbsp;&nbsp;30 months -- 5 years: N<br>&nbsp;&nbsp;&nbsp;&nbsp;Preschool: N<br>&nbsp;&nbsp;&nbsp;&nbsp;Grade 1 - Age 12: N<br>
128,Licensed Group,Cedar Day Care Centre,3950 Columbine Way,,Victoria,V8Z 6G2,48.465013,-123.39666,250-479-2032,,,N,N,N,N,N,N,N,N,N,N,N,N,N,N,N,N,N,,,N,N,N,N,N,N,N,N,N,N,N,2026-05-06,https://www.healthspace.ca/clients/viha/viha_website.nsf/CCFL-Main?OpenView,N,Y,N,Cedar Day Care Centre<br>Licensed Group<br>250-479-2032<br><br>Vacancy:<br>&nbsp;&nbsp;&nbsp;&nbsp;<36 months: N<br>&nbsp;&nbsp;&nbsp;&nbsp;30 months -- 5 years: N<br>&nbsp;&nbsp;&nbsp;&nbsp;Preschool: N<br>&nbsp;&nbsp;&nbsp;&nbsp;Grade 1 - Age 12: N<br>
129,Licensed Group,Caboose Club,5238 Cordova Bay Rd,,Victoria,V8Y 2L2,48.527419,-123.370056,250-658-0548,,,N,N,N,N,N,N,N,N,N,N,N,N,N,N,N,N,N,,,N,N,N,N,N,N,N,N,N,N,N,2026-05-21,https://www.healthspace.ca/clients/viha/viha_website.nsf/CCFL-Main?OpenView,N,Y,N,Caboose Club<br>Licensed Group<br>250-658-0548<br><br>Vacancy:<br>&nbsp;&nbsp;&nbsp;&nbsp;<36 months: N<br>&nbsp;&nbsp;&nbsp;&nbsp;30 months -- 5 years: N<br>&nbsp;&nbsp;&nbsp;&nbsp;Preschool: N<br>&nbsp;&nbsp;&nbsp;&nbsp;Grade 1 - Age 12: N<br>
130,Licensed Group,Sunset Child Care Society,8064 Buscombe St,,Vancouver,V5X 3S1,49.211709,-123.095079,604-328-3817,,,N,N,N,N,N,N,N,N,N,N,N,N,N,N,N,N,N,Extra fee,Not offered,N,N,N,N,N,N,N,N,N,N,N,2026-05-06,https://inspections.vcha.ca/ChildCare/Table,N,Y,N,Sunset Child Care Society<br>Licensed Group<br>604-328-3817<br><br>Vacancy:<br>&nbsp;&nbsp;&nbsp;&nbsp;<36 months: N<br>&nbsp;&nbsp;&nbsp;&nbsp;30 months -- 5 years: N<br>&nbsp;&nbsp;&nbsp;&nbsp;Preschool: N<br>&nbsp;&nbsp;&nbsp;&nbsp;Grade 1 - Age 12: N<br>
131,Licensed Group,Our Saviour Child Care Centre,6340 No. 4 Rd,,Richmond,V6Y 2S9,49.166723,-123.112608,604-270-0085,,,N,N,N,N,N,N,N,N,N,N,N,N,N,N,N,N,N,,,N,N,N,N,N,N,N,N,Y,Y,N,2026-05-07,https://inspections.vcha.ca/ChildCare/Table,N,Y,N,Our Saviour Child Care Centre<br>Licensed Group<br>604-270-0085<br><br>Vacancy:<br>&nbsp;&nbsp;&nbsp;&nbsp;<36 months: N<br>&nbsp;&nbsp;&nbsp;&nbsp;30 months -- 5 years: Y<br>&nbsp;&nbsp;&nbsp;&nbsp;Preschool: Y<br>&nbsp;&nbsp;&nbsp;&nbsp;Grade 1 - Age 12: N<br>
132,Licensed Group,Dicken's Out Of School Care,1010 17Th Ave E,,Vancouver,V5V 0A6,49.254857,-123.082392,604-875-9111,,,N,N,N,N,N,N,N,N,N,N,N,N,N,N,N,N,N,Not offered,Not offered,N,N,N,N,N,N,N,N,N,N,N,2026-04-08,https://inspections.vcha.ca/ChildCare/Table,N,Y,N,Dicken's Out Of School Care<br>Licensed Group<br>604-875-9111<br><br>Vacancy:<br>&nbsp;&nbsp;&nbsp;&nbsp;<36 months: N<br>&nbsp;&nbsp;&nbsp;&nbsp;30 months -- 5 years: N<br>&nbsp;&nbsp;&nbsp;&nbsp;Preschool: N<br>&nbsp;&nbsp;&nbsp;&nbsp;Grade 1 - Age 12: N<br>
133,Licensed Group,Beaconsfield Out Of School Care,3663 Penticton St,,Vancouver,V5N 3C9,49.251969,-123.052687,604-875-9111,,,N,N,N,N,N,N,N,N,N,N,N,N,N,N,N,N,N,Not offered,Not offered,N,N,N,N,N,N,N,N,N,N,N,2026-04-08,https://inspections.vcha.ca/ChildCare/Table,N,Y,N,Beaconsfield Out Of School Care<br>Licensed Group<br>604-875-9111<br><br>Vacancy:<br>&nbsp;&nbsp;&nbsp;&nbsp;<36 months: N<br>&nbsp;&nbsp;&nbsp;&nbsp;30 months -- 5 years: N<br>&nbsp;&nbsp;&nbsp;&nbsp;Preschool: N<br>&nbsp;&nbsp;&nbsp;&nbsp;Grade 1 - Age 12: N<br>
134,Licensed Group,Secord Out Of School Care,2500 Lakewood Dr,,Vancouver,V5N 4V1,49.261736,-123.060735,604-875-9111,,,N,N,N,N,N,N,N,N,N,N,N,N,N,N,N,N,N,Not offered,Not offered,N,N,N,N,N,N,N,N,N,N,N,2026-04-08,https://inspections.vcha.ca/ChildCare/Table,N,Y,N,Secord Out Of School Care<br>Licensed Group<br>604-875-9111<br><br>Vacancy:<br>&nbsp;&nbsp;&nbsp;&nbsp;<36 months: N<br>&nbsp;&nbsp;&nbsp;&nbsp;30 months -- 5 years: N<br>&nbsp;&nbsp;&nbsp;&nbsp;Preschool: N<br>&nbsp;&nbsp;&nbsp;&nbsp;Grade 1 - Age 12: N<br>
135,Licensed Group,Selkirk Out Of School Care,1750 22Nd Ave E,,Vancouver,V5N 2P7,49.249678,-123.068778,604-875-9111,,,N,N,N,N,N,N,N,N,N,N,N,N,N,N,N,N,N,Not offered,Not offered,N,N,N,N,N,N,N,N,N,N,N,2026-04-08,https://inspections.vcha.ca/ChildCare/Table,N,Y,N,Selkirk Out Of School Care<br>Licensed Group<br>604-875-9111<br><br>Vacancy:<br>&nbsp;&nbsp;&nbsp;&nbsp;<36 months: N<br>&nbsp;&nbsp;&nbsp;&nbsp;30 months -- 5 years: N<br>&nbsp;&nbsp;&nbsp;&nbsp;Preschool: N<br>&nbsp;&nbsp;&nbsp;&nbsp;Grade 1 - Age 12: N<br>
136,Licensed Group,Poppins Preschool,6470 Victoria Dr,,Vancouver,V5P 3X7,49.225542,-123.065332,604-875-9111,,,N,N,N,N,N,N,N,N,N,N,N,N,N,N,N,N,N,Not offered,Not offered,N,N,N,N,N,N,N,N,N,Y,N,2026-04-08,https://inspections.vcha.ca/ChildCare/Table,N,Y,N,Poppins Preschool<br>Licensed Group<br>604-875-9111<br><br>Vacancy:<br>&nbsp;&nbsp;&nbsp;&nbsp;<36 months: N<br>&nbsp;&nbsp;&nbsp;&nbsp;30 months -- 5 years: N<br>&nbsp;&nbsp;&nbsp;&nbsp;Preschool: Y<br>&nbsp;&nbsp;&nbsp;&nbsp;Grade 1 - Age 12: N<br>
137,Licensed Group,Queen Alexandra Out Of School Care,1300 Broadway E,,Vancouver,V5N 1V6,49.261875,-123.076456,604-875-9111,,,N,N,N,N,N,N,N,N,N,N,N,N,N,N,N,N,N,Not offered,Not offered,N,N,N,N,N,N,N,N,N,N,N,2026-04-08,https://inspections.vcha.ca/ChildCare/Table,N,Y,N,Queen Alexandra Out Of School Care<br>Licensed Group<br>604-875-9111<br><br>Vacancy:<br>&nbsp;&nbsp;&nbsp;&nbsp;<36 months: N<br>&nbsp;&nbsp;&nbsp;&nbsp;30 months -- 5 years: N<br>&nbsp;&nbsp;&nbsp;&nbsp;Preschool: N<br>&nbsp;&nbsp;&nbsp;&nbsp;Grade 1 - Age 12: N<br>
138,Licensed Group,West Richmond Kindercare/Junior Out Of School Care,9180 No. 1 Rd,,Richmond,V7E 6L5,49.14686,-123.181249,604-238-8415,,,N,N,N,N,N,N,N,N,N,N,N,N,N,N,N,N,N,,,N,N,N,N,N,N,N,N,N,N,N,2026-05-12,https://inspections.vcha.ca/ChildCare/Table,N,Y,N,West Richmond Kindercare/Junior Out Of School Care<br>Licensed Group<br>604-238-8415<br><br>Vacancy:<br>&nbsp;&nbsp;&nbsp;&nbsp;<36 months: N<br>&nbsp;&nbsp;&nbsp;&nbsp;30 months -- 5 years: N<br>&nbsp;&nbsp;&nbsp;&nbsp;Preschool: N<br>&nbsp;&nbsp;&nbsp;&nbsp;Grade 1 - Age 12: N<br>
139,Licensed Group,Gilmore Out Of School Care,8380 Elsmore Rd,,Richmond,V7C 2A1,49.151185,-123.186472,604-238-8415,,,N,N,N,N,N,N,N,N,N,N,N,N,N,N,N,N,N,,,N,N,N,N,N,N,N,N,N,N,N,2026-05-12,https://inspections.vcha.ca/ChildCare/Table,N,Y,N,Gilmore Out Of School Care<br>Licensed Group<br>604-238-8415<br><br>Vacancy:<br>&nbsp;&nbsp;&nbsp;&nbsp;<36 months: N<br>&nbsp;&nbsp;&nbsp;&nbsp;30 months -- 5 years: N<br>&nbsp;&nbsp;&nbsp;&nbsp;Preschool: N<br>&nbsp;&nbsp;&nbsp;&nbsp;Grade 1 - Age 12: N<br>
140,Licensed Group,Merry King Preschool,9180 No. 1 Rd,,Richmond,V7E 6L5,49.14686,-123.181249,604-238-8415,,,N,N,N,N,N,N,N,N,N,N,N,N,N,N,N,N,N,,,N,N,N,N,N,N,N,N,N,Y,N,2026-05-12,https://inspections.vcha.ca/ChildCare/Table,N,Y,N,Merry King Preschool<br>Licensed Group<br>604-238-8415<br><br>Vacancy:<br>&nbsp;&nbsp;&nbsp;&nbsp;<36 months: N<br>&nbsp;&nbsp;&nbsp;&nbsp;30 months -- 5 years: N<br>&nbsp;&nbsp;&nbsp;&nbsp;Preschool: Y<br>&nbsp;&nbsp;&nbsp;&nbsp;Grade 1 - Age 12: N<br>
141,Licensed Group,Lynn Valley Parent Participation Preschool,3220 Mountain Highway,,North Vancouver,V7K 2H5,49.338328,-123.037197,604-985-5512,,,N,N,N,N,N,N,N,N,N,N,N,N,N,N,N,N,N,,,N,N,N,N,N,N,N,N,N,N,N,2026-05-20,https://inspections.vcha.ca/ChildCare/Table,N,Y,N,Lynn Valley Parent Participation Preschool<br>Licensed Group<br>604-985-5512<br><br>Vacancy:<br>&nbsp;&nbsp;&nbsp;&nbsp;<36 months: N<br>&nbsp;&nbsp;&nbsp;&nbsp;30 months -- 5 years: N<br>&nbsp;&nbsp;&nbsp;&nbsp;Preschool: N<br>&nbsp;&nbsp;&nbsp;&nbsp;Grade 1 - Age 12: N<br>
142,Licensed Group,Our Lady Of Perpetual Help Junior Kindergarten,2550 Camosun St,,Vancouver,V6R 3W6,49.264134,-123.196176,604-221-0002,,,N,N,N,N,N,N,N,N,N,N,N,N,N,N,N,N,N,,,N,N,N,N,N,N,N,N,N,N,N,2026-05-05,https://inspections.vcha.ca/ChildCare/Table,N,Y,N,Our Lady Of Perpetual Help Junior Kindergarten<br>Licensed Group<br>604-221-0002<br><br>Vacancy:<br>&nbsp;&nbsp;&nbsp;&nbsp;<36 months: N<br>&nbsp;&nbsp;&nbsp;&nbsp;30 months -- 5 years: N<br>&nbsp;&nbsp;&nbsp;&nbsp;Preschool: N<br>&nbsp;&nbsp;&nbsp;&nbsp;Grade 1 - Age 12: N<br>
143,Licensed Group,Sunshine Playschool,260 South Dogwood St,,Campbell River,V9W 6Y7,50.002081,-125.249001,250-287-8835,,,,,,,,,,,,,,,,,,,,,,,,,,,,,,,,,,,Y,N,N,Sunshine Playschool<br>Licensed Group<br>250-287-8835<br><br>Vacancy:<br>&nbsp;&nbsp;&nbsp;&nbsp;<36 months: None<br>&nbsp;&nbsp;&nbsp;&nbsp;30 months -- 5 years: None<br>&nbsp;&nbsp;&nbsp;&nbsp;Preschool: None<br>&nbsp;&nbsp;&nbsp;&nbsp;Grade 1 - Age 12: None<br>
144,Licensed Group,Pomme D'api Preschool,2190 E 44,,Vancouver,V5P 1N2,49.2303,-123.062596,604-877-1122,,,N,N,N,N,N,N,N,N,N,N,N,N,N,N,N,N,N,,,N,N,N,N,N,N,N,N,N,Y,N,2026-05-01,https://inspections.vcha.ca/ChildCare/Table,N,Y,N,Pomme D'api Preschool<br>Licensed Group<br>604-877-1122<br><br>Vacancy:<br>&nbsp;&nbsp;&nbsp;&nbsp;<36 months: N<br>&nbsp;&nbsp;&nbsp;&nbsp;30 months -- 5 years: N<br>&nbsp;&nbsp;&nbsp;&nbsp;Preschool: Y<br>&nbsp;&nbsp;&nbsp;&nbsp;Grade 1 - Age 12: N<br>
145,Licensed Group,Northern Baby Bear Daycare Inc.,9304  86 St,,Fort St. John,V1J 6L9,56.239882,-120.821883,250-785-0257,,,N,N,N,N,N,N,N,N,N,N,N,N,N,N,N,N,N,,,N,N,N,N,N,N,N,N,N,N,N,2026-05-20,https://www.healthspace.ca/Clients/NHA/NHA_Website.nsf/CCFL-Frameset,N,Y,N,Northern Baby Bear Daycare Inc.<br>Licensed Group<br>250-785-0257<br><br>Vacancy:<br>&nbsp;&nbsp;&nbsp;&nbsp;<36 months: N<br>&nbsp;&nbsp;&nbsp;&nbsp;30 months -- 5 years: N<br>&nbsp;&nbsp;&nbsp;&nbsp;Preschool: N<br>&nbsp;&nbsp;&nbsp;&nbsp;Grade 1 - Age 12: N<br>
146,Licensed Group,Gatehouse Montessori School,1305 Taylor Way,,West Vancouver,V7T 2Y7,49.336752,-123.135759,604-925-1437,,,N,N,N,N,N,N,N,N,N,N,N,N,N,N,N,N,N,,,N,N,N,N,N,N,N,N,N,N,N,2026-05-15,https://inspections.vcha.ca/ChildCare/Table,N,Y,Y,Gatehouse Montessori School<br>Licensed Group<br>604-925-1437<br><br>Vacancy:<br>&nbsp;&nbsp;&nbsp;&nbsp;<36 months: N<br>&nbsp;&nbsp;&nbsp;&nbsp;30 months -- 5 years: N<br>&nbsp;&nbsp;&nbsp;&nbsp;Preschool: N<br>&nbsp;&nbsp;&nbsp;&nbsp;Grade 1 - Age 12: N<br>
147,Licensed Group,St. Casimir's Day Care Centre,4255 Inverness Str,,Vancouver,V5V 4W9,49.246948,-123.080151,604-876-1156,,,N,N,N,N,N,N,N,N,N,N,N,N,N,N,N,N,N,,,N,N,N,N,N,N,N,N,N,N,N,2026-05-01,https://inspections.vcha.ca/ChildCare/Table,N,Y,N,St. Casimir's Day Care Centre<br>Licensed Group<br>604-876-1156<br><br>Vacancy:<br>&nbsp;&nbsp;&nbsp;&nbsp;<36 months: N<br>&nbsp;&nbsp;&nbsp;&nbsp;30 months -- 5 years: N<br>&nbsp;&nbsp;&nbsp;&nbsp;Preschool: N<br>&nbsp;&nbsp;&nbsp;&nbsp;Grade 1 - Age 12: N<br>
148,Licensed Group,Kitsilano Area Childcare Centre,2041 6Th Ave W,,Vancouver,V6J 1R8,49.26664,-123.151554,604-732-6327,,,N,N,N,N,N,N,N,N,N,N,N,N,N,N,N,N,N,,,N,N,N,N,N,N,N,N,N,N,N,2026-05-19,https://inspections.vcha.ca/ChildCare/Table,N,Y,N,Kitsilano Area Childcare Centre<br>Licensed Group<br>604-732-6327<br><br>Vacancy:<br>&nbsp;&nbsp;&nbsp;&nbsp;<36 months: N<br>&nbsp;&nbsp;&nbsp;&nbsp;30 months -- 5 years: N<br>&nbsp;&nbsp;&nbsp;&nbsp;Preschool: N<br>&nbsp;&nbsp;&nbsp;&nbsp;Grade 1 - Age 12: N<br>
149,Licensed Group,Child's World Preschool,9020 Williams Rd,,Richmond,V7A 1G9,49.138998,-123.123843,604-238-8063,,,Y,N,N,N,N,N,N,N,Y,N,N,Y,Y,N,N,N,N,Extra fee,Not offered,Y,N,N,Y,Y,Y,Y,N,N,Y,N,2026-05-13,https://inspections.vcha.ca/ChildCare/Table,N,Y,N,Child's World Preschool<br>Licensed Group<br>604-238-8063<br><br>Vacancy:<br>&nbsp;&nbsp;&nbsp;&nbsp;<36 months: N<br>&nbsp;&nbsp;&nbsp;&nbsp;30 months -- 5 years: N<br>&nbsp;&nbsp;&nbsp;&nbsp;Preschool: Y<br>&nbsp;&nbsp;&nbsp;&nbsp;Grade 1 - Age 12: N<br>
150,Licensed Group,South Arm Out Of School Care #1,8880 Williams Rd,,Richmond,V7A 1G6,49.140776,-123.127417,604-238-8078,,,N,N,N,N,N,N,N,N,N,N,N,N,N,N,N,N,N,,,N,N,N,N,N,N,N,N,N,N,N,2026-05-19,https://inspections.vcha.ca/ChildCare/Table,N,Y,N,South Arm Out Of School Care #1<br>Licensed Group<br>604-238-8078<br><br>Vacancy:<br>&nbsp;&nbsp;&nbsp;&nbsp;<36 months: N<br>&nbsp;&nbsp;&nbsp;&nbsp;30 months -- 5 years: N<br>&nbsp;&nbsp;&nbsp;&nbsp;Preschool: N<br>&nbsp;&nbsp;&nbsp;&nbsp;Grade 1 - Age 12: N<br>
151,Licensed Group,Preschool Camps,8880 Williams Rd,,Richmond,V7A 1G6,49.140776,-123.127417,604-238-8063,,,Y,N,N,N,N,N,N,N,Y,N,N,N,N,N,N,N,N,Not offered,Not offered,Y,N,N,N,Y,Y,Y,N,N,N,N,2026-03-24,https://inspections.vcha.ca/ChildCare/Table,N,Y,N,Preschool Camps<br>Licensed Group<br>604-238-8063<br><br>Vacancy:<br>&nbsp;&nbsp;&nbsp;&nbsp;<36 months: N<br>&nbsp;&nbsp;&nbsp;&nbsp;30 months -- 5 years: N<br>&nbsp;&nbsp;&nbsp;&nbsp;Preschool: N<br>&nbsp;&nbsp;&nbsp;&nbsp;Grade 1 - Age 12: N<br>
152,Licensed Group,Creative Minds Early Learning Centre,5351 Camosun St,,Vancouver,V6N 2C4,49.237542,-123.19781,604-263-4711,,,Y,N,N,N,N,N,N,Y,N,N,N,N,Y,N,N,Y,Y,Not offered,Not offered,N,N,N,N,N,N,N,N,Y,N,N,2026-05-11,https://inspections.vcha.ca/ChildCare/Table,N,Y,N,Creative Minds Early Learning Centre<br>Licensed Group<br>604-263-4711<br><br>Vacancy:<br>&nbsp;&nbsp;&nbsp;&nbsp;<36 months: N<br>&nbsp;&nbsp;&nbsp;&nbsp;30 months -- 5 years: Y<br>&nbsp;&nbsp;&nbsp;&nbsp;Preschool: N<br>&nbsp;&nbsp;&nbsp;&nbsp;Grade 1 - Age 12: N<br>
153,Licensed Group,Sunshine Hills Parent Participation,6750 Carncross Cres,,Delta,V4E 2L5,49.125814,-122.913146,604-596-2515,,,N,N,N,N,N,N,N,N,N,N,N,N,N,N,N,N,N,,,N,N,N,N,N,N,N,N,N,N,N,2026-05-14,http://www.healthspace.ca/fha/childcare,N,Y,N,Sunshine Hills Parent Participation<br>Licensed Group<br>604-596-2515<br><br>Vacancy:<br>&nbsp;&nbsp;&nbsp;&nbsp;<36 months: N<br>&nbsp;&nbsp;&nbsp;&nbsp;30 months -- 5 years: N<br>&nbsp;&nbsp;&nbsp;&nbsp;Preschool: N<br>&nbsp;&nbsp;&nbsp;&nbsp;Grade 1 - Age 12: N<br>
154,Licensed Group,Brighouse Junior Kindergarten,8151 Bennett Rd,,Richmond,V6Y 1N4,49.161409,-123.133862,604-312-3352,,,N,N,N,N,N,N,N,N,N,N,N,N,N,N,N,N,N,,,N,N,N,N,N,N,N,N,N,N,N,2026-05-15,https://inspections.vcha.ca/ChildCare/Table,N,Y,N,Brighouse Junior Kindergarten<br>Licensed Group<br>604-312-3352<br><br>Vacancy:<br>&nbsp;&nbsp;&nbsp;&nbsp;<36 months: N<br>&nbsp;&nbsp;&nbsp;&nbsp;30 months -- 5 years: N<br>&nbsp;&nbsp;&nbsp;&nbsp;Preschool: N<br>&nbsp;&nbsp;&nbsp;&nbsp;Grade 1 - Age 12: N<br>
155,Licensed Group,Belmont Park Preschool,301 Zealous Crescent,,Victoria,V9C 1H6,48.437272,-123.466189,250-474-6678,,,N,N,N,N,N,N,N,N,N,N,N,N,N,N,N,N,N,,,N,N,N,N,N,N,N,N,N,Y,N,2026-05-01,https://www.healthspace.ca/clients/viha/viha_website.nsf/CCFL-Main?OpenView,N,Y,N,Belmont Park Preschool<br>Licensed Group<br>250-474-6678<br><br>Vacancy:<br>&nbsp;&nbsp;&nbsp;&nbsp;<36 months: N<br>&nbsp;&nbsp;&nbsp;&nbsp;30 months -- 5 years: N<br>&nbsp;&nbsp;&nbsp;&nbsp;Preschool: Y<br>&nbsp;&nbsp;&nbsp;&nbsp;Grade 1 - Age 12: N<br>
156,Licensed Group,Children's House Montessori Preschool,1563 Regan Ave,,Coquitlam,V3J 3B7,49.26163,-122.849377,604-931-1311,,,N,N,N,N,N,N,N,N,N,N,N,N,N,N,N,N,N,,,N,N,N,N,N,N,N,N,N,N,N,2026-04-09,http://www.healthspace.ca/fha/childcare,N,Y,N,Children's House Montessori Preschool<br>Licensed Group<br>604-931-1311<br><br>Vacancy:<br>&nbsp;&nbsp;&nbsp;&nbsp;<36 months: N<br>&nbsp;&nbsp;&nbsp;&nbsp;30 months -- 5 years: N<br>&nbsp;&nbsp;&nbsp;&nbsp;Preschool: N<br>&nbsp;&nbsp;&nbsp;&nbsp;Grade 1 - Age 12: N<br>
157,Licensed Group,Village Day Care,3290 Ganymede Dr,,Burnaby,V3J 1A4,49.255095,-122.906734,604-421-3064,,,N,N,N,N,N,N,N,N,N,N,N,N,N,N,N,N,N,,,N,N,N,N,N,N,N,N,N,N,N,2026-05-21,http://www.healthspace.ca/fha/childcare,N,Y,N,Village Day Care<br>Licensed Group<br>604-421-3064<br><br>Vacancy:<br>&nbsp;&nbsp;&nbsp;&nbsp;<36 months: N<br>&nbsp;&nbsp;&nbsp;&nbsp;30 months -- 5 years: N<br>&nbsp;&nbsp;&nbsp;&nbsp;Preschool: N<br>&nbsp;&nbsp;&nbsp;&nbsp;Grade 1 - Age 12: N<br>
158,Licensed Group,Tiggy Winkle Corner Preschool,2690 Larch St,,Vancouver,V6K 4K9,49.262055,-123.160106,604-257-6976,,,N,N,N,N,N,N,N,N,N,N,N,N,N,N,N,N,N,,,N,N,N,N,N,N,N,N,N,Y,N,2026-05-05,https://inspections.vcha.ca/ChildCare/Table,N,Y,N,Tiggy Winkle Corner Preschool<br>Licensed Group<br>604-257-6976<br><br>Vacancy:<br>&nbsp;&nbsp;&nbsp;&nbsp;<36 months: N<br>&nbsp;&nbsp;&nbsp;&nbsp;30 months -- 5 years: N<br>&nbsp;&nbsp;&nbsp;&nbsp;Preschool: Y<br>&nbsp;&nbsp;&nbsp;&nbsp;Grade 1 - Age 12: N<br>
159,Licensed Group,Nelson Avenue Daycare,5825 Nelson Ave,,Burnaby,V5H 3H6,49.231632,-122.994926,604-439-9263,,,N,N,N,N,N,N,N,N,N,N,N,N,N,N,N,N,N,,,N,N,N,N,N,N,N,N,N,N,N,2026-04-29,http://www.healthspace.ca/fha/childcare,N,Y,N,Nelson Avenue Daycare<br>Licensed Group<br>604-439-9263<br><br>Vacancy:<br>&nbsp;&nbsp;&nbsp;&nbsp;<36 months: N<br>&nbsp;&nbsp;&nbsp;&nbsp;30 months -- 5 years: N<br>&nbsp;&nbsp;&nbsp;&nbsp;Preschool: N<br>&nbsp;&nbsp;&nbsp;&nbsp;Grade 1 - Age 12: N<br>
160,Licensed Group,Maple Ridge Adventure Preschool,21698 Dewdney Trunk Road,,Maple Ridge,V2X 3G7,49.22031,-122.620264,604-463-4903,,,N,N,N,N,N,N,N,N,N,N,N,N,N,N,N,N,N,Extra fee,Extra fee,Y,N,N,N,N,N,N,N,N,N,N,2026-05-14,http://www.healthspace.ca/fha/childcare,N,N,N,Maple Ridge Adventure Preschool<br>Licensed Group<br>604-463-4903<br><br>Vacancy:<br>&nbsp;&nbsp;&nbsp;&nbsp;<36 months: N<br>&nbsp;&nbsp;&nbsp;&nbsp;30 months -- 5 years: N<br>&nbsp;&nbsp;&nbsp;&nbsp;Preschool: N<br>&nbsp;&nbsp;&nbsp;&nbsp;Grade 1 - Age 12: N<br>
161,Licensed Group,Killarney Park Preschool,6426 Kerr Str,,Vancouver,V5S 3C1,49.22571,-123.040387,604-435-7455,,,N,N,N,N,N,N,N,N,N,N,N,N,N,N,N,N,N,,,N,N,N,N,N,N,N,N,N,Y,N,2026-05-06,https://inspections.vcha.ca/ChildCare/Table,N,Y,N,Killarney Park Preschool<br>Licensed Group<br>604-435-7455<br><br>Vacancy:<br>&nbsp;&nbsp;&nbsp;&nbsp;<36 months: N<br>&nbsp;&nbsp;&nbsp;&nbsp;30 months -- 5 years: N<br>&nbsp;&nbsp;&nbsp;&nbsp;Preschool: Y<br>&nbsp;&nbsp;&nbsp;&nbsp;Grade 1 - Age 12: N<br>
162,Licensed Group,Deep Cove Parent Participation Preschool,1204 Caledonia Ave,,North Vancouver,V7G 2A6,49.318366,-122.950569,778-834-3321,,,N,N,N,N,N,N,N,N,N,N,N,N,N,N,N,N,N,Not offered,Not offered,N,N,N,N,N,N,N,N,Y,N,N,2026-04-08,https://inspections.vcha.ca/ChildCare/Table,N,Y,N,Deep Cove Parent Participation Preschool<br>Licensed Group<br>778-834-3321<br><br>Vacancy:<br>&nbsp;&nbsp;&nbsp;&nbsp;<36 months: N<br>&nbsp;&nbsp;&nbsp;&nbsp;30 months -- 5 years: Y<br>&nbsp;&nbsp;&nbsp;&nbsp;Preschool: N<br>&nbsp;&nbsp;&nbsp;&nbsp;Grade 1 - Age 12: N<br>
163,Licensed Group,View Royal Out Of School Care Society,218 Helmcken Rd,,Victoria,V9B 1S6,48.456841,-123.436488,250-744-2718,,,N,N,N,N,N,N,N,N,N,N,N,N,N,N,N,N,N,,,N,N,N,N,N,N,N,N,N,N,Y,2026-05-20,https://www.healthspace.ca/clients/viha/viha_website.nsf/CCFL-Main?OpenView,N,Y,N,View Royal Out Of School Care Society<br>Licensed Group<br>250-744-2718<br><br>Vacancy:<br>&nbsp;&nbsp;&nbsp;&nbsp;<36 months: N<br>&nbsp;&nbsp;&nbsp;&nbsp;30 months -- 5 years: N<br>&nbsp;&nbsp;&nbsp;&nbsp;Preschool: N<br>&nbsp;&nbsp;&nbsp;&nbsp;Grade 1 - Age 12: Y<br>
164,Licensed Group,Carnarvon Community Group Child Care,3350 Balaclava St,,Vancouver,V6L 2S6,49.256071,-123.173671,604-731-7007,,,N,N,N,N,N,N,N,N,N,N,N,N,N,N,N,N,N,,,N,N,N,N,N,N,N,N,N,N,Y,2026-05-21,https://inspections.vcha.ca/ChildCare/Table,N,Y,N,Carnarvon Community Group Child Care<br>Licensed Group<br>604-731-7007<br><br>Vacancy:<br>&nbsp;&nbsp;&nbsp;&nbsp;<36 months: N<br>&nbsp;&nbsp;&nbsp;&nbsp;30 months -- 5 years: N<br>&nbsp;&nbsp;&nbsp;&nbsp;Preschool: N<br>&nbsp;&nbsp;&nbsp;&nbsp;Grade 1 - Age 12: Y<br>
165,Licensed Group,Deep Cove Kid Club,10975 West Saanich Rd,,North Saanich,V8L 5P6,48.680282,-123.456539,250-656-9868,,,N,N,N,N,N,N,N,N,N,N,N,N,N,N,N,N,N,,,N,N,N,N,N,N,N,N,N,N,N,2026-05-05,https://www.healthspace.ca/clients/viha/viha_website.nsf/CCFL-Main?OpenView,N,Y,N,Deep Cove Kid Club<br>Licensed Group<br>250-656-9868<br><br>Vacancy:<br>&nbsp;&nbsp;&nbsp;&nbsp;<36 months: N<br>&nbsp;&nbsp;&nbsp;&nbsp;30 months -- 5 years: N<br>&nbsp;&nbsp;&nbsp;&nbsp;Preschool: N<br>&nbsp;&nbsp;&nbsp;&nbsp;Grade 1 - Age 12: N<br>
166,Licensed Group,Wiseways Preschool And Daycare,1780 Feltham Road,,Victoria,V8N 2A5,48.476435,-123.324501,250-477-1312,,,N,N,N,N,N,N,N,N,N,N,N,N,N,N,N,N,N,,,N,N,N,N,N,N,N,N,Y,N,N,2026-04-30,https://www.healthspace.ca/clients/viha/viha_website.nsf/CCFL-Main?OpenView,N,Y,N,Wiseways Preschool And Daycare<br>Licensed Group<br>250-477-1312<br><br>Vacancy:<br>&nbsp;&nbsp;&nbsp;&nbsp;<36 months: N<br>&nbsp;&nbsp;&nbsp;&nbsp;30 months -- 5 years: Y<br>&nbsp;&nbsp;&nbsp;&nbsp;Preschool: N<br>&nbsp;&nbsp;&nbsp;&nbsp;Grade 1 - Age 12: N<br>
167,Licensed Group,Shaughnessy Heights Early Learning Centre,1550 33Rd Ave W,,Vancouver,V6M 1A7,49.241585,-123.14108,604-261-6711,,,N,N,N,N,N,N,N,N,N,N,N,N,N,N,N,N,N,,,N,N,N,N,N,N,N,N,N,N,N,2026-04-30,https://inspections.vcha.ca/ChildCare/Table,N,Y,N,Shaughnessy Heights Early Learning Centre<br>Licensed Group<br>604-261-6711<br><br>Vacancy:<br>&nbsp;&nbsp;&nbsp;&nbsp;<36 months: N<br>&nbsp;&nbsp;&nbsp;&nbsp;30 months -- 5 years: N<br>&nbsp;&nbsp;&nbsp;&nbsp;Preschool: N<br>&nbsp;&nbsp;&nbsp;&nbsp;Grade 1 - Age 12: N<br>
168,Licensed Group,Lochside After School Program,1145 Royal Oak Dr,,Victoria,V8X 3T7,48.500509,-123.359954,250-658-1337,,,N,N,N,N,N,N,N,N,N,N,N,N,N,N,N,N,N,Not offered,Not offered,N,N,N,N,N,N,N,N,N,N,N,2026-05-04,https://www.healthspace.ca/clients/viha/viha_website.nsf/CCFL-Main?OpenView,N,Y,N,Lochside After School Program<br>Licensed Group<br>250-658-1337<br><br>Vacancy:<br>&nbsp;&nbsp;&nbsp;&nbsp;<36 months: N<br>&nbsp;&nbsp;&nbsp;&nbsp;30 months -- 5 years: N<br>&nbsp;&nbsp;&nbsp;&nbsp;Preschool: N<br>&nbsp;&nbsp;&nbsp;&nbsp;Grade 1 - Age 12: N<br>
169,Licensed Group,Strawberry Vale Preschool,4130 Rosedale Ave,,Victoria,V8Z 6B1,48.478953,-123.417242,250-479-4213,,,N,N,N,N,N,N,N,N,N,N,N,N,N,N,N,N,N,,,N,N,N,N,N,N,N,N,Y,Y,N,2026-05-12,https://www.healthspace.ca/clients/viha/viha_website.nsf/CCFL-Main?OpenView,N,Y,N,Strawberry Vale Preschool<br>Licensed Group<br>250-479-4213<br><br>Vacancy:<br>&nbsp;&nbsp;&nbsp;&nbsp;<36 months: N<br>&nbsp;&nbsp;&nbsp;&nbsp;30 months -- 5 years: Y<br>&nbsp;&nbsp;&nbsp;&nbsp;Preschool: Y<br>&nbsp;&nbsp;&nbsp;&nbsp;Grade 1 - Age 12: N<br>
170,Licensed Group,Dunbar Memorial Preschool,4747 Dunbar St,,Vancouver,V6S 2H2,49.242816,-123.188252,604-218-3840,,,N,N,N,N,N,N,N,N,N,N,N,N,N,N,N,N,N,,,N,N,N,N,N,N,N,N,N,Y,N,2026-04-25,https://inspections.vcha.ca/ChildCare/Table,N,Y,N,Dunbar Memorial Preschool<br>Licensed Group<br>604-218-3840<br><br>Vacancy:<br>&nbsp;&nbsp;&nbsp;&nbsp;<36 months: N<br>&nbsp;&nbsp;&nbsp;&nbsp;30 months -- 5 years: N<br>&nbsp;&nbsp;&nbsp;&nbsp;Preschool: Y<br>&nbsp;&nbsp;&nbsp;&nbsp;Grade 1 - Age 12: N<br>
171,Licensed Group,Stars For Life Childcare Education,1068 Inglewood Ave,,West Vancouver,V7T 1Y3,49.334215,-123.144963,778-899-4686,,,N,N,N,N,N,N,N,N,N,N,N,N,N,N,N,N,N,,,N,N,N,N,N,N,N,N,N,N,N,2026-04-24,https://inspections.vcha.ca/ChildCare/Table,N,Y,Y,Stars For Life Childcare Education<br>Licensed Group<br>778-899-4686<br><br>Vacancy:<br>&nbsp;&nbsp;&nbsp;&nbsp;<36 months: N<br>&nbsp;&nbsp;&nbsp;&nbsp;30 months -- 5 years: N<br>&nbsp;&nbsp;&nbsp;&nbsp;Preschool: N<br>&nbsp;&nbsp;&nbsp;&nbsp;Grade 1 - Age 12: N<br>
172,Licensed Group,Spare Time Bobolink,2421 Scarboro Ave,,Vancouver,V6P 2L5,49.213648,-123.05796,604-325-1010,,,N,N,N,N,N,N,N,N,N,N,N,N,N,N,N,N,N,,,N,N,N,N,N,N,N,N,N,N,N,2026-05-07,https://inspections.vcha.ca/ChildCare/Table,N,Y,N,Spare Time Bobolink<br>Licensed Group<br>604-325-1010<br><br>Vacancy:<br>&nbsp;&nbsp;&nbsp;&nbsp;<36 months: N<br>&nbsp;&nbsp;&nbsp;&nbsp;30 months -- 5 years: N<br>&nbsp;&nbsp;&nbsp;&nbsp;Preschool: N<br>&nbsp;&nbsp;&nbsp;&nbsp;Grade 1 - Age 12: N<br>
173,Licensed Group,Spare Time Challenge Club,6901 Elliott St,,Vancouver,V5S 2N1,49.221365,-123.055716,604-325-1010,,,N,N,N,N,N,N,N,N,N,N,N,N,N,N,N,N,N,,,N,N,N,N,N,N,N,N,N,N,N,2026-05-07,https://inspections.vcha.ca/ChildCare/Table,N,Y,N,Spare Time Challenge Club<br>Licensed Group<br>604-325-1010<br><br>Vacancy:<br>&nbsp;&nbsp;&nbsp;&nbsp;<36 months: N<br>&nbsp;&nbsp;&nbsp;&nbsp;30 months -- 5 years: N<br>&nbsp;&nbsp;&nbsp;&nbsp;Preschool: N<br>&nbsp;&nbsp;&nbsp;&nbsp;Grade 1 - Age 12: N<br>
174,Licensed Group,Spare Time Clubhouse,4251 Ontario St,,Vancouver,V5V 3G8,49.247312,-123.106282,604-875-1818,,,N,N,N,N,N,N,N,N,N,N,N,N,N,N,N,N,N,,,N,N,N,N,N,N,N,N,N,N,N,2026-05-07,https://inspections.vcha.ca/ChildCare/Table,N,Y,N,Spare Time Clubhouse<br>Licensed Group<br>604-875-1818<br><br>Vacancy:<br>&nbsp;&nbsp;&nbsp;&nbsp;<36 months: N<br>&nbsp;&nbsp;&nbsp;&nbsp;30 months -- 5 years: N<br>&nbsp;&nbsp;&nbsp;&nbsp;Preschool: N<br>&nbsp;&nbsp;&nbsp;&nbsp;Grade 1 - Age 12: N<br>
175,Licensed Group,Spare Time Ii,7350 Laurel St,,Vancouver,V6P 3T9,49.218204,-123.12499,604-325-1010,,,N,N,N,N,N,N,N,N,N,N,N,N,N,N,N,N,N,,,N,N,N,N,N,N,N,N,N,N,N,2026-05-14,https://inspections.vcha.ca/ChildCare/Table,N,Y,N,Spare Time Ii<br>Licensed Group<br>604-325-1010<br><br>Vacancy:<br>&nbsp;&nbsp;&nbsp;&nbsp;<36 months: N<br>&nbsp;&nbsp;&nbsp;&nbsp;30 months -- 5 years: N<br>&nbsp;&nbsp;&nbsp;&nbsp;Preschool: N<br>&nbsp;&nbsp;&nbsp;&nbsp;Grade 1 - Age 12: N<br>
176,Licensed Group,False Creek Out Of School Care,1318 Cartwright St,,Vancouver,V6H 3R8,49.269397,-123.13402,604-257-6998,,,N,N,N,N,N,N,N,N,N,N,N,N,N,N,N,N,N,,,N,N,N,N,N,N,N,N,N,Y,N,2026-05-05,https://inspections.vcha.ca/ChildCare/Table,N,Y,N,False Creek Out Of School Care<br>Licensed Group<br>604-257-6998<br><br>Vacancy:<br>&nbsp;&nbsp;&nbsp;&nbsp;<36 months: N<br>&nbsp;&nbsp;&nbsp;&nbsp;30 months -- 5 years: N<br>&nbsp;&nbsp;&nbsp;&nbsp;Preschool: Y<br>&nbsp;&nbsp;&nbsp;&nbsp;Grade 1 - Age 12: N<br>
177,Licensed Group,Swamp Willow Preschool,1318 Cartwright St,,Vancouver,V6H 3R8,49.269397,-123.13402,604-257-6998,,,N,N,N,N,N,N,N,N,N,N,N,N,N,N,N,N,N,,,N,N,N,N,N,N,N,N,N,N,N,2026-05-05,https://inspections.vcha.ca/ChildCare/Table,N,Y,N,Swamp Willow Preschool<br>Licensed Group<br>604-257-6998<br><br>Vacancy:<br>&nbsp;&nbsp;&nbsp;&nbsp;<36 months: N<br>&nbsp;&nbsp;&nbsp;&nbsp;30 months -- 5 years: N<br>&nbsp;&nbsp;&nbsp;&nbsp;Preschool: N<br>&nbsp;&nbsp;&nbsp;&nbsp;Grade 1 - Age 12: N<br>
178,Licensed Group,Dundarave Preschool By The Sea,2478 Bellevue Ave,,West Vancouver,V7V 1E2,49.333334,-123.181594,604-922-7437,,,,,,,,,,,,,,,,,,,,,,,,,,,,,,,,,,,Y,N,N,Dundarave Preschool By The Sea<br>Licensed Group<br>604-922-7437<br><br>Vacancy:<br>&nbsp;&nbsp;&nbsp;&nbsp;<36 months: None<br>&nbsp;&nbsp;&nbsp;&nbsp;30 months -- 5 years: None<br>&nbsp;&nbsp;&nbsp;&nbsp;Preschool: None<br>&nbsp;&nbsp;&nbsp;&nbsp;Grade 1 - Age 12: None<br>
179,Licensed Group,Community Montessori Children's Centre,1461 19 Ave E,,Vancouver,V5N 2H9,49.253428,-123.073827,604-874-4622,,,Y,N,N,N,N,N,N,Y,N,N,N,N,N,N,N,N,N,Not offered,Not offered,N,N,N,N,N,Y,N,N,N,N,N,2026-05-15,https://inspections.vcha.ca/ChildCare/Table,N,Y,N,Community Montessori Children's Centre<br>Licensed Group<br>604-874-4622<br><br>Vacancy:<br>&nbsp;&nbsp;&nbsp;&nbsp;<36 months: N<br>&nbsp;&nbsp;&nbsp;&nbsp;30 months -- 5 years: N<br>&nbsp;&nbsp;&nbsp;&nbsp;Preschool: N<br>&nbsp;&nbsp;&nbsp;&nbsp;Grade 1 - Age 12: N<br>
180,Licensed Group,Campus View Child Care Society,3900 Gordon Head Rd,,Victoria,V8P 4X3,48.465909,-123.322099,250-472-0881,,,N,N,N,N,N,N,N,N,N,N,N,N,N,N,N,N,N,,,N,N,N,N,N,N,N,N,N,N,N,2026-04-30,https://www.healthspace.ca/clients/viha/viha_website.nsf/CCFL-Main?OpenView,N,Y,N,Campus View Child Care Society<br>Licensed Group<br>250-472-0881<br><br>Vacancy:<br>&nbsp;&nbsp;&nbsp;&nbsp;<36 months: N<br>&nbsp;&nbsp;&nbsp;&nbsp;30 months -- 5 years: N<br>&nbsp;&nbsp;&nbsp;&nbsp;Preschool: N<br>&nbsp;&nbsp;&nbsp;&nbsp;Grade 1 - Age 12: N<br>
181,Licensed Group,Tillicum Childcare Centre,3155 Albina St,,Victoria,V9A 1Z6,48.452302,-123.392387,250-388-5251,,,N,N,N,N,N,N,N,N,N,N,N,N,N,N,N,N,N,,,N,N,N,N,N,N,N,N,N,N,Y,2026-05-05,https://www.healthspace.ca/clients/viha/viha_website.nsf/CCFL-Main?OpenView,N,Y,N,Tillicum Childcare Centre<br>Licensed Group<br>250-388-5251<br><br>Vacancy:<br>&nbsp;&nbsp;&nbsp;&nbsp;<36 months: N<br>&nbsp;&nbsp;&nbsp;&nbsp;30 months -- 5 years: N<br>&nbsp;&nbsp;&nbsp;&nbsp;Preschool: N<br>&nbsp;&nbsp;&nbsp;&nbsp;Grade 1 - Age 12: Y<br>
182,Licensed Group,Selkirk Montessori School,2970 Jutland Rd,,Victoria,V8T 5K2,48.440894,-123.378507,250-384-3414,,,N,N,N,N,N,N,N,N,N,N,N,N,N,N,N,N,N,,,N,N,N,N,N,N,N,N,N,N,Y,2026-05-14,https://www.healthspace.ca/clients/viha/viha_website.nsf/CCFL-Main?OpenView,N,Y,N,Selkirk Montessori School<br>Licensed Group<br>250-384-3414<br><br>Vacancy:<br>&nbsp;&nbsp;&nbsp;&nbsp;<36 months: N<br>&nbsp;&nbsp;&nbsp;&nbsp;30 months -- 5 years: N<br>&nbsp;&nbsp;&nbsp;&nbsp;Preschool: N<br>&nbsp;&nbsp;&nbsp;&nbsp;Grade 1 - Age 12: Y<br>
183,Licensed Group,Cozy Corner Preschool,489 Old Island Hwy,,Courtenay,V9N 3P5,49.691429,-124.996473,250-338-5371,,,N,N,N,N,N,N,N,N,N,N,N,N,N,N,N,N,N,,,N,N,N,N,N,N,N,N,N,Y,N,2026-05-04,https://www.healthspace.ca/clients/viha/viha_website.nsf/CCFL-Main?OpenView,N,Y,N,Cozy Corner Preschool<br>Licensed Group<br>250-338-5371<br><br>Vacancy:<br>&nbsp;&nbsp;&nbsp;&nbsp;<36 months: N<br>&nbsp;&nbsp;&nbsp;&nbsp;30 months -- 5 years: N<br>&nbsp;&nbsp;&nbsp;&nbsp;Preschool: Y<br>&nbsp;&nbsp;&nbsp;&nbsp;Grade 1 - Age 12: N<br>
184,Licensed Group,Stepping Stone Preschool,7284 Cypress St,,Vancouver,V6P 5M3,49.219735,-123.149432,604-765-4505,,,N,N,N,N,N,N,N,N,N,N,N,N,N,N,N,N,N,,,N,N,N,N,N,N,N,N,N,Y,N,2026-05-13,https://inspections.vcha.ca/ChildCare/Table,N,Y,N,Stepping Stone Preschool<br>Licensed Group<br>604-765-4505<br><br>Vacancy:<br>&nbsp;&nbsp;&nbsp;&nbsp;<36 months: N<br>&nbsp;&nbsp;&nbsp;&nbsp;30 months -- 5 years: N<br>&nbsp;&nbsp;&nbsp;&nbsp;Preschool: Y<br>&nbsp;&nbsp;&nbsp;&nbsp;Grade 1 - Age 12: N<br>
185,Licensed Group,Dunbar-Queen Elizabeth Group Child Care,4102 16Th Ave W,,Vancouver,V6R 3E3,49.257169,-123.200937,604-224-1125,,,Y,N,N,N,N,N,N,N,N,Y,Y,N,N,N,N,Y,N,Not offered,Include in fee,N,N,N,N,N,N,N,N,N,N,N,2026-05-04,https://inspections.vcha.ca/ChildCare/Table,N,Y,N,Dunbar-Queen Elizabeth Group Child Care<br>Licensed Group<br>604-224-1125<br><br>Vacancy:<br>&nbsp;&nbsp;&nbsp;&nbsp;<36 months: N<br>&nbsp;&nbsp;&nbsp;&nbsp;30 months -- 5 years: N<br>&nbsp;&nbsp;&nbsp;&nbsp;Preschool: N<br>&nbsp;&nbsp;&nbsp;&nbsp;Grade 1 - Age 12: N<br>
186,Licensed Group,Family Montessori School,1099 Sitka Sq,,Vancouver,V6H 3P8,49.26662,-123.128982,604-224-2643,,,N,N,N,N,N,N,N,N,N,N,N,N,N,N,N,N,N,,,N,N,N,N,N,N,N,N,Y,N,N,2026-05-06,https://inspections.vcha.ca/ChildCare/Table,N,N,N,Family Montessori School<br>Licensed Group<br>604-224-2643<br><br>Vacancy:<br>&nbsp;&nbsp;&nbsp;&nbsp;<36 months: N<br>&nbsp;&nbsp;&nbsp;&nbsp;30 months -- 5 years: Y<br>&nbsp;&nbsp;&nbsp;&nbsp;Preschool: N<br>&nbsp;&nbsp;&nbsp;&nbsp;Grade 1 - Age 12: N<br>
187,Licensed Group,Helping Hands Children's Centre,9012  160Th St,,Surrey,V4N 3A5,49.166985,-122.778527,604-582-9700,,,N,N,N,N,N,N,N,N,N,N,N,N,N,N,N,N,N,,,N,N,N,N,N,N,N,N,N,N,Y,2026-05-04,http://www.healthspace.ca/fha/childcare,N,Y,N,Helping Hands Children's Centre<br>Licensed Group<br>604-582-9700<br><br>Vacancy:<br>&nbsp;&nbsp;&nbsp;&nbsp;<36 months: N<br>&nbsp;&nbsp;&nbsp;&nbsp;30 months -- 5 years: N<br>&nbsp;&nbsp;&nbsp;&nbsp;Preschool: N<br>&nbsp;&nbsp;&nbsp;&nbsp;Grade 1 - Age 12: Y<br>
188,Licensed Group,Kids Corner Daycare,3261 Gordon Dr,,Kelowna,V1W 3N4,49.858672,-119.471838,250-861-5437,,,N,N,N,N,N,N,N,N,N,N,N,N,N,N,N,N,N,,,N,N,N,N,N,N,N,N,Y,N,N,2026-05-06,https://hedgehogportal.interiorhealth.ca/ChildCare/Map,N,Y,N,Kids Corner Daycare<br>Licensed Group<br>250-861-5437<br><br>Vacancy:<br>&nbsp;&nbsp;&nbsp;&nbsp;<36 months: N<br>&nbsp;&nbsp;&nbsp;&nbsp;30 months -- 5 years: Y<br>&nbsp;&nbsp;&nbsp;&nbsp;Preschool: N<br>&nbsp;&nbsp;&nbsp;&nbsp;Grade 1 - Age 12: N<br>
189,Licensed Group,Beehive Christian Early Learning,8255 13 Ave,,Burnaby,V3N 2G6,49.226764,-122.92098,604-521-6601,,,N,N,N,N,N,N,N,N,N,N,N,N,N,N,N,N,N,,,N,N,N,N,N,N,N,N,N,N,N,2026-05-08,http://www.healthspace.ca/fha/childcare,N,Y,N,Beehive Christian Early Learning<br>Licensed Group<br>604-521-6601<br><br>Vacancy:<br>&nbsp;&nbsp;&nbsp;&nbsp;<36 months: N<br>&nbsp;&nbsp;&nbsp;&nbsp;30 months -- 5 years: N<br>&nbsp;&nbsp;&nbsp;&nbsp;Preschool: N<br>&nbsp;&nbsp;&nbsp;&nbsp;Grade 1 - Age 12: N<br>
190,Licensed Group,Queen's Park Preschool,"Centennial Lodge, Queens Pk.",,New Westminster,V3M 6W6,49.219608,-122.908463,604-526-1153,,,N,N,N,N,N,N,N,N,N,N,N,N,N,N,N,N,N,,,N,N,N,N,N,N,N,N,N,Y,N,2026-04-20,http://www.healthspace.ca/fha/childcare,N,Y,N,Queen's Park Preschool<br>Licensed Group<br>604-526-1153<br><br>Vacancy:<br>&nbsp;&nbsp;&nbsp;&nbsp;<36 months: N<br>&nbsp;&nbsp;&nbsp;&nbsp;30 months -- 5 years: N<br>&nbsp;&nbsp;&nbsp;&nbsp;Preschool: Y<br>&nbsp;&nbsp;&nbsp;&nbsp;Grade 1 - Age 12: N<br>
191,Licensed Group,Little Neighbours Nursery School,155 Finnigan St,,Coquitlam,V3K 5J2,49.234733,-122.83545,604-521-5158,,,N,N,N,N,N,N,N,N,N,N,N,N,N,N,N,N,N,Not offered,Not offered,N,N,N,N,N,N,N,N,N,Y,N,2026-04-30,http://www.healthspace.ca/fha/childcare,N,Y,N,Little Neighbours Nursery School<br>Licensed Group<br>604-521-5158<br><br>Vacancy:<br>&nbsp;&nbsp;&nbsp;&nbsp;<36 months: N<br>&nbsp;&nbsp;&nbsp;&nbsp;30 months -- 5 years: N<br>&nbsp;&nbsp;&nbsp;&nbsp;Preschool: Y<br>&nbsp;&nbsp;&nbsp;&nbsp;Grade 1 - Age 12: N<br>
192,Licensed Group,Chipmunk Achievers Preschool,20025 91A Ave,,Langley,V1M 3A2,49.169642,-122.667206,604-888-5022,,,N,N,N,N,N,N,N,N,N,N,N,N,N,N,N,N,N,,,N,N,N,N,N,N,N,N,N,Y,N,2026-05-02,http://www.healthspace.ca/fha/childcare,N,Y,N,Chipmunk Achievers Preschool<br>Licensed Group<br>604-888-5022<br><br>Vacancy:<br>&nbsp;&nbsp;&nbsp;&nbsp;<36 months: N<br>&nbsp;&nbsp;&nbsp;&nbsp;30 months -- 5 years: N<br>&nbsp;&nbsp;&nbsp;&nbsp;Preschool: Y<br>&nbsp;&nbsp;&nbsp;&nbsp;Grade 1 - Age 12: N<br>
193,Licensed Group,Pied Piper Preschool,8757 Armstrong Ave,,Burnaby,V3N 2H8,49.234156,-122.908745,604-524-0833,,,N,N,N,N,N,N,N,N,N,N,N,N,N,N,N,N,N,,,N,N,N,N,N,N,N,N,N,N,N,2026-04-12,http://www.healthspace.ca/fha/childcare,N,Y,N,Pied Piper Preschool<br>Licensed Group<br>604-524-0833<br><br>Vacancy:<br>&nbsp;&nbsp;&nbsp;&nbsp;<36 months: N<br>&nbsp;&nbsp;&nbsp;&nbsp;30 months -- 5 years: N<br>&nbsp;&nbsp;&nbsp;&nbsp;Preschool: N<br>&nbsp;&nbsp;&nbsp;&nbsp;Grade 1 - Age 12: N<br>
194,Licensed Group,Trimble Group Child Care (School Age),2000 Trimble St,,Vancouver,V6R 3Z4,49.267821,-123.204993,604-224-1131,,,N,N,N,N,N,N,N,N,N,N,N,N,N,N,N,N,N,,,N,N,N,N,N,N,N,N,N,N,N,2026-04-27,https://inspections.vcha.ca/ChildCare/Table,N,Y,N,Trimble Group Child Care (School Age)<br>Licensed Group<br>604-224-1131<br><br>Vacancy:<br>&nbsp;&nbsp;&nbsp;&nbsp;<36 months: N<br>&nbsp;&nbsp;&nbsp;&nbsp;30 months -- 5 years: N<br>&nbsp;&nbsp;&nbsp;&nbsp;Preschool: N<br>&nbsp;&nbsp;&nbsp;&nbsp;Grade 1 - Age 12: N<br>
195,Licensed Group,Tenth Avenue Alliance Wee Care Day Care Centre,11 10Th Ave W,,Vancouver,V5Y 1R5,49.262335,-123.105867,604-876-3723,,,N,N,N,N,N,N,N,N,N,N,N,N,N,N,N,N,N,,,N,N,N,N,N,N,N,N,N,N,N,2026-05-15,https://inspections.vcha.ca/ChildCare/Table,N,Y,N,Tenth Avenue Alliance Wee Care Day Care Centre<br>Licensed Group<br>604-876-3723<br><br>Vacancy:<br>&nbsp;&nbsp;&nbsp;&nbsp;<36 months: N<br>&nbsp;&nbsp;&nbsp;&nbsp;30 months -- 5 years: N<br>&nbsp;&nbsp;&nbsp;&nbsp;Preschool: N<br>&nbsp;&nbsp;&nbsp;&nbsp;Grade 1 - Age 12: N<br>
196,Licensed Group,Trinity Baptist Day Care,1460 West 49Th Ave,,Vancouver,V6M 2R5,49.226915,-123.139248,604-264-1192,,,N,N,N,N,N,N,N,N,N,N,N,N,N,N,N,N,N,,,N,N,N,N,N,N,N,N,N,N,N,2026-05-08,https://inspections.vcha.ca/ChildCare/Table,N,Y,N,Trinity Baptist Day Care<br>Licensed Group<br>604-264-1192<br><br>Vacancy:<br>&nbsp;&nbsp;&nbsp;&nbsp;<36 months: N<br>&nbsp;&nbsp;&nbsp;&nbsp;30 months -- 5 years: N<br>&nbsp;&nbsp;&nbsp;&nbsp;Preschool: N<br>&nbsp;&nbsp;&nbsp;&nbsp;Grade 1 - Age 12: N<br>
197,Licensed Group,Vancouver Child Study Centre,949 49Th Ave W,,Vancouver,V5Z 2T1,49.226935,-123.127541,604-222-1943,,,N,N,N,N,N,N,N,N,N,N,N,N,N,N,N,N,N,,,N,N,N,N,N,N,N,N,Y,N,N,2026-05-19,https://inspections.vcha.ca/ChildCare/Table,N,Y,N,Vancouver Child Study Centre<br>Licensed Group<br>604-222-1943<br><br>Vacancy:<br>&nbsp;&nbsp;&nbsp;&nbsp;<36 months: N<br>&nbsp;&nbsp;&nbsp;&nbsp;30 months -- 5 years: Y<br>&nbsp;&nbsp;&nbsp;&nbsp;Preschool: N<br>&nbsp;&nbsp;&nbsp;&nbsp;Grade 1 - Age 12: N<br>
198,Licensed Group,Vernon & District Immigrant & Css Childcare Center,3205 27 St,,Vernon,V1T 4W8,50.265994,-119.266027,778-475-9228,,,N,N,N,N,N,N,N,N,N,N,N,N,N,N,N,N,N,,,N,N,N,N,N,N,N,N,Y,N,N,2026-04-30,https://hedgehogportal.interiorhealth.ca/ChildCare/Map,N,Y,N,Vernon & District Immigrant & Css Childcare Center<br>Licensed Group<br>778-475-9228<br><br>Vacancy:<br>&nbsp;&nbsp;&nbsp;&nbsp;<36 months: N<br>&nbsp;&nbsp;&nbsp;&nbsp;30 months -- 5 years: Y<br>&nbsp;&nbsp;&nbsp;&nbsp;Preschool: N<br>&nbsp;&nbsp;&nbsp;&nbsp;Grade 1 - Age 12: N<br>
199,Licensed Group,Franklin Community Preschool,250 Skeena St,,Vancouver,V5K 4N8,49.28254,-123.027022,604-291-9310,,,N,N,N,N,N,N,N,N,N,N,N,N,N,N,N,N,N,,,N,N,N,N,N,N,N,N,N,Y,N,2026-05-12,https://inspections.vcha.ca/ChildCare/Table,N,Y,N,Franklin Community Preschool<br>Licensed Group<br>604-291-9310<br><br>Vacancy:<br>&nbsp;&nbsp;&nbsp;&nbsp;<36 months: N<br>&nbsp;&nbsp;&nbsp;&nbsp;30 months -- 5 years: N<br>&nbsp;&nbsp;&nbsp;&nbsp;Preschool: Y<br>&nbsp;&nbsp;&nbsp;&nbsp;Grade 1 - Age 12: N<br>
200,Licensed Group,University Hill Kinderclub (School Age),5395 Chancellor Boulevard,,Vancouver,V6T 1E2,49.27423,-123.237318,604-222-0700,,,N,N,N,N,N,N,N,N,N,N,N,N,N,N,N,N,N,,,N,N,N,N,N,N,N,N,N,N,N,2026-04-10,https://inspections.vcha.ca/ChildCare/Table,N,Y,N,University Hill Kinderclub (School Age)<br>Licensed Group<br>604-222-0700<br><br>Vacancy:<br>&nbsp;&nbsp;&nbsp;&nbsp;<36 months: N<br>&nbsp;&nbsp;&nbsp;&nbsp;30 months -- 5 years: N<br>&nbsp;&nbsp;&nbsp;&nbsp;Preschool: N<br>&nbsp;&nbsp;&nbsp;&nbsp;Grade 1 - Age 12: N<br>
201,Licensed Group,Sunset Early Learning Day Program,6810 Main St,,Vancouver,V5X 0A1,49.222819,-123.099636,604-718-6512,,,N,N,N,N,N,N,N,N,N,N,N,N,N,N,N,N,N,,,N,N,N,N,N,N,N,N,N,N,N,2026-05-11,https://inspections.vcha.ca/ChildCare/Table,N,Y,N,Sunset Early Learning Day Program<br>Licensed Group<br>604-718-6512<br><br>Vacancy:<br>&nbsp;&nbsp;&nbsp;&nbsp;<36 months: N<br>&nbsp;&nbsp;&nbsp;&nbsp;30 months -- 5 years: N<br>&nbsp;&nbsp;&nbsp;&nbsp;Preschool: N<br>&nbsp;&nbsp;&nbsp;&nbsp;Grade 1 - Age 12: N<br>
202,Licensed Group,Jcc B'raysheet Toddler Daycare,950 41 Ave W,,Vancouver,V5Z 2N7,49.233444,-123.125991,604-257-5162,,,N,N,N,N,N,N,N,N,N,N,N,N,N,N,N,N,N,,,N,N,N,N,N,N,N,N,N,N,N,2026-05-19,https://inspections.vcha.ca/ChildCare/Table,N,Y,N,Jcc B'raysheet Toddler Daycare<br>Licensed Group<br>604-257-5162<br><br>Vacancy:<br>&nbsp;&nbsp;&nbsp;&nbsp;<36 months: N<br>&nbsp;&nbsp;&nbsp;&nbsp;30 months -- 5 years: N<br>&nbsp;&nbsp;&nbsp;&nbsp;Preschool: N<br>&nbsp;&nbsp;&nbsp;&nbsp;Grade 1 - Age 12: N<br>
203,Licensed Group,Jcc Shalom Out Of School Care,950 41 Ave W,,Vancouver,V5Z 2N7,49.233444,-123.125991,604-257-5162,,,N,N,N,N,N,N,N,N,N,N,N,N,N,N,N,N,N,,,N,N,N,N,N,N,N,N,N,N,Y,2026-05-19,https://inspections.vcha.ca/ChildCare/Table,N,Y,N,Jcc Shalom Out Of School Care<br>Licensed Group<br>604-257-5162<br><br>Vacancy:<br>&nbsp;&nbsp;&nbsp;&nbsp;<36 months: N<br>&nbsp;&nbsp;&nbsp;&nbsp;30 months -- 5 years: N<br>&nbsp;&nbsp;&nbsp;&nbsp;Preschool: N<br>&nbsp;&nbsp;&nbsp;&nbsp;Grade 1 - Age 12: Y<br>
204,Licensed Group,Hillcrest Elementary Oosc & Ready Set Grow Preschool,4421 Greentree Terr,,Victoria,V8N 3S9,48.484846,-123.312921,250-472-1530,,,N,N,N,N,N,N,N,N,N,N,N,N,N,N,N,N,N,,,N,N,N,N,N,N,N,N,Y,N,Y,2026-04-15,https://www.healthspace.ca/clients/viha/viha_website.nsf/CCFL-Main?OpenView,N,Y,N,Hillcrest Elementary Oosc & Ready Set Grow Preschool<br>Licensed Group<br>250-472-1530<br><br>Vacancy:<br>&nbsp;&nbsp;&nbsp;&nbsp;<36 months: N<br>&nbsp;&nbsp;&nbsp;&nbsp;30 months -- 5 years: Y<br>&nbsp;&nbsp;&nbsp;&nbsp;Preschool: N<br>&nbsp;&nbsp;&nbsp;&nbsp;Grade 1 - Age 12: Y<br>
205,Licensed Group,Happy Days Playschool,489 Mundy St,,Coquitlam,V3K 5N2,49.248563,-122.83422,604-936-0722,,,N,N,N,N,N,N,N,N,N,N,N,N,N,N,N,N,N,,,N,N,N,N,N,N,N,N,N,Y,N,2026-05-21,http://www.healthspace.ca/fha/childcare,N,Y,N,Happy Days Playschool<br>Licensed Group<br>604-936-0722<br><br>Vacancy:<br>&nbsp;&nbsp;&nbsp;&nbsp;<36 months: N<br>&nbsp;&nbsp;&nbsp;&nbsp;30 months -- 5 years: N<br>&nbsp;&nbsp;&nbsp;&nbsp;Preschool: Y<br>&nbsp;&nbsp;&nbsp;&nbsp;Grade 1 - Age 12: N<br>
206,Licensed Group,Rainbow Express Day Care,433 Kingston St,,Victoria,V8V 1V8,48.419602,-123.37448,250-382-2314,,,N,N,N,N,N,N,N,N,N,N,N,N,N,N,N,N,N,,,N,N,N,N,N,N,N,N,N,N,N,2026-05-06,https://www.healthspace.ca/clients/viha/viha_website.nsf/CCFL-Main?OpenView,N,Y,N,Rainbow Express Day Care<br>Licensed Group<br>250-382-2314<br><br>Vacancy:<br>&nbsp;&nbsp;&nbsp;&nbsp;<36 months: N<br>&nbsp;&nbsp;&nbsp;&nbsp;30 months -- 5 years: N<br>&nbsp;&nbsp;&nbsp;&nbsp;Preschool: N<br>&nbsp;&nbsp;&nbsp;&nbsp;Grade 1 - Age 12: N<br>
207,Licensed Group,Sunbeam Preschool & Childcare,21277 56 Ave,,Langley,V2Y 1M3,49.105305,-122.634424,778-777-2054,,,N,N,N,N,N,N,N,N,N,N,N,N,N,N,N,N,N,,,N,N,N,N,N,N,N,N,N,N,N,2026-04-28,http://www.healthspace.ca/fha/childcare,N,Y,N,Sunbeam Preschool & Childcare<br>Licensed Group<br>778-777-2054<br><br>Vacancy:<br>&nbsp;&nbsp;&nbsp;&nbsp;<36 months: N<br>&nbsp;&nbsp;&nbsp;&nbsp;30 months -- 5 years: N<br>&nbsp;&nbsp;&nbsp;&nbsp;Preschool: N<br>&nbsp;&nbsp;&nbsp;&nbsp;Grade 1 - Age 12: N<br>
208,Licensed Group,Friendly Forest Preschool,2505 Sunnyside Rd,,Anmore,V3H 4Y6,49.311818,-122.856916,604-469-0438,,,N,N,N,N,N,N,N,N,N,N,N,N,N,N,N,N,N,,,N,N,N,N,N,N,N,N,N,Y,N,2026-04-22,http://www.healthspace.ca/fha/childcare,N,Y,N,Friendly Forest Preschool<br>Licensed Group<br>604-469-0438<br><br>Vacancy:<br>&nbsp;&nbsp;&nbsp;&nbsp;<36 months: N<br>&nbsp;&nbsp;&nbsp;&nbsp;30 months -- 5 years: N<br>&nbsp;&nbsp;&nbsp;&nbsp;Preschool: Y<br>&nbsp;&nbsp;&nbsp;&nbsp;Grade 1 - Age 12: N<br>
209,Licensed Group,Gilmore Preschool,50 Gilmore Ave,,Burnaby,V5C 4P5,49.284233,-123.013333,604-618-4333,,,N,N,N,N,N,N,N,N,N,N,N,N,N,N,N,N,N,,,N,N,N,N,N,N,N,N,N,Y,N,2026-05-08,http://www.healthspace.ca/fha/childcare,N,Y,N,Gilmore Preschool<br>Licensed Group<br>604-618-4333<br><br>Vacancy:<br>&nbsp;&nbsp;&nbsp;&nbsp;<36 months: N<br>&nbsp;&nbsp;&nbsp;&nbsp;30 months -- 5 years: N<br>&nbsp;&nbsp;&nbsp;&nbsp;Preschool: Y<br>&nbsp;&nbsp;&nbsp;&nbsp;Grade 1 - Age 12: N<br>
210,Licensed Group,Otter-Be-Fun Care,7085 Wallace Dr,,Brentwood Bay,V8M 1P9,48.574075,-123.446624,250-655-5300,,,N,N,N,N,N,N,N,N,N,N,N,N,N,N,N,N,N,,,N,N,N,N,N,N,N,N,N,N,N,2026-04-27,https://www.healthspace.ca/clients/viha/viha_website.nsf/CCFL-Main?OpenView,N,Y,N,Otter-Be-Fun Care<br>Licensed Group<br>250-655-5300<br><br>Vacancy:<br>&nbsp;&nbsp;&nbsp;&nbsp;<36 months: N<br>&nbsp;&nbsp;&nbsp;&nbsp;30 months -- 5 years: N<br>&nbsp;&nbsp;&nbsp;&nbsp;Preschool: N<br>&nbsp;&nbsp;&nbsp;&nbsp;Grade 1 - Age 12: N<br>
211,Licensed Group,Peardonville House Day Care,825 Peardonville Rd,,Abbotsford,V4X 2L8,49.017709,-122.406489,604-864-0039,,,N,N,N,N,N,N,N,N,N,N,N,N,N,N,N,N,N,,,N,N,N,N,N,N,N,Y,Y,N,N,2026-05-06,http://www.healthspace.ca/fha/childcare,N,Y,N,Peardonville House Day Care<br>Licensed Group<br>604-864-0039<br><br>Vacancy:<br>&nbsp;&nbsp;&nbsp;&nbsp;<36 months: Y<br>&nbsp;&nbsp;&nbsp;&nbsp;30 months -- 5 years: Y<br>&nbsp;&nbsp;&nbsp;&nbsp;Preschool: N<br>&nbsp;&nbsp;&nbsp;&nbsp;Grade 1 - Age 12: N<br>
212,Licensed Group,Keating Out-Of-School Care,6843 Central Saanich Rd,,Victoria,V8Z 5V4,48.567667,-123.4025,250-652-5546,,,N,N,N,N,N,N,N,N,N,N,N,N,N,N,N,N,N,,,N,N,N,N,N,N,N,N,N,N,Y,2026-05-12,https://www.healthspace.ca/clients/viha/viha_website.nsf/CCFL-Main?OpenView,N,Y,N,Keating Out-Of-School Care<br>Licensed Group<br>250-652-5546<br><br>Vacancy:<br>&nbsp;&nbsp;&nbsp;&nbsp;<36 months: N<br>&nbsp;&nbsp;&nbsp;&nbsp;30 months -- 5 years: N<br>&nbsp;&nbsp;&nbsp;&nbsp;Preschool: N<br>&nbsp;&nbsp;&nbsp;&nbsp;Grade 1 - Age 12: Y<br>
213,Licensed Group,Renfrew Park Community Centre Preschool,2929 22Nd Ave E,,Vancouver,V5M 2Y3,49.252423,-123.042961,604-257-8388,,,N,N,N,N,N,N,N,N,N,N,N,N,N,N,N,N,N,,,N,N,N,N,N,N,N,N,N,Y,N,2026-05-01,https://inspections.vcha.ca/ChildCare/Table,N,Y,N,Renfrew Park Community Centre Preschool<br>Licensed Group<br>604-257-8388<br><br>Vacancy:<br>&nbsp;&nbsp;&nbsp;&nbsp;<36 months: N<br>&nbsp;&nbsp;&nbsp;&nbsp;30 months -- 5 years: N<br>&nbsp;&nbsp;&nbsp;&nbsp;Preschool: Y<br>&nbsp;&nbsp;&nbsp;&nbsp;Grade 1 - Age 12: N<br>
214,Licensed Group,Friendship House Preschool,744 Fraser St,,Prince Rupert,V8J 1P9,54.309938,-130.327895,250-627-1717,,,N,N,N,N,N,N,N,N,N,N,N,N,N,N,N,N,N,,,N,N,N,N,N,N,N,N,N,Y,N,2026-05-15,https://www.healthspace.ca/Clients/NHA/NHA_Website.nsf/CCFL-Frameset,N,Y,N,Friendship House Preschool<br>Licensed Group<br>250-627-1717<br><br>Vacancy:<br>&nbsp;&nbsp;&nbsp;&nbsp;<36 months: N<br>&nbsp;&nbsp;&nbsp;&nbsp;30 months -- 5 years: N<br>&nbsp;&nbsp;&nbsp;&nbsp;Preschool: Y<br>&nbsp;&nbsp;&nbsp;&nbsp;Grade 1 - Age 12: N<br>
215,Licensed Group,Tiny Tots Recreation,3300 37Th Ave,,Vernon,V1T 2Y5,50.268798,-119.273837,250-549-5197,,,N,N,N,N,N,N,N,N,N,N,N,N,N,N,N,N,N,,,N,N,N,N,N,N,N,N,N,Y,N,2026-05-21,https://hedgehogportal.interiorhealth.ca/ChildCare/Map,N,Y,N,Tiny Tots Recreation<br>Licensed Group<br>250-549-5197<br><br>Vacancy:<br>&nbsp;&nbsp;&nbsp;&nbsp;<36 months: N<br>&nbsp;&nbsp;&nbsp;&nbsp;30 months -- 5 years: N<br>&nbsp;&nbsp;&nbsp;&nbsp;Preschool: Y<br>&nbsp;&nbsp;&nbsp;&nbsp;Grade 1 - Age 12: N<br>
216,Licensed Group,Countryside Preschool,7921 St Stephens Rd,,Saanichton,V8M 1S2,48.596963,-123.455102,250-220-1814,,,N,N,N,N,N,N,N,N,N,N,N,N,N,N,N,N,N,,,N,N,N,N,N,N,N,N,N,Y,N,2026-05-12,https://www.healthspace.ca/clients/viha/viha_website.nsf/CCFL-Main?OpenView,N,Y,N,Countryside Preschool<br>Licensed Group<br>250-220-1814<br><br>Vacancy:<br>&nbsp;&nbsp;&nbsp;&nbsp;<36 months: N<br>&nbsp;&nbsp;&nbsp;&nbsp;30 months -- 5 years: N<br>&nbsp;&nbsp;&nbsp;&nbsp;Preschool: Y<br>&nbsp;&nbsp;&nbsp;&nbsp;Grade 1 - Age 12: N<br>
217,Licensed Group,Hillview Parent Participation Preschool,4340 Carson St,,Burnaby,V5J 2X9,49.209961,-123.008147,604-431-0119,,,N,N,N,N,N,N,N,N,N,N,N,N,N,N,N,N,N,,,N,N,N,N,N,N,N,N,N,N,N,2026-05-07,http://www.healthspace.ca/fha/childcare,N,Y,N,Hillview Parent Participation Preschool<br>Licensed Group<br>604-431-0119<br><br>Vacancy:<br>&nbsp;&nbsp;&nbsp;&nbsp;<36 months: N<br>&nbsp;&nbsp;&nbsp;&nbsp;30 months -- 5 years: N<br>&nbsp;&nbsp;&nbsp;&nbsp;Preschool: N<br>&nbsp;&nbsp;&nbsp;&nbsp;Grade 1 - Age 12: N<br>
218,Licensed Group,Saltspring Island Coop Preschool,110 Aldous Rd,,Salt Spring Island,V8K 2R7,48.856419,-123.504553,250-538-7359,,,N,N,N,N,N,N,N,N,N,N,N,N,N,N,N,N,N,,,N,N,N,N,N,N,N,N,N,N,N,2026-05-05,https://www.healthspace.ca/clients/viha/viha_website.nsf/CCFL-Main?OpenView,N,Y,N,Saltspring Island Coop Preschool<br>Licensed Group<br>250-538-7359<br><br>Vacancy:<br>&nbsp;&nbsp;&nbsp;&nbsp;<36 months: N<br>&nbsp;&nbsp;&nbsp;&nbsp;30 months -- 5 years: N<br>&nbsp;&nbsp;&nbsp;&nbsp;Preschool: N<br>&nbsp;&nbsp;&nbsp;&nbsp;Grade 1 - Age 12: N<br>
219,Licensed Group,My Little School Daycare (1991) Inc.,1890 Deep Cove Rd,,North Vancouver,V7G 1S6,49.323896,-122.953094,604-728-7597,,,N,N,N,N,N,N,N,N,N,N,N,N,N,N,N,N,N,,,N,N,N,N,N,N,N,N,N,Y,N,2026-05-16,https://inspections.vcha.ca/ChildCare/Table,N,Y,Y,My Little School Daycare (1991) Inc.<br>Licensed Group<br>604-728-7597<br><br>Vacancy:<br>&nbsp;&nbsp;&nbsp;&nbsp;<36 months: N<br>&nbsp;&nbsp;&nbsp;&nbsp;30 months -- 5 years: N<br>&nbsp;&nbsp;&nbsp;&nbsp;Preschool: Y<br>&nbsp;&nbsp;&nbsp;&nbsp;Grade 1 - Age 12: N<br>
220,Licensed Group,St. James Day Care Center,3214 10Th Ave W,,Vancouver,V6K 2L2,49.263054,-123.176515,604-733-1821,,,N,N,N,N,N,N,N,N,N,N,N,N,N,N,N,N,N,,,N,N,N,N,N,N,N,N,Y,N,N,2026-03-26,https://inspections.vcha.ca/ChildCare/Table,N,Y,N,St. James Day Care Center<br>Licensed Group<br>604-733-1821<br><br>Vacancy:<br>&nbsp;&nbsp;&nbsp;&nbsp;<36 months: N<br>&nbsp;&nbsp;&nbsp;&nbsp;30 months -- 5 years: Y<br>&nbsp;&nbsp;&nbsp;&nbsp;Preschool: N<br>&nbsp;&nbsp;&nbsp;&nbsp;Grade 1 - Age 12: N<br>
221,Licensed Group,Abc Christian Child Care Centre,3946 Wallace St,,Port Alberni,V9Y 3Y7,49.250398,-124.792305,250-724-2161,,,N,N,N,N,N,N,N,N,N,N,N,N,N,N,N,N,N,,,N,N,N,N,N,N,N,N,N,N,N,2026-04-17,https://www.healthspace.ca/clients/viha/viha_website.nsf/CCFL-Main?OpenView,N,Y,N,Abc Christian Child Care Centre<br>Licensed Group<br>250-724-2161<br><br>Vacancy:<br>&nbsp;&nbsp;&nbsp;&nbsp;<36 months: N<br>&nbsp;&nbsp;&nbsp;&nbsp;30 months -- 5 years: N<br>&nbsp;&nbsp;&nbsp;&nbsp;Preschool: N<br>&nbsp;&nbsp;&nbsp;&nbsp;Grade 1 - Age 12: N<br>
222,Licensed Group,The Children's Centre At Gateway,10840 133A St,,Surrey,V3T 4A6,49.199716,-122.85249,604-581-5853,,,N,N,N,N,N,N,N,N,N,N,N,N,N,N,N,N,N,,,N,N,N,N,N,N,N,N,N,N,N,2026-05-15,http://www.healthspace.ca/fha/childcare,N,Y,N,The Children's Centre At Gateway<br>Licensed Group<br>604-581-5853<br><br>Vacancy:<br>&nbsp;&nbsp;&nbsp;&nbsp;<36 months: N<br>&nbsp;&nbsp;&nbsp;&nbsp;30 months -- 5 years: N<br>&nbsp;&nbsp;&nbsp;&nbsp;Preschool: N<br>&nbsp;&nbsp;&nbsp;&nbsp;Grade 1 - Age 12: N<br>
223,Licensed Group,Elite Montessori Academy,101-3641 29Th Ave W,,Vancouver,V6S 1T5,49.246392,-123.185905,604-221-0242,,,N,N,N,N,N,N,N,N,N,N,N,N,N,N,N,N,N,,,N,N,N,N,N,N,N,N,N,N,N,2026-05-14,https://inspections.vcha.ca/ChildCare/Table,N,Y,N,Elite Montessori Academy<br>Licensed Group<br>604-221-0242<br><br>Vacancy:<br>&nbsp;&nbsp;&nbsp;&nbsp;<36 months: N<br>&nbsp;&nbsp;&nbsp;&nbsp;30 months -- 5 years: N<br>&nbsp;&nbsp;&nbsp;&nbsp;Preschool: N<br>&nbsp;&nbsp;&nbsp;&nbsp;Grade 1 - Age 12: N<br>
224,Licensed Group,Immaculate Heart Early Childhood Education Centre,789 Alderson Ave,,Coquitlam,V3K 1T9,49.239741,-122.876944,604-939-3682,,,N,N,N,N,N,N,N,N,N,N,N,N,N,N,N,N,N,,,N,N,N,N,N,N,N,Y,Y,N,Y,2026-04-21,http://www.healthspace.ca/fha/childcare,N,Y,N,Immaculate Heart Early Childhood Education Centre<br>Licensed Group<br>604-939-3682<br><br>Vacancy:<br>&nbsp;&nbsp;&nbsp;&nbsp;<36 months: Y<br>&nbsp;&nbsp;&nbsp;&nbsp;30 months -- 5 years: Y<br>&nbsp;&nbsp;&nbsp;&nbsp;Preschool: N<br>&nbsp;&nbsp;&nbsp;&nbsp;Grade 1 - Age 12: Y<br>
225,Licensed Group,Tempe Tots Daycare,2870 Munday Pl,,North Vancouver,V7N 4L2,49.334674,-123.053207,604-985-3783,,,N,N,N,N,N,N,N,N,N,N,N,N,N,N,N,N,N,,,N,N,N,N,N,N,N,N,N,N,N,2026-04-27,https://inspections.vcha.ca/ChildCare/Table,N,Y,N,Tempe Tots Daycare<br>Licensed Group<br>604-985-3783<br><br>Vacancy:<br>&nbsp;&nbsp;&nbsp;&nbsp;<36 months: N<br>&nbsp;&nbsp;&nbsp;&nbsp;30 months -- 5 years: N<br>&nbsp;&nbsp;&nbsp;&nbsp;Preschool: N<br>&nbsp;&nbsp;&nbsp;&nbsp;Grade 1 - Age 12: N<br>
226,Licensed Group,Madison Children's Centre,4397 Buchanan St,,Burnaby,V5C 3X7,49.267764,-123.007359,604-526-2522,,,N,N,N,N,N,N,N,N,N,N,N,N,N,N,N,N,N,,,N,N,N,N,N,N,N,N,N,N,N,2026-04-20,http://www.healthspace.ca/fha/childcare,N,Y,N,Madison Children's Centre<br>Licensed Group<br>604-526-2522<br><br>Vacancy:<br>&nbsp;&nbsp;&nbsp;&nbsp;<36 months: N<br>&nbsp;&nbsp;&nbsp;&nbsp;30 months -- 5 years: N<br>&nbsp;&nbsp;&nbsp;&nbsp;Preschool: N<br>&nbsp;&nbsp;&nbsp;&nbsp;Grade 1 - Age 12: N<br>
227,Licensed Group,Kilmer Children's Centre Inc.,1592 Knappen St,,Port Coquitlam,V3C 4S9,49.24427,-122.772308,604-941-2644,,,N,N,N,N,N,N,N,N,N,N,N,N,N,N,N,N,N,,,N,N,N,N,N,N,N,Y,Y,N,Y,2026-05-19,http://www.healthspace.ca/fha/childcare,N,Y,N,Kilmer Children's Centre Inc.<br>Licensed Group<br>604-941-2644<br><br>Vacancy:<br>&nbsp;&nbsp;&nbsp;&nbsp;<36 months: Y<br>&nbsp;&nbsp;&nbsp;&nbsp;30 months -- 5 years: Y<br>&nbsp;&nbsp;&nbsp;&nbsp;Preschool: N<br>&nbsp;&nbsp;&nbsp;&nbsp;Grade 1 - Age 12: Y<br>
228,Licensed Group,Abbotsford Childcare,2054 Cherry St,,Abbotsford,V2S 3S6,49.039575,-122.290378,604-612-0439,,,N,N,N,N,N,N,N,N,N,N,N,N,N,N,N,N,N,,,N,N,N,N,N,N,N,Y,Y,N,N,2026-05-15,http://www.healthspace.ca/fha/childcare,N,Y,N,Abbotsford Childcare<br>Licensed Group<br>604-612-0439<br><br>Vacancy:<br>&nbsp;&nbsp;&nbsp;&nbsp;<36 months: Y<br>&nbsp;&nbsp;&nbsp;&nbsp;30 months -- 5 years: Y<br>&nbsp;&nbsp;&nbsp;&nbsp;Preschool: N<br>&nbsp;&nbsp;&nbsp;&nbsp;Grade 1 - Age 12: N<br>
229,Licensed Group,Futurekids Daycare Centre,600 Fairview St,,Coquitlam,V3J 4A7,49.253902,-122.88429,604-720-2287,,,N,N,N,N,N,N,N,N,N,N,N,N,N,N,N,N,N,,,N,N,N,N,N,N,N,Y,Y,N,Y,2026-05-15,http://www.healthspace.ca/fha/childcare,N,Y,N,Futurekids Daycare Centre<br>Licensed Group<br>604-720-2287<br><br>Vacancy:<br>&nbsp;&nbsp;&nbsp;&nbsp;<36 months: Y<br>&nbsp;&nbsp;&nbsp;&nbsp;30 months -- 5 years: Y<br>&nbsp;&nbsp;&nbsp;&nbsp;Preschool: N<br>&nbsp;&nbsp;&nbsp;&nbsp;Grade 1 - Age 12: Y<br>
230,Licensed Group,Kid's Place Child Care Center,1085 Moyse Crescent,,Nanaimo,V9S 2G7,49.185205,-123.964993,250-754-5437,,,N,N,N,N,N,N,N,N,N,N,N,N,N,N,N,N,N,,,N,N,N,N,N,N,N,N,Y,N,Y,2026-04-30,https://www.healthspace.ca/clients/viha/viha_website.nsf/CCFL-Main?OpenView,N,Y,N,Kid's Place Child Care Center<br>Licensed Group<br>250-754-5437<br><br>Vacancy:<br>&nbsp;&nbsp;&nbsp;&nbsp;<36 months: N<br>&nbsp;&nbsp;&nbsp;&nbsp;30 months -- 5 years: Y<br>&nbsp;&nbsp;&nbsp;&nbsp;Preschool: N<br>&nbsp;&nbsp;&nbsp;&nbsp;Grade 1 - Age 12: Y<br>
231,Licensed Group,Honey Tree Daycare,8469 148A St,,Surrey,V3S 7K6,49.156973,-122.811184,604-599-0832,,,N,N,N,N,N,N,N,N,N,N,N,N,N,N,N,N,N,,,N,N,N,N,N,N,N,N,N,Y,N,2026-05-15,http://www.healthspace.ca/fha/childcare,N,Y,N,Honey Tree Daycare<br>Licensed Group<br>604-599-0832<br><br>Vacancy:<br>&nbsp;&nbsp;&nbsp;&nbsp;<36 months: N<br>&nbsp;&nbsp;&nbsp;&nbsp;30 months -- 5 years: N<br>&nbsp;&nbsp;&nbsp;&nbsp;Preschool: Y<br>&nbsp;&nbsp;&nbsp;&nbsp;Grade 1 - Age 12: N<br>
232,Licensed Group,Brightpath Maple Ridge,21593 Dewdney Trunk Rd,,Maple Ridge,V2X 3G5,49.220912,-122.623077,604-463-2188,,,N,N,N,N,N,N,N,N,N,N,N,N,N,N,N,N,N,,,N,N,N,N,N,N,N,N,N,N,N,2026-05-05,http://www.healthspace.ca/fha/childcare,N,Y,N,Brightpath Maple Ridge<br>Licensed Group<br>604-463-2188<br><br>Vacancy:<br>&nbsp;&nbsp;&nbsp;&nbsp;<36 months: N<br>&nbsp;&nbsp;&nbsp;&nbsp;30 months -- 5 years: N<br>&nbsp;&nbsp;&nbsp;&nbsp;Preschool: N<br>&nbsp;&nbsp;&nbsp;&nbsp;Grade 1 - Age 12: N<br>
233,Licensed Group,Parkway Village Childcare Centre,3601 Garibaldi Dr,,North Vancouver,V7H 2W2,49.313264,-122.972553,604-929-5520,,,N,N,N,N,N,N,N,N,N,N,N,N,N,N,N,N,N,,,N,N,N,N,N,N,N,N,N,N,N,2026-04-28,https://inspections.vcha.ca/ChildCare/Table,N,Y,Y,Parkway Village Childcare Centre<br>Licensed Group<br>604-929-5520<br><br>Vacancy:<br>&nbsp;&nbsp;&nbsp;&nbsp;<36 months: N<br>&nbsp;&nbsp;&nbsp;&nbsp;30 months -- 5 years: N<br>&nbsp;&nbsp;&nbsp;&nbsp;Preschool: N<br>&nbsp;&nbsp;&nbsp;&nbsp;Grade 1 - Age 12: N<br>
234,Licensed Group,Woodgrove Tot's Town Children's Centre,6183 Dover Rd,,Nanaimo,V9V 1C7,49.24122,-124.033913,250-758-2525,,,N,N,N,N,N,N,N,N,N,N,N,N,N,N,N,N,N,,,N,N,N,N,N,N,N,N,N,Y,N,2026-04-21,https://www.healthspace.ca/clients/viha/viha_website.nsf/CCFL-Main?OpenView,N,Y,N,Woodgrove Tot's Town Children's Centre<br>Licensed Group<br>250-758-2525<br><br>Vacancy:<br>&nbsp;&nbsp;&nbsp;&nbsp;<36 months: N<br>&nbsp;&nbsp;&nbsp;&nbsp;30 months -- 5 years: N<br>&nbsp;&nbsp;&nbsp;&nbsp;Preschool: Y<br>&nbsp;&nbsp;&nbsp;&nbsp;Grade 1 - Age 12: N<br>
235,Licensed Group,Bright Beginnings Early Childhood Centre,22 Cortez Place,,Nanaimo,V9S 2Y7,49.191442,-123.957578,250-754-2499,,,N,N,N,N,N,N,N,N,N,N,N,N,N,N,N,N,N,,,N,N,N,N,N,N,N,N,N,N,N,2026-05-15,https://www.healthspace.ca/clients/viha/viha_website.nsf/CCFL-Main?OpenView,N,Y,N,Bright Beginnings Early Childhood Centre<br>Licensed Group<br>250-754-2499<br><br>Vacancy:<br>&nbsp;&nbsp;&nbsp;&nbsp;<36 months: N<br>&nbsp;&nbsp;&nbsp;&nbsp;30 months -- 5 years: N<br>&nbsp;&nbsp;&nbsp;&nbsp;Preschool: N<br>&nbsp;&nbsp;&nbsp;&nbsp;Grade 1 - Age 12: N<br>
236,Licensed Group,Tiny Town Childcare Centre,5747 Gilpin St,,Burnaby,V5G 2J1,49.242183,-122.979509,604-433-6110,,,N,N,N,N,N,N,N,N,N,N,N,N,N,N,N,N,N,,,N,N,N,N,N,N,N,N,N,N,N,2026-05-07,http://www.healthspace.ca/fha/childcare,N,Y,N,Tiny Town Childcare Centre<br>Licensed Group<br>604-433-6110<br><br>Vacancy:<br>&nbsp;&nbsp;&nbsp;&nbsp;<36 months: N<br>&nbsp;&nbsp;&nbsp;&nbsp;30 months -- 5 years: N<br>&nbsp;&nbsp;&nbsp;&nbsp;Preschool: N<br>&nbsp;&nbsp;&nbsp;&nbsp;Grade 1 - Age 12: N<br>
237,Licensed Group,Birchland Tree House Play Care Ltd.,1331 Fraser Ave,,Port Coquitlam,V3B 7H5,49.269857,-122.75106,604-945-0002,,,N,N,N,N,N,N,N,N,N,N,N,N,N,N,N,N,N,,,N,N,N,N,N,N,N,Y,Y,N,Y,2026-05-20,http://www.healthspace.ca/fha/childcare,N,Y,N,Birchland Tree House Play Care Ltd.<br>Licensed Group<br>604-945-0002<br><br>Vacancy:<br>&nbsp;&nbsp;&nbsp;&nbsp;<36 months: Y<br>&nbsp;&nbsp;&nbsp;&nbsp;30 months -- 5 years: Y<br>&nbsp;&nbsp;&nbsp;&nbsp;Preschool: N<br>&nbsp;&nbsp;&nbsp;&nbsp;Grade 1 - Age 12: Y<br>
238,Licensed Group,Teddy Bear Day Care,5123 Davis Bay Rd,,Sechelt,V7Z 0E7,49.44288,-123.72482,604-885-2721,,,N,N,N,N,N,N,N,N,N,N,N,N,N,N,N,N,N,,,N,N,N,N,N,N,N,N,Y,N,N,2026-05-01,https://inspections.vcha.ca/ChildCare/Table,N,Y,N,Teddy Bear Day Care<br>Licensed Group<br>604-885-2721<br><br>Vacancy:<br>&nbsp;&nbsp;&nbsp;&nbsp;<36 months: N<br>&nbsp;&nbsp;&nbsp;&nbsp;30 months -- 5 years: Y<br>&nbsp;&nbsp;&nbsp;&nbsp;Preschool: N<br>&nbsp;&nbsp;&nbsp;&nbsp;Grade 1 - Age 12: N<br>
239,Licensed Group,Funshine Daycare Center,2864 mccoomb Dr,,Coquitlam,V3B 6B3,49.281985,-122.803661,604-464-6442,,,N,N,N,N,N,N,Y,N,Y,Y,Y,N,N,N,N,N,Y,Extra fee,Extra fee,Y,Y,Y,N,N,N,N,Y,N,N,N,2026-05-03,http://www.healthspace.ca/fha/childcare,N,Y,N,Funshine Daycare Center<br>Licensed Group<br>604-464-6442<br><br>Vacancy:<br>&nbsp;&nbsp;&nbsp;&nbsp;<36 months: Y<br>&nbsp;&nbsp;&nbsp;&nbsp;30 months -- 5 years: N<br>&nbsp;&nbsp;&nbsp;&nbsp;Preschool: N<br>&nbsp;&nbsp;&nbsp;&nbsp;Grade 1 - Age 12: N<br>
240,Licensed Group,Wonder Years Day Care - Fraser Crossing,5537 209 St,,Langley,V3A 2K8,49.102941,-122.643264,604-530-6554,,,N,N,N,N,N,N,N,N,N,N,N,N,N,N,N,N,N,,,N,N,N,N,N,N,N,N,Y,N,N,2026-05-15,http://www.healthspace.ca/fha/childcare,N,Y,N,Wonder Years Day Care - Fraser Crossing<br>Licensed Group<br>604-530-6554<br><br>Vacancy:<br>&nbsp;&nbsp;&nbsp;&nbsp;<36 months: N<br>&nbsp;&nbsp;&nbsp;&nbsp;30 months -- 5 years: Y<br>&nbsp;&nbsp;&nbsp;&nbsp;Preschool: N<br>&nbsp;&nbsp;&nbsp;&nbsp;Grade 1 - Age 12: N<br>
241,Licensed Group,Kids Club Child Care Centre Ltd. (Gladwin),3845 Gladwin Rd,,Abbotsford,V2S 7A1,49.071394,-122.3171,604-852-2822,,,N,N,N,N,N,N,N,N,N,N,N,N,N,N,N,N,N,,,N,N,N,N,N,N,N,Y,Y,N,Y,2026-04-27,http://www.healthspace.ca/fha/childcare,N,Y,N,Kids Club Child Care Centre Ltd. (Gladwin)<br>Licensed Group<br>604-852-2822<br><br>Vacancy:<br>&nbsp;&nbsp;&nbsp;&nbsp;<36 months: Y<br>&nbsp;&nbsp;&nbsp;&nbsp;30 months -- 5 years: Y<br>&nbsp;&nbsp;&nbsp;&nbsp;Preschool: N<br>&nbsp;&nbsp;&nbsp;&nbsp;Grade 1 - Age 12: Y<br>
242,Licensed Group,Kids Club Child Care Centre Ltd. (Mcmillan Rd),3130 mcmillan Rd,,Abbotsford,V2S 6A8,49.059279,-122.259887,604-852-6606,,,N,N,N,N,N,N,N,N,N,N,N,N,N,N,N,N,N,,,N,N,N,N,N,N,N,N,Y,N,Y,2026-04-27,http://www.healthspace.ca/fha/childcare,N,Y,N,Kids Club Child Care Centre Ltd. (Mcmillan Rd)<br>Licensed Group<br>604-852-6606<br><br>Vacancy:<br>&nbsp;&nbsp;&nbsp;&nbsp;<36 months: N<br>&nbsp;&nbsp;&nbsp;&nbsp;30 months -- 5 years: Y<br>&nbsp;&nbsp;&nbsp;&nbsp;Preschool: N<br>&nbsp;&nbsp;&nbsp;&nbsp;Grade 1 - Age 12: Y<br>
243,Licensed Group,Kids Club Child Care Centre Ltd. (Delair Road),35190 Delair Rd,,Abbotsford,V3G 2E2,49.034374,-122.24943,604-556-7355,,,N,N,N,N,N,N,N,N,N,N,N,N,N,N,N,N,N,,,N,N,N,N,N,N,N,N,Y,N,Y,2026-04-27,http://www.healthspace.ca/fha/childcare,N,Y,N,Kids Club Child Care Centre Ltd. (Delair Road)<br>Licensed Group<br>604-556-7355<br><br>Vacancy:<br>&nbsp;&nbsp;&nbsp;&nbsp;<36 months: N<br>&nbsp;&nbsp;&nbsp;&nbsp;30 months -- 5 years: Y<br>&nbsp;&nbsp;&nbsp;&nbsp;Preschool: N<br>&nbsp;&nbsp;&nbsp;&nbsp;Grade 1 - Age 12: Y<br>
244,Licensed Group,Three Bears Centre,9887 Cameron St,,Burnaby,V3J 1M3,49.253877,-122.895005,604-444-3302,,,N,N,N,N,N,N,N,N,N,N,N,N,N,N,N,N,N,,,N,N,N,N,N,N,N,N,N,N,N,2026-05-15,http://www.healthspace.ca/fha/childcare,N,Y,N,Three Bears Centre<br>Licensed Group<br>604-444-3302<br><br>Vacancy:<br>&nbsp;&nbsp;&nbsp;&nbsp;<36 months: N<br>&nbsp;&nbsp;&nbsp;&nbsp;30 months -- 5 years: N<br>&nbsp;&nbsp;&nbsp;&nbsp;Preschool: N<br>&nbsp;&nbsp;&nbsp;&nbsp;Grade 1 - Age 12: N<br>
245,Licensed Group,Absorbent Minds Montessori Ltd.,7283 Nelson Ave,,Burnaby,V5J 4C2,49.217611,-122.994499,604-433-2144,,,N,N,N,N,N,N,N,N,N,N,N,N,N,N,N,N,N,,,N,N,N,N,N,N,N,N,N,N,N,2026-05-15,http://www.healthspace.ca/fha/childcare,N,Y,N,Absorbent Minds Montessori Ltd.<br>Licensed Group<br>604-433-2144<br><br>Vacancy:<br>&nbsp;&nbsp;&nbsp;&nbsp;<36 months: N<br>&nbsp;&nbsp;&nbsp;&nbsp;30 months -- 5 years: N<br>&nbsp;&nbsp;&nbsp;&nbsp;Preschool: N<br>&nbsp;&nbsp;&nbsp;&nbsp;Grade 1 - Age 12: N<br>
246,Licensed Group,Toy Box Early Childhhood Centre,6062 132 St,,Surrey,V3X 1M8,49.112528,-122.856345,604-512-0406,,,N,N,N,N,N,N,N,N,N,N,N,N,N,N,N,N,N,,,N,N,N,N,N,N,N,N,Y,Y,N,2026-05-17,http://www.healthspace.ca/fha/childcare,N,Y,N,Toy Box Early Childhhood Centre<br>Licensed Group<br>604-512-0406<br><br>Vacancy:<br>&nbsp;&nbsp;&nbsp;&nbsp;<36 months: N<br>&nbsp;&nbsp;&nbsp;&nbsp;30 months -- 5 years: Y<br>&nbsp;&nbsp;&nbsp;&nbsp;Preschool: Y<br>&nbsp;&nbsp;&nbsp;&nbsp;Grade 1 - Age 12: N<br>
247,Licensed Group,Gingerbread Preschool And Daycare Ltd.,6888 West Saanich Rd,,Brentwood Bay,V8M 1G8,48.569295,-123.441871,250-652-1422,,,N,N,N,N,N,N,N,N,N,N,N,N,N,N,N,N,N,,,N,N,N,N,N,N,N,N,N,N,N,2026-04-22,https://www.healthspace.ca/clients/viha/viha_website.nsf/CCFL-Main?OpenView,N,Y,N,Gingerbread Preschool And Daycare Ltd.<br>Licensed Group<br>250-652-1422<br><br>Vacancy:<br>&nbsp;&nbsp;&nbsp;&nbsp;<36 months: N<br>&nbsp;&nbsp;&nbsp;&nbsp;30 months -- 5 years: N<br>&nbsp;&nbsp;&nbsp;&nbsp;Preschool: N<br>&nbsp;&nbsp;&nbsp;&nbsp;Grade 1 - Age 12: N<br>
248,Licensed Group,Green Planet Daycare,2435 Lobb Ave,,Port Coquitlam,V3C 6B9,49.253672,-122.786434,604-941-3039,,,N,N,N,N,N,N,N,N,N,N,N,N,N,N,N,N,N,,,N,N,N,N,N,N,N,Y,N,N,N,2026-05-20,http://www.healthspace.ca/fha/childcare,N,Y,N,Green Planet Daycare<br>Licensed Group<br>604-941-3039<br><br>Vacancy:<br>&nbsp;&nbsp;&nbsp;&nbsp;<36 months: Y<br>&nbsp;&nbsp;&nbsp;&nbsp;30 months -- 5 years: N<br>&nbsp;&nbsp;&nbsp;&nbsp;Preschool: N<br>&nbsp;&nbsp;&nbsp;&nbsp;Grade 1 - Age 12: N<br>
249,Licensed Group,The Clubhouse At Sutherland,839 Sutherland Ave,,Kelowna,V1Y 5X4,49.879427,-119.484791,250-860-4393,,,N,N,N,N,N,N,N,N,N,N,N,N,N,N,N,N,N,,,N,N,N,N,N,N,N,N,N,N,N,2026-05-11,https://hedgehogportal.interiorhealth.ca/ChildCare/Map,N,Y,N,The Clubhouse At Sutherland<br>Licensed Group<br>250-860-4393<br><br>Vacancy:<br>&nbsp;&nbsp;&nbsp;&nbsp;<36 months: N<br>&nbsp;&nbsp;&nbsp;&nbsp;30 months -- 5 years: N<br>&nbsp;&nbsp;&nbsp;&nbsp;Preschool: N<br>&nbsp;&nbsp;&nbsp;&nbsp;Grade 1 - Age 12: N<br>
250,Licensed Group,Whalley Day Care Ltd.,10562  132 A St,,Surrey,V3T 3X7,49.194632,-122.856484,604-581-0237,,,Y,N,N,N,N,N,Y,Y,N,Y,Y,N,N,N,N,N,N,Not offered,Not offered,N,N,N,N,Y,Y,Y,N,N,N,N,2026-05-15,http://www.healthspace.ca/fha/childcare,N,Y,N,Whalley Day Care Ltd.<br>Licensed Group<br>604-581-0237<br><br>Vacancy:<br>&nbsp;&nbsp;&nbsp;&nbsp;<36 months: N<br>&nbsp;&nbsp;&nbsp;&nbsp;30 months -- 5 years: N<br>&nbsp;&nbsp;&nbsp;&nbsp;Preschool: N<br>&nbsp;&nbsp;&nbsp;&nbsp;Grade 1 - Age 12: N<br>
251,Licensed Group,Whalley Learning Centre And Child Care,10563  133 St,,Surrey,V3T 3Z2,49.194635,-122.854056,604-581-0237,,,Y,N,N,N,N,N,Y,Y,N,Y,Y,N,N,N,N,N,N,Not offered,Not offered,N,N,N,N,Y,Y,Y,N,N,N,N,2026-05-15,http://www.healthspace.ca/fha/childcare,N,Y,N,Whalley Learning Centre And Child Care<br>Licensed Group<br>604-581-0237<br><br>Vacancy:<br>&nbsp;&nbsp;&nbsp;&nbsp;<36 months: N<br>&nbsp;&nbsp;&nbsp;&nbsp;30 months -- 5 years: N<br>&nbsp;&nbsp;&nbsp;&nbsp;Preschool: N<br>&nbsp;&nbsp;&nbsp;&nbsp;Grade 1 - Age 12: N<br>
252,Licensed Group,All-Day Children's Workshop,4501 Highland Blvd,,North Vancouver,V7R 3A2,49.352789,-123.096285,604-986-5597,,,N,N,N,N,N,N,N,N,N,N,N,N,N,N,N,N,N,,,N,N,N,N,N,N,N,Y,Y,N,N,2026-05-06,https://inspections.vcha.ca/ChildCare/Table,N,Y,N,All-Day Children's Workshop<br>Licensed Group<br>604-986-5597<br><br>Vacancy:<br>&nbsp;&nbsp;&nbsp;&nbsp;<36 months: Y<br>&nbsp;&nbsp;&nbsp;&nbsp;30 months -- 5 years: Y<br>&nbsp;&nbsp;&nbsp;&nbsp;Preschool: N<br>&nbsp;&nbsp;&nbsp;&nbsp;Grade 1 - Age 12: N<br>
253,Licensed Group,Fraser Valley Montessori Preschool Sandy Hill Campus,3836 Old Clayburn Rd,,Abbotsford,V3G 2Z5,49.071933,-122.247573,604-859-5061,,,N,N,N,N,N,N,N,N,N,N,N,N,N,N,N,N,N,,,N,N,N,N,N,N,N,N,N,N,N,2026-05-11,http://www.healthspace.ca/fha/childcare,N,Y,N,Fraser Valley Montessori Preschool Sandy Hill Campus<br>Licensed Group<br>604-859-5061<br><br>Vacancy:<br>&nbsp;&nbsp;&nbsp;&nbsp;<36 months: N<br>&nbsp;&nbsp;&nbsp;&nbsp;30 months -- 5 years: N<br>&nbsp;&nbsp;&nbsp;&nbsp;Preschool: N<br>&nbsp;&nbsp;&nbsp;&nbsp;Grade 1 - Age 12: N<br>
254,Licensed Group,Castle Care Daycare,1032 Braithwaite Dr,,Cobble Hill,V0R 1L4,48.694241,-123.56981,250-743-9675,,,N,N,N,N,N,N,N,N,N,N,N,N,N,N,N,N,N,,,N,N,N,N,N,N,N,N,N,N,N,2026-05-12,https://www.healthspace.ca/clients/viha/viha_website.nsf/CCFL-Main?OpenView,N,Y,N,Castle Care Daycare<br>Licensed Group<br>250-743-9675<br><br>Vacancy:<br>&nbsp;&nbsp;&nbsp;&nbsp;<36 months: N<br>&nbsp;&nbsp;&nbsp;&nbsp;30 months -- 5 years: N<br>&nbsp;&nbsp;&nbsp;&nbsp;Preschool: N<br>&nbsp;&nbsp;&nbsp;&nbsp;Grade 1 - Age 12: N<br>
255,Licensed Group,All Is Well Childcare,9927 132 St,,Surrey,V3T 3S9,49.183138,-122.856793,604-588-5722,,,N,N,N,N,N,N,N,N,N,N,N,N,N,N,N,N,N,,,N,N,N,N,N,N,N,Y,Y,N,N,2026-05-15,http://www.healthspace.ca/fha/childcare,N,Y,N,All Is Well Childcare<br>Licensed Group<br>604-588-5722<br><br>Vacancy:<br>&nbsp;&nbsp;&nbsp;&nbsp;<36 months: Y<br>&nbsp;&nbsp;&nbsp;&nbsp;30 months -- 5 years: Y<br>&nbsp;&nbsp;&nbsp;&nbsp;Preschool: N<br>&nbsp;&nbsp;&nbsp;&nbsp;Grade 1 - Age 12: N<br>
256,Licensed Group,Burnaby Lakeview Early Learning Centre,7777 Mayfield St,,Burnaby,V5E 2J5,49.230167,-122.94567,604-522-5515,,,N,N,N,N,N,N,N,N,N,N,N,N,N,N,N,N,N,,,N,N,N,N,N,N,N,N,Y,N,N,2026-04-21,http://www.healthspace.ca/fha/childcare,N,Y,N,Burnaby Lakeview Early Learning Centre<br>Licensed Group<br>604-522-5515<br><br>Vacancy:<br>&nbsp;&nbsp;&nbsp;&nbsp;<36 months: N<br>&nbsp;&nbsp;&nbsp;&nbsp;30 months -- 5 years: Y<br>&nbsp;&nbsp;&nbsp;&nbsp;Preschool: N<br>&nbsp;&nbsp;&nbsp;&nbsp;Grade 1 - Age 12: N<br>
257,Licensed Group,Fraser Glen Preschool,16293 104 Ave,,Surrey,V4N 1Z7,49.19201,-122.77082,604-583-4229,,,N,N,N,N,N,N,N,N,N,N,N,N,N,N,N,N,N,,,N,N,N,N,N,N,N,N,N,Y,N,2026-05-06,http://www.healthspace.ca/fha/childcare,N,Y,N,Fraser Glen Preschool<br>Licensed Group<br>604-583-4229<br><br>Vacancy:<br>&nbsp;&nbsp;&nbsp;&nbsp;<36 months: N<br>&nbsp;&nbsp;&nbsp;&nbsp;30 months -- 5 years: N<br>&nbsp;&nbsp;&nbsp;&nbsp;Preschool: Y<br>&nbsp;&nbsp;&nbsp;&nbsp;Grade 1 - Age 12: N<br>
258,Licensed Group,Crown Parent Participation Preschool,3741 27Th Ave W,,Vancouver,V6S 1R2,49.248114,-123.187481,604-228-1316,,,,,,,,,,,,,,,,,,,,,,,,,,,,,,,,,,,Y,Y,N,Crown Parent Participation Preschool<br>Licensed Group<br>604-228-1316<br><br>Vacancy:<br>&nbsp;&nbsp;&nbsp;&nbsp;<36 months: None<br>&nbsp;&nbsp;&nbsp;&nbsp;30 months -- 5 years: None<br>&nbsp;&nbsp;&nbsp;&nbsp;Preschool: None<br>&nbsp;&nbsp;&nbsp;&nbsp;Grade 1 - Age 12: None<br>
259,Licensed Group,"Lonsdale Preschool, Harry Jerome Complex",125 23Rd St E,,North Vancouver,V7L 3E2,49.329794,-123.069651,604-983-6510,,,N,N,N,N,N,N,N,N,N,N,N,N,N,N,N,N,N,,,N,N,N,N,N,N,N,N,N,Y,N,2026-05-13,https://inspections.vcha.ca/ChildCare/Table,N,N,N,"Lonsdale Preschool, Harry Jerome Complex<br>Licensed Group<br>604-983-6510<br><br>Vacancy:<br>&nbsp;&nbsp;&nbsp;&nbsp;<36 months: N<br>&nbsp;&nbsp;&nbsp;&nbsp;30 months -- 5 years: N<br>&nbsp;&nbsp;&nbsp;&nbsp;Preschool: Y<br>&nbsp;&nbsp;&nbsp;&nbsp;Grade 1 - Age 12: N<br>"
260,Licensed Group,Delbrook Preschool,851 Queens Rd W,,North Vancouver,V7N 4E3,49.33613,-123.093165,604-983-6510,,,N,N,N,N,N,N,N,N,N,N,N,N,N,N,N,N,N,,,N,N,N,N,N,N,N,N,N,Y,N,2026-05-13,https://inspections.vcha.ca/ChildCare/Table,N,N,N,Delbrook Preschool<br>Licensed Group<br>604-983-6510<br><br>Vacancy:<br>&nbsp;&nbsp;&nbsp;&nbsp;<36 months: N<br>&nbsp;&nbsp;&nbsp;&nbsp;30 months -- 5 years: N<br>&nbsp;&nbsp;&nbsp;&nbsp;Preschool: Y<br>&nbsp;&nbsp;&nbsp;&nbsp;Grade 1 - Age 12: N<br>
261,Licensed Group,Sandpiper Preschool,3590 Mountain Hwy,,North Vancouver,V7K 0A2,49.341281,-123.03737,604-983-6510,,,N,N,N,N,N,N,N,N,N,N,N,N,N,N,N,N,N,,,N,N,N,N,N,N,N,N,N,Y,N,2026-05-13,https://inspections.vcha.ca/ChildCare/Table,N,N,N,Sandpiper Preschool<br>Licensed Group<br>604-983-6510<br><br>Vacancy:<br>&nbsp;&nbsp;&nbsp;&nbsp;<36 months: N<br>&nbsp;&nbsp;&nbsp;&nbsp;30 months -- 5 years: N<br>&nbsp;&nbsp;&nbsp;&nbsp;Preschool: Y<br>&nbsp;&nbsp;&nbsp;&nbsp;Grade 1 - Age 12: N<br>
262,Licensed Group,Caledonia Early Care And Learning Centre,3330 22Nd Avenue,,Prince George,V2N 1P8,53.903804,-122.783626,250-561-5834,,,N,N,N,N,N,N,N,N,N,N,N,N,N,N,N,N,N,,,N,N,N,N,N,N,N,N,N,N,N,2026-05-14,https://www.healthspace.ca/Clients/NHA/NHA_Website.nsf/CCFL-Frameset,N,Y,N,Caledonia Early Care And Learning Centre<br>Licensed Group<br>250-561-5834<br><br>Vacancy:<br>&nbsp;&nbsp;&nbsp;&nbsp;<36 months: N<br>&nbsp;&nbsp;&nbsp;&nbsp;30 months -- 5 years: N<br>&nbsp;&nbsp;&nbsp;&nbsp;Preschool: N<br>&nbsp;&nbsp;&nbsp;&nbsp;Grade 1 - Age 12: N<br>
263,Licensed Group,Sonlight Christian Childcare Centre,3510 Departure Bay Rd,,Nanaimo,V9T 1C1,49.210281,-123.986179,250-751-0049,,,N,N,N,N,N,N,N,N,N,N,N,N,N,N,N,N,N,,,N,N,N,N,N,N,N,Y,Y,N,N,2026-05-16,https://www.healthspace.ca/clients/viha/viha_website.nsf/CCFL-Main?OpenView,N,Y,N,Sonlight Christian Childcare Centre<br>Licensed Group<br>250-751-0049<br><br>Vacancy:<br>&nbsp;&nbsp;&nbsp;&nbsp;<36 months: Y<br>&nbsp;&nbsp;&nbsp;&nbsp;30 months -- 5 years: Y<br>&nbsp;&nbsp;&nbsp;&nbsp;Preschool: N<br>&nbsp;&nbsp;&nbsp;&nbsp;Grade 1 - Age 12: N<br>
264,Licensed Group,Astro Tots Learning Center Ltd.,2211 Prairie Ave,,Port Coquitlam,V3B 1V8,49.271799,-122.776031,604-803-5428,,,N,N,N,N,N,N,N,N,N,N,N,N,N,N,N,N,N,,,N,N,N,N,N,N,N,Y,N,N,N,2026-05-15,http://www.healthspace.ca/fha/childcare,N,Y,N,Astro Tots Learning Center Ltd.<br>Licensed Group<br>604-803-5428<br><br>Vacancy:<br>&nbsp;&nbsp;&nbsp;&nbsp;<36 months: Y<br>&nbsp;&nbsp;&nbsp;&nbsp;30 months -- 5 years: N<br>&nbsp;&nbsp;&nbsp;&nbsp;Preschool: N<br>&nbsp;&nbsp;&nbsp;&nbsp;Grade 1 - Age 12: N<br>
265,Licensed Group,Meadow Montessori School Society,11391 Dartford St,,Maple Ridge,V2X 1V6,49.209264,-122.649966,604-465-3492,,,N,N,N,N,N,N,N,N,N,N,N,N,N,N,N,N,N,,,N,N,N,N,N,N,N,N,N,N,N,2026-03-09,http://www.healthspace.ca/fha/childcare,N,Y,N,Meadow Montessori School Society<br>Licensed Group<br>604-465-3492<br><br>Vacancy:<br>&nbsp;&nbsp;&nbsp;&nbsp;<36 months: N<br>&nbsp;&nbsp;&nbsp;&nbsp;30 months -- 5 years: N<br>&nbsp;&nbsp;&nbsp;&nbsp;Preschool: N<br>&nbsp;&nbsp;&nbsp;&nbsp;Grade 1 - Age 12: N<br>
266,Licensed Group,Oak Bay Parent Owned Preschool,1701 Elgin St,,Victoria,V8R 5L7,48.428056,-123.318823,250-592-1922,,,,,,,,,,,,,,,,,,,,,,,,,,,,,,,,,,,Y,N,N,Oak Bay Parent Owned Preschool<br>Licensed Group<br>250-592-1922<br><br>Vacancy:<br>&nbsp;&nbsp;&nbsp;&nbsp;<36 months: None<br>&nbsp;&nbsp;&nbsp;&nbsp;30 months -- 5 years: None<br>&nbsp;&nbsp;&nbsp;&nbsp;Preschool: None<br>&nbsp;&nbsp;&nbsp;&nbsp;Grade 1 - Age 12: None<br>
267,Licensed Group,Osoyoos Child Care Centre,6609 89Th St,,Osoyoos,V0H 1V1,49.027992,-119.468018,250-495-5020,,,Y,N,N,N,N,N,Y,Y,N,Y,Y,N,N,N,N,N,N,Not offered,Include in fee,N,N,N,N,N,N,N,N,N,N,Y,2026-05-21,https://hedgehogportal.interiorhealth.ca/ChildCare/Map,N,Y,N,Osoyoos Child Care Centre<br>Licensed Group<br>250-495-5020<br><br>Vacancy:<br>&nbsp;&nbsp;&nbsp;&nbsp;<36 months: N<br>&nbsp;&nbsp;&nbsp;&nbsp;30 months -- 5 years: N<br>&nbsp;&nbsp;&nbsp;&nbsp;Preschool: N<br>&nbsp;&nbsp;&nbsp;&nbsp;Grade 1 - Age 12: Y<br>
268,Licensed Group,Tomorrow's Topkids Errington Clubhouse,9831 Herbert Ave,,Richmond,V7A 1T6,49.143255,-123.142484,604-241-4199,,,N,N,N,N,N,N,N,N,N,N,N,N,N,N,N,N,N,,,N,N,N,N,N,N,N,N,N,N,N,2026-04-28,https://inspections.vcha.ca/ChildCare/Table,N,Y,N,Tomorrow's Topkids Errington Clubhouse<br>Licensed Group<br>604-241-4199<br><br>Vacancy:<br>&nbsp;&nbsp;&nbsp;&nbsp;<36 months: N<br>&nbsp;&nbsp;&nbsp;&nbsp;30 months -- 5 years: N<br>&nbsp;&nbsp;&nbsp;&nbsp;Preschool: N<br>&nbsp;&nbsp;&nbsp;&nbsp;Grade 1 - Age 12: N<br>
269,Licensed Group,Tomorrows Topkids Ferris Clubhouse,7520 Sunnymede Cres,,Richmond,V6Y 2V8,49.153825,-123.144349,604-241-8348,,,N,N,N,N,N,N,N,N,N,N,N,N,N,N,N,N,N,,,N,N,N,N,N,N,N,N,N,N,N,2026-04-28,https://inspections.vcha.ca/ChildCare/Table,N,Y,N,Tomorrows Topkids Ferris Clubhouse<br>Licensed Group<br>604-241-8348<br><br>Vacancy:<br>&nbsp;&nbsp;&nbsp;&nbsp;<36 months: N<br>&nbsp;&nbsp;&nbsp;&nbsp;30 months -- 5 years: N<br>&nbsp;&nbsp;&nbsp;&nbsp;Preschool: N<br>&nbsp;&nbsp;&nbsp;&nbsp;Grade 1 - Age 12: N<br>
270,Licensed Group,Tomorrow's Topkids Grauer Clubhouse,4440 Blundell Rd,,Richmond,V7C 1G9,49.15495,-123.174742,604-437-4744,,,N,N,N,N,N,N,N,N,N,N,N,N,N,N,N,N,N,,,N,N,N,N,N,N,N,N,N,N,N,2026-04-28,https://inspections.vcha.ca/ChildCare/Table,N,Y,N,Tomorrow's Topkids Grauer Clubhouse<br>Licensed Group<br>604-437-4744<br><br>Vacancy:<br>&nbsp;&nbsp;&nbsp;&nbsp;<36 months: N<br>&nbsp;&nbsp;&nbsp;&nbsp;30 months -- 5 years: N<br>&nbsp;&nbsp;&nbsp;&nbsp;Preschool: N<br>&nbsp;&nbsp;&nbsp;&nbsp;Grade 1 - Age 12: N<br>
271,Licensed Group,Tomorrows Topkids Westwind Clubhouse,11371 Kingfisher Dr,,Richmond,V7E 4Y6,49.130259,-123.164926,604-448-8963,,,N,N,N,N,N,N,N,N,N,N,N,N,N,N,N,N,N,,,N,N,N,N,N,N,N,N,N,N,N,2026-04-28,https://inspections.vcha.ca/ChildCare/Table,N,Y,N,Tomorrows Topkids Westwind Clubhouse<br>Licensed Group<br>604-448-8963<br><br>Vacancy:<br>&nbsp;&nbsp;&nbsp;&nbsp;<36 months: N<br>&nbsp;&nbsp;&nbsp;&nbsp;30 months -- 5 years: N<br>&nbsp;&nbsp;&nbsp;&nbsp;Preschool: N<br>&nbsp;&nbsp;&nbsp;&nbsp;Grade 1 - Age 12: N<br>
272,Licensed Group,Tomorrow's Topkids mccorkindale Clubhouse,6080 Battison St,,Vancouver,V5S 3M8,49.227743,-123.029379,604-437-4744,,,N,N,N,N,N,N,N,N,N,N,N,N,N,N,N,N,N,,,N,N,N,N,N,N,N,N,N,N,N,2026-04-28,https://inspections.vcha.ca/ChildCare/Table,N,Y,N,Tomorrow's Topkids mccorkindale Clubhouse<br>Licensed Group<br>604-437-4744<br><br>Vacancy:<br>&nbsp;&nbsp;&nbsp;&nbsp;<36 months: N<br>&nbsp;&nbsp;&nbsp;&nbsp;30 months -- 5 years: N<br>&nbsp;&nbsp;&nbsp;&nbsp;Preschool: N<br>&nbsp;&nbsp;&nbsp;&nbsp;Grade 1 - Age 12: N<br>
273,Licensed Group,Tomorrow's Topkids Spul'u'kwuks Clubhouse,5999 Blanshard Dr,,Richmond,V7C 5V4,49.170819,-123.18523,604-721-9287,,,N,N,N,N,N,N,N,N,N,N,N,N,N,N,N,N,N,,,N,N,N,N,N,N,N,N,N,N,N,2026-04-28,https://inspections.vcha.ca/ChildCare/Table,N,Y,N,Tomorrow's Topkids Spul'u'kwuks Clubhouse<br>Licensed Group<br>604-721-9287<br><br>Vacancy:<br>&nbsp;&nbsp;&nbsp;&nbsp;<36 months: N<br>&nbsp;&nbsp;&nbsp;&nbsp;30 months -- 5 years: N<br>&nbsp;&nbsp;&nbsp;&nbsp;Preschool: N<br>&nbsp;&nbsp;&nbsp;&nbsp;Grade 1 - Age 12: N<br>
274,Licensed Group,Westside Montessori School (2011) Ltd.,4157 Oak St,,Vancouver,V6H 2N1,49.248574,-123.128,604-731-6594,,,N,N,N,N,N,N,N,N,N,N,N,N,N,N,N,N,N,,,N,N,N,N,N,N,N,N,N,N,N,2026-05-20,https://inspections.vcha.ca/ChildCare/Table,N,N,N,Westside Montessori School (2011) Ltd.<br>Licensed Group<br>604-731-6594<br><br>Vacancy:<br>&nbsp;&nbsp;&nbsp;&nbsp;<36 months: N<br>&nbsp;&nbsp;&nbsp;&nbsp;30 months -- 5 years: N<br>&nbsp;&nbsp;&nbsp;&nbsp;Preschool: N<br>&nbsp;&nbsp;&nbsp;&nbsp;Grade 1 - Age 12: N<br>
275,Licensed Group,Percy's Clubhouse,2281 Henry Ave,,Sidney,V8L 2A8,48.652062,-123.404916,250-656-4228,,,N,N,N,N,N,N,N,N,N,N,N,N,N,N,N,N,N,,,N,N,N,N,N,N,N,N,N,N,N,2026-05-06,https://www.healthspace.ca/clients/viha/viha_website.nsf/CCFL-Main?OpenView,N,Y,N,Percy's Clubhouse<br>Licensed Group<br>250-656-4228<br><br>Vacancy:<br>&nbsp;&nbsp;&nbsp;&nbsp;<36 months: N<br>&nbsp;&nbsp;&nbsp;&nbsp;30 months -- 5 years: N<br>&nbsp;&nbsp;&nbsp;&nbsp;Preschool: N<br>&nbsp;&nbsp;&nbsp;&nbsp;Grade 1 - Age 12: N<br>
276,Licensed Group,Tillicum Out Of School Care,3100 Tillicum Rd,,Victoria,V9A 6T2,48.454528,-123.399548,250-388-5251,,,N,N,N,N,N,N,N,N,N,N,N,N,N,N,N,N,N,,,N,N,N,N,N,N,N,N,N,N,Y,2026-05-05,https://www.healthspace.ca/clients/viha/viha_website.nsf/CCFL-Main?OpenView,N,Y,N,Tillicum Out Of School Care<br>Licensed Group<br>250-388-5251<br><br>Vacancy:<br>&nbsp;&nbsp;&nbsp;&nbsp;<36 months: N<br>&nbsp;&nbsp;&nbsp;&nbsp;30 months -- 5 years: N<br>&nbsp;&nbsp;&nbsp;&nbsp;Preschool: N<br>&nbsp;&nbsp;&nbsp;&nbsp;Grade 1 - Age 12: Y<br>
277,Licensed Group,Upper Lonsdale Preschool,3380 Lonsdale Ave,,North Vancouver,V7N 3K2,49.339895,-123.071489,604-988-8710,,,N,N,N,N,N,N,N,N,N,N,N,N,N,N,N,N,N,,,N,N,N,N,N,N,N,N,N,N,N,2026-04-22,https://inspections.vcha.ca/ChildCare/Table,N,Y,N,Upper Lonsdale Preschool<br>Licensed Group<br>604-988-8710<br><br>Vacancy:<br>&nbsp;&nbsp;&nbsp;&nbsp;<36 months: N<br>&nbsp;&nbsp;&nbsp;&nbsp;30 months -- 5 years: N<br>&nbsp;&nbsp;&nbsp;&nbsp;Preschool: N<br>&nbsp;&nbsp;&nbsp;&nbsp;Grade 1 - Age 12: N<br>
278,Licensed Group,Association Francophone De Kamloops,348 Fortune Dr,,Kamloops,V2B 2J1,50.68955,-120.349391,250-376-6060,,,N,N,N,N,N,N,N,N,N,N,N,N,N,N,N,N,N,,,N,N,N,N,N,N,N,Y,N,Y,Y,2026-05-04,https://hedgehogportal.interiorhealth.ca/ChildCare/Map,N,Y,N,Association Francophone De Kamloops<br>Licensed Group<br>250-376-6060<br><br>Vacancy:<br>&nbsp;&nbsp;&nbsp;&nbsp;<36 months: Y<br>&nbsp;&nbsp;&nbsp;&nbsp;30 months -- 5 years: N<br>&nbsp;&nbsp;&nbsp;&nbsp;Preschool: Y<br>&nbsp;&nbsp;&nbsp;&nbsp;Grade 1 - Age 12: Y<br>
279,Licensed Group,Happy Corner Parent Participation Preschool,3434 Falaise Ave,,Vancouver,V5M 4C1,49.257979,-123.031643,604-433-7923,,,N,N,N,N,N,N,N,N,N,N,N,N,N,N,N,N,N,,,N,N,N,N,N,N,N,N,N,Y,N,2026-05-21,https://inspections.vcha.ca/ChildCare/Table,N,Y,N,Happy Corner Parent Participation Preschool<br>Licensed Group<br>604-433-7923<br><br>Vacancy:<br>&nbsp;&nbsp;&nbsp;&nbsp;<36 months: N<br>&nbsp;&nbsp;&nbsp;&nbsp;30 months -- 5 years: N<br>&nbsp;&nbsp;&nbsp;&nbsp;Preschool: Y<br>&nbsp;&nbsp;&nbsp;&nbsp;Grade 1 - Age 12: N<br>
280,Licensed Group,Carney Hill Neighbourhood Centre,2579 Victoria St,,Prince George,V2L 2M3,53.898233,-122.755565,250-563-0858,,,Y,N,N,N,N,N,N,Y,N,Y,Y,N,N,N,N,N,N,Included in fee,Extra fee,N,N,N,N,Y,Y,N,N,Y,N,Y,2026-04-24,https://www.healthspace.ca/Clients/NHA/NHA_Website.nsf/CCFL-Frameset,N,Y,N,Carney Hill Neighbourhood Centre<br>Licensed Group<br>250-563-0858<br><br>Vacancy:<br>&nbsp;&nbsp;&nbsp;&nbsp;<36 months: N<br>&nbsp;&nbsp;&nbsp;&nbsp;30 months -- 5 years: Y<br>&nbsp;&nbsp;&nbsp;&nbsp;Preschool: N<br>&nbsp;&nbsp;&nbsp;&nbsp;Grade 1 - Age 12: Y<br>
281,Licensed Group,Inkameep Preschool Day Care Society,1146 Sen Pok Chin Blvd,,Oliver,V0H 1T8,49.184263,-119.535221,250-498-3010,,,N,N,N,N,N,N,N,N,N,N,N,N,N,N,N,N,N,,,N,N,N,N,N,N,N,N,N,N,N,2026-04-21,https://hedgehogportal.interiorhealth.ca/ChildCare/Map,N,Y,N,Inkameep Preschool Day Care Society<br>Licensed Group<br>250-498-3010<br><br>Vacancy:<br>&nbsp;&nbsp;&nbsp;&nbsp;<36 months: N<br>&nbsp;&nbsp;&nbsp;&nbsp;30 months -- 5 years: N<br>&nbsp;&nbsp;&nbsp;&nbsp;Preschool: N<br>&nbsp;&nbsp;&nbsp;&nbsp;Grade 1 - Age 12: N<br>
282,Licensed Group,Pioneer Daycare Center,8711 Cambie Rd,,Richmond,V6X 1K2,49.185434,-123.126565,604-278-8212,,,N,N,N,N,N,N,N,N,N,N,N,N,N,N,N,N,N,,,N,N,N,N,N,N,N,Y,Y,N,N,2026-05-15,https://inspections.vcha.ca/ChildCare/Table,N,Y,N,Pioneer Daycare Center<br>Licensed Group<br>604-278-8212<br><br>Vacancy:<br>&nbsp;&nbsp;&nbsp;&nbsp;<36 months: Y<br>&nbsp;&nbsp;&nbsp;&nbsp;30 months -- 5 years: Y<br>&nbsp;&nbsp;&nbsp;&nbsp;Preschool: N<br>&nbsp;&nbsp;&nbsp;&nbsp;Grade 1 - Age 12: N<br>
283,Licensed Group,Katie's Korner Childcare Center,617 Millstone Ave,,Nanaimo,V9S 5B1,49.177894,-123.95522,250-714-4555,,,N,N,N,N,N,N,N,N,N,N,N,N,N,N,N,N,N,,,N,N,N,N,N,N,N,N,N,N,N,2026-05-15,https://www.healthspace.ca/clients/viha/viha_website.nsf/CCFL-Main?OpenView,N,Y,N,Katie's Korner Childcare Center<br>Licensed Group<br>250-714-4555<br><br>Vacancy:<br>&nbsp;&nbsp;&nbsp;&nbsp;<36 months: N<br>&nbsp;&nbsp;&nbsp;&nbsp;30 months -- 5 years: N<br>&nbsp;&nbsp;&nbsp;&nbsp;Preschool: N<br>&nbsp;&nbsp;&nbsp;&nbsp;Grade 1 - Age 12: N<br>
284,Licensed Group,Growing Space,587B Artisan Lane,,Bowen Island,V0N 1G2,49.380346,-123.345577,604-947-9039,,,N,N,N,N,N,N,N,N,N,N,N,N,N,N,N,N,N,,,N,N,N,N,N,N,N,Y,Y,N,N,2026-04-26,https://inspections.vcha.ca/ChildCare/Table,N,Y,N,Growing Space<br>Licensed Group<br>604-947-9039<br><br>Vacancy:<br>&nbsp;&nbsp;&nbsp;&nbsp;<36 months: Y<br>&nbsp;&nbsp;&nbsp;&nbsp;30 months -- 5 years: Y<br>&nbsp;&nbsp;&nbsp;&nbsp;Preschool: N<br>&nbsp;&nbsp;&nbsp;&nbsp;Grade 1 - Age 12: N<br>
285,Licensed Group,St. Francis Of Assisi Preschool,2025 Napier St,,Vancouver,V5L 2N8,49.275248,-123.063383,604-253-7311,,,N,N,N,N,N,N,N,N,N,N,N,N,N,N,N,N,N,,,N,N,N,N,N,N,N,N,N,N,N,2026-05-01,https://inspections.vcha.ca/ChildCare/Table,N,Y,N,St. Francis Of Assisi Preschool<br>Licensed Group<br>604-253-7311<br><br>Vacancy:<br>&nbsp;&nbsp;&nbsp;&nbsp;<36 months: N<br>&nbsp;&nbsp;&nbsp;&nbsp;30 months -- 5 years: N<br>&nbsp;&nbsp;&nbsp;&nbsp;Preschool: N<br>&nbsp;&nbsp;&nbsp;&nbsp;Grade 1 - Age 12: N<br>
286,Licensed Group,Aldergrove Daycare Centre,26770 29 Ave,,Aldergrove,V4W 3B8,49.055532,-122.48278,604-856-3724,,,N,N,N,N,N,N,N,N,N,N,N,N,N,N,N,N,N,,,N,N,N,N,N,N,N,N,N,N,N,2026-05-07,http://www.healthspace.ca/fha/childcare,N,Y,N,Aldergrove Daycare Centre<br>Licensed Group<br>604-856-3724<br><br>Vacancy:<br>&nbsp;&nbsp;&nbsp;&nbsp;<36 months: N<br>&nbsp;&nbsp;&nbsp;&nbsp;30 months -- 5 years: N<br>&nbsp;&nbsp;&nbsp;&nbsp;Preschool: N<br>&nbsp;&nbsp;&nbsp;&nbsp;Grade 1 - Age 12: N<br>
287,Licensed Group,Cloverdale Child Care,3427 Quadra St,,Victoria,V8X 1G8,48.454019,-123.358863,250-995-1766,,,N,N,N,N,N,N,N,N,N,N,N,N,N,N,N,N,N,,,N,N,N,N,N,N,N,N,N,N,N,2026-05-21,https://www.healthspace.ca/clients/viha/viha_website.nsf/CCFL-Main?OpenView,N,Y,N,Cloverdale Child Care<br>Licensed Group<br>250-995-1766<br><br>Vacancy:<br>&nbsp;&nbsp;&nbsp;&nbsp;<36 months: N<br>&nbsp;&nbsp;&nbsp;&nbsp;30 months -- 5 years: N<br>&nbsp;&nbsp;&nbsp;&nbsp;Preschool: N<br>&nbsp;&nbsp;&nbsp;&nbsp;Grade 1 - Age 12: N<br>
288,Licensed Group,Kids Care Preschool,7715 Muirfield Dr,,Vancouver,V5S 2L5,49.214136,-123.056549,604-325-5213,,,Y,N,N,N,N,N,N,N,Y,N,N,Y,N,Y,N,N,N,Not offered,Not offered,Y,N,Y,N,N,Y,Y,N,N,Y,N,2026-05-04,https://inspections.vcha.ca/ChildCare/Table,N,Y,N,Kids Care Preschool<br>Licensed Group<br>604-325-5213<br><br>Vacancy:<br>&nbsp;&nbsp;&nbsp;&nbsp;<36 months: N<br>&nbsp;&nbsp;&nbsp;&nbsp;30 months -- 5 years: N<br>&nbsp;&nbsp;&nbsp;&nbsp;Preschool: Y<br>&nbsp;&nbsp;&nbsp;&nbsp;Grade 1 - Age 12: N<br>
289,Licensed Group,Kids - Inn #1,7430  140 St,,Surrey,V3W 5J7,49.137786,-122.834265,604-591-9020,,,N,N,N,N,N,N,N,N,N,N,N,N,N,N,N,N,N,,,N,N,N,N,N,N,N,Y,N,Y,N,2026-05-19,http://www.healthspace.ca/fha/childcare,N,Y,N,Kids - Inn #1<br>Licensed Group<br>604-591-9020<br><br>Vacancy:<br>&nbsp;&nbsp;&nbsp;&nbsp;<36 months: Y<br>&nbsp;&nbsp;&nbsp;&nbsp;30 months -- 5 years: N<br>&nbsp;&nbsp;&nbsp;&nbsp;Preschool: Y<br>&nbsp;&nbsp;&nbsp;&nbsp;Grade 1 - Age 12: N<br>
290,Licensed Group,New Kids On The Block Daycare - Obed,121 Obed Ave,,Victoria,V9A 1J3,48.447035,-123.392367,780-221-0810,,,,,,,,,,,,,,,,,,,,,,,,,,,,,,,,,,,Y,Y,N,New Kids On The Block Daycare - Obed<br>Licensed Group<br>780-221-0810<br><br>Vacancy:<br>&nbsp;&nbsp;&nbsp;&nbsp;<36 months: None<br>&nbsp;&nbsp;&nbsp;&nbsp;30 months -- 5 years: None<br>&nbsp;&nbsp;&nbsp;&nbsp;Preschool: None<br>&nbsp;&nbsp;&nbsp;&nbsp;Grade 1 - Age 12: None<br>
291,Licensed Group,Parkland Players,1563 Regan Ave,,Coquitlam,V3J 3B7,49.26163,-122.849389,604-936-7005,,,N,N,N,N,N,N,N,N,N,N,N,N,N,N,N,N,N,,,N,N,N,N,N,N,N,N,N,Y,Y,2026-05-03,http://www.healthspace.ca/fha/childcare,N,Y,N,Parkland Players<br>Licensed Group<br>604-936-7005<br><br>Vacancy:<br>&nbsp;&nbsp;&nbsp;&nbsp;<36 months: N<br>&nbsp;&nbsp;&nbsp;&nbsp;30 months -- 5 years: N<br>&nbsp;&nbsp;&nbsp;&nbsp;Preschool: Y<br>&nbsp;&nbsp;&nbsp;&nbsp;Grade 1 - Age 12: Y<br>
292,Licensed Group,Teddy Bear Preschool,6355 Bendixon Rd,,Prince George,V2N 5V5,53.841907,-122.632331,250-963-8214,,,N,N,N,N,N,N,N,N,N,N,N,N,N,N,N,N,N,,,N,N,N,N,N,N,N,N,N,Y,N,2026-04-30,http://www.healthspace.ca/Clients/NHA/NHA_Website.nsf/CCFL-Frameset,N,N,N,Teddy Bear Preschool<br>Licensed Group<br>250-963-8214<br><br>Vacancy:<br>&nbsp;&nbsp;&nbsp;&nbsp;<36 months: N<br>&nbsp;&nbsp;&nbsp;&nbsp;30 months -- 5 years: N<br>&nbsp;&nbsp;&nbsp;&nbsp;Preschool: Y<br>&nbsp;&nbsp;&nbsp;&nbsp;Grade 1 - Age 12: N<br>
293,Licensed Group,Hand In Hand - Terry Fox Elementary,3071 Babich St,,Abbotsford,V2S 5W5,49.057742,-122.301963,604-859-1843,,,N,N,N,N,N,N,N,N,N,N,N,N,N,N,N,N,N,,,N,N,N,N,N,N,N,N,N,N,N,2026-05-06,http://www.healthspace.ca/fha/childcare,N,Y,N,Hand In Hand - Terry Fox Elementary<br>Licensed Group<br>604-859-1843<br><br>Vacancy:<br>&nbsp;&nbsp;&nbsp;&nbsp;<36 months: N<br>&nbsp;&nbsp;&nbsp;&nbsp;30 months -- 5 years: N<br>&nbsp;&nbsp;&nbsp;&nbsp;Preschool: N<br>&nbsp;&nbsp;&nbsp;&nbsp;Grade 1 - Age 12: N<br>
294,Licensed Group,Hand In Hand - Blue Jay Elementary,30995 Southern Dr,,Abbotsford,V2T 6X5,49.058186,-122.367282,604-859-1843,,,N,N,N,N,N,N,N,N,N,N,N,N,N,N,N,N,N,,,N,N,N,N,N,N,N,N,N,N,N,2026-05-06,http://www.healthspace.ca/fha/childcare,N,Y,N,Hand In Hand - Blue Jay Elementary<br>Licensed Group<br>604-859-1843<br><br>Vacancy:<br>&nbsp;&nbsp;&nbsp;&nbsp;<36 months: N<br>&nbsp;&nbsp;&nbsp;&nbsp;30 months -- 5 years: N<br>&nbsp;&nbsp;&nbsp;&nbsp;Preschool: N<br>&nbsp;&nbsp;&nbsp;&nbsp;Grade 1 - Age 12: N<br>
295,Licensed Group,Hand In Hand - Centennial Park Elementary,2527 Gladwin Rd,,Abbotsford,V2T 3N8,49.047948,-122.316749,604-859-1843,,,N,N,N,N,N,N,N,N,N,N,N,N,N,N,N,N,N,,,N,N,N,N,N,N,N,N,N,N,N,2026-05-06,http://www.healthspace.ca/fha/childcare,N,Y,N,Hand In Hand - Centennial Park Elementary<br>Licensed Group<br>604-859-1843<br><br>Vacancy:<br>&nbsp;&nbsp;&nbsp;&nbsp;<36 months: N<br>&nbsp;&nbsp;&nbsp;&nbsp;30 months -- 5 years: N<br>&nbsp;&nbsp;&nbsp;&nbsp;Preschool: N<br>&nbsp;&nbsp;&nbsp;&nbsp;Grade 1 - Age 12: N<br>
296,Licensed Group,Hand In Hand - Sandy Hill Elementary,3836 Old Clayburn Rd,,Abbotsford,V2T 4M7,49.071933,-122.247573,604-859-1843,,,N,N,N,N,N,N,N,N,N,N,N,N,N,N,N,N,N,,,N,N,N,N,N,N,N,N,N,N,N,2026-05-06,http://www.healthspace.ca/fha/childcare,N,Y,N,Hand In Hand - Sandy Hill Elementary<br>Licensed Group<br>604-859-1843<br><br>Vacancy:<br>&nbsp;&nbsp;&nbsp;&nbsp;<36 months: N<br>&nbsp;&nbsp;&nbsp;&nbsp;30 months -- 5 years: N<br>&nbsp;&nbsp;&nbsp;&nbsp;Preschool: N<br>&nbsp;&nbsp;&nbsp;&nbsp;Grade 1 - Age 12: N<br>
297,Licensed Group,Hand In Hand - North Poplar Elementary,32041 Marshall Rd,,Abbotsford,V2T 1A2,49.038836,-122.335878,604-859-1843,,,N,N,N,N,N,N,N,N,N,N,N,N,N,N,N,N,N,,,N,N,N,N,N,N,N,N,N,N,N,2026-05-06,http://www.healthspace.ca/fha/childcare,N,Y,N,Hand In Hand - North Poplar Elementary<br>Licensed Group<br>604-859-1843<br><br>Vacancy:<br>&nbsp;&nbsp;&nbsp;&nbsp;<36 months: N<br>&nbsp;&nbsp;&nbsp;&nbsp;30 months -- 5 years: N<br>&nbsp;&nbsp;&nbsp;&nbsp;Preschool: N<br>&nbsp;&nbsp;&nbsp;&nbsp;Grade 1 - Age 12: N<br>
298,Licensed Group,Hand In Hand - Prince Charles Elementary,35410 mckee Rd,,Abbotsford,V3G 3B1,49.064392,-122.242934,604-859-1843,,,N,N,N,N,N,N,N,N,N,N,N,N,N,N,N,N,N,,,N,N,N,N,N,N,N,N,Y,N,N,2026-05-06,http://www.healthspace.ca/fha/childcare,N,Y,N,Hand In Hand - Prince Charles Elementary<br>Licensed Group<br>604-859-1843<br><br>Vacancy:<br>&nbsp;&nbsp;&nbsp;&nbsp;<36 months: N<br>&nbsp;&nbsp;&nbsp;&nbsp;30 months -- 5 years: Y<br>&nbsp;&nbsp;&nbsp;&nbsp;Preschool: N<br>&nbsp;&nbsp;&nbsp;&nbsp;Grade 1 - Age 12: N<br>
299,Licensed Group,Hand In Hand - Godson Elementary,33130 Bevan Ave,,Abbotsford,V2S 1T6,49.041016,-122.306584,604-859-1843,,,N,N,N,N,N,N,N,N,N,N,N,N,N,N,N,N,N,,,N,N,N,N,N,N,N,N,N,N,Y,2026-05-06,http://www.healthspace.ca/fha/childcare,N,Y,N,Hand In Hand - Godson Elementary<br>Licensed Group<br>604-859-1843<br><br>Vacancy:<br>&nbsp;&nbsp;&nbsp;&nbsp;<36 months: N<br>&nbsp;&nbsp;&nbsp;&nbsp;30 months -- 5 years: N<br>&nbsp;&nbsp;&nbsp;&nbsp;Preschool: N<br>&nbsp;&nbsp;&nbsp;&nbsp;Grade 1 - Age 12: Y<br>
300,Licensed Group,Hand In Hand - John Maclure Elementary,2990 Oriole Cres,,Abbotsford,V2T 4C9,49.056257,-122.319307,604-852-1622,,,N,N,N,N,N,N,N,N,N,N,N,N,N,N,N,N,N,,,N,N,N,N,N,N,N,N,N,N,N,2026-05-06,http://www.healthspace.ca/fha/childcare,N,Y,N,Hand In Hand - John Maclure Elementary<br>Licensed Group<br>604-852-1622<br><br>Vacancy:<br>&nbsp;&nbsp;&nbsp;&nbsp;<36 months: N<br>&nbsp;&nbsp;&nbsp;&nbsp;30 months -- 5 years: N<br>&nbsp;&nbsp;&nbsp;&nbsp;Preschool: N<br>&nbsp;&nbsp;&nbsp;&nbsp;Grade 1 - Age 12: N<br>
301,Licensed Group,Bright Angels Childrens Centre,14219 88Th Ave,,Surrey,V3W 3L5,49.162983,-122.828442,604-599-1943,,,N,N,N,N,N,N,N,N,N,N,N,N,N,N,N,N,N,,,N,N,N,N,N,N,N,N,N,Y,Y,2026-04-23,http://www.healthspace.ca/fha/childcare,N,Y,N,Bright Angels Childrens Centre<br>Licensed Group<br>604-599-1943<br><br>Vacancy:<br>&nbsp;&nbsp;&nbsp;&nbsp;<36 months: N<br>&nbsp;&nbsp;&nbsp;&nbsp;30 months -- 5 years: N<br>&nbsp;&nbsp;&nbsp;&nbsp;Preschool: Y<br>&nbsp;&nbsp;&nbsp;&nbsp;Grade 1 - Age 12: Y<br>
302,Licensed Group,Braun-Tasaurus Preschool,2087 Majestic Cres,,Abbotsford,V2T 3E9,49.039532,-122.323492,604-854-5963,,,N,N,N,N,N,N,N,N,N,N,N,N,N,N,N,N,N,,,N,N,N,N,N,N,N,N,N,N,N,2026-04-29,http://www.healthspace.ca/fha/childcare,N,Y,N,Braun-Tasaurus Preschool<br>Licensed Group<br>604-854-5963<br><br>Vacancy:<br>&nbsp;&nbsp;&nbsp;&nbsp;<36 months: N<br>&nbsp;&nbsp;&nbsp;&nbsp;30 months -- 5 years: N<br>&nbsp;&nbsp;&nbsp;&nbsp;Preschool: N<br>&nbsp;&nbsp;&nbsp;&nbsp;Grade 1 - Age 12: N<br>
303,Licensed Group,Dharma Kids Centre,3821 Piper Ave,,Burnaby,V5A 3B2,49.249888,-122.935675,604-420-2604,,,N,N,N,N,N,N,N,N,N,N,N,N,N,N,N,N,N,,,N,N,N,N,N,N,N,N,N,Y,N,2026-05-15,http://www.healthspace.ca/fha/childcare,N,Y,N,Dharma Kids Centre<br>Licensed Group<br>604-420-2604<br><br>Vacancy:<br>&nbsp;&nbsp;&nbsp;&nbsp;<36 months: N<br>&nbsp;&nbsp;&nbsp;&nbsp;30 months -- 5 years: N<br>&nbsp;&nbsp;&nbsp;&nbsp;Preschool: Y<br>&nbsp;&nbsp;&nbsp;&nbsp;Grade 1 - Age 12: N<br>
304,Licensed Group,Acorn Early Education Centre,1525 Taylor Way,,West Vancouver,V7S 1N5,49.338533,-123.135816,604-922-2933,,,N,N,N,N,N,N,N,N,N,N,N,N,N,N,N,N,N,,,N,N,N,N,N,N,N,N,Y,N,N,2026-05-21,https://inspections.vcha.ca/ChildCare/Table,N,Y,Y,Acorn Early Education Centre<br>Licensed Group<br>604-922-2933<br><br>Vacancy:<br>&nbsp;&nbsp;&nbsp;&nbsp;<36 months: N<br>&nbsp;&nbsp;&nbsp;&nbsp;30 months -- 5 years: Y<br>&nbsp;&nbsp;&nbsp;&nbsp;Preschool: N<br>&nbsp;&nbsp;&nbsp;&nbsp;Grade 1 - Age 12: N<br>
305,Licensed Group,Kids Link Out Of School Care,7502  2Nd St,,Burnaby,V3N 3R5,49.227801,-122.92671,604-889-1092,,,N,N,N,N,N,N,N,N,N,N,N,N,N,N,N,N,N,,,N,N,N,N,N,N,N,N,Y,N,Y,2026-04-15,http://www.healthspace.ca/fha/childcare,N,Y,N,Kids Link Out Of School Care<br>Licensed Group<br>604-889-1092<br><br>Vacancy:<br>&nbsp;&nbsp;&nbsp;&nbsp;<36 months: N<br>&nbsp;&nbsp;&nbsp;&nbsp;30 months -- 5 years: Y<br>&nbsp;&nbsp;&nbsp;&nbsp;Preschool: N<br>&nbsp;&nbsp;&nbsp;&nbsp;Grade 1 - Age 12: Y<br>
306,Licensed Group,Unbc Child Care,3333 University Way,,Prince George,V2N 4Z9,53.887586,-122.813939,250-960-5720,,,N,N,N,N,N,N,N,N,N,N,N,N,N,N,N,N,N,,,N,N,N,N,N,N,N,N,N,N,N,2026-04-20,https://www.healthspace.ca/Clients/NHA/NHA_Website.nsf/CCFL-Frameset,N,Y,N,Unbc Child Care<br>Licensed Group<br>250-960-5720<br><br>Vacancy:<br>&nbsp;&nbsp;&nbsp;&nbsp;<36 months: N<br>&nbsp;&nbsp;&nbsp;&nbsp;30 months -- 5 years: N<br>&nbsp;&nbsp;&nbsp;&nbsp;Preschool: N<br>&nbsp;&nbsp;&nbsp;&nbsp;Grade 1 - Age 12: N<br>
307,Licensed Group,The Little Red School House,1365 Beaver Point Rd,,Salt Spring Island,V8K 1W9,48.76962,-123.404676,250-653-4343,,,N,N,N,N,N,N,N,N,N,N,N,N,N,N,N,N,N,,,N,N,N,N,N,N,N,N,N,N,N,2026-04-24,https://www.healthspace.ca/clients/viha/viha_website.nsf/CCFL-Main?OpenView,N,Y,N,The Little Red School House<br>Licensed Group<br>250-653-4343<br><br>Vacancy:<br>&nbsp;&nbsp;&nbsp;&nbsp;<36 months: N<br>&nbsp;&nbsp;&nbsp;&nbsp;30 months -- 5 years: N<br>&nbsp;&nbsp;&nbsp;&nbsp;Preschool: N<br>&nbsp;&nbsp;&nbsp;&nbsp;Grade 1 - Age 12: N<br>
308,Licensed Group,Nanoose Children's Centre,2925 N.W. Bay Rd,,Nanoose Bay,V9P 9J9,49.272488,-124.19181,250-468-1784,,,N,N,N,N,N,N,N,N,N,N,N,N,N,N,N,N,N,,,N,N,N,N,N,N,N,Y,Y,Y,N,2026-05-19,https://www.healthspace.ca/clients/viha/viha_website.nsf/CCFL-Main?OpenView,N,Y,N,Nanoose Children's Centre<br>Licensed Group<br>250-468-1784<br><br>Vacancy:<br>&nbsp;&nbsp;&nbsp;&nbsp;<36 months: Y<br>&nbsp;&nbsp;&nbsp;&nbsp;30 months -- 5 years: Y<br>&nbsp;&nbsp;&nbsp;&nbsp;Preschool: Y<br>&nbsp;&nbsp;&nbsp;&nbsp;Grade 1 - Age 12: N<br>
309,Licensed Group,Red Balloon Daycare #1,2648 Alhambra Dr,,West Kelowna,V1Z 2Z3,49.861855,-119.567178,250-769-7052,,,N,N,N,N,N,N,N,N,N,N,N,N,N,N,N,N,N,,,N,N,N,N,N,N,N,N,Y,N,N,2026-05-01,https://hedgehogportal.interiorhealth.ca/ChildCare/Map,N,Y,N,Red Balloon Daycare #1<br>Licensed Group<br>250-769-7052<br><br>Vacancy:<br>&nbsp;&nbsp;&nbsp;&nbsp;<36 months: N<br>&nbsp;&nbsp;&nbsp;&nbsp;30 months -- 5 years: Y<br>&nbsp;&nbsp;&nbsp;&nbsp;Preschool: N<br>&nbsp;&nbsp;&nbsp;&nbsp;Grade 1 - Age 12: N<br>
310,Licensed Group,Neverland Children's Centre,3900 Arthur Dr,,Delta,V4K 3N5,49.074808,-123.078878,604-940-4131,,,N,N,N,N,N,N,N,N,N,N,N,N,N,N,N,N,N,,,N,N,N,N,N,N,N,N,N,N,N,2026-05-19,http://www.healthspace.ca/fha/childcare,N,Y,N,Neverland Children's Centre<br>Licensed Group<br>604-940-4131<br><br>Vacancy:<br>&nbsp;&nbsp;&nbsp;&nbsp;<36 months: N<br>&nbsp;&nbsp;&nbsp;&nbsp;30 months -- 5 years: N<br>&nbsp;&nbsp;&nbsp;&nbsp;Preschool: N<br>&nbsp;&nbsp;&nbsp;&nbsp;Grade 1 - Age 12: N<br>
311,Licensed Group,Wibble Wobble Childcare - Fairfield,46326 Strathcona Rd,,Chilliwack,V2P 3T3,49.186544,-121.943165,604-793-9300,,,N,N,N,N,N,N,N,N,N,N,N,N,N,N,N,N,N,,,N,N,N,N,N,N,N,N,N,N,N,2026-05-18,http://www.healthspace.ca/fha/childcare,N,Y,N,Wibble Wobble Childcare - Fairfield<br>Licensed Group<br>604-793-9300<br><br>Vacancy:<br>&nbsp;&nbsp;&nbsp;&nbsp;<36 months: N<br>&nbsp;&nbsp;&nbsp;&nbsp;30 months -- 5 years: N<br>&nbsp;&nbsp;&nbsp;&nbsp;Preschool: N<br>&nbsp;&nbsp;&nbsp;&nbsp;Grade 1 - Age 12: N<br>
312,Licensed Group,Little Willows Dewdney Church,23500 Dewdney Trunk Rd,,Maple Ridge,V2X 3L8,49.219926,-122.569936,604-463-4882,,,N,N,N,N,N,N,N,N,N,N,N,N,N,N,N,N,N,,,N,N,N,N,N,N,N,N,N,N,N,2026-04-06,http://www.healthspace.ca/fha/childcare,N,Y,N,Little Willows Dewdney Church<br>Licensed Group<br>604-463-4882<br><br>Vacancy:<br>&nbsp;&nbsp;&nbsp;&nbsp;<36 months: N<br>&nbsp;&nbsp;&nbsp;&nbsp;30 months -- 5 years: N<br>&nbsp;&nbsp;&nbsp;&nbsp;Preschool: N<br>&nbsp;&nbsp;&nbsp;&nbsp;Grade 1 - Age 12: N<br>
313,Licensed Group,Little Willows Dewdney House,23550 Dewdney Trunk Rd,,Maple Ridge,V2X 3L8,49.220132,-122.569249,604-463-4919,,,N,N,N,N,N,N,N,N,N,N,N,N,N,N,N,N,N,,,N,N,N,N,N,N,N,Y,N,N,N,2026-04-06,http://www.healthspace.ca/fha/childcare,N,Y,N,Little Willows Dewdney House<br>Licensed Group<br>604-463-4919<br><br>Vacancy:<br>&nbsp;&nbsp;&nbsp;&nbsp;<36 months: Y<br>&nbsp;&nbsp;&nbsp;&nbsp;30 months -- 5 years: N<br>&nbsp;&nbsp;&nbsp;&nbsp;Preschool: N<br>&nbsp;&nbsp;&nbsp;&nbsp;Grade 1 - Age 12: N<br>
314,Licensed Group,Bethany Child Care Centre,22680 Westminster Hwy,,Richmond,V6V 1B7,49.173134,-122.969502,604-519-0133,,,N,N,N,N,N,N,N,N,N,N,N,N,N,N,N,N,N,,,N,N,N,N,N,N,N,N,N,N,N,2026-04-30,https://inspections.vcha.ca/ChildCare/Table,N,Y,N,Bethany Child Care Centre<br>Licensed Group<br>604-519-0133<br><br>Vacancy:<br>&nbsp;&nbsp;&nbsp;&nbsp;<36 months: N<br>&nbsp;&nbsp;&nbsp;&nbsp;30 months -- 5 years: N<br>&nbsp;&nbsp;&nbsp;&nbsp;Preschool: N<br>&nbsp;&nbsp;&nbsp;&nbsp;Grade 1 - Age 12: N<br>
315,Licensed Group,Sardis Children's Centre Society,45795 Manuel Rd,,Chilliwack,V2R 4E1,49.129874,-121.958093,604-858-3922,,,Y,N,N,N,N,N,N,Y,Y,Y,Y,N,N,N,N,N,N,Not offered,Include in fee,Y,Y,N,N,N,Y,N,N,N,N,N,2026-05-04,http://www.healthspace.ca/fha/childcare,N,Y,N,Sardis Children's Centre Society<br>Licensed Group<br>604-858-3922<br><br>Vacancy:<br>&nbsp;&nbsp;&nbsp;&nbsp;<36 months: N<br>&nbsp;&nbsp;&nbsp;&nbsp;30 months -- 5 years: N<br>&nbsp;&nbsp;&nbsp;&nbsp;Preschool: N<br>&nbsp;&nbsp;&nbsp;&nbsp;Grade 1 - Age 12: N<br>
316,Licensed Group,Carrot Seed Preschool Ltd.,813 Claremont Ave,,Victoria,V8Y 1J9,48.517412,-123.377286,250-658-2331,,,N,N,N,N,N,N,N,N,N,N,N,N,N,N,N,N,N,,,N,N,N,N,N,N,N,N,N,N,N,2026-05-04,https://www.healthspace.ca/clients/viha/viha_website.nsf/CCFL-Main?OpenView,N,Y,N,Carrot Seed Preschool Ltd.<br>Licensed Group<br>250-658-2331<br><br>Vacancy:<br>&nbsp;&nbsp;&nbsp;&nbsp;<36 months: N<br>&nbsp;&nbsp;&nbsp;&nbsp;30 months -- 5 years: N<br>&nbsp;&nbsp;&nbsp;&nbsp;Preschool: N<br>&nbsp;&nbsp;&nbsp;&nbsp;Grade 1 - Age 12: N<br>
317,Licensed Group,The Briar Patch Child Care Centre,7012 Vedder Rd,,Chilliwack,V2R 4E1,49.130397,-121.95984,604-858-2307,,,N,N,N,N,N,N,N,N,N,N,N,N,N,N,N,N,N,,,N,N,N,N,N,N,N,N,N,N,Y,2026-05-15,http://www.healthspace.ca/fha/childcare,N,Y,N,The Briar Patch Child Care Centre<br>Licensed Group<br>604-858-2307<br><br>Vacancy:<br>&nbsp;&nbsp;&nbsp;&nbsp;<36 months: N<br>&nbsp;&nbsp;&nbsp;&nbsp;30 months -- 5 years: N<br>&nbsp;&nbsp;&nbsp;&nbsp;Preschool: N<br>&nbsp;&nbsp;&nbsp;&nbsp;Grade 1 - Age 12: Y<br>
318,Licensed Group,Little Legacies - Cilaire,25 Cilaire Dr,,Nanaimo,V9S 3C9,49.192473,-123.965788,250-667-2882,,,N,N,N,N,N,N,N,N,N,N,N,N,N,N,N,N,N,,,N,N,N,N,N,N,N,N,N,N,Y,2026-05-06,https://www.healthspace.ca/clients/viha/viha_website.nsf/CCFL-Main?OpenView,N,Y,N,Little Legacies - Cilaire<br>Licensed Group<br>250-667-2882<br><br>Vacancy:<br>&nbsp;&nbsp;&nbsp;&nbsp;<36 months: N<br>&nbsp;&nbsp;&nbsp;&nbsp;30 months -- 5 years: N<br>&nbsp;&nbsp;&nbsp;&nbsp;Preschool: N<br>&nbsp;&nbsp;&nbsp;&nbsp;Grade 1 - Age 12: Y<br>
319,Licensed Group,Little Legacies - Pauline Haarer,400 Campbell St,,Nanaimo,V9R 3G7,49.169055,-123.943282,250-667-2882,,,N,N,N,N,N,N,N,N,N,N,N,N,N,N,N,N,N,,,N,N,N,N,N,N,N,N,N,N,N,2026-05-06,https://www.healthspace.ca/clients/viha/viha_website.nsf/CCFL-Main?OpenView,N,Y,N,Little Legacies - Pauline Haarer<br>Licensed Group<br>250-667-2882<br><br>Vacancy:<br>&nbsp;&nbsp;&nbsp;&nbsp;<36 months: N<br>&nbsp;&nbsp;&nbsp;&nbsp;30 months -- 5 years: N<br>&nbsp;&nbsp;&nbsp;&nbsp;Preschool: N<br>&nbsp;&nbsp;&nbsp;&nbsp;Grade 1 - Age 12: N<br>
320,Licensed Group,Little Legacies - Frank J Ney,5301 Williamson Rd,,Nanaimo,V9V 1L1,49.234811,-123.990936,250-667-2882,,,N,N,N,N,N,N,N,N,N,N,N,N,N,N,N,N,N,,,N,N,N,N,N,N,N,N,N,N,Y,2026-05-06,https://www.healthspace.ca/clients/viha/viha_website.nsf/CCFL-Main?OpenView,N,Y,N,Little Legacies - Frank J Ney<br>Licensed Group<br>250-667-2882<br><br>Vacancy:<br>&nbsp;&nbsp;&nbsp;&nbsp;<36 months: N<br>&nbsp;&nbsp;&nbsp;&nbsp;30 months -- 5 years: N<br>&nbsp;&nbsp;&nbsp;&nbsp;Preschool: N<br>&nbsp;&nbsp;&nbsp;&nbsp;Grade 1 - Age 12: Y<br>
321,Licensed Group,Little Legacies - Departure Bay,3004 Departure Bay Rd,,Nanaimo,V9T 1B4,49.207958,-123.974981,250-667-2882,,,N,N,N,N,N,N,N,N,N,N,N,N,N,N,N,N,N,,,N,N,N,N,N,N,N,N,N,N,Y,2026-05-06,https://www.healthspace.ca/clients/viha/viha_website.nsf/CCFL-Main?OpenView,N,Y,N,Little Legacies - Departure Bay<br>Licensed Group<br>250-667-2882<br><br>Vacancy:<br>&nbsp;&nbsp;&nbsp;&nbsp;<36 months: N<br>&nbsp;&nbsp;&nbsp;&nbsp;30 months -- 5 years: N<br>&nbsp;&nbsp;&nbsp;&nbsp;Preschool: N<br>&nbsp;&nbsp;&nbsp;&nbsp;Grade 1 - Age 12: Y<br>
322,Licensed Group,Delta Funtime Out Of School Care,9316 116 St,,Delta,V4C 5W9,49.172354,-122.901181,604-584-5452,,,N,N,N,N,N,N,N,N,N,N,N,N,N,N,N,N,N,,,N,N,N,N,N,N,N,N,Y,N,Y,2026-05-08,http://www.healthspace.ca/fha/childcare,N,Y,N,Delta Funtime Out Of School Care<br>Licensed Group<br>604-584-5452<br><br>Vacancy:<br>&nbsp;&nbsp;&nbsp;&nbsp;<36 months: N<br>&nbsp;&nbsp;&nbsp;&nbsp;30 months -- 5 years: Y<br>&nbsp;&nbsp;&nbsp;&nbsp;Preschool: N<br>&nbsp;&nbsp;&nbsp;&nbsp;Grade 1 - Age 12: Y<br>
323,Licensed Group,Kwadacha Daycare,136 Davie Drive,,Fort Ware,V0J 3B0,57.422527,-125.629557,250-471-2002,,,N,N,N,N,N,N,N,N,N,N,N,N,N,N,N,N,N,,,N,N,N,N,N,N,N,Y,Y,N,N,2026-04-01,https://www.healthspace.ca/Clients/NHA/NHA_Website.nsf/CCFL-Frameset,N,N,N,Kwadacha Daycare<br>Licensed Group<br>250-471-2002<br><br>Vacancy:<br>&nbsp;&nbsp;&nbsp;&nbsp;<36 months: Y<br>&nbsp;&nbsp;&nbsp;&nbsp;30 months -- 5 years: Y<br>&nbsp;&nbsp;&nbsp;&nbsp;Preschool: N<br>&nbsp;&nbsp;&nbsp;&nbsp;Grade 1 - Age 12: N<br>
324,Licensed Group,Glenmore Recreation After School Program,239 Snowsell St,,Kelowna,V1V 2E4,49.923107,-119.441101,250-763-6343,,,N,N,N,N,N,N,N,N,N,N,N,N,N,N,N,N,N,,,N,N,N,N,N,N,N,N,N,N,N,2026-05-01,https://hedgehogportal.interiorhealth.ca/ChildCare/Map,N,Y,N,Glenmore Recreation After School Program<br>Licensed Group<br>250-763-6343<br><br>Vacancy:<br>&nbsp;&nbsp;&nbsp;&nbsp;<36 months: N<br>&nbsp;&nbsp;&nbsp;&nbsp;30 months -- 5 years: N<br>&nbsp;&nbsp;&nbsp;&nbsp;Preschool: N<br>&nbsp;&nbsp;&nbsp;&nbsp;Grade 1 - Age 12: N<br>
325,Licensed Group,View Royal Childcare Ltd.,279 Island Hwy,,Victoria,V9B 1G4,48.453859,-123.438472,250-479-8067,,,N,N,N,N,N,N,N,N,N,N,N,N,N,N,N,N,N,,,N,N,N,N,N,N,N,N,Y,N,N,2026-05-13,https://www.healthspace.ca/clients/viha/viha_website.nsf/CCFL-Main?OpenView,N,Y,N,View Royal Childcare Ltd.<br>Licensed Group<br>250-479-8067<br><br>Vacancy:<br>&nbsp;&nbsp;&nbsp;&nbsp;<36 months: N<br>&nbsp;&nbsp;&nbsp;&nbsp;30 months -- 5 years: Y<br>&nbsp;&nbsp;&nbsp;&nbsp;Preschool: N<br>&nbsp;&nbsp;&nbsp;&nbsp;Grade 1 - Age 12: N<br>
326,Licensed Group,For The Kids Daycare Centre,3770 Water Rd,,Kelowna,V1W 4G2,49.842817,-119.396387,250-762-3661,,,N,N,N,N,N,N,N,N,N,N,N,N,N,N,N,N,N,,,N,N,N,N,N,N,N,N,N,N,N,2026-05-12,https://hedgehogportal.interiorhealth.ca/ChildCare/Map,N,Y,N,For The Kids Daycare Centre<br>Licensed Group<br>250-762-3661<br><br>Vacancy:<br>&nbsp;&nbsp;&nbsp;&nbsp;<36 months: N<br>&nbsp;&nbsp;&nbsp;&nbsp;30 months -- 5 years: N<br>&nbsp;&nbsp;&nbsp;&nbsp;Preschool: N<br>&nbsp;&nbsp;&nbsp;&nbsp;Grade 1 - Age 12: N<br>
327,Licensed Group,Katie's Korner Infant/Toddler Center,840 Townsite Rd,,Nanaimo,V9S 1L7,49.177911,-123.959948,250-714-4555,,,N,N,N,N,N,N,N,N,N,N,N,N,N,N,N,N,N,,,N,N,N,N,N,N,N,N,N,N,N,2026-05-15,https://www.healthspace.ca/clients/viha/viha_website.nsf/CCFL-Main?OpenView,N,Y,N,Katie's Korner Infant/Toddler Center<br>Licensed Group<br>250-714-4555<br><br>Vacancy:<br>&nbsp;&nbsp;&nbsp;&nbsp;<36 months: N<br>&nbsp;&nbsp;&nbsp;&nbsp;30 months -- 5 years: N<br>&nbsp;&nbsp;&nbsp;&nbsp;Preschool: N<br>&nbsp;&nbsp;&nbsp;&nbsp;Grade 1 - Age 12: N<br>
328,Licensed Group,Rainforest Learning Centre Inc. – Langley,5100 206 St,,Langley,V3A 2E5,49.096,-122.650734,604-514-1566,,,N,N,N,N,N,N,N,N,N,N,N,N,N,N,N,N,N,,,N,N,N,N,N,N,N,N,N,N,N,2026-05-04,http://www.healthspace.ca/fha/childcare,N,Y,N,Rainforest Learning Centre Inc. – Langley<br>Licensed Group<br>604-514-1566<br><br>Vacancy:<br>&nbsp;&nbsp;&nbsp;&nbsp;<36 months: N<br>&nbsp;&nbsp;&nbsp;&nbsp;30 months -- 5 years: N<br>&nbsp;&nbsp;&nbsp;&nbsp;Preschool: N<br>&nbsp;&nbsp;&nbsp;&nbsp;Grade 1 - Age 12: N<br>
329,Licensed Group,Kelowna Christian School,3285 Gordon Dr,,Kelowna,V1W 3N4,49.858471,-119.471613,250-861-5432,,,N,N,N,N,N,N,N,N,N,N,N,N,N,N,N,N,N,,,N,N,N,N,N,N,N,N,Y,Y,Y,2026-05-06,https://hedgehogportal.interiorhealth.ca/ChildCare/Map,N,Y,N,Kelowna Christian School<br>Licensed Group<br>250-861-5432<br><br>Vacancy:<br>&nbsp;&nbsp;&nbsp;&nbsp;<36 months: N<br>&nbsp;&nbsp;&nbsp;&nbsp;30 months -- 5 years: Y<br>&nbsp;&nbsp;&nbsp;&nbsp;Preschool: Y<br>&nbsp;&nbsp;&nbsp;&nbsp;Grade 1 - Age 12: Y<br>
330,Licensed Group,Kid's Place Preschool,1515 Kingfisher Ave N,,Kitimat,V8C 1S5,54.062569,-128.627212,250-632-3144,,,N,N,N,N,N,N,N,N,N,N,N,N,N,N,N,N,N,,,N,N,N,N,N,N,N,N,N,N,N,2026-05-21,https://www.healthspace.ca/Clients/NHA/NHA_Website.nsf/CCFL-Frameset,N,Y,N,Kid's Place Preschool<br>Licensed Group<br>250-632-3144<br><br>Vacancy:<br>&nbsp;&nbsp;&nbsp;&nbsp;<36 months: N<br>&nbsp;&nbsp;&nbsp;&nbsp;30 months -- 5 years: N<br>&nbsp;&nbsp;&nbsp;&nbsp;Preschool: N<br>&nbsp;&nbsp;&nbsp;&nbsp;Grade 1 - Age 12: N<br>
331,Licensed Group,Hi And Bye Daycare,411 Schoolhouse St,,Coquitlam,V3K 4Y7,49.24591,-122.851239,604-318-9469,,,N,N,N,N,N,N,N,N,N,N,N,N,N,N,N,N,N,,,N,N,N,N,N,N,N,N,N,N,N,2026-05-11,http://www.healthspace.ca/fha/childcare,N,Y,N,Hi And Bye Daycare<br>Licensed Group<br>604-318-9469<br><br>Vacancy:<br>&nbsp;&nbsp;&nbsp;&nbsp;<36 months: N<br>&nbsp;&nbsp;&nbsp;&nbsp;30 months -- 5 years: N<br>&nbsp;&nbsp;&nbsp;&nbsp;Preschool: N<br>&nbsp;&nbsp;&nbsp;&nbsp;Grade 1 - Age 12: N<br>
332,Licensed Group,Cornerstone Early Learning Center,1920 Dunn St,,Kelowna,V1Y 4C3,49.879823,-119.463375,250-681-6884,,,N,N,N,N,N,N,N,N,N,N,N,N,N,N,N,N,N,,,N,N,N,N,N,N,N,N,N,N,N,2026-04-27,https://hedgehogportal.interiorhealth.ca/ChildCare/Map,N,Y,N,Cornerstone Early Learning Center<br>Licensed Group<br>250-681-6884<br><br>Vacancy:<br>&nbsp;&nbsp;&nbsp;&nbsp;<36 months: N<br>&nbsp;&nbsp;&nbsp;&nbsp;30 months -- 5 years: N<br>&nbsp;&nbsp;&nbsp;&nbsp;Preschool: N<br>&nbsp;&nbsp;&nbsp;&nbsp;Grade 1 - Age 12: N<br>
333,Licensed Group,The Enchanted Woodland Childcare Centre,1243 Nelson St,,Nanaimo,V9S 5J4,49.184815,-123.968838,250-741-1243,,,N,N,N,N,N,N,N,N,N,N,N,N,N,N,N,N,N,,,N,N,N,N,N,N,N,N,N,N,N,2026-05-12,https://www.healthspace.ca/clients/viha/viha_website.nsf/CCFL-Main?OpenView,N,Y,N,The Enchanted Woodland Childcare Centre<br>Licensed Group<br>250-741-1243<br><br>Vacancy:<br>&nbsp;&nbsp;&nbsp;&nbsp;<36 months: N<br>&nbsp;&nbsp;&nbsp;&nbsp;30 months -- 5 years: N<br>&nbsp;&nbsp;&nbsp;&nbsp;Preschool: N<br>&nbsp;&nbsp;&nbsp;&nbsp;Grade 1 - Age 12: N<br>
334,Licensed Group,Parkcrest Children's Centre,6040 Winch St,,Burnaby,V5B 2L2,49.26977,-122.976562,604-294-6224,,,N,N,N,N,N,N,N,N,N,N,N,N,N,N,N,N,N,,,N,N,N,N,N,N,N,N,N,N,N,2026-05-01,http://www.healthspace.ca/fha/childcare,N,Y,N,Parkcrest Children's Centre<br>Licensed Group<br>604-294-6224<br><br>Vacancy:<br>&nbsp;&nbsp;&nbsp;&nbsp;<36 months: N<br>&nbsp;&nbsp;&nbsp;&nbsp;30 months -- 5 years: N<br>&nbsp;&nbsp;&nbsp;&nbsp;Preschool: N<br>&nbsp;&nbsp;&nbsp;&nbsp;Grade 1 - Age 12: N<br>
335,Licensed Group,Smun'eem Head Start Daycare,11310 Clam Bay Rd N,,Chemainus,V0R 1K6,48.970532,-123.657571,250-246-9348,,,N,N,N,N,N,N,N,N,N,N,N,N,N,N,N,N,N,,,N,N,N,N,N,N,N,Y,Y,N,N,2026-04-30,,N,N,N,Smun'eem Head Start Daycare<br>Licensed Group<br>250-246-9348<br><br>Vacancy:<br>&nbsp;&nbsp;&nbsp;&nbsp;<36 months: Y<br>&nbsp;&nbsp;&nbsp;&nbsp;30 months -- 5 years: Y<br>&nbsp;&nbsp;&nbsp;&nbsp;Preschool: N<br>&nbsp;&nbsp;&nbsp;&nbsp;Grade 1 - Age 12: N<br>
336,Licensed Group,Westwood Montessori,1438 Pinetree Way,,Coquitlam,V3E 2T6,49.301137,-122.785224,604-765-0966,,,N,N,N,N,N,N,N,N,N,N,N,N,N,N,N,N,N,,,N,N,N,N,N,N,N,N,N,N,N,2026-05-08,http://www.healthspace.ca/fha/childcare,N,Y,N,Westwood Montessori<br>Licensed Group<br>604-765-0966<br><br>Vacancy:<br>&nbsp;&nbsp;&nbsp;&nbsp;<36 months: N<br>&nbsp;&nbsp;&nbsp;&nbsp;30 months -- 5 years: N<br>&nbsp;&nbsp;&nbsp;&nbsp;Preschool: N<br>&nbsp;&nbsp;&nbsp;&nbsp;Grade 1 - Age 12: N<br>
337,Licensed Group,Teeter Tots Early Learning Centre,7201 Domano Blvd,,Prince George,V2N 5E1,53.860541,-122.76746,250-964-2744,,,N,N,N,N,N,N,N,N,N,N,N,N,N,N,N,N,N,,,N,N,N,N,N,N,N,N,N,N,Y,2026-05-15,https://www.healthspace.ca/Clients/NHA/NHA_Website.nsf/CCFL-Frameset,N,Y,N,Teeter Tots Early Learning Centre<br>Licensed Group<br>250-964-2744<br><br>Vacancy:<br>&nbsp;&nbsp;&nbsp;&nbsp;<36 months: N<br>&nbsp;&nbsp;&nbsp;&nbsp;30 months -- 5 years: N<br>&nbsp;&nbsp;&nbsp;&nbsp;Preschool: N<br>&nbsp;&nbsp;&nbsp;&nbsp;Grade 1 - Age 12: Y<br>
338,Licensed Group,Saik'uz Daycare,133 Joseph St,,Vanderhoof,V0J 3A0,53.944141,-124.114911,250-567-2122,,,N,N,N,N,N,N,N,N,N,N,N,N,N,N,N,N,N,,,N,N,N,N,N,N,N,N,N,N,N,2026-03-16,https://www.healthspace.ca/Clients/NHA/NHA_Website.nsf/CCFL-Frameset,N,Y,N,Saik'uz Daycare<br>Licensed Group<br>250-567-2122<br><br>Vacancy:<br>&nbsp;&nbsp;&nbsp;&nbsp;<36 months: N<br>&nbsp;&nbsp;&nbsp;&nbsp;30 months -- 5 years: N<br>&nbsp;&nbsp;&nbsp;&nbsp;Preschool: N<br>&nbsp;&nbsp;&nbsp;&nbsp;Grade 1 - Age 12: N<br>
339,Licensed Group,Seabird Island Early Childhood Centre Of Excellence,8250 Charles Dr,,Agassiz,V0M 1A0,49.253914,-121.735689,604-796-6855,,,N,N,N,N,N,N,N,N,N,N,N,N,N,N,N,N,N,,,N,N,N,N,N,N,N,N,Y,N,N,2026-05-13,http://www.healthspace.ca/fha/childcare,N,N,N,Seabird Island Early Childhood Centre Of Excellence<br>Licensed Group<br>604-796-6855<br><br>Vacancy:<br>&nbsp;&nbsp;&nbsp;&nbsp;<36 months: N<br>&nbsp;&nbsp;&nbsp;&nbsp;30 months -- 5 years: Y<br>&nbsp;&nbsp;&nbsp;&nbsp;Preschool: N<br>&nbsp;&nbsp;&nbsp;&nbsp;Grade 1 - Age 12: N<br>
340,Licensed Group,Seaview Child Care Centre,14633 16 Ave,,Surrey,V4A 1R4,49.031358,-122.816487,604-536-5772,,,N,N,N,N,N,N,N,N,N,N,N,N,N,N,N,N,N,,,N,N,N,N,N,N,N,N,N,N,N,2026-04-21,http://www.healthspace.ca/fha/childcare,N,Y,N,Seaview Child Care Centre<br>Licensed Group<br>604-536-5772<br><br>Vacancy:<br>&nbsp;&nbsp;&nbsp;&nbsp;<36 months: N<br>&nbsp;&nbsp;&nbsp;&nbsp;30 months -- 5 years: N<br>&nbsp;&nbsp;&nbsp;&nbsp;Preschool: N<br>&nbsp;&nbsp;&nbsp;&nbsp;Grade 1 - Age 12: N<br>
341,Licensed Group,Shawnigan Lake Community Centre Childcare,1801 Shawnigan Mill Bay Rd,,Shawnigan Lake,V0R 2W0,48.65437,-123.624824,250-743-1433,,,N,N,N,N,N,N,N,N,N,N,N,N,N,N,N,N,N,,,N,N,N,N,N,N,N,N,N,Y,N,2026-04-15,https://www.healthspace.ca/clients/viha/viha_website.nsf/CCFL-Main?OpenView,N,Y,N,Shawnigan Lake Community Centre Childcare<br>Licensed Group<br>250-743-1433<br><br>Vacancy:<br>&nbsp;&nbsp;&nbsp;&nbsp;<36 months: N<br>&nbsp;&nbsp;&nbsp;&nbsp;30 months -- 5 years: N<br>&nbsp;&nbsp;&nbsp;&nbsp;Preschool: Y<br>&nbsp;&nbsp;&nbsp;&nbsp;Grade 1 - Age 12: N<br>
342,Licensed Group,Chilliwack Landing Preschool,620 Wellington Ave,,Chilliwack,V2P 6H7,49.176774,-121.970334,604-792-5337,,,Y,N,N,N,N,N,N,N,Y,N,N,N,N,N,N,N,Y,Extra fee,Include in fee,Y,N,Y,Y,N,Y,Y,N,N,N,N,2026-04-07,http://www.healthspace.ca/fha/childcare,N,Y,N,Chilliwack Landing Preschool<br>Licensed Group<br>604-792-5337<br><br>Vacancy:<br>&nbsp;&nbsp;&nbsp;&nbsp;<36 months: N<br>&nbsp;&nbsp;&nbsp;&nbsp;30 months -- 5 years: N<br>&nbsp;&nbsp;&nbsp;&nbsp;Preschool: N<br>&nbsp;&nbsp;&nbsp;&nbsp;Grade 1 - Age 12: N<br>
343,Licensed Group,New Denver Nursery School,604 7Th Avenue,,New Denver,V0G 1S0,49.992496,-117.370529,250-265-0420,,,N,N,N,N,N,N,N,N,N,N,N,N,N,N,N,N,N,,,N,N,N,N,N,N,N,N,N,Y,N,2026-04-25,https://hedgehogportal.interiorhealth.ca/ChildCare/Map,N,Y,N,New Denver Nursery School<br>Licensed Group<br>250-265-0420<br><br>Vacancy:<br>&nbsp;&nbsp;&nbsp;&nbsp;<36 months: N<br>&nbsp;&nbsp;&nbsp;&nbsp;30 months -- 5 years: N<br>&nbsp;&nbsp;&nbsp;&nbsp;Preschool: Y<br>&nbsp;&nbsp;&nbsp;&nbsp;Grade 1 - Age 12: N<br>
344,Licensed Group,Rompers Preschool,5151 Granville Ave,,Richmond,V7C 1E6,49.162796,-123.167649,604-238-8497,,,N,N,N,N,N,N,N,N,N,N,N,N,N,N,N,N,N,,,N,N,N,N,N,N,N,N,N,Y,N,2026-05-08,https://inspections.vcha.ca/ChildCare/Table,N,Y,N,Rompers Preschool<br>Licensed Group<br>604-238-8497<br><br>Vacancy:<br>&nbsp;&nbsp;&nbsp;&nbsp;<36 months: N<br>&nbsp;&nbsp;&nbsp;&nbsp;30 months -- 5 years: N<br>&nbsp;&nbsp;&nbsp;&nbsp;Preschool: Y<br>&nbsp;&nbsp;&nbsp;&nbsp;Grade 1 - Age 12: N<br>
345,Licensed Group,Sum Yaz Daycare,4708 Tl'azl'en Main,,Fort St. James,V0J 1P0,54.442501,-124.245796,250-648-3236,,,N,N,N,N,N,N,N,N,N,N,N,N,N,N,N,N,N,,,N,N,N,N,N,N,N,N,Y,N,N,2026-05-14,https://www.healthspace.ca/Clients/NHA/NHA_Website.nsf/CCFL-Frameset,N,Y,N,Sum Yaz Daycare<br>Licensed Group<br>250-648-3236<br><br>Vacancy:<br>&nbsp;&nbsp;&nbsp;&nbsp;<36 months: N<br>&nbsp;&nbsp;&nbsp;&nbsp;30 months -- 5 years: Y<br>&nbsp;&nbsp;&nbsp;&nbsp;Preschool: N<br>&nbsp;&nbsp;&nbsp;&nbsp;Grade 1 - Age 12: N<br>
346,Licensed Group,Panda Bear Children's Place On Falcon,1198 Falcon Dr,,Coquitlam,V3E 2M4,49.28422,-122.819247,604-862-1302,,,N,N,N,N,N,N,N,N,N,N,N,N,N,N,N,N,N,,,N,N,N,N,N,N,N,N,Y,N,N,2026-05-15,http://www.healthspace.ca/fha/childcare,N,Y,N,Panda Bear Children's Place On Falcon<br>Licensed Group<br>604-862-1302<br><br>Vacancy:<br>&nbsp;&nbsp;&nbsp;&nbsp;<36 months: N<br>&nbsp;&nbsp;&nbsp;&nbsp;30 months -- 5 years: Y<br>&nbsp;&nbsp;&nbsp;&nbsp;Preschool: N<br>&nbsp;&nbsp;&nbsp;&nbsp;Grade 1 - Age 12: N<br>
347,Licensed Group,Bee House Montessori Day Care I,7283 Nelson Ave,,Burnaby,V5J 4C2,49.217611,-122.994499,604-433-9769,,,N,N,N,N,N,N,N,N,N,N,N,N,N,N,N,N,N,,,N,N,N,N,N,N,N,N,N,N,N,2026-05-19,http://www.healthspace.ca/fha/childcare,N,Y,N,Bee House Montessori Day Care I<br>Licensed Group<br>604-433-9769<br><br>Vacancy:<br>&nbsp;&nbsp;&nbsp;&nbsp;<36 months: N<br>&nbsp;&nbsp;&nbsp;&nbsp;30 months -- 5 years: N<br>&nbsp;&nbsp;&nbsp;&nbsp;Preschool: N<br>&nbsp;&nbsp;&nbsp;&nbsp;Grade 1 - Age 12: N<br>
348,Licensed Group,Early Inquirers Preschool Ltd.,3175 Thompson Pl,,West Vancouver,V7V 3E3,49.343974,-123.203286,604-926-6836,,,,,,,,,,,,,,,,,,,,,,,,,,,,,,,,,,,Y,N,N,Early Inquirers Preschool Ltd.<br>Licensed Group<br>604-926-6836<br><br>Vacancy:<br>&nbsp;&nbsp;&nbsp;&nbsp;<36 months: None<br>&nbsp;&nbsp;&nbsp;&nbsp;30 months -- 5 years: None<br>&nbsp;&nbsp;&nbsp;&nbsp;Preschool: None<br>&nbsp;&nbsp;&nbsp;&nbsp;Grade 1 - Age 12: None<br>
349,Licensed Group,Cariboo Chilcotin Child Development Centre,690 Second Ave N,,Williams Lake,V2G 4C4,52.139327,-122.150434,250-392-4481,,,N,N,N,N,N,N,N,N,N,N,N,N,N,N,N,N,N,,,N,N,N,N,N,N,N,N,N,N,N,2026-05-01,https://hedgehogportal.interiorhealth.ca/ChildCare/Map,N,Y,N,Cariboo Chilcotin Child Development Centre<br>Licensed Group<br>250-392-4481<br><br>Vacancy:<br>&nbsp;&nbsp;&nbsp;&nbsp;<36 months: N<br>&nbsp;&nbsp;&nbsp;&nbsp;30 months -- 5 years: N<br>&nbsp;&nbsp;&nbsp;&nbsp;Preschool: N<br>&nbsp;&nbsp;&nbsp;&nbsp;Grade 1 - Age 12: N<br>
350,Licensed Group,Sweet Peas Cottage Creekside,250  400 Brooksbank Ave,,North Vancouver,V7J 2C2,49.309596,-123.039729,604-988-9989,,,N,N,N,N,N,N,N,N,N,N,N,N,N,N,N,N,N,,,N,N,N,N,N,N,N,N,N,N,N,2026-05-14,https://inspections.vcha.ca/ChildCare/Table,N,Y,N,Sweet Peas Cottage Creekside<br>Licensed Group<br>604-988-9989<br><br>Vacancy:<br>&nbsp;&nbsp;&nbsp;&nbsp;<36 months: N<br>&nbsp;&nbsp;&nbsp;&nbsp;30 months -- 5 years: N<br>&nbsp;&nbsp;&nbsp;&nbsp;Preschool: N<br>&nbsp;&nbsp;&nbsp;&nbsp;Grade 1 - Age 12: N<br>
351,Licensed Group,Halte- Scolaire Côte Du Soleil,4368 Michigan Ave,,Powell River,V8A 2S1,49.833964,-124.523461,604-483-3966,,,N,N,N,N,N,N,N,N,N,N,N,N,N,N,N,N,N,,,N,N,N,N,N,N,N,N,N,N,Y,2026-05-01,https://inspections.vcha.ca/ChildCare/Table,N,Y,N,Halte- Scolaire Côte Du Soleil<br>Licensed Group<br>604-483-3966<br><br>Vacancy:<br>&nbsp;&nbsp;&nbsp;&nbsp;<36 months: N<br>&nbsp;&nbsp;&nbsp;&nbsp;30 months -- 5 years: N<br>&nbsp;&nbsp;&nbsp;&nbsp;Preschool: N<br>&nbsp;&nbsp;&nbsp;&nbsp;Grade 1 - Age 12: Y<br>
352,Licensed Group,3 Wishes Childcare Centre,22365 Callighan Ave,,Maple Ridge,V2X 2E3,49.213772,-122.602939,604-467-2941,,,N,N,N,N,N,N,N,N,N,N,N,N,N,N,N,N,N,,,N,N,N,N,N,N,N,N,N,N,N,2026-05-17,http://www.healthspace.ca/fha/childcare,N,Y,N,3 Wishes Childcare Centre<br>Licensed Group<br>604-467-2941<br><br>Vacancy:<br>&nbsp;&nbsp;&nbsp;&nbsp;<36 months: N<br>&nbsp;&nbsp;&nbsp;&nbsp;30 months -- 5 years: N<br>&nbsp;&nbsp;&nbsp;&nbsp;Preschool: N<br>&nbsp;&nbsp;&nbsp;&nbsp;Grade 1 - Age 12: N<br>
353,Licensed Group,Cedar Drive Preschool Society,3170 Cedar Dr,,Port Coquitlam,V3B 3C3,49.270626,-122.739969,604-942-4020,,,N,N,N,N,N,N,N,N,N,N,N,N,N,N,N,N,N,,,N,N,N,N,N,N,N,N,N,N,N,2026-05-05,http://www.healthspace.ca/fha/childcare,N,Y,N,Cedar Drive Preschool Society<br>Licensed Group<br>604-942-4020<br><br>Vacancy:<br>&nbsp;&nbsp;&nbsp;&nbsp;<36 months: N<br>&nbsp;&nbsp;&nbsp;&nbsp;30 months -- 5 years: N<br>&nbsp;&nbsp;&nbsp;&nbsp;Preschool: N<br>&nbsp;&nbsp;&nbsp;&nbsp;Grade 1 - Age 12: N<br>
354,Licensed Group,?Aq'amnik Daycare,7470 Mission Rd,,Cranbrook,V1C 7E5,49.5836,-115.754515,250-426-5717,,,N,N,N,N,N,N,N,N,N,N,N,N,N,N,N,N,N,,,N,N,N,N,N,N,N,N,N,N,N,2026-05-19,https://hedgehogportal.interiorhealth.ca/ChildCare/Map,N,Y,N,?Aq'amnik Daycare<br>Licensed Group<br>250-426-5717<br><br>Vacancy:<br>&nbsp;&nbsp;&nbsp;&nbsp;<36 months: N<br>&nbsp;&nbsp;&nbsp;&nbsp;30 months -- 5 years: N<br>&nbsp;&nbsp;&nbsp;&nbsp;Preschool: N<br>&nbsp;&nbsp;&nbsp;&nbsp;Grade 1 - Age 12: N<br>
355,Licensed Group,Lakeshore Childcare,71 Sunnyside Blvd,,Cultus Lake,V2R 5B5,49.07262,-121.975751,604-799-7382,,,N,N,N,N,N,N,N,N,N,N,N,N,N,N,N,N,N,,,N,N,N,N,N,N,N,N,N,N,Y,2026-05-04,http://www.healthspace.ca/fha/childcare,N,Y,N,Lakeshore Childcare<br>Licensed Group<br>604-799-7382<br><br>Vacancy:<br>&nbsp;&nbsp;&nbsp;&nbsp;<36 months: N<br>&nbsp;&nbsp;&nbsp;&nbsp;30 months -- 5 years: N<br>&nbsp;&nbsp;&nbsp;&nbsp;Preschool: N<br>&nbsp;&nbsp;&nbsp;&nbsp;Grade 1 - Age 12: Y<br>
356,Licensed Group,Once Upon A Time... Child Care Centre Inc.,7256 Richardson Ave,,Chilliwack,V2R 1H2,49.134046,-121.971299,604-858-0148,,,N,N,N,N,N,N,N,N,N,N,N,N,N,N,N,N,N,,,N,N,N,N,N,N,N,Y,N,N,N,2026-05-15,http://www.healthspace.ca/fha/childcare,N,Y,N,Once Upon A Time... Child Care Centre Inc.<br>Licensed Group<br>604-858-0148<br><br>Vacancy:<br>&nbsp;&nbsp;&nbsp;&nbsp;<36 months: Y<br>&nbsp;&nbsp;&nbsp;&nbsp;30 months -- 5 years: N<br>&nbsp;&nbsp;&nbsp;&nbsp;Preschool: N<br>&nbsp;&nbsp;&nbsp;&nbsp;Grade 1 - Age 12: N<br>
357,Licensed Group,Wind And Tide Child Development Centre - Sw Maple Ridge,20245 Dewdney Trunk Rd,,Maple Ridge,V2X 3C9,49.222244,-122.660382,604-575-0549,,,N,N,N,N,N,N,N,N,N,N,N,N,N,N,N,N,N,,,N,N,N,N,N,N,N,N,N,N,N,2026-05-18,http://www.healthspace.ca/fha/childcare,N,Y,N,Wind And Tide Child Development Centre - Sw Maple Ridge<br>Licensed Group<br>604-575-0549<br><br>Vacancy:<br>&nbsp;&nbsp;&nbsp;&nbsp;<36 months: N<br>&nbsp;&nbsp;&nbsp;&nbsp;30 months -- 5 years: N<br>&nbsp;&nbsp;&nbsp;&nbsp;Preschool: N<br>&nbsp;&nbsp;&nbsp;&nbsp;Grade 1 - Age 12: N<br>
358,Licensed Group,Emerald Hills Montessori,1501 Bramble Lane,,Coquitlam,V3E 2S7,49.297737,-122.811602,604-942-5430,,,N,N,N,N,N,N,N,N,N,N,N,N,N,N,N,N,N,,,N,N,N,N,N,N,N,N,N,N,N,2026-04-15,http://www.healthspace.ca/fha/childcare,N,Y,N,Emerald Hills Montessori<br>Licensed Group<br>604-942-5430<br><br>Vacancy:<br>&nbsp;&nbsp;&nbsp;&nbsp;<36 months: N<br>&nbsp;&nbsp;&nbsp;&nbsp;30 months -- 5 years: N<br>&nbsp;&nbsp;&nbsp;&nbsp;Preschool: N<br>&nbsp;&nbsp;&nbsp;&nbsp;Grade 1 - Age 12: N<br>
359,Licensed Group,Emerald Hills Montessori School Age Care,2875 Panorama Dr,,Coquitlam,V3E 2S7,49.298466,-122.813199,604-942-5430,,,N,N,N,N,N,N,N,N,N,N,N,N,N,N,N,N,N,,,N,N,N,N,N,N,N,N,N,N,N,2026-04-15,http://www.healthspace.ca/fha/childcare,N,Y,N,Emerald Hills Montessori School Age Care<br>Licensed Group<br>604-942-5430<br><br>Vacancy:<br>&nbsp;&nbsp;&nbsp;&nbsp;<36 months: N<br>&nbsp;&nbsp;&nbsp;&nbsp;30 months -- 5 years: N<br>&nbsp;&nbsp;&nbsp;&nbsp;Preschool: N<br>&nbsp;&nbsp;&nbsp;&nbsp;Grade 1 - Age 12: N<br>
360,Licensed Group,Kinder Kampus - Heritage Mountain Community Centre,200 Panorama Pl,Lower Flr,Port Moody,V3H 5G8,49.300609,-122.804247,604-417-9109,,,N,N,N,N,N,N,N,N,N,N,N,N,N,N,N,N,N,,,N,N,N,N,N,N,N,N,Y,N,N,2026-05-15,http://www.healthspace.ca/fha/childcare,N,Y,N,Kinder Kampus - Heritage Mountain Community Centre<br>Licensed Group<br>604-417-9109<br><br>Vacancy:<br>&nbsp;&nbsp;&nbsp;&nbsp;<36 months: N<br>&nbsp;&nbsp;&nbsp;&nbsp;30 months -- 5 years: Y<br>&nbsp;&nbsp;&nbsp;&nbsp;Preschool: N<br>&nbsp;&nbsp;&nbsp;&nbsp;Grade 1 - Age 12: N<br>
361,Licensed Group,Kinder Kampus - Old Orchard Hall,646 Bentley Rd,Old Orchard Hall - Lower Flr,Port Moody,V3H 3A3,49.2902,-122.845146,604-417-9109,,,N,N,N,N,N,N,N,N,N,N,N,N,N,N,N,N,N,,,N,N,N,N,N,N,N,N,Y,N,N,2026-05-15,http://www.healthspace.ca/fha/childcare,N,Y,N,Kinder Kampus - Old Orchard Hall<br>Licensed Group<br>604-417-9109<br><br>Vacancy:<br>&nbsp;&nbsp;&nbsp;&nbsp;<36 months: N<br>&nbsp;&nbsp;&nbsp;&nbsp;30 months -- 5 years: Y<br>&nbsp;&nbsp;&nbsp;&nbsp;Preschool: N<br>&nbsp;&nbsp;&nbsp;&nbsp;Grade 1 - Age 12: N<br>
362,Licensed Group,Sts'ailes Early Education Centre,5127 School Rd,,Agassiz,V0M 1A1,49.242199,-121.945977,604-796-1155,,,Y,N,N,N,N,N,Y,Y,N,Y,Y,N,N,N,N,N,Y,Included in fee,Not offered,N,N,N,Y,Y,Y,N,Y,Y,N,Y,2026-05-12,http://www.healthspace.ca/fha/childcare,N,N,N,Sts'ailes Early Education Centre<br>Licensed Group<br>604-796-1155<br><br>Vacancy:<br>&nbsp;&nbsp;&nbsp;&nbsp;<36 months: Y<br>&nbsp;&nbsp;&nbsp;&nbsp;30 months -- 5 years: Y<br>&nbsp;&nbsp;&nbsp;&nbsp;Preschool: N<br>&nbsp;&nbsp;&nbsp;&nbsp;Grade 1 - Age 12: Y<br>
363,Licensed Group,Qwallayuw Aboriginal Head Start,441 4 Ave,,Campbell River,V9W 3W7,50.0128,-125.244712,250-286-3466,,,N,N,N,N,N,N,N,N,N,N,N,N,N,N,N,N,N,,,N,N,N,N,N,N,N,N,N,N,N,2026-05-12,https://www.healthspace.ca/clients/viha/viha_website.nsf/CCFL-Main?OpenView,N,N,N,Qwallayuw Aboriginal Head Start<br>Licensed Group<br>250-286-3466<br><br>Vacancy:<br>&nbsp;&nbsp;&nbsp;&nbsp;<36 months: N<br>&nbsp;&nbsp;&nbsp;&nbsp;30 months -- 5 years: N<br>&nbsp;&nbsp;&nbsp;&nbsp;Preschool: N<br>&nbsp;&nbsp;&nbsp;&nbsp;Grade 1 - Age 12: N<br>
364,Licensed Group,Aboriginal Head Start,313 Prince Rupert Blvd.,,Prince Rupert,V8J 4E4,54.311853,-130.301323,250-627-4010,,,N,N,N,N,N,N,N,N,N,N,N,N,N,N,N,N,N,,,N,N,N,N,N,N,N,N,N,N,N,2026-05-14,https://www.healthspace.ca/Clients/NHA/NHA_Website.nsf/CCFL-Frameset,N,Y,N,Aboriginal Head Start<br>Licensed Group<br>250-627-4010<br><br>Vacancy:<br>&nbsp;&nbsp;&nbsp;&nbsp;<36 months: N<br>&nbsp;&nbsp;&nbsp;&nbsp;30 months -- 5 years: N<br>&nbsp;&nbsp;&nbsp;&nbsp;Preschool: N<br>&nbsp;&nbsp;&nbsp;&nbsp;Grade 1 - Age 12: N<br>
365,Licensed Group,Lux Mundi-Osc,912 Vancouver St,,Victoria,V8V 3V7,48.422046,-123.358791,250-383-5125,,,N,N,N,N,N,N,N,N,N,N,N,N,N,N,N,N,N,,,N,N,N,N,N,N,N,N,Y,N,Y,2026-05-13,https://www.healthspace.ca/clients/viha/viha_website.nsf/CCFL-Main?OpenView,N,Y,N,Lux Mundi-Osc<br>Licensed Group<br>250-383-5125<br><br>Vacancy:<br>&nbsp;&nbsp;&nbsp;&nbsp;<36 months: N<br>&nbsp;&nbsp;&nbsp;&nbsp;30 months -- 5 years: Y<br>&nbsp;&nbsp;&nbsp;&nbsp;Preschool: N<br>&nbsp;&nbsp;&nbsp;&nbsp;Grade 1 - Age 12: Y<br>
366,Licensed Group,Slelemw Child Development Centre,7449 West Saanich Rd,,Brentwood Bay,V8M 1R3,48.581108,-123.453716,250-652-0074,,,N,N,N,N,N,N,N,N,N,N,N,N,N,N,N,N,N,,,N,N,N,N,N,N,N,Y,Y,N,N,2026-04-30,https://www.healthspace.ca/clients/viha/viha_website.nsf/CCFL-Main?OpenView,N,Y,N,Slelemw Child Development Centre<br>Licensed Group<br>250-652-0074<br><br>Vacancy:<br>&nbsp;&nbsp;&nbsp;&nbsp;<36 months: Y<br>&nbsp;&nbsp;&nbsp;&nbsp;30 months -- 5 years: Y<br>&nbsp;&nbsp;&nbsp;&nbsp;Preschool: N<br>&nbsp;&nbsp;&nbsp;&nbsp;Grade 1 - Age 12: N<br>
367,Licensed Group,Eliza Archie Daycare,4439 Canim - Hendrix Lake Rd,,Canim Lake,V0K 1J0,51.771577,-120.99511,250-397-2175,,,N,N,N,N,N,N,N,N,N,N,N,N,N,N,N,N,N,,,N,N,N,N,N,N,N,N,N,N,N,2026-03-19,https://hedgehogportal.interiorhealth.ca/ChildCare/Map,N,Y,N,Eliza Archie Daycare<br>Licensed Group<br>250-397-2175<br><br>Vacancy:<br>&nbsp;&nbsp;&nbsp;&nbsp;<36 months: N<br>&nbsp;&nbsp;&nbsp;&nbsp;30 months -- 5 years: N<br>&nbsp;&nbsp;&nbsp;&nbsp;Preschool: N<br>&nbsp;&nbsp;&nbsp;&nbsp;Grade 1 - Age 12: N<br>
368,Licensed Group,Evershine Childcare Centre,6939 127A St,,Surrey,V3W 0V4,49.128949,-122.869443,604-543-8686,,,N,N,N,N,N,N,N,N,N,N,N,N,N,N,N,N,N,,,N,N,N,N,N,N,N,Y,Y,N,N,2026-05-15,http://www.healthspace.ca/fha/childcare,N,Y,N,Evershine Childcare Centre<br>Licensed Group<br>604-543-8686<br><br>Vacancy:<br>&nbsp;&nbsp;&nbsp;&nbsp;<36 months: Y<br>&nbsp;&nbsp;&nbsp;&nbsp;30 months -- 5 years: Y<br>&nbsp;&nbsp;&nbsp;&nbsp;Preschool: N<br>&nbsp;&nbsp;&nbsp;&nbsp;Grade 1 - Age 12: N<br>
369,Licensed Group,Creation Station Day Care,5545 Ladner Trunk Rd,,Delta,V4K 1X1,49.090931,-123.069493,604-940-8077,,,N,N,N,N,N,N,N,N,N,N,N,N,N,N,N,N,N,,,N,N,N,N,N,N,N,Y,Y,N,N,2026-05-13,http://www.healthspace.ca/fha/childcare,N,Y,N,Creation Station Day Care<br>Licensed Group<br>604-940-8077<br><br>Vacancy:<br>&nbsp;&nbsp;&nbsp;&nbsp;<36 months: Y<br>&nbsp;&nbsp;&nbsp;&nbsp;30 months -- 5 years: Y<br>&nbsp;&nbsp;&nbsp;&nbsp;Preschool: N<br>&nbsp;&nbsp;&nbsp;&nbsp;Grade 1 - Age 12: N<br>
370,Licensed Group,Ranch Park Kids Place Inc.,2701 Spuraway Ave,,Coquitlam,V3C 2C4,49.2653,-122.812894,604-942-6474,,,N,N,N,N,N,N,N,N,N,N,N,N,N,N,N,N,N,,,N,N,N,N,N,N,N,N,N,Y,Y,2026-05-15,http://www.healthspace.ca/fha/childcare,N,Y,N,Ranch Park Kids Place Inc.<br>Licensed Group<br>604-942-6474<br><br>Vacancy:<br>&nbsp;&nbsp;&nbsp;&nbsp;<36 months: N<br>&nbsp;&nbsp;&nbsp;&nbsp;30 months -- 5 years: N<br>&nbsp;&nbsp;&nbsp;&nbsp;Preschool: Y<br>&nbsp;&nbsp;&nbsp;&nbsp;Grade 1 - Age 12: Y<br>
371,Licensed Group,Wesbrook Preschool,4405 8Th Ave W,,Vancouver,V6R 2A3,49.265774,-123.206641,604-816-4512,,,N,N,N,N,N,N,N,N,N,N,N,N,N,N,N,N,N,,,N,N,N,N,N,N,N,N,N,N,N,2026-04-22,https://inspections.vcha.ca/ChildCare/Table,N,Y,N,Wesbrook Preschool<br>Licensed Group<br>604-816-4512<br><br>Vacancy:<br>&nbsp;&nbsp;&nbsp;&nbsp;<36 months: N<br>&nbsp;&nbsp;&nbsp;&nbsp;30 months -- 5 years: N<br>&nbsp;&nbsp;&nbsp;&nbsp;Preschool: N<br>&nbsp;&nbsp;&nbsp;&nbsp;Grade 1 - Age 12: N<br>
372,Licensed Group,Cornerstone Christian Academy Preschool,7890 No. 5 Rd,,Richmond,V6Y 2V2,49.156554,-123.08963,604-303-9181,,,N,N,N,N,N,N,N,N,N,N,N,N,N,N,N,N,N,Not offered,Not offered,N,N,N,N,N,N,N,N,N,N,N,2026-04-30,https://inspections.vcha.ca/ChildCare/Table,N,N,N,Cornerstone Christian Academy Preschool<br>Licensed Group<br>604-303-9181<br><br>Vacancy:<br>&nbsp;&nbsp;&nbsp;&nbsp;<36 months: N<br>&nbsp;&nbsp;&nbsp;&nbsp;30 months -- 5 years: N<br>&nbsp;&nbsp;&nbsp;&nbsp;Preschool: N<br>&nbsp;&nbsp;&nbsp;&nbsp;Grade 1 - Age 12: N<br>
373,Licensed Group,Tseshaht First Nation Daycare,6002 Santu Dr,,Port Alberni,V9Y 8X9,49.264097,-124.85099,250-724-3631,,,N,N,N,N,N,N,N,N,N,N,N,N,N,N,N,N,N,,,N,N,N,N,N,N,N,Y,Y,Y,N,2026-05-04,https://www.healthspace.ca/clients/viha/viha_website.nsf/CCFL-Main?OpenView,N,Y,N,Tseshaht First Nation Daycare<br>Licensed Group<br>250-724-3631<br><br>Vacancy:<br>&nbsp;&nbsp;&nbsp;&nbsp;<36 months: Y<br>&nbsp;&nbsp;&nbsp;&nbsp;30 months -- 5 years: Y<br>&nbsp;&nbsp;&nbsp;&nbsp;Preschool: Y<br>&nbsp;&nbsp;&nbsp;&nbsp;Grade 1 - Age 12: N<br>
374,Licensed Group,Creative Kids Childcare Learning Centre Inc,1144 Confederation Dr,,Port Coquitlam,V3C 5Y6,49.232885,-122.785182,604-941-6745,,,N,N,N,N,N,N,N,N,N,N,N,N,N,N,N,N,N,,,N,N,N,N,N,N,N,N,N,N,N,2026-05-19,http://www.healthspace.ca/fha/childcare,N,Y,N,Creative Kids Childcare Learning Centre Inc<br>Licensed Group<br>604-941-6745<br><br>Vacancy:<br>&nbsp;&nbsp;&nbsp;&nbsp;<36 months: N<br>&nbsp;&nbsp;&nbsp;&nbsp;30 months -- 5 years: N<br>&nbsp;&nbsp;&nbsp;&nbsp;Preschool: N<br>&nbsp;&nbsp;&nbsp;&nbsp;Grade 1 - Age 12: N<br>
375,Licensed Group,Sunflower Montessori,21150  85Th Ave,,Langley,V1M 2M4,49.156677,-122.636023,604-513-0070,,,N,N,N,N,N,N,N,N,N,N,N,N,N,N,N,N,N,,,N,N,N,N,N,N,N,N,Y,N,N,2026-05-14,http://www.healthspace.ca/fha/childcare,N,Y,N,Sunflower Montessori<br>Licensed Group<br>604-513-0070<br><br>Vacancy:<br>&nbsp;&nbsp;&nbsp;&nbsp;<36 months: N<br>&nbsp;&nbsp;&nbsp;&nbsp;30 months -- 5 years: Y<br>&nbsp;&nbsp;&nbsp;&nbsp;Preschool: N<br>&nbsp;&nbsp;&nbsp;&nbsp;Grade 1 - Age 12: N<br>
376,Licensed Group,Daycare Connection,934 Bernard Ave,,Kelowna,V1Y 6P8,49.886922,-119.481529,250-860-2721,,,Y,N,N,N,N,N,Y,Y,N,N,N,N,Y,N,Y,Y,Y,Not offered,Not offered,N,N,N,N,Y,Y,Y,N,N,N,N,2026-05-19,http://www.interiorhealth.ca/YourEnvironment/InspectionReports/Pages/default.aspx,N,Y,N,Daycare Connection<br>Licensed Group<br>250-860-2721<br><br>Vacancy:<br>&nbsp;&nbsp;&nbsp;&nbsp;<36 months: N<br>&nbsp;&nbsp;&nbsp;&nbsp;30 months -- 5 years: N<br>&nbsp;&nbsp;&nbsp;&nbsp;Preschool: N<br>&nbsp;&nbsp;&nbsp;&nbsp;Grade 1 - Age 12: N<br>
377,Licensed Group,Children's Choice Daycare,933 Patricia Blvd.,,Prince George,V2L 3V6,53.912065,-122.741323,250-961-1435,,,,,,,,,,,,,,,,,,,,,,,,,,,,,,,,,,,Y,Y,N,Children's Choice Daycare<br>Licensed Group<br>250-961-1435<br><br>Vacancy:<br>&nbsp;&nbsp;&nbsp;&nbsp;<36 months: None<br>&nbsp;&nbsp;&nbsp;&nbsp;30 months -- 5 years: None<br>&nbsp;&nbsp;&nbsp;&nbsp;Preschool: None<br>&nbsp;&nbsp;&nbsp;&nbsp;Grade 1 - Age 12: None<br>
378,Licensed Group,Guildford Gardens Daycare Inc,14921 107A Ave,,Surrey,V3R 1V3,49.198328,-122.808681,604-339-7052,,,N,N,N,N,N,N,N,N,N,N,N,N,N,N,N,N,N,,,N,N,N,N,N,N,N,N,N,N,N,2026-03-20,http://www.healthspace.ca/fha/childcare,N,Y,N,Guildford Gardens Daycare Inc<br>Licensed Group<br>604-339-7052<br><br>Vacancy:<br>&nbsp;&nbsp;&nbsp;&nbsp;<36 months: N<br>&nbsp;&nbsp;&nbsp;&nbsp;30 months -- 5 years: N<br>&nbsp;&nbsp;&nbsp;&nbsp;Preschool: N<br>&nbsp;&nbsp;&nbsp;&nbsp;Grade 1 - Age 12: N<br>
379,Licensed Group,Happy Learning Child Care Centre,2201 Eighth Ave,,New Westminster,V3M 2T9,49.200909,-122.952915,604-553-4611,,,N,N,N,N,N,N,N,N,N,N,N,N,N,N,N,N,N,,,N,N,N,N,N,N,N,N,Y,N,N,2026-05-04,http://www.healthspace.ca/fha/childcare,N,Y,N,Happy Learning Child Care Centre<br>Licensed Group<br>604-553-4611<br><br>Vacancy:<br>&nbsp;&nbsp;&nbsp;&nbsp;<36 months: N<br>&nbsp;&nbsp;&nbsp;&nbsp;30 months -- 5 years: Y<br>&nbsp;&nbsp;&nbsp;&nbsp;Preschool: N<br>&nbsp;&nbsp;&nbsp;&nbsp;Grade 1 - Age 12: N<br>
380,Licensed Group,Semiahmoo Junior Kindergarten,14633 16 Ave,,Surrey,V4A 1R4,49.031359,-122.816482,778-951-3320,,,N,N,N,N,N,N,N,N,N,N,N,N,N,N,N,N,N,,,N,N,N,N,N,N,N,Y,Y,N,N,2026-04-30,http://www.healthspace.ca/fha/childcare,N,Y,N,Semiahmoo Junior Kindergarten<br>Licensed Group<br>778-951-3320<br><br>Vacancy:<br>&nbsp;&nbsp;&nbsp;&nbsp;<36 months: Y<br>&nbsp;&nbsp;&nbsp;&nbsp;30 months -- 5 years: Y<br>&nbsp;&nbsp;&nbsp;&nbsp;Preschool: N<br>&nbsp;&nbsp;&nbsp;&nbsp;Grade 1 - Age 12: N<br>
381,Licensed Group,Glenayre Montessori Daycare,495 Glencoe St,,Port Moody,V3H 1G6,49.273553,-122.887984,604-937-0084,,,N,N,N,N,N,N,N,N,N,N,N,N,N,N,N,N,N,,,N,N,N,N,N,N,N,N,N,N,N,2026-05-12,http://www.healthspace.ca/fha/childcare,N,Y,N,Glenayre Montessori Daycare<br>Licensed Group<br>604-937-0084<br><br>Vacancy:<br>&nbsp;&nbsp;&nbsp;&nbsp;<36 months: N<br>&nbsp;&nbsp;&nbsp;&nbsp;30 months -- 5 years: N<br>&nbsp;&nbsp;&nbsp;&nbsp;Preschool: N<br>&nbsp;&nbsp;&nbsp;&nbsp;Grade 1 - Age 12: N<br>
382,Licensed Group,Maywood Neighbourhood Care,4567 Imperial St,,Burnaby,V5J 1B7,49.222893,-122.999763,604-431-0484,,,N,N,N,N,N,N,N,N,N,N,N,N,N,N,N,N,N,,,N,N,N,N,N,N,N,N,Y,N,Y,2026-05-14,http://www.healthspace.ca/fha/childcare,N,Y,N,Maywood Neighbourhood Care<br>Licensed Group<br>604-431-0484<br><br>Vacancy:<br>&nbsp;&nbsp;&nbsp;&nbsp;<36 months: N<br>&nbsp;&nbsp;&nbsp;&nbsp;30 months -- 5 years: Y<br>&nbsp;&nbsp;&nbsp;&nbsp;Preschool: N<br>&nbsp;&nbsp;&nbsp;&nbsp;Grade 1 - Age 12: Y<br>
383,Licensed Group,Stride Avenue Neighbourhood Care,7014 Stride Ave,,Burnaby,V3N 1T4,49.210908,-122.954208,604-527-0444,,,N,N,N,N,N,N,N,N,N,N,N,N,N,N,N,N,N,,,N,N,N,N,N,N,N,N,Y,N,Y,2026-05-14,http://www.healthspace.ca/fha/childcare,N,Y,N,Stride Avenue Neighbourhood Care<br>Licensed Group<br>604-527-0444<br><br>Vacancy:<br>&nbsp;&nbsp;&nbsp;&nbsp;<36 months: N<br>&nbsp;&nbsp;&nbsp;&nbsp;30 months -- 5 years: Y<br>&nbsp;&nbsp;&nbsp;&nbsp;Preschool: N<br>&nbsp;&nbsp;&nbsp;&nbsp;Grade 1 - Age 12: Y<br>
384,Licensed Group,Jolly Giant Childcare Ltd. - Nadely Location,2521 Nadely Cres,,Nanaimo,V9T 5T1,49.194514,-124.008472,250-751-8841,,,N,N,N,N,N,N,N,N,N,N,N,N,N,N,N,N,N,,,N,N,N,N,N,N,N,N,N,N,N,2026-05-15,https://www.healthspace.ca/clients/viha/viha_website.nsf/CCFL-Main?OpenView,N,Y,N,Jolly Giant Childcare Ltd. - Nadely Location<br>Licensed Group<br>250-751-8841<br><br>Vacancy:<br>&nbsp;&nbsp;&nbsp;&nbsp;<36 months: N<br>&nbsp;&nbsp;&nbsp;&nbsp;30 months -- 5 years: N<br>&nbsp;&nbsp;&nbsp;&nbsp;Preschool: N<br>&nbsp;&nbsp;&nbsp;&nbsp;Grade 1 - Age 12: N<br>
385,Licensed Group,Kids Are Us,3747 Church St,,Port Alberni,V9Y 6L6,49.233598,-124.789945,250-724-5437,,,N,N,N,N,N,N,N,N,N,N,N,N,N,N,N,N,N,,,N,N,N,N,N,N,N,N,N,N,N,2026-05-01,https://www.healthspace.ca/clients/viha/viha_website.nsf/CCFL-Main?OpenView,N,Y,N,Kids Are Us<br>Licensed Group<br>250-724-5437<br><br>Vacancy:<br>&nbsp;&nbsp;&nbsp;&nbsp;<36 months: N<br>&nbsp;&nbsp;&nbsp;&nbsp;30 months -- 5 years: N<br>&nbsp;&nbsp;&nbsp;&nbsp;Preschool: N<br>&nbsp;&nbsp;&nbsp;&nbsp;Grade 1 - Age 12: N<br>
386,Licensed Group,Treasure Island School Age Care,3883 Triumph St,,Burnaby,V5C 1Y6,49.284083,-123.01903,604-723-1837,,,N,N,N,N,N,N,N,N,N,N,N,N,N,N,N,N,N,,,N,N,N,N,N,N,N,N,Y,N,Y,2026-05-05,http://www.healthspace.ca/fha/childcare,N,Y,N,Treasure Island School Age Care<br>Licensed Group<br>604-723-1837<br><br>Vacancy:<br>&nbsp;&nbsp;&nbsp;&nbsp;<36 months: N<br>&nbsp;&nbsp;&nbsp;&nbsp;30 months -- 5 years: Y<br>&nbsp;&nbsp;&nbsp;&nbsp;Preschool: N<br>&nbsp;&nbsp;&nbsp;&nbsp;Grade 1 - Age 12: Y<br>
387,Licensed Group,Bgc South Vancouver Island - Millstream Club,626 Hoylake Ave,,Victoria,V9B 3P7,48.466097,-123.495873,250-384-9133,,,N,N,N,N,N,N,N,N,N,N,N,N,N,N,N,N,N,,,N,N,N,N,N,N,N,N,N,N,N,2026-05-06,https://www.healthspace.ca/clients/viha/viha_website.nsf/CCFL-Main?OpenView,N,Y,N,Bgc South Vancouver Island - Millstream Club<br>Licensed Group<br>250-384-9133<br><br>Vacancy:<br>&nbsp;&nbsp;&nbsp;&nbsp;<36 months: N<br>&nbsp;&nbsp;&nbsp;&nbsp;30 months -- 5 years: N<br>&nbsp;&nbsp;&nbsp;&nbsp;Preschool: N<br>&nbsp;&nbsp;&nbsp;&nbsp;Grade 1 - Age 12: N<br>
388,Licensed Group,Bgc South Vancouver Island - Harbourside Club,410 Macaulay St,,Victoria,V8V 3N3,48.422055,-123.403049,250-384-9133,,,N,N,N,N,N,N,N,N,N,N,N,N,N,N,N,N,N,,,N,N,N,N,N,N,N,N,N,N,N,2026-05-06,https://www.healthspace.ca/clients/viha/viha_website.nsf/CCFL-Main?OpenView,N,Y,N,Bgc South Vancouver Island - Harbourside Club<br>Licensed Group<br>250-384-9133<br><br>Vacancy:<br>&nbsp;&nbsp;&nbsp;&nbsp;<36 months: N<br>&nbsp;&nbsp;&nbsp;&nbsp;30 months -- 5 years: N<br>&nbsp;&nbsp;&nbsp;&nbsp;Preschool: N<br>&nbsp;&nbsp;&nbsp;&nbsp;Grade 1 - Age 12: N<br>
389,Licensed Group,His Kids Childcare,661 Agnes St,,Victoria,V8Z 2E7,48.472587,-123.384139,250-658-8689,,,N,N,N,N,N,N,N,N,N,N,N,N,N,N,N,N,N,Not offered,Not offered,N,N,N,N,N,N,N,N,N,N,Y,2026-05-21,https://www.healthspace.ca/clients/viha/viha_website.nsf/CCFL-Main?OpenView,N,Y,N,His Kids Childcare<br>Licensed Group<br>250-658-8689<br><br>Vacancy:<br>&nbsp;&nbsp;&nbsp;&nbsp;<36 months: N<br>&nbsp;&nbsp;&nbsp;&nbsp;30 months -- 5 years: N<br>&nbsp;&nbsp;&nbsp;&nbsp;Preschool: N<br>&nbsp;&nbsp;&nbsp;&nbsp;Grade 1 - Age 12: Y<br>
390,Licensed Group,After School Kids Klub - Beban Park,2300 Bowen Rd,,Nanaimo,V9T 3K7,49.196591,-123.991576,250-758-8974,,,N,N,N,N,N,N,N,N,N,N,N,N,N,N,N,N,N,,,N,N,N,N,N,N,N,N,N,N,N,2026-05-13,https://www.healthspace.ca/clients/viha/viha_website.nsf/CCFL-Main?OpenView,N,Y,N,After School Kids Klub - Beban Park<br>Licensed Group<br>250-758-8974<br><br>Vacancy:<br>&nbsp;&nbsp;&nbsp;&nbsp;<36 months: N<br>&nbsp;&nbsp;&nbsp;&nbsp;30 months -- 5 years: N<br>&nbsp;&nbsp;&nbsp;&nbsp;Preschool: N<br>&nbsp;&nbsp;&nbsp;&nbsp;Grade 1 - Age 12: N<br>
391,Licensed Group,Rosemont Kidz Klub,1605 Crease Ave,,Nelson,V1L 1A5,49.480608,-117.301453,250-354-3004,,,N,N,N,N,N,N,N,N,N,N,N,N,N,N,N,N,N,,,N,N,N,N,N,N,N,N,N,N,N,2026-05-21,https://hedgehogportal.interiorhealth.ca/ChildCare/Map,N,Y,N,Rosemont Kidz Klub<br>Licensed Group<br>250-354-3004<br><br>Vacancy:<br>&nbsp;&nbsp;&nbsp;&nbsp;<36 months: N<br>&nbsp;&nbsp;&nbsp;&nbsp;30 months -- 5 years: N<br>&nbsp;&nbsp;&nbsp;&nbsp;Preschool: N<br>&nbsp;&nbsp;&nbsp;&nbsp;Grade 1 - Age 12: N<br>
392,Licensed Group,Hamilton Out Of School Care,5140 Smith Dr,,Richmond,V6V 2W5,49.176678,-122.965695,604-204-8655,,,N,N,N,N,N,N,N,N,N,N,N,N,N,N,N,N,N,,,N,N,N,N,N,N,N,N,N,N,N,2026-03-24,https://inspections.vcha.ca/ChildCare/Table,N,Y,N,Hamilton Out Of School Care<br>Licensed Group<br>604-204-8655<br><br>Vacancy:<br>&nbsp;&nbsp;&nbsp;&nbsp;<36 months: N<br>&nbsp;&nbsp;&nbsp;&nbsp;30 months -- 5 years: N<br>&nbsp;&nbsp;&nbsp;&nbsp;Preschool: N<br>&nbsp;&nbsp;&nbsp;&nbsp;Grade 1 - Age 12: N<br>
393,Licensed Group,Friends And Neighbours Together,155 Finnigan St,,Coquitlam,V3K 5J2,49.234673,-122.835567,604-526-3223,,,N,N,N,N,N,N,N,N,N,N,N,N,N,N,N,N,N,,,N,N,N,N,N,N,N,N,Y,N,N,2026-05-16,http://www.healthspace.ca/fha/childcare,N,Y,N,Friends And Neighbours Together<br>Licensed Group<br>604-526-3223<br><br>Vacancy:<br>&nbsp;&nbsp;&nbsp;&nbsp;<36 months: N<br>&nbsp;&nbsp;&nbsp;&nbsp;30 months -- 5 years: Y<br>&nbsp;&nbsp;&nbsp;&nbsp;Preschool: N<br>&nbsp;&nbsp;&nbsp;&nbsp;Grade 1 - Age 12: N<br>
394,Licensed Group,Sunny Day,4191 Davie Ave,,Prince George,V2M 4G6,53.914864,-122.802405,250-562-0402,,,N,N,N,N,N,N,N,N,N,N,N,N,N,N,N,N,N,,,N,N,N,N,N,N,N,N,N,N,N,2026-05-04,https://www.healthspace.ca/Clients/NHA/NHA_Website.nsf/CCFL-Frameset,N,Y,N,Sunny Day<br>Licensed Group<br>250-562-0402<br><br>Vacancy:<br>&nbsp;&nbsp;&nbsp;&nbsp;<36 months: N<br>&nbsp;&nbsp;&nbsp;&nbsp;30 months -- 5 years: N<br>&nbsp;&nbsp;&nbsp;&nbsp;Preschool: N<br>&nbsp;&nbsp;&nbsp;&nbsp;Grade 1 - Age 12: N<br>
395,Licensed Group,Our Place Preschool & Child Care,240 Cedar Ave,,100 Mile House,V0K 2E0,51.644665,-121.294266,250-395-1802,,,N,N,N,N,N,N,N,N,N,N,N,N,N,N,N,N,N,,,N,N,N,N,N,N,N,N,Y,N,Y,2026-05-19,https://hedgehogportal.interiorhealth.ca/ChildCare/Map,N,Y,N,Our Place Preschool & Child Care<br>Licensed Group<br>250-395-1802<br><br>Vacancy:<br>&nbsp;&nbsp;&nbsp;&nbsp;<36 months: N<br>&nbsp;&nbsp;&nbsp;&nbsp;30 months -- 5 years: Y<br>&nbsp;&nbsp;&nbsp;&nbsp;Preschool: N<br>&nbsp;&nbsp;&nbsp;&nbsp;Grade 1 - Age 12: Y<br>
396,Licensed Group,The Learning Experience Children's Centre Ltd.,3862 Wellington St,,Port Coquitlam,V3B 3Z4,49.282292,-122.760513,604-942-5008,,,N,N,N,N,N,N,N,N,N,N,N,N,N,N,N,N,N,,,N,N,N,N,N,N,N,N,N,Y,N,2026-05-17,http://www.healthspace.ca/fha/childcare,N,Y,N,The Learning Experience Children's Centre Ltd.<br>Licensed Group<br>604-942-5008<br><br>Vacancy:<br>&nbsp;&nbsp;&nbsp;&nbsp;<36 months: N<br>&nbsp;&nbsp;&nbsp;&nbsp;30 months -- 5 years: N<br>&nbsp;&nbsp;&nbsp;&nbsp;Preschool: Y<br>&nbsp;&nbsp;&nbsp;&nbsp;Grade 1 - Age 12: N<br>
397,Licensed Group,Kids On The Go,6195 Lorimer Rd,,Whistler,V0N 1B6,50.129315,-122.962674,604-935-8370,,,N,N,N,N,N,N,N,N,N,N,N,N,N,N,N,N,N,,,N,N,N,N,N,N,N,N,N,Y,Y,2026-04-24,https://inspections.vcha.ca/ChildCare/Table,N,N,N,Kids On The Go<br>Licensed Group<br>604-935-8370<br><br>Vacancy:<br>&nbsp;&nbsp;&nbsp;&nbsp;<36 months: N<br>&nbsp;&nbsp;&nbsp;&nbsp;30 months -- 5 years: N<br>&nbsp;&nbsp;&nbsp;&nbsp;Preschool: Y<br>&nbsp;&nbsp;&nbsp;&nbsp;Grade 1 - Age 12: Y<br>
398,Licensed Group,Kidzone Learning Centre South Ltd,735 Gilchrist Dr,,Delta,V4M 3L4,49.015977,-123.072217,778-701-8952,,,N,N,N,N,N,N,N,N,N,N,N,N,N,N,N,N,N,,,N,N,N,N,N,N,N,N,N,N,N,2026-05-19,http://www.healthspace.ca/fha/childcare,N,Y,N,Kidzone Learning Centre South Ltd<br>Licensed Group<br>778-701-8952<br><br>Vacancy:<br>&nbsp;&nbsp;&nbsp;&nbsp;<36 months: N<br>&nbsp;&nbsp;&nbsp;&nbsp;30 months -- 5 years: N<br>&nbsp;&nbsp;&nbsp;&nbsp;Preschool: N<br>&nbsp;&nbsp;&nbsp;&nbsp;Grade 1 - Age 12: N<br>
399,Licensed Group,Between Friends Out Of School,1565 Summit Dr,,Kamloops,V2E 1E9,50.657923,-120.338602,250-828-0038,,,N,N,N,N,N,N,N,N,N,N,N,N,N,N,N,N,N,,,N,N,N,N,N,N,N,Y,Y,N,Y,2026-05-20,https://hedgehogportal.interiorhealth.ca/ChildCare/Map,N,Y,N,Between Friends Out Of School<br>Licensed Group<br>250-828-0038<br><br>Vacancy:<br>&nbsp;&nbsp;&nbsp;&nbsp;<36 months: Y<br>&nbsp;&nbsp;&nbsp;&nbsp;30 months -- 5 years: Y<br>&nbsp;&nbsp;&nbsp;&nbsp;Preschool: N<br>&nbsp;&nbsp;&nbsp;&nbsp;Grade 1 - Age 12: Y<br>
400,Licensed Group,Smiley Faces Childcare Centre #3,204-10855 80 Ave,,Delta,V4C 1W4,49.148476,-122.92003,604-543-1488,,,N,N,N,N,N,N,N,N,N,N,N,N,N,N,N,N,N,,,N,N,N,N,N,N,N,N,N,N,Y,2026-05-07,http://www.healthspace.ca/fha/childcare,N,Y,N,Smiley Faces Childcare Centre #3<br>Licensed Group<br>604-543-1488<br><br>Vacancy:<br>&nbsp;&nbsp;&nbsp;&nbsp;<36 months: N<br>&nbsp;&nbsp;&nbsp;&nbsp;30 months -- 5 years: N<br>&nbsp;&nbsp;&nbsp;&nbsp;Preschool: N<br>&nbsp;&nbsp;&nbsp;&nbsp;Grade 1 - Age 12: Y<br>
401,Licensed Group,Joey's Out Of School Care,523 Mill Rd,,Nelson,V1L 4S2,49.489388,-117.290826,250-762-2905,,,N,N,N,N,N,N,N,N,N,N,N,N,N,N,N,N,N,,,N,N,N,N,N,N,N,N,N,N,N,2026-05-01,https://hedgehogportal.interiorhealth.ca/ChildCare/Map,N,Y,N,Joey's Out Of School Care<br>Licensed Group<br>250-762-2905<br><br>Vacancy:<br>&nbsp;&nbsp;&nbsp;&nbsp;<36 months: N<br>&nbsp;&nbsp;&nbsp;&nbsp;30 months -- 5 years: N<br>&nbsp;&nbsp;&nbsp;&nbsp;Preschool: N<br>&nbsp;&nbsp;&nbsp;&nbsp;Grade 1 - Age 12: N<br>
402,Licensed Group,Butterfly Kisses,770 Stearns Rd,,Kelowna,V1X 2B5,49.889694,-119.371978,250-826-7298,,,N,N,N,N,N,N,N,N,N,N,N,N,N,N,N,N,N,,,N,N,N,N,N,N,N,Y,Y,N,N,2026-05-21,https://hedgehogportal.interiorhealth.ca/ChildCare/Map,N,Y,N,Butterfly Kisses<br>Licensed Group<br>250-826-7298<br><br>Vacancy:<br>&nbsp;&nbsp;&nbsp;&nbsp;<36 months: Y<br>&nbsp;&nbsp;&nbsp;&nbsp;30 months -- 5 years: Y<br>&nbsp;&nbsp;&nbsp;&nbsp;Preschool: N<br>&nbsp;&nbsp;&nbsp;&nbsp;Grade 1 - Age 12: N<br>
403,Licensed Group,Oaklands Out Of School Care,1-2827 Belmont Ave,,Victoria,V8R 4B2,48.440869,-123.338099,250-370-9101,,,N,N,N,N,N,N,N,N,N,N,N,N,N,N,N,N,N,,,N,N,N,N,N,N,N,N,N,N,N,2026-04-23,https://www.healthspace.ca/clients/viha/viha_website.nsf/CCFL-Main?OpenView,N,Y,N,Oaklands Out Of School Care<br>Licensed Group<br>250-370-9101<br><br>Vacancy:<br>&nbsp;&nbsp;&nbsp;&nbsp;<36 months: N<br>&nbsp;&nbsp;&nbsp;&nbsp;30 months -- 5 years: N<br>&nbsp;&nbsp;&nbsp;&nbsp;Preschool: N<br>&nbsp;&nbsp;&nbsp;&nbsp;Grade 1 - Age 12: N<br>
404,Licensed Group,St. Joseph's Church Preschool & Out Of School Care Program,20244  32Nd Ave,,Langley,V2Z 2E1,49.059627,-122.662531,604-530-4288,,,N,N,N,N,N,N,N,N,N,N,N,N,N,N,N,N,N,,,N,N,N,N,N,N,N,N,N,Y,N,2026-05-15,http://www.healthspace.ca/fha/childcare,N,Y,N,St. Joseph's Church Preschool & Out Of School Care Program<br>Licensed Group<br>604-530-4288<br><br>Vacancy:<br>&nbsp;&nbsp;&nbsp;&nbsp;<36 months: N<br>&nbsp;&nbsp;&nbsp;&nbsp;30 months -- 5 years: N<br>&nbsp;&nbsp;&nbsp;&nbsp;Preschool: Y<br>&nbsp;&nbsp;&nbsp;&nbsp;Grade 1 - Age 12: N<br>
405,Licensed Group,Ccsa Eagle Tree Chemainus,3172 Garner St,,Chemainus,V0R 1K2,48.930287,-123.732551,250-416-5473,,,N,N,N,N,N,N,N,N,N,N,N,N,N,N,N,N,N,,,N,N,N,N,N,N,N,N,N,Y,Y,2026-04-02,https://www.healthspace.ca/clients/viha/viha_website.nsf/CCFL-Main?OpenView,N,Y,N,Ccsa Eagle Tree Chemainus<br>Licensed Group<br>250-416-5473<br><br>Vacancy:<br>&nbsp;&nbsp;&nbsp;&nbsp;<36 months: N<br>&nbsp;&nbsp;&nbsp;&nbsp;30 months -- 5 years: N<br>&nbsp;&nbsp;&nbsp;&nbsp;Preschool: Y<br>&nbsp;&nbsp;&nbsp;&nbsp;Grade 1 - Age 12: Y<br>
406,Licensed Group,Quarterway Childcare Centre,1601 Creekside Dr,,Nanaimo,V9S 5V8,49.177645,-123.98009,250-740-2599,,,N,N,N,N,N,N,N,N,N,N,N,N,N,N,N,N,N,,,N,N,N,N,N,N,N,N,N,N,N,2026-05-15,https://www.healthspace.ca/clients/viha/viha_website.nsf/CCFL-Main?OpenView,N,Y,N,Quarterway Childcare Centre<br>Licensed Group<br>250-740-2599<br><br>Vacancy:<br>&nbsp;&nbsp;&nbsp;&nbsp;<36 months: N<br>&nbsp;&nbsp;&nbsp;&nbsp;30 months -- 5 years: N<br>&nbsp;&nbsp;&nbsp;&nbsp;Preschool: N<br>&nbsp;&nbsp;&nbsp;&nbsp;Grade 1 - Age 12: N<br>
407,Licensed Group,North Douglas Preschool,675 Jolly Pl,,Victoria,V8Z 6R9,48.46665,-123.383451,250-744-3457,,,N,N,N,N,N,N,N,N,N,N,N,N,N,N,N,N,N,,,N,N,N,N,N,N,N,N,N,N,N,2026-05-05,https://www.healthspace.ca/clients/viha/viha_website.nsf/CCFL-Main?OpenView,N,Y,N,North Douglas Preschool<br>Licensed Group<br>250-744-3457<br><br>Vacancy:<br>&nbsp;&nbsp;&nbsp;&nbsp;<36 months: N<br>&nbsp;&nbsp;&nbsp;&nbsp;30 months -- 5 years: N<br>&nbsp;&nbsp;&nbsp;&nbsp;Preschool: N<br>&nbsp;&nbsp;&nbsp;&nbsp;Grade 1 - Age 12: N<br>
408,Licensed Group,Junior Citizens Care Center,999 Noons Creek Dr,,Port Moody,V3H 4N3,49.290215,-122.824582,236-838-3404,,,N,N,N,N,N,N,N,N,N,N,N,N,N,N,N,N,N,,,N,N,N,N,N,N,N,N,Y,N,Y,2026-05-15,http://www.healthspace.ca/fha/childcare,N,Y,N,Junior Citizens Care Center<br>Licensed Group<br>236-838-3404<br><br>Vacancy:<br>&nbsp;&nbsp;&nbsp;&nbsp;<36 months: N<br>&nbsp;&nbsp;&nbsp;&nbsp;30 months -- 5 years: Y<br>&nbsp;&nbsp;&nbsp;&nbsp;Preschool: N<br>&nbsp;&nbsp;&nbsp;&nbsp;Grade 1 - Age 12: Y<br>
409,Licensed Group,Bright Beginnings Infant / Child Care,1393 Austin Ave,,Coquitlam,V3K 3P6,49.249328,-122.854933,236-888-2764,,,N,N,N,N,N,N,N,N,N,N,N,N,N,N,N,N,N,,,N,N,N,N,N,N,N,N,N,N,N,2026-05-20,http://www.healthspace.ca/fha/childcare,N,Y,N,Bright Beginnings Infant / Child Care<br>Licensed Group<br>236-888-2764<br><br>Vacancy:<br>&nbsp;&nbsp;&nbsp;&nbsp;<36 months: N<br>&nbsp;&nbsp;&nbsp;&nbsp;30 months -- 5 years: N<br>&nbsp;&nbsp;&nbsp;&nbsp;Preschool: N<br>&nbsp;&nbsp;&nbsp;&nbsp;Grade 1 - Age 12: N<br>
410,Licensed Group,Little Mountain Out Of School Care (Lmosc),1300 29 Ave E,,Vancouver,V5V 2T3,49.243521,-123.07819,604-879-7104,,,N,N,N,N,N,N,N,N,N,N,N,N,N,N,N,N,N,,,N,N,N,N,N,N,N,N,N,N,N,2026-04-22,https://inspections.vcha.ca/ChildCare/Table,N,Y,N,Little Mountain Out Of School Care (Lmosc)<br>Licensed Group<br>604-879-7104<br><br>Vacancy:<br>&nbsp;&nbsp;&nbsp;&nbsp;<36 months: N<br>&nbsp;&nbsp;&nbsp;&nbsp;30 months -- 5 years: N<br>&nbsp;&nbsp;&nbsp;&nbsp;Preschool: N<br>&nbsp;&nbsp;&nbsp;&nbsp;Grade 1 - Age 12: N<br>
411,Licensed Group,Future 4 Nations Aboriginal Headstart Program - Room 146,146-34110 Lougheed Hwy,,Mission,V2V 4L1,49.143194,-122.275121,604-820-4567,,,N,N,N,N,N,N,N,N,N,N,N,N,N,N,N,N,N,,,N,N,N,N,N,N,N,N,N,Y,N,2026-05-14,http://www.healthspace.ca/fha/childcare,N,Y,N,Future 4 Nations Aboriginal Headstart Program - Room 146<br>Licensed Group<br>604-820-4567<br><br>Vacancy:<br>&nbsp;&nbsp;&nbsp;&nbsp;<36 months: N<br>&nbsp;&nbsp;&nbsp;&nbsp;30 months -- 5 years: N<br>&nbsp;&nbsp;&nbsp;&nbsp;Preschool: Y<br>&nbsp;&nbsp;&nbsp;&nbsp;Grade 1 - Age 12: N<br>
412,Licensed Group,Kamloops Montessori Academy/Full Day Care,920 Greystone Cres,,Kamloops,V1S 1K7,50.642859,-120.364063,778-220-9457,,,N,N,N,N,N,N,N,N,N,N,N,N,N,N,N,N,N,,,N,N,N,N,N,N,N,N,N,N,N,2026-05-17,https://hedgehogportal.interiorhealth.ca/ChildCare/Map,N,Y,N,Kamloops Montessori Academy/Full Day Care<br>Licensed Group<br>778-220-9457<br><br>Vacancy:<br>&nbsp;&nbsp;&nbsp;&nbsp;<36 months: N<br>&nbsp;&nbsp;&nbsp;&nbsp;30 months -- 5 years: N<br>&nbsp;&nbsp;&nbsp;&nbsp;Preschool: N<br>&nbsp;&nbsp;&nbsp;&nbsp;Grade 1 - Age 12: N<br>
413,Licensed Group,T'it'q'et Daycare,44 Retasket Dr,,Lillooet,V0K 1V0,50.681137,-121.942934,250-256-0033,,,N,N,N,N,N,N,N,N,N,N,N,N,N,N,N,N,N,,,N,N,N,N,N,N,N,N,N,N,N,2026-05-12,https://hedgehogportal.interiorhealth.ca/ChildCare/Map,N,Y,N,T'it'q'et Daycare<br>Licensed Group<br>250-256-0033<br><br>Vacancy:<br>&nbsp;&nbsp;&nbsp;&nbsp;<36 months: N<br>&nbsp;&nbsp;&nbsp;&nbsp;30 months -- 5 years: N<br>&nbsp;&nbsp;&nbsp;&nbsp;Preschool: N<br>&nbsp;&nbsp;&nbsp;&nbsp;Grade 1 - Age 12: N<br>
414,Licensed Group,Beyond Care,8350 11Th Ave,,Burnaby,V3N 2P4,49.225856,-122.916511,604-521-8748,,,N,N,N,N,N,N,N,N,N,N,N,N,N,N,N,N,N,,,N,N,N,N,N,N,N,N,Y,N,N,2026-04-27,http://www.healthspace.ca/fha/childcare,N,Y,N,Beyond Care<br>Licensed Group<br>604-521-8748<br><br>Vacancy:<br>&nbsp;&nbsp;&nbsp;&nbsp;<36 months: N<br>&nbsp;&nbsp;&nbsp;&nbsp;30 months -- 5 years: Y<br>&nbsp;&nbsp;&nbsp;&nbsp;Preschool: N<br>&nbsp;&nbsp;&nbsp;&nbsp;Grade 1 - Age 12: N<br>
415,Licensed Group,Leigh School Daycare,1230 Soball St,,Coquitlam,V3B 3H7,49.286634,-122.751717,778-881-6475,,,N,N,N,N,N,N,N,N,N,N,N,N,N,N,N,N,N,,,N,N,N,N,N,N,N,N,N,N,N,2026-05-02,http://www.healthspace.ca/fha/childcare,N,Y,N,Leigh School Daycare<br>Licensed Group<br>778-881-6475<br><br>Vacancy:<br>&nbsp;&nbsp;&nbsp;&nbsp;<36 months: N<br>&nbsp;&nbsp;&nbsp;&nbsp;30 months -- 5 years: N<br>&nbsp;&nbsp;&nbsp;&nbsp;Preschool: N<br>&nbsp;&nbsp;&nbsp;&nbsp;Grade 1 - Age 12: N<br>
416,Licensed Group,Lynnmour Creative Child Care Centre,1251 Lillooet Rd,,North Vancouver,V7J 3H7,49.318693,-123.024317,604-980-1212,,,N,N,N,N,N,N,N,N,N,N,N,N,N,N,N,N,N,,,N,N,N,N,N,N,N,N,N,N,N,2026-05-15,https://inspections.vcha.ca/ChildCare/Table,N,Y,N,Lynnmour Creative Child Care Centre<br>Licensed Group<br>604-980-1212<br><br>Vacancy:<br>&nbsp;&nbsp;&nbsp;&nbsp;<36 months: N<br>&nbsp;&nbsp;&nbsp;&nbsp;30 months -- 5 years: N<br>&nbsp;&nbsp;&nbsp;&nbsp;Preschool: N<br>&nbsp;&nbsp;&nbsp;&nbsp;Grade 1 - Age 12: N<br>
417,Licensed Group,S.P.I.C.E. Of Life Child Care Centre,10851 Shell Rd,,Richmond,V7A 3W6,49.135616,-123.104409,604-272-4040,,,N,N,N,N,N,N,N,N,N,N,N,N,N,N,N,N,N,,,N,N,N,N,N,N,N,N,N,N,N,2026-05-15,https://inspections.vcha.ca/ChildCare/Table,N,Y,Y,S.P.I.C.E. Of Life Child Care Centre<br>Licensed Group<br>604-272-4040<br><br>Vacancy:<br>&nbsp;&nbsp;&nbsp;&nbsp;<36 months: N<br>&nbsp;&nbsp;&nbsp;&nbsp;30 months -- 5 years: N<br>&nbsp;&nbsp;&nbsp;&nbsp;Preschool: N<br>&nbsp;&nbsp;&nbsp;&nbsp;Grade 1 - Age 12: N<br>
418,Licensed Group,Kids Corner Childcare Centre,4401 Pleasant Valley Rd,,Vernon,V1T 4M4,50.276759,-119.252228,250-545-7303,,,N,N,N,N,N,N,N,N,N,N,N,N,N,N,N,N,N,,,N,N,N,N,N,N,N,N,N,N,N,2026-05-15,https://hedgehogportal.interiorhealth.ca/ChildCare/Map,N,Y,N,Kids Corner Childcare Centre<br>Licensed Group<br>250-545-7303<br><br>Vacancy:<br>&nbsp;&nbsp;&nbsp;&nbsp;<36 months: N<br>&nbsp;&nbsp;&nbsp;&nbsp;30 months -- 5 years: N<br>&nbsp;&nbsp;&nbsp;&nbsp;Preschool: N<br>&nbsp;&nbsp;&nbsp;&nbsp;Grade 1 - Age 12: N<br>
419,Licensed Group,Ashurst Children's Centre,545 Highway 16,,Burns Lake,V0J 1E0,54.232267,-125.763163,250-692-1720,,,N,N,N,N,N,N,N,N,N,N,N,N,N,N,N,N,N,,,N,N,N,N,N,N,N,N,N,N,N,2026-05-21,https://www.healthspace.ca/Clients/NHA/NHA_Website.nsf/CCFL-Frameset,N,Y,N,Ashurst Children's Centre<br>Licensed Group<br>250-692-1720<br><br>Vacancy:<br>&nbsp;&nbsp;&nbsp;&nbsp;<36 months: N<br>&nbsp;&nbsp;&nbsp;&nbsp;30 months -- 5 years: N<br>&nbsp;&nbsp;&nbsp;&nbsp;Preschool: N<br>&nbsp;&nbsp;&nbsp;&nbsp;Grade 1 - Age 12: N<br>
420,Licensed Group,Doncaster-Oakcrest Child Care,1525 Rowan St,,Victoria,V8P 1X4,48.456447,-123.337874,250-370-9110,,,N,N,N,N,N,N,N,N,N,N,N,N,N,N,N,N,N,,,N,N,N,N,N,N,N,N,N,Y,N,2026-05-01,https://www.healthspace.ca/clients/viha/viha_website.nsf/CCFL-Main?OpenView,N,Y,N,Doncaster-Oakcrest Child Care<br>Licensed Group<br>250-370-9110<br><br>Vacancy:<br>&nbsp;&nbsp;&nbsp;&nbsp;<36 months: N<br>&nbsp;&nbsp;&nbsp;&nbsp;30 months -- 5 years: N<br>&nbsp;&nbsp;&nbsp;&nbsp;Preschool: Y<br>&nbsp;&nbsp;&nbsp;&nbsp;Grade 1 - Age 12: N<br>
421,Licensed Group,Harbour View Childcare Inc,960 Lillian St,,Coquitlam,V3J 5C7,49.269047,-122.861609,604-931-3033,,,N,N,N,N,N,N,N,N,N,N,N,N,N,N,N,N,N,,,N,N,N,N,N,N,N,N,Y,N,N,2026-05-15,http://www.healthspace.ca/fha/childcare,N,Y,N,Harbour View Childcare Inc<br>Licensed Group<br>604-931-3033<br><br>Vacancy:<br>&nbsp;&nbsp;&nbsp;&nbsp;<36 months: N<br>&nbsp;&nbsp;&nbsp;&nbsp;30 months -- 5 years: Y<br>&nbsp;&nbsp;&nbsp;&nbsp;Preschool: N<br>&nbsp;&nbsp;&nbsp;&nbsp;Grade 1 - Age 12: N<br>
422,Licensed Family,Buddies On 7Th,469 7Th Ave,,Kimberley,V1A 2W9,49.694222,-115.986222,250-432-9777,,,N,N,N,N,N,N,N,N,N,N,N,N,N,N,N,N,N,,,N,N,N,N,N,N,N,N,N,N,N,2026-04-27,https://hedgehogportal.interiorhealth.ca/ChildCare/Map,N,Y,N,Buddies On 7Th<br>Licensed Family<br>250-432-9777<br><br>Vacancy:<br>&nbsp;&nbsp;&nbsp;&nbsp;<36 months: N<br>&nbsp;&nbsp;&nbsp;&nbsp;30 months -- 5 years: N<br>&nbsp;&nbsp;&nbsp;&nbsp;Preschool: N<br>&nbsp;&nbsp;&nbsp;&nbsp;Grade 1 - Age 12: N<br>
423,Licensed Family,Jane Millard's Day Care,821 Hendryx St,,Nelson,V1L 2B3,49.490797,-117.287097,250-352-2465,,,N,N,N,N,N,N,N,N,N,N,N,N,N,N,N,N,N,,,N,N,N,N,N,N,N,N,N,N,N,2026-05-16,https://hedgehogportal.interiorhealth.ca/ChildCare/Map,N,Y,N,Jane Millard's Day Care<br>Licensed Family<br>250-352-2465<br><br>Vacancy:<br>&nbsp;&nbsp;&nbsp;&nbsp;<36 months: N<br>&nbsp;&nbsp;&nbsp;&nbsp;30 months -- 5 years: N<br>&nbsp;&nbsp;&nbsp;&nbsp;Preschool: N<br>&nbsp;&nbsp;&nbsp;&nbsp;Grade 1 - Age 12: N<br>
424,Licensed Family,Faerie Grove,5936 Ranchview Rd,,Vernon,V1B 3J9,50.296221,-119.201473,250-306-5936,,,N,N,N,N,N,N,N,N,N,N,N,N,N,N,N,N,N,,,N,N,N,N,N,N,N,Y,N,N,N,2026-05-15,https://hedgehogportal.interiorhealth.ca/ChildCare/Map,N,Y,N,Faerie Grove<br>Licensed Family<br>250-306-5936<br><br>Vacancy:<br>&nbsp;&nbsp;&nbsp;&nbsp;<36 months: Y<br>&nbsp;&nbsp;&nbsp;&nbsp;30 months -- 5 years: N<br>&nbsp;&nbsp;&nbsp;&nbsp;Preschool: N<br>&nbsp;&nbsp;&nbsp;&nbsp;Grade 1 - Age 12: N<br>
425,Licensed Family,Mission Mountain Family Daycare,1502 34A St,,Vernon,V1T 5Z7,50.253167,-119.279889,250-558-1009,,,N,N,N,N,N,N,N,N,N,N,N,N,N,N,N,N,N,,,N,N,N,N,N,N,N,Y,Y,N,Y,2026-05-15,https://hedgehogportal.interiorhealth.ca/ChildCare/Map,N,Y,N,Mission Mountain Family Daycare<br>Licensed Family<br>250-558-1009<br><br>Vacancy:<br>&nbsp;&nbsp;&nbsp;&nbsp;<36 months: Y<br>&nbsp;&nbsp;&nbsp;&nbsp;30 months -- 5 years: Y<br>&nbsp;&nbsp;&nbsp;&nbsp;Preschool: N<br>&nbsp;&nbsp;&nbsp;&nbsp;Grade 1 - Age 12: Y<br>
426,Licensed Family,Mother's Touch Daycare,2812 Lardeau Way,,Vernon,V1T 7V3,50.258082,-119.308353,250-542-1877,,,N,N,N,N,N,N,N,N,N,N,N,N,N,N,N,N,N,,,N,N,N,N,N,N,N,Y,Y,N,N,2026-04-26,https://hedgehogportal.interiorhealth.ca/ChildCare/Map,N,Y,N,Mother's Touch Daycare<br>Licensed Family<br>250-542-1877<br><br>Vacancy:<br>&nbsp;&nbsp;&nbsp;&nbsp;<36 months: Y<br>&nbsp;&nbsp;&nbsp;&nbsp;30 months -- 5 years: Y<br>&nbsp;&nbsp;&nbsp;&nbsp;Preschool: N<br>&nbsp;&nbsp;&nbsp;&nbsp;Grade 1 - Age 12: N<br>
427,Licensed Family,R.S.K. Playmates Family Day Care,3510 41St Ave,,Vernon,V1T 3H9,50.272027,-119.279782,250-542-5978,,,N,N,N,N,N,N,N,N,N,N,N,N,N,N,N,N,N,,,N,N,N,N,N,N,N,N,Y,N,N,2026-05-19,https://hedgehogportal.interiorhealth.ca/ChildCare/Map,N,Y,N,R.S.K. Playmates Family Day Care<br>Licensed Family<br>250-542-5978<br><br>Vacancy:<br>&nbsp;&nbsp;&nbsp;&nbsp;<36 months: N<br>&nbsp;&nbsp;&nbsp;&nbsp;30 months -- 5 years: Y<br>&nbsp;&nbsp;&nbsp;&nbsp;Preschool: N<br>&nbsp;&nbsp;&nbsp;&nbsp;Grade 1 - Age 12: N<br>
428,Licensed Family,Nancy's Daycare,5701 Tuktakamin Rd,,Falkland,V0E 1W0,50.501856,-119.555066,250-309-6462,,,N,N,N,N,N,N,N,N,N,N,N,N,N,N,N,N,N,,,N,N,N,N,N,N,N,N,N,N,N,2026-04-19,https://hedgehogportal.interiorhealth.ca/ChildCare/Map,N,N,N,Nancy's Daycare<br>Licensed Family<br>250-309-6462<br><br>Vacancy:<br>&nbsp;&nbsp;&nbsp;&nbsp;<36 months: N<br>&nbsp;&nbsp;&nbsp;&nbsp;30 months -- 5 years: N<br>&nbsp;&nbsp;&nbsp;&nbsp;Preschool: N<br>&nbsp;&nbsp;&nbsp;&nbsp;Grade 1 - Age 12: N<br>
429,Licensed Family,Little Busy Bee's,411 Linden Ave,,Kaleden,V0H 1K0,49.382347,-119.585777,250-497-6996,,,N,N,N,N,N,N,N,N,N,N,N,N,N,N,N,N,N,,,N,N,N,N,N,N,N,N,N,N,N,2026-05-16,https://hedgehogportal.interiorhealth.ca/ChildCare/Map,N,Y,N,Little Busy Bee's<br>Licensed Family<br>250-497-6996<br><br>Vacancy:<br>&nbsp;&nbsp;&nbsp;&nbsp;<36 months: N<br>&nbsp;&nbsp;&nbsp;&nbsp;30 months -- 5 years: N<br>&nbsp;&nbsp;&nbsp;&nbsp;Preschool: N<br>&nbsp;&nbsp;&nbsp;&nbsp;Grade 1 - Age 12: N<br>
430,Licensed Family,The Treasure Box Family Daycare,857 Maccleave Ave,,Penticton,V2A 3C4,49.484075,-119.572958,250-493-7821,,,N,N,N,N,N,N,N,N,N,N,N,N,N,N,N,N,N,,,N,N,N,N,N,N,N,N,N,N,N,2026-05-15,,N,Y,N,The Treasure Box Family Daycare<br>Licensed Family<br>250-493-7821<br><br>Vacancy:<br>&nbsp;&nbsp;&nbsp;&nbsp;<36 months: N<br>&nbsp;&nbsp;&nbsp;&nbsp;30 months -- 5 years: N<br>&nbsp;&nbsp;&nbsp;&nbsp;Preschool: N<br>&nbsp;&nbsp;&nbsp;&nbsp;Grade 1 - Age 12: N<br>
431,Licensed Family,Dougall Road Daycare,320 Dougall Rd S,,Kelowna,V1X 3J6,49.88594,-119.393087,250-765-4340,,,N,N,N,N,N,N,N,N,N,N,N,N,N,N,N,N,N,,,N,N,N,N,N,N,N,N,N,N,N,2026-05-15,https://hedgehogportal.interiorhealth.ca/ChildCare/Map,N,Y,N,Dougall Road Daycare<br>Licensed Family<br>250-765-4340<br><br>Vacancy:<br>&nbsp;&nbsp;&nbsp;&nbsp;<36 months: N<br>&nbsp;&nbsp;&nbsp;&nbsp;30 months -- 5 years: N<br>&nbsp;&nbsp;&nbsp;&nbsp;Preschool: N<br>&nbsp;&nbsp;&nbsp;&nbsp;Grade 1 - Age 12: N<br>
432,Licensed Family,Carla's Daycare,1755 Highland Dr N,,Kelowna,V1Y 4K9,49.893227,-119.457724,250-869-9775,,,N,N,N,N,N,N,N,N,N,N,N,N,N,N,N,N,N,,,N,N,N,N,N,N,N,N,N,N,N,2026-05-15,https://hedgehogportal.interiorhealth.ca/ChildCare/Map,N,Y,N,Carla's Daycare<br>Licensed Family<br>250-869-9775<br><br>Vacancy:<br>&nbsp;&nbsp;&nbsp;&nbsp;<36 months: N<br>&nbsp;&nbsp;&nbsp;&nbsp;30 months -- 5 years: N<br>&nbsp;&nbsp;&nbsp;&nbsp;Preschool: N<br>&nbsp;&nbsp;&nbsp;&nbsp;Grade 1 - Age 12: N<br>
433,Licensed Family,Sheila's Family Day Care,1341 Pine Cres,,Kamloops,V2C 2Z2,50.669396,-120.307878,250-374-5181,,,N,N,N,N,N,N,N,N,N,N,N,N,N,N,N,N,N,,,N,N,N,N,N,N,N,Y,N,N,N,2026-04-30,https://hedgehogportal.interiorhealth.ca/ChildCare/Map,N,Y,N,Sheila's Family Day Care<br>Licensed Family<br>250-374-5181<br><br>Vacancy:<br>&nbsp;&nbsp;&nbsp;&nbsp;<36 months: Y<br>&nbsp;&nbsp;&nbsp;&nbsp;30 months -- 5 years: N<br>&nbsp;&nbsp;&nbsp;&nbsp;Preschool: N<br>&nbsp;&nbsp;&nbsp;&nbsp;Grade 1 - Age 12: N<br>
434,Licensed Family,Bonnie's Daycare,471 Linden Ave,,Kamloops,V2B 2N4,50.691584,-120.354839,250-376-3566,,,N,N,N,N,N,N,N,N,N,N,N,N,N,N,N,N,N,,,N,N,N,N,N,N,N,N,N,N,N,2026-05-15,https://hedgehogportal.interiorhealth.ca/ChildCare/Map,N,Y,N,Bonnie's Daycare<br>Licensed Family<br>250-376-3566<br><br>Vacancy:<br>&nbsp;&nbsp;&nbsp;&nbsp;<36 months: N<br>&nbsp;&nbsp;&nbsp;&nbsp;30 months -- 5 years: N<br>&nbsp;&nbsp;&nbsp;&nbsp;Preschool: N<br>&nbsp;&nbsp;&nbsp;&nbsp;Grade 1 - Age 12: N<br>
435,Licensed Family,Brock Kids Care,1080 Oxford St,,Kamloops,V2B 5L3,50.707307,-120.394644,250-376-3677,,,N,N,N,N,N,N,N,N,N,N,N,N,N,N,N,N,N,,,N,N,N,N,N,N,N,Y,N,N,Y,2026-05-15,https://hedgehogportal.interiorhealth.ca/ChildCare/Map,N,Y,N,Brock Kids Care<br>Licensed Family<br>250-376-3677<br><br>Vacancy:<br>&nbsp;&nbsp;&nbsp;&nbsp;<36 months: Y<br>&nbsp;&nbsp;&nbsp;&nbsp;30 months -- 5 years: N<br>&nbsp;&nbsp;&nbsp;&nbsp;Preschool: N<br>&nbsp;&nbsp;&nbsp;&nbsp;Grade 1 - Age 12: Y<br>
436,Licensed Family,Kiddy Cottage Daycare,175 Cahilty Cres,,Kamloops,V2H 1M8,50.799609,-120.3223,250-578-8539,,,N,N,N,N,N,N,N,N,N,N,N,N,N,N,N,N,N,,,N,N,N,N,N,N,N,N,N,N,N,2026-05-06,https://hedgehogportal.interiorhealth.ca/ChildCare/Map,N,Y,N,Kiddy Cottage Daycare<br>Licensed Family<br>250-578-8539<br><br>Vacancy:<br>&nbsp;&nbsp;&nbsp;&nbsp;<36 months: N<br>&nbsp;&nbsp;&nbsp;&nbsp;30 months -- 5 years: N<br>&nbsp;&nbsp;&nbsp;&nbsp;Preschool: N<br>&nbsp;&nbsp;&nbsp;&nbsp;Grade 1 - Age 12: N<br>
437,Licensed Family,Gleneagles - Sahali Daycare,656 Gleneagles Dr,,Kamloops,V2E 1Z1,50.651167,-120.35558,250-371-7201,,,N,N,N,N,N,N,N,N,N,N,N,N,N,N,N,N,N,,,N,N,N,N,N,N,N,N,Y,N,N,2026-05-20,https://hedgehogportal.interiorhealth.ca/ChildCare/Map,N,Y,N,Gleneagles - Sahali Daycare<br>Licensed Family<br>250-371-7201<br><br>Vacancy:<br>&nbsp;&nbsp;&nbsp;&nbsp;<36 months: N<br>&nbsp;&nbsp;&nbsp;&nbsp;30 months -- 5 years: Y<br>&nbsp;&nbsp;&nbsp;&nbsp;Preschool: N<br>&nbsp;&nbsp;&nbsp;&nbsp;Grade 1 - Age 12: N<br>
438,Licensed Family,Treasure Island Family Childcare,381 Robson Dr,,Kamloops,V2E 1W2,50.649823,-120.346761,250-571-5359,,,N,N,N,N,N,N,N,N,N,N,N,N,N,N,N,N,N,,,N,N,N,N,N,N,N,N,N,N,Y,2026-05-15,https://www.interiorhealth.ca/HedgehogPortal/facility/Table,N,Y,N,Treasure Island Family Childcare<br>Licensed Family<br>250-571-5359<br><br>Vacancy:<br>&nbsp;&nbsp;&nbsp;&nbsp;<36 months: N<br>&nbsp;&nbsp;&nbsp;&nbsp;30 months -- 5 years: N<br>&nbsp;&nbsp;&nbsp;&nbsp;Preschool: N<br>&nbsp;&nbsp;&nbsp;&nbsp;Grade 1 - Age 12: Y<br>
439,Licensed Family,Juniper Joyce's Home Away From Home,2373 Omineca Dr,,Kamloops,V2E 1S9,50.660303,-120.250959,250-374-2199,,,N,N,N,N,N,N,N,N,N,N,N,N,N,N,N,N,N,,,N,N,N,N,N,N,N,N,N,N,N,2026-05-21,https://hedgehogportal.interiorhealth.ca/ChildCare/Map,N,Y,N,Juniper Joyce's Home Away From Home<br>Licensed Family<br>250-374-2199<br><br>Vacancy:<br>&nbsp;&nbsp;&nbsp;&nbsp;<36 months: N<br>&nbsp;&nbsp;&nbsp;&nbsp;30 months -- 5 years: N<br>&nbsp;&nbsp;&nbsp;&nbsp;Preschool: N<br>&nbsp;&nbsp;&nbsp;&nbsp;Grade 1 - Age 12: N<br>
440,Licensed Family,Little Steps Family Daycare,6-1230 Moha Rd,,Lillooet,V0K 1V0,50.7119,-121.92418,250-256-9492,,,N,N,N,N,N,N,N,N,N,N,N,N,N,N,N,N,N,,,N,N,N,N,N,N,N,N,N,N,N,2026-05-15,https://hedgehogportal.interiorhealth.ca/ChildCare/Map,N,Y,N,Little Steps Family Daycare<br>Licensed Family<br>250-256-9492<br><br>Vacancy:<br>&nbsp;&nbsp;&nbsp;&nbsp;<36 months: N<br>&nbsp;&nbsp;&nbsp;&nbsp;30 months -- 5 years: N<br>&nbsp;&nbsp;&nbsp;&nbsp;Preschool: N<br>&nbsp;&nbsp;&nbsp;&nbsp;Grade 1 - Age 12: N<br>
441,Licensed Family,Wee Care Family Daycare,46622 Arbutus Ave,,Chilliwack,V2P 6P4,49.166014,-121.933825,604-795-4642,,,N,N,N,N,N,N,N,N,N,N,N,N,N,N,N,N,N,,,N,N,N,N,N,N,N,N,N,N,N,2026-05-21,http://www.healthspace.ca/fha/childcare,N,Y,N,Wee Care Family Daycare<br>Licensed Family<br>604-795-4642<br><br>Vacancy:<br>&nbsp;&nbsp;&nbsp;&nbsp;<36 months: N<br>&nbsp;&nbsp;&nbsp;&nbsp;30 months -- 5 years: N<br>&nbsp;&nbsp;&nbsp;&nbsp;Preschool: N<br>&nbsp;&nbsp;&nbsp;&nbsp;Grade 1 - Age 12: N<br>
442,Licensed Family,Rainbow's End Daycare,45834 Berkeley Ave,,Chilliwack,V2P 3N3,49.181423,-121.956275,604-795-7526,,,N,N,N,N,N,N,N,N,N,N,N,N,N,N,N,N,N,,,N,N,N,N,N,N,N,N,N,N,N,2026-05-14,http://www.healthspace.ca/fha/childcare,N,Y,N,Rainbow's End Daycare<br>Licensed Family<br>604-795-7526<br><br>Vacancy:<br>&nbsp;&nbsp;&nbsp;&nbsp;<36 months: N<br>&nbsp;&nbsp;&nbsp;&nbsp;30 months -- 5 years: N<br>&nbsp;&nbsp;&nbsp;&nbsp;Preschool: N<br>&nbsp;&nbsp;&nbsp;&nbsp;Grade 1 - Age 12: N<br>
443,Licensed Family,Fe Fi Fo Fun Family Daycare,8461 118A St,,Delta,V4C 6K9,49.157426,-122.894328,604-219-8542,,,N,N,N,N,N,N,N,N,N,N,N,N,N,N,N,N,N,,,N,N,N,N,N,N,N,N,N,N,N,2026-05-01,http://www.healthspace.ca/fha/childcare,N,Y,N,Fe Fi Fo Fun Family Daycare<br>Licensed Family<br>604-219-8542<br><br>Vacancy:<br>&nbsp;&nbsp;&nbsp;&nbsp;<36 months: N<br>&nbsp;&nbsp;&nbsp;&nbsp;30 months -- 5 years: N<br>&nbsp;&nbsp;&nbsp;&nbsp;Preschool: N<br>&nbsp;&nbsp;&nbsp;&nbsp;Grade 1 - Age 12: N<br>
444,Licensed Family,Ragamuffins,6048 165 St,,Surrey,V3S 5V4,49.112279,-122.76426,604-575-0498,,,N,N,N,N,N,N,N,N,N,N,N,N,N,N,N,N,N,,,N,N,N,N,N,N,N,Y,Y,N,Y,2026-04-29,http://www.healthspace.ca/fha/childcare,N,Y,N,Ragamuffins<br>Licensed Family<br>604-575-0498<br><br>Vacancy:<br>&nbsp;&nbsp;&nbsp;&nbsp;<36 months: Y<br>&nbsp;&nbsp;&nbsp;&nbsp;30 months -- 5 years: Y<br>&nbsp;&nbsp;&nbsp;&nbsp;Preschool: N<br>&nbsp;&nbsp;&nbsp;&nbsp;Grade 1 - Age 12: Y<br>
445,Licensed Family,Creative Wonders Family Daycare,5878 Kettle Cres E,,Surrey,V3S 8N9,49.109051,-122.796176,604-575-7281,,,N,N,N,N,N,N,N,N,N,N,N,N,N,N,N,N,N,,,N,N,N,N,N,N,N,Y,Y,N,N,2026-05-20,http://www.healthspace.ca/fha/childcare,N,Y,N,Creative Wonders Family Daycare<br>Licensed Family<br>604-575-7281<br><br>Vacancy:<br>&nbsp;&nbsp;&nbsp;&nbsp;<36 months: Y<br>&nbsp;&nbsp;&nbsp;&nbsp;30 months -- 5 years: Y<br>&nbsp;&nbsp;&nbsp;&nbsp;Preschool: N<br>&nbsp;&nbsp;&nbsp;&nbsp;Grade 1 - Age 12: N<br>
446,Licensed Family,Dolly's Child Care,14661 105A Ave,,Surrey,V3R 5X8,49.194087,-122.815905,604-951-1432,,,N,N,N,N,N,N,N,N,N,N,N,N,N,N,N,N,N,,,N,N,N,N,N,N,N,N,Y,N,N,2026-05-15,http://www.healthspace.ca/fha/childcare,N,Y,N,Dolly's Child Care<br>Licensed Family<br>604-951-1432<br><br>Vacancy:<br>&nbsp;&nbsp;&nbsp;&nbsp;<36 months: N<br>&nbsp;&nbsp;&nbsp;&nbsp;30 months -- 5 years: Y<br>&nbsp;&nbsp;&nbsp;&nbsp;Preschool: N<br>&nbsp;&nbsp;&nbsp;&nbsp;Grade 1 - Age 12: N<br>
447,Licensed Family,Quality Fun Family Day Care,21188 93Rd Ave,,Langley,V1M 2B6,49.171139,-122.63494,604-888-2896,,,N,N,N,N,N,N,N,N,N,N,N,N,N,N,N,N,N,,,N,N,N,N,N,N,N,N,N,N,N,2026-05-19,http://www.healthspace.ca/fha/childcare,N,Y,N,Quality Fun Family Day Care<br>Licensed Family<br>604-888-2896<br><br>Vacancy:<br>&nbsp;&nbsp;&nbsp;&nbsp;<36 months: N<br>&nbsp;&nbsp;&nbsp;&nbsp;30 months -- 5 years: N<br>&nbsp;&nbsp;&nbsp;&nbsp;Preschool: N<br>&nbsp;&nbsp;&nbsp;&nbsp;Grade 1 - Age 12: N<br>
448,Licensed Family,Individual Footsteps Ii,18217 64Th Ave,,Surrey,V3S 8T4,49.118901,-122.717842,604-576-4902,,,N,N,N,N,N,N,N,N,N,N,N,N,N,N,N,N,N,,,N,N,N,N,N,N,N,Y,Y,N,N,2026-05-15,http://www.healthspace.ca/fha/childcare,N,Y,N,Individual Footsteps Ii<br>Licensed Family<br>604-576-4902<br><br>Vacancy:<br>&nbsp;&nbsp;&nbsp;&nbsp;<36 months: Y<br>&nbsp;&nbsp;&nbsp;&nbsp;30 months -- 5 years: Y<br>&nbsp;&nbsp;&nbsp;&nbsp;Preschool: N<br>&nbsp;&nbsp;&nbsp;&nbsp;Grade 1 - Age 12: N<br>
449,Licensed Family,Kiddie Korner Family Day Care - Langley,8503 211A St,,Langley,V1M 2L6,49.157797,-122.635857,604-649-7085,,,N,N,N,N,N,N,N,N,N,N,N,N,N,N,N,N,N,,,N,N,N,N,N,N,N,N,Y,N,N,2026-05-18,http://www.healthspace.ca/fha/childcare,N,Y,N,Kiddie Korner Family Day Care - Langley<br>Licensed Family<br>604-649-7085<br><br>Vacancy:<br>&nbsp;&nbsp;&nbsp;&nbsp;<36 months: N<br>&nbsp;&nbsp;&nbsp;&nbsp;30 months -- 5 years: Y<br>&nbsp;&nbsp;&nbsp;&nbsp;Preschool: N<br>&nbsp;&nbsp;&nbsp;&nbsp;Grade 1 - Age 12: N<br>
450,Licensed Family,One Of A Kind Family Day Care,9243 206Th St,,Langley,V1M 2W8,49.170844,-122.651327,778-878-1430,,,N,N,N,N,N,N,N,N,N,N,N,N,N,N,N,N,N,,,N,N,N,N,N,N,N,N,Y,N,N,2026-05-20,http://www.healthspace.ca/fha/childcare,N,Y,N,One Of A Kind Family Day Care<br>Licensed Family<br>778-878-1430<br><br>Vacancy:<br>&nbsp;&nbsp;&nbsp;&nbsp;<36 months: N<br>&nbsp;&nbsp;&nbsp;&nbsp;30 months -- 5 years: Y<br>&nbsp;&nbsp;&nbsp;&nbsp;Preschool: N<br>&nbsp;&nbsp;&nbsp;&nbsp;Grade 1 - Age 12: N<br>
451,Licensed Family,Raindrops Family Daycare,3216 Harwood Ave,,Coquitlam,V3E 1T8,49.291039,-122.776842,604-941-6123,,,N,N,N,N,N,N,N,N,N,N,N,N,N,N,N,N,N,,,N,N,N,N,N,N,N,N,N,N,N,2026-05-15,http://www.healthspace.ca/fha/childcare,N,Y,N,Raindrops Family Daycare<br>Licensed Family<br>604-941-6123<br><br>Vacancy:<br>&nbsp;&nbsp;&nbsp;&nbsp;<36 months: N<br>&nbsp;&nbsp;&nbsp;&nbsp;30 months -- 5 years: N<br>&nbsp;&nbsp;&nbsp;&nbsp;Preschool: N<br>&nbsp;&nbsp;&nbsp;&nbsp;Grade 1 - Age 12: N<br>
452,Licensed Family,Joanne's House,20516 123B Ave,,Maple Ridge,V2X 0L9,49.22684,-122.651904,604-465-9759,,,N,N,N,N,N,N,N,N,N,N,N,N,N,N,N,N,N,,,N,N,N,N,N,N,N,N,N,N,N,2026-05-15,,N,Y,N,Joanne's House<br>Licensed Family<br>604-465-9759<br><br>Vacancy:<br>&nbsp;&nbsp;&nbsp;&nbsp;<36 months: N<br>&nbsp;&nbsp;&nbsp;&nbsp;30 months -- 5 years: N<br>&nbsp;&nbsp;&nbsp;&nbsp;Preschool: N<br>&nbsp;&nbsp;&nbsp;&nbsp;Grade 1 - Age 12: N<br>
453,Licensed Family,Hilda's Daycare,12741 226Th St,,Maple Ridge,V2X 6H6,49.233781,-122.59588,604-463-7889,hildas-childcare.com,,N,N,N,N,N,N,N,N,N,N,N,N,N,N,N,N,N,,,N,N,N,N,N,N,N,Y,Y,N,N,2026-05-15,http://www.healthspace.ca/fha/childcare,N,Y,N,Hilda's Daycare<br>Licensed Family<br>604-463-7889<br><br>Vacancy:<br>&nbsp;&nbsp;&nbsp;&nbsp;<36 months: Y<br>&nbsp;&nbsp;&nbsp;&nbsp;30 months -- 5 years: Y<br>&nbsp;&nbsp;&nbsp;&nbsp;Preschool: N<br>&nbsp;&nbsp;&nbsp;&nbsp;Grade 1 - Age 12: N<br>
454,Licensed Family,Holly Hobby House Family Child Care,5-2880 Dacre Ave,,Coquitlam,V3C 4H6,49.27163,-122.800859,604-552-4000,,,N,N,N,N,N,N,N,N,N,N,N,N,N,N,N,N,N,,,N,N,N,N,N,N,N,N,N,N,N,2026-05-15,http://www.healthspace.ca/fha/childcare,N,Y,N,Holly Hobby House Family Child Care<br>Licensed Family<br>604-552-4000<br><br>Vacancy:<br>&nbsp;&nbsp;&nbsp;&nbsp;<36 months: N<br>&nbsp;&nbsp;&nbsp;&nbsp;30 months -- 5 years: N<br>&nbsp;&nbsp;&nbsp;&nbsp;Preschool: N<br>&nbsp;&nbsp;&nbsp;&nbsp;Grade 1 - Age 12: N<br>
455,Licensed Family,Circle Time Family Daycare,12030 232B St,,Maple Ridge,V2X 0X1,49.220732,-122.57651,604-908-2773,,,N,N,N,N,N,N,N,N,N,N,N,N,N,N,N,N,N,,,N,N,N,N,N,N,N,Y,N,N,N,2026-05-06,http://www.healthspace.ca/fha/childcare,N,Y,N,Circle Time Family Daycare<br>Licensed Family<br>604-908-2773<br><br>Vacancy:<br>&nbsp;&nbsp;&nbsp;&nbsp;<36 months: Y<br>&nbsp;&nbsp;&nbsp;&nbsp;30 months -- 5 years: N<br>&nbsp;&nbsp;&nbsp;&nbsp;Preschool: N<br>&nbsp;&nbsp;&nbsp;&nbsp;Grade 1 - Age 12: N<br>
456,Licensed Family,Stars Family Child Care,1713 Sugarpine Crt,,Coquitlam,V3E 3E4,49.308251,-122.791515,604-945-9416,,,Y,N,N,N,N,N,Y,Y,N,N,N,N,N,N,N,N,N,Extra fee,Extra fee,N,N,N,N,N,N,N,Y,Y,N,N,2026-05-15,http://www.healthspace.ca/fha/childcare,N,Y,N,Stars Family Child Care<br>Licensed Family<br>604-945-9416<br><br>Vacancy:<br>&nbsp;&nbsp;&nbsp;&nbsp;<36 months: Y<br>&nbsp;&nbsp;&nbsp;&nbsp;30 months -- 5 years: Y<br>&nbsp;&nbsp;&nbsp;&nbsp;Preschool: N<br>&nbsp;&nbsp;&nbsp;&nbsp;Grade 1 - Age 12: N<br>
457,Licensed Family,Claydon Family Daycare,3200 Harwood Ave,,Coquitlam,V3E 1P3,49.291111,-122.778111,604-941-5081,,,N,N,N,N,N,N,N,N,N,N,N,N,N,N,N,N,N,,,N,N,N,N,N,N,N,N,N,N,N,2026-05-16,http://www.healthspace.ca/fha/childcare,N,Y,N,Claydon Family Daycare<br>Licensed Family<br>604-941-5081<br><br>Vacancy:<br>&nbsp;&nbsp;&nbsp;&nbsp;<36 months: N<br>&nbsp;&nbsp;&nbsp;&nbsp;30 months -- 5 years: N<br>&nbsp;&nbsp;&nbsp;&nbsp;Preschool: N<br>&nbsp;&nbsp;&nbsp;&nbsp;Grade 1 - Age 12: N<br>
458,Licensed Family,Kid's Stop Daycare,2359 Hawthorne Ave,,Port Coquitlam,V3C 1X1,49.257506,-122.784394,604-944-8309,,,N,N,N,N,N,N,N,N,N,N,N,N,N,N,N,N,N,,,N,N,N,N,N,N,N,N,Y,N,N,2026-05-18,http://www.healthspace.ca/fha/childcare,N,Y,N,Kid's Stop Daycare<br>Licensed Family<br>604-944-8309<br><br>Vacancy:<br>&nbsp;&nbsp;&nbsp;&nbsp;<36 months: N<br>&nbsp;&nbsp;&nbsp;&nbsp;30 months -- 5 years: Y<br>&nbsp;&nbsp;&nbsp;&nbsp;Preschool: N<br>&nbsp;&nbsp;&nbsp;&nbsp;Grade 1 - Age 12: N<br>
459,Licensed Family,Playcare,517 Appian Way,,Coquitlam,V3J 2A6,49.253102,-122.891368,604-939-9142,,,N,N,N,N,N,N,N,N,N,N,N,N,N,N,N,N,N,,,N,N,N,N,N,N,N,Y,Y,N,Y,2026-05-04,http://www.healthspace.ca/fha/childcare,N,Y,N,Playcare<br>Licensed Family<br>604-939-9142<br><br>Vacancy:<br>&nbsp;&nbsp;&nbsp;&nbsp;<36 months: Y<br>&nbsp;&nbsp;&nbsp;&nbsp;30 months -- 5 years: Y<br>&nbsp;&nbsp;&nbsp;&nbsp;Preschool: N<br>&nbsp;&nbsp;&nbsp;&nbsp;Grade 1 - Age 12: Y<br>
460,Licensed Family,Little Crayons Daycare,20770 123B Ave,,Maple Ridge,V2X 1M4,49.226966,-122.645969,604-467-2249,,,Y,N,N,N,N,N,Y,Y,N,N,N,N,N,N,N,N,N,Extra fee,Include in fee,N,N,N,N,N,N,N,N,Y,N,N,2026-05-01,http://www.healthspace.ca/fha/childcare,N,Y,N,Little Crayons Daycare<br>Licensed Family<br>604-467-2249<br><br>Vacancy:<br>&nbsp;&nbsp;&nbsp;&nbsp;<36 months: N<br>&nbsp;&nbsp;&nbsp;&nbsp;30 months -- 5 years: Y<br>&nbsp;&nbsp;&nbsp;&nbsp;Preschool: N<br>&nbsp;&nbsp;&nbsp;&nbsp;Grade 1 - Age 12: N<br>
461,Licensed Family,Pumpkin Patch Daycare,1605 Gore St,,Port Moody,V3H 1W6,49.284612,-122.868053,604-931-3901,,,N,N,N,N,N,N,N,N,N,N,N,N,N,N,N,N,N,,,N,N,N,N,N,N,N,N,N,N,N,2026-04-27,http://www.healthspace.ca/fha/childcare,N,Y,N,Pumpkin Patch Daycare<br>Licensed Family<br>604-931-3901<br><br>Vacancy:<br>&nbsp;&nbsp;&nbsp;&nbsp;<36 months: N<br>&nbsp;&nbsp;&nbsp;&nbsp;30 months -- 5 years: N<br>&nbsp;&nbsp;&nbsp;&nbsp;Preschool: N<br>&nbsp;&nbsp;&nbsp;&nbsp;Grade 1 - Age 12: N<br>
462,Licensed Family,Wild And Wonderful Family Daycare,19091 117B Ave,,Pitt Meadows,V3Y 2C3,49.216594,-122.692529,604-465-6373,,,N,N,N,N,N,N,N,N,N,N,N,N,N,N,N,N,N,,,N,N,N,N,N,N,N,N,N,N,N,2026-05-15,http://www.healthspace.ca/fha/childcare,N,Y,N,Wild And Wonderful Family Daycare<br>Licensed Family<br>604-465-6373<br><br>Vacancy:<br>&nbsp;&nbsp;&nbsp;&nbsp;<36 months: N<br>&nbsp;&nbsp;&nbsp;&nbsp;30 months -- 5 years: N<br>&nbsp;&nbsp;&nbsp;&nbsp;Preschool: N<br>&nbsp;&nbsp;&nbsp;&nbsp;Grade 1 - Age 12: N<br>
463,Licensed Family,Nana's Angels,11440 234A St,,Maple Ridge,V2X 5P8,49.209502,-122.572836,604-463-9643,,,Y,N,N,N,N,N,Y,Y,N,Y,Y,N,N,N,N,N,N,Extra fee,Not offered,N,N,N,N,N,Y,Y,N,N,N,N,2026-05-18,http://www.healthspace.ca/fha/childcare,N,Y,N,Nana's Angels<br>Licensed Family<br>604-463-9643<br><br>Vacancy:<br>&nbsp;&nbsp;&nbsp;&nbsp;<36 months: N<br>&nbsp;&nbsp;&nbsp;&nbsp;30 months -- 5 years: N<br>&nbsp;&nbsp;&nbsp;&nbsp;Preschool: N<br>&nbsp;&nbsp;&nbsp;&nbsp;Grade 1 - Age 12: N<br>
464,Licensed Family,Supreme Family Daycare,701 Hailey St,,Coquitlam,V3J 4N7,49.26012,-122.86984,604-936-4827,,,N,N,N,N,N,N,N,N,N,N,N,N,N,N,N,N,N,,,N,N,N,N,N,N,N,N,N,N,N,2026-05-18,http://www.healthspace.ca/fha/childcare,N,Y,N,Supreme Family Daycare<br>Licensed Family<br>604-936-4827<br><br>Vacancy:<br>&nbsp;&nbsp;&nbsp;&nbsp;<36 months: N<br>&nbsp;&nbsp;&nbsp;&nbsp;30 months -- 5 years: N<br>&nbsp;&nbsp;&nbsp;&nbsp;Preschool: N<br>&nbsp;&nbsp;&nbsp;&nbsp;Grade 1 - Age 12: N<br>
465,Licensed Family,Little Bloomers,11-1383 Brunette Ave,,Coquitlam,V3K 1G6,49.240823,-122.855141,604-727-2206,,,N,N,N,N,N,N,N,N,N,N,N,N,N,N,N,N,N,,,N,N,N,N,N,N,N,Y,Y,N,N,2026-05-15,http://www.healthspace.ca/fha/childcare,N,Y,N,Little Bloomers<br>Licensed Family<br>604-727-2206<br><br>Vacancy:<br>&nbsp;&nbsp;&nbsp;&nbsp;<36 months: Y<br>&nbsp;&nbsp;&nbsp;&nbsp;30 months -- 5 years: Y<br>&nbsp;&nbsp;&nbsp;&nbsp;Preschool: N<br>&nbsp;&nbsp;&nbsp;&nbsp;Grade 1 - Age 12: N<br>
466,Licensed Family,It's A Small World Daycare,11555 239A St,,Maple Ridge,V2W 1Y4,49.212249,-122.558338,604-463-1778,,,N,N,N,N,N,N,N,N,N,N,N,N,N,N,N,N,N,,,N,N,N,N,N,N,N,Y,Y,N,N,2026-05-05,http://www.healthspace.ca/fha/childcare,N,Y,N,It's A Small World Daycare<br>Licensed Family<br>604-463-1778<br><br>Vacancy:<br>&nbsp;&nbsp;&nbsp;&nbsp;<36 months: Y<br>&nbsp;&nbsp;&nbsp;&nbsp;30 months -- 5 years: Y<br>&nbsp;&nbsp;&nbsp;&nbsp;Preschool: N<br>&nbsp;&nbsp;&nbsp;&nbsp;Grade 1 - Age 12: N<br>
467,Licensed Family,Kinder Place Family Day Care,174 Grandview Heights Rd,,Gibsons,V0N 1V3,49.389176,-123.541377,604-886-6890,,,N,N,N,N,N,N,N,N,N,N,N,N,N,N,N,N,N,,,N,N,N,N,N,N,N,N,N,N,N,2026-05-14,https://inspections.vcha.ca/ChildCare/Table,N,Y,N,Kinder Place Family Day Care<br>Licensed Family<br>604-886-6890<br><br>Vacancy:<br>&nbsp;&nbsp;&nbsp;&nbsp;<36 months: N<br>&nbsp;&nbsp;&nbsp;&nbsp;30 months -- 5 years: N<br>&nbsp;&nbsp;&nbsp;&nbsp;Preschool: N<br>&nbsp;&nbsp;&nbsp;&nbsp;Grade 1 - Age 12: N<br>
468,Licensed Family,All Aboard Family Child Care,544 Weber St,,Nanaimo,V9R 5R1,49.142578,-123.951786,250-754-4704,,,N,N,N,N,N,N,N,N,N,N,N,N,N,N,N,N,N,,,N,N,N,N,N,N,N,N,N,N,N,2026-05-14,https://www.healthspace.ca/clients/viha/viha_website.nsf/CCFL-Main?OpenView,N,Y,N,All Aboard Family Child Care<br>Licensed Family<br>250-754-4704<br><br>Vacancy:<br>&nbsp;&nbsp;&nbsp;&nbsp;<36 months: N<br>&nbsp;&nbsp;&nbsp;&nbsp;30 months -- 5 years: N<br>&nbsp;&nbsp;&nbsp;&nbsp;Preschool: N<br>&nbsp;&nbsp;&nbsp;&nbsp;Grade 1 - Age 12: N<br>
469,Licensed Family,Kew Farm Family Child Care,2601 Soole Rd,,Duncan,V9L 6L6,48.742576,-123.67802,250-746-9354,,,N,N,N,N,N,N,N,N,N,N,N,N,N,N,N,N,N,,,N,N,N,N,N,N,N,N,N,N,N,2026-05-06,https://www.healthspace.ca/clients/viha/viha_website.nsf/CCFL-Main?OpenView,N,Y,N,Kew Farm Family Child Care<br>Licensed Family<br>250-746-9354<br><br>Vacancy:<br>&nbsp;&nbsp;&nbsp;&nbsp;<36 months: N<br>&nbsp;&nbsp;&nbsp;&nbsp;30 months -- 5 years: N<br>&nbsp;&nbsp;&nbsp;&nbsp;Preschool: N<br>&nbsp;&nbsp;&nbsp;&nbsp;Grade 1 - Age 12: N<br>
470,Licensed Family,Shan's Family Child Care,1680 Bowstring Close,,Nanaimo,V9T 1H4,49.209065,-123.97688,250-756-1906,,,N,N,N,N,N,N,N,N,N,N,N,N,N,N,N,N,N,,,N,N,N,N,N,N,N,Y,Y,N,N,2026-05-20,https://www.healthspace.ca/clients/viha/viha_website.nsf/CCFL-Main?OpenView,N,Y,N,Shan's Family Child Care<br>Licensed Family<br>250-756-1906<br><br>Vacancy:<br>&nbsp;&nbsp;&nbsp;&nbsp;<36 months: Y<br>&nbsp;&nbsp;&nbsp;&nbsp;30 months -- 5 years: Y<br>&nbsp;&nbsp;&nbsp;&nbsp;Preschool: N<br>&nbsp;&nbsp;&nbsp;&nbsp;Grade 1 - Age 12: N<br>
471,Licensed Family,Appletree Family Child Care,3406 Hilton Rd,,Duncan,V9L 4B2,48.793915,-123.742507,250-748-4734,,,N,N,N,N,N,N,N,N,N,N,N,N,N,N,N,N,N,,,N,N,N,N,N,N,N,N,N,N,N,2026-04-28,https://www.healthspace.ca/clients/viha/viha_website.nsf/CCFL-Main?OpenView,N,Y,N,Appletree Family Child Care<br>Licensed Family<br>250-748-4734<br><br>Vacancy:<br>&nbsp;&nbsp;&nbsp;&nbsp;<36 months: N<br>&nbsp;&nbsp;&nbsp;&nbsp;30 months -- 5 years: N<br>&nbsp;&nbsp;&nbsp;&nbsp;Preschool: N<br>&nbsp;&nbsp;&nbsp;&nbsp;Grade 1 - Age 12: N<br>
472,Licensed Family,Care Kiddie Family Child Care,6296 Fairview Way,,Duncan,V9L 2J3,48.797713,-123.722911,250-746-4548,,,N,N,N,N,N,N,N,N,N,N,N,N,N,N,N,N,N,,,N,N,N,N,N,N,N,N,N,N,N,2026-05-03,https://www.healthspace.ca/clients/viha/viha_website.nsf/CCFL-Main?OpenView,N,Y,N,Care Kiddie Family Child Care<br>Licensed Family<br>250-746-4548<br><br>Vacancy:<br>&nbsp;&nbsp;&nbsp;&nbsp;<36 months: N<br>&nbsp;&nbsp;&nbsp;&nbsp;30 months -- 5 years: N<br>&nbsp;&nbsp;&nbsp;&nbsp;Preschool: N<br>&nbsp;&nbsp;&nbsp;&nbsp;Grade 1 - Age 12: N<br>
473,Licensed Family,Beaver Creek Family Child Care,2665 Beaver Creek Cres,,Nanaimo,V9T 3K3,49.200368,-124.01959,250-619-5164,,,N,N,N,N,N,N,N,N,N,N,N,N,N,N,N,N,N,,,N,N,N,N,N,N,N,N,N,N,N,2026-05-12,https://www.healthspace.ca/clients/viha/viha_website.nsf/CCFL-Main?OpenView,N,Y,N,Beaver Creek Family Child Care<br>Licensed Family<br>250-619-5164<br><br>Vacancy:<br>&nbsp;&nbsp;&nbsp;&nbsp;<36 months: N<br>&nbsp;&nbsp;&nbsp;&nbsp;30 months -- 5 years: N<br>&nbsp;&nbsp;&nbsp;&nbsp;Preschool: N<br>&nbsp;&nbsp;&nbsp;&nbsp;Grade 1 - Age 12: N<br>
474,Licensed Family,Tweedlebug Family Child Care,1886 Wessex Rd,,Cowichan Bay,V0R 1N1,48.74186,-123.628197,250-746-7813,,,N,N,N,N,N,N,N,N,N,N,N,N,N,N,N,N,N,,,N,N,N,N,N,N,N,N,N,N,N,2026-05-14,https://www.healthspace.ca/clients/viha/viha_website.nsf/CCFL-Main?OpenView,N,Y,N,Tweedlebug Family Child Care<br>Licensed Family<br>250-746-7813<br><br>Vacancy:<br>&nbsp;&nbsp;&nbsp;&nbsp;<36 months: N<br>&nbsp;&nbsp;&nbsp;&nbsp;30 months -- 5 years: N<br>&nbsp;&nbsp;&nbsp;&nbsp;Preschool: N<br>&nbsp;&nbsp;&nbsp;&nbsp;Grade 1 - Age 12: N<br>
475,Licensed Family,Casa Bambini Family Child Care,2354 Pheasant Terr,,Nanaimo,V9T 3P6,49.198341,-124.013594,250-751-4182,,,N,N,N,N,N,N,N,N,N,N,N,N,N,N,N,N,N,,,N,N,N,N,N,N,N,N,N,N,N,2026-05-14,https://www.healthspace.ca/clients/viha/viha_website.nsf/CCFL-Main?OpenView,N,N,N,Casa Bambini Family Child Care<br>Licensed Family<br>250-751-4182<br><br>Vacancy:<br>&nbsp;&nbsp;&nbsp;&nbsp;<36 months: N<br>&nbsp;&nbsp;&nbsp;&nbsp;30 months -- 5 years: N<br>&nbsp;&nbsp;&nbsp;&nbsp;Preschool: N<br>&nbsp;&nbsp;&nbsp;&nbsp;Grade 1 - Age 12: N<br>
476,Licensed Family,Baby Orca Family Child Care,7536 Andrea Cres,Rr 2,Lantzville,V0R 2H0,49.244615,-124.092228,250-390-1882,,,,,,,,,,,,,,,,,,,,,,,,,,,,,,,,,,,Y,N,N,Baby Orca Family Child Care<br>Licensed Family<br>250-390-1882<br><br>Vacancy:<br>&nbsp;&nbsp;&nbsp;&nbsp;<36 months: None<br>&nbsp;&nbsp;&nbsp;&nbsp;30 months -- 5 years: None<br>&nbsp;&nbsp;&nbsp;&nbsp;Preschool: None<br>&nbsp;&nbsp;&nbsp;&nbsp;Grade 1 - Age 12: None<br>
477,Licensed Family,Sweet Pea Family Child Care,262 mckinnon St,,Parksville,V9P 1J1,49.316167,-124.327372,250-248-5281,,,N,N,N,N,N,N,N,N,N,N,N,N,N,N,N,N,N,,,N,N,N,N,N,N,N,N,N,N,Y,2026-05-15,https://www.healthspace.ca/clients/viha/viha_website.nsf/CCFL-Main?OpenView,N,Y,N,Sweet Pea Family Child Care<br>Licensed Family<br>250-248-5281<br><br>Vacancy:<br>&nbsp;&nbsp;&nbsp;&nbsp;<36 months: N<br>&nbsp;&nbsp;&nbsp;&nbsp;30 months -- 5 years: N<br>&nbsp;&nbsp;&nbsp;&nbsp;Preschool: N<br>&nbsp;&nbsp;&nbsp;&nbsp;Grade 1 - Age 12: Y<br>
478,Licensed Family,Tiny Friends Family Child Care,3171 Meadow Dr,,Nanaimo,V9R 7C7,49.177177,-124.051106,250-619-6472,,,N,N,N,N,N,N,N,N,N,N,N,N,N,N,N,N,N,,,N,N,N,N,N,N,N,N,N,N,N,2026-05-15,https://www.healthspace.ca/clients/viha/viha_website.nsf/CCFL-Main?OpenView,N,Y,N,Tiny Friends Family Child Care<br>Licensed Family<br>250-619-6472<br><br>Vacancy:<br>&nbsp;&nbsp;&nbsp;&nbsp;<36 months: N<br>&nbsp;&nbsp;&nbsp;&nbsp;30 months -- 5 years: N<br>&nbsp;&nbsp;&nbsp;&nbsp;Preschool: N<br>&nbsp;&nbsp;&nbsp;&nbsp;Grade 1 - Age 12: N<br>
479,Licensed Family,Betty's Family Child Care,55 Fifth St,,Nanaimo,V9R 1M9,49.154845,-123.940774,250-754-1495,,,N,N,N,N,N,N,N,N,N,N,N,N,N,N,N,N,N,,,N,N,N,N,N,N,N,Y,Y,N,N,2026-05-15,https://www.healthspace.ca/clients/viha/viha_website.nsf/CCFL-Main?OpenView,N,Y,N,Betty's Family Child Care<br>Licensed Family<br>250-754-1495<br><br>Vacancy:<br>&nbsp;&nbsp;&nbsp;&nbsp;<36 months: Y<br>&nbsp;&nbsp;&nbsp;&nbsp;30 months -- 5 years: Y<br>&nbsp;&nbsp;&nbsp;&nbsp;Preschool: N<br>&nbsp;&nbsp;&nbsp;&nbsp;Grade 1 - Age 12: N<br>
480,Licensed Family,Monica's Family Child Care,581 Seventh St,,Nanaimo,V9R 1G1,49.147279,-123.953851,250-741-1614,,,N,N,N,N,N,N,N,N,N,N,N,N,N,N,N,N,N,,,N,N,N,N,N,N,N,N,N,N,N,2026-05-19,https://www.healthspace.ca/clients/viha/viha_website.nsf/CCFL-Main?OpenView,N,Y,N,Monica's Family Child Care<br>Licensed Family<br>250-741-1614<br><br>Vacancy:<br>&nbsp;&nbsp;&nbsp;&nbsp;<36 months: N<br>&nbsp;&nbsp;&nbsp;&nbsp;30 months -- 5 years: N<br>&nbsp;&nbsp;&nbsp;&nbsp;Preschool: N<br>&nbsp;&nbsp;&nbsp;&nbsp;Grade 1 - Age 12: N<br>
481,Licensed Family,Harmony Family Child Care,1446 Station Rd,,Coombs,V0R 1M0,49.28421,-124.41616,250-954-0176,,,N,N,N,N,N,N,N,N,N,N,N,N,N,N,N,N,N,,,N,N,N,N,N,N,N,N,N,N,N,2026-03-22,https://www.healthspace.ca/clients/viha/viha_website.nsf/CCFL-Main?OpenView,N,Y,N,Harmony Family Child Care<br>Licensed Family<br>250-954-0176<br><br>Vacancy:<br>&nbsp;&nbsp;&nbsp;&nbsp;<36 months: N<br>&nbsp;&nbsp;&nbsp;&nbsp;30 months -- 5 years: N<br>&nbsp;&nbsp;&nbsp;&nbsp;Preschool: N<br>&nbsp;&nbsp;&nbsp;&nbsp;Grade 1 - Age 12: N<br>
482,Licensed Family,Sunshine Family Child Care,1074 Nagle St,,Duncan,V9L 2E5,48.787629,-123.714661,250-748-6959,,,N,N,N,N,N,N,N,N,N,N,N,N,N,N,N,N,N,,,N,N,N,N,N,N,N,N,N,N,N,2026-05-15,https://www.healthspace.ca/clients/viha/viha_website.nsf/CCFL-Main?OpenView,N,Y,N,Sunshine Family Child Care<br>Licensed Family<br>250-748-6959<br><br>Vacancy:<br>&nbsp;&nbsp;&nbsp;&nbsp;<36 months: N<br>&nbsp;&nbsp;&nbsp;&nbsp;30 months -- 5 years: N<br>&nbsp;&nbsp;&nbsp;&nbsp;Preschool: N<br>&nbsp;&nbsp;&nbsp;&nbsp;Grade 1 - Age 12: N<br>
483,Licensed Family,Never Never Land Family Child Care,2171 Spencer Rd,,Nanaimo,V9S 4L8,49.1914,-123.985923,250-756-0202,,,N,N,N,N,N,N,N,N,N,N,N,N,N,N,N,N,N,,,N,N,N,N,N,N,N,N,N,N,N,2026-04-23,https://www.healthspace.ca/clients/viha/viha_website.nsf/CCFL-Main?OpenView,N,Y,N,Never Never Land Family Child Care<br>Licensed Family<br>250-756-0202<br><br>Vacancy:<br>&nbsp;&nbsp;&nbsp;&nbsp;<36 months: N<br>&nbsp;&nbsp;&nbsp;&nbsp;30 months -- 5 years: N<br>&nbsp;&nbsp;&nbsp;&nbsp;Preschool: N<br>&nbsp;&nbsp;&nbsp;&nbsp;Grade 1 - Age 12: N<br>
484,Licensed Family,B And G Family Childcare,2841 Pickford Rd,,Victoria,V9B 2K3,48.440824,-123.501687,250-385-0197,,,N,N,N,N,N,N,N,N,N,N,N,N,N,N,N,N,N,,,N,N,N,N,N,N,N,N,N,N,N,2026-05-17,https://www.healthspace.ca/clients/viha/viha_website.nsf/CCFL-Main?OpenView,N,Y,N,B And G Family Childcare<br>Licensed Family<br>250-385-0197<br><br>Vacancy:<br>&nbsp;&nbsp;&nbsp;&nbsp;<36 months: N<br>&nbsp;&nbsp;&nbsp;&nbsp;30 months -- 5 years: N<br>&nbsp;&nbsp;&nbsp;&nbsp;Preschool: N<br>&nbsp;&nbsp;&nbsp;&nbsp;Grade 1 - Age 12: N<br>
485,Licensed Family,The Tot Spot,130 Newdale Pl,,Nanaimo,V9V 1A8,49.242592,-124.038259,250-667-1751,,,N,N,N,N,N,N,N,N,N,N,N,N,N,N,N,N,N,,,N,N,N,N,N,N,N,N,N,N,N,2026-05-15,https://www.healthspace.ca/clients/viha/viha_website.nsf/CCFL-Main?OpenView,N,Y,N,The Tot Spot<br>Licensed Family<br>250-667-1751<br><br>Vacancy:<br>&nbsp;&nbsp;&nbsp;&nbsp;<36 months: N<br>&nbsp;&nbsp;&nbsp;&nbsp;30 months -- 5 years: N<br>&nbsp;&nbsp;&nbsp;&nbsp;Preschool: N<br>&nbsp;&nbsp;&nbsp;&nbsp;Grade 1 - Age 12: N<br>
486,Licensed Family,Wishing Well Family Child Care,501 Wheeler Ave,,Parksville,V9P 1G5,49.315027,-124.328408,250-248-3730,,,N,N,N,N,N,N,N,N,N,N,N,N,N,N,N,N,N,,,N,N,N,N,N,N,N,N,Y,N,N,2026-05-15,https://www.healthspace.ca/clients/viha/viha_website.nsf/CCFL-Main?OpenView,N,Y,N,Wishing Well Family Child Care<br>Licensed Family<br>250-248-3730<br><br>Vacancy:<br>&nbsp;&nbsp;&nbsp;&nbsp;<36 months: N<br>&nbsp;&nbsp;&nbsp;&nbsp;30 months -- 5 years: Y<br>&nbsp;&nbsp;&nbsp;&nbsp;Preschool: N<br>&nbsp;&nbsp;&nbsp;&nbsp;Grade 1 - Age 12: N<br>
487,Licensed Family,Huckleberry House Childcare,2248 15Th Ave,,Port Alberni,V9Y 2Z8,49.220933,-124.791342,250-724-6785,,,N,N,N,N,N,N,N,N,N,N,N,N,N,N,N,N,N,,,N,N,N,N,N,N,N,N,N,N,N,2026-05-05,https://www.healthspace.ca/clients/viha/viha_website.nsf/CCFL-Main?OpenView,N,N,N,Huckleberry House Childcare<br>Licensed Family<br>250-724-6785<br><br>Vacancy:<br>&nbsp;&nbsp;&nbsp;&nbsp;<36 months: N<br>&nbsp;&nbsp;&nbsp;&nbsp;30 months -- 5 years: N<br>&nbsp;&nbsp;&nbsp;&nbsp;Preschool: N<br>&nbsp;&nbsp;&nbsp;&nbsp;Grade 1 - Age 12: N<br>
488,Licensed Family,Leaps And Bounds Child Care Services,401 Ashwell Pl,,Ladysmith,V9G 1W8,48.970221,-123.797833,250-245-1415,,,N,N,N,N,N,N,N,N,N,N,N,N,N,N,N,N,N,,,N,N,N,N,N,N,N,N,Y,N,Y,2026-05-15,https://www.healthspace.ca/clients/viha/viha_website.nsf/CCFL-Main?OpenView,N,Y,N,Leaps And Bounds Child Care Services<br>Licensed Family<br>250-245-1415<br><br>Vacancy:<br>&nbsp;&nbsp;&nbsp;&nbsp;<36 months: N<br>&nbsp;&nbsp;&nbsp;&nbsp;30 months -- 5 years: Y<br>&nbsp;&nbsp;&nbsp;&nbsp;Preschool: N<br>&nbsp;&nbsp;&nbsp;&nbsp;Grade 1 - Age 12: Y<br>
489,Licensed Family,Magic Day Daycare,900 Kit Cres,,Campbell River,V9H 1P7,49.994133,-125.248246,250-830-0788,,,N,N,N,N,N,N,N,N,N,N,N,N,N,N,N,N,N,,,N,N,N,N,N,N,N,N,N,N,N,2026-05-15,https://www.healthspace.ca/clients/viha/viha_website.nsf/CCFL-Main?OpenView,N,Y,N,Magic Day Daycare<br>Licensed Family<br>250-830-0788<br><br>Vacancy:<br>&nbsp;&nbsp;&nbsp;&nbsp;<36 months: N<br>&nbsp;&nbsp;&nbsp;&nbsp;30 months -- 5 years: N<br>&nbsp;&nbsp;&nbsp;&nbsp;Preschool: N<br>&nbsp;&nbsp;&nbsp;&nbsp;Grade 1 - Age 12: N<br>
490,Licensed Family,Holling's Child Care,661 mcphedran Rd S,,Campbell River,V9W 7M7,49.995032,-125.251748,250-287-4721,,,N,N,N,N,N,N,N,N,N,N,N,N,N,N,N,N,N,,,N,N,N,N,N,N,N,N,N,N,N,2026-05-15,https://www.healthspace.ca/clients/viha/viha_website.nsf/CCFL-Main?OpenView,N,Y,N,Holling's Child Care<br>Licensed Family<br>250-287-4721<br><br>Vacancy:<br>&nbsp;&nbsp;&nbsp;&nbsp;<36 months: N<br>&nbsp;&nbsp;&nbsp;&nbsp;30 months -- 5 years: N<br>&nbsp;&nbsp;&nbsp;&nbsp;Preschool: N<br>&nbsp;&nbsp;&nbsp;&nbsp;Grade 1 - Age 12: N<br>
491,Licensed Family,Central Station Daycare,699 Victoria Cres,,Campbell River,V9W 3Y3,50.01679,-125.249121,250-203-9157,,,N,N,N,N,N,N,N,N,N,N,N,N,N,N,N,N,N,,,N,N,N,N,N,N,N,Y,N,N,N,2026-05-04,https://www.healthspace.ca/clients/viha/viha_website.nsf/CCFL-Main?OpenView,N,Y,N,Central Station Daycare<br>Licensed Family<br>250-203-9157<br><br>Vacancy:<br>&nbsp;&nbsp;&nbsp;&nbsp;<36 months: Y<br>&nbsp;&nbsp;&nbsp;&nbsp;30 months -- 5 years: N<br>&nbsp;&nbsp;&nbsp;&nbsp;Preschool: N<br>&nbsp;&nbsp;&nbsp;&nbsp;Grade 1 - Age 12: N<br>
492,Licensed Family,Happy Hearts,420 Evergreen Cres,,100 Mile House,V0K 2E0,51.650214,-121.285949,250-706-1114,,,N,N,N,N,N,N,N,N,N,N,N,N,N,N,N,N,N,,,N,N,N,N,N,N,N,N,Y,N,Y,2026-04-28,https://hedgehogportal.interiorhealth.ca/ChildCare/Map,N,Y,N,Happy Hearts<br>Licensed Family<br>250-706-1114<br><br>Vacancy:<br>&nbsp;&nbsp;&nbsp;&nbsp;<36 months: N<br>&nbsp;&nbsp;&nbsp;&nbsp;30 months -- 5 years: Y<br>&nbsp;&nbsp;&nbsp;&nbsp;Preschool: N<br>&nbsp;&nbsp;&nbsp;&nbsp;Grade 1 - Age 12: Y<br>
493,Licensed Family,Shirley's Daycare,1210 Graham Ave,,Quesnel,V2J 3E1,52.975318,-122.478697,250-983-3697,,,N,N,N,N,N,N,N,N,N,N,N,N,N,N,N,N,N,,,N,N,N,N,N,N,N,N,N,N,N,2026-05-06,https://www.healthspace.ca/Clients/NHA/NHA_Website.nsf/CCFL-Frameset,N,Y,N,Shirley's Daycare<br>Licensed Family<br>250-983-3697<br><br>Vacancy:<br>&nbsp;&nbsp;&nbsp;&nbsp;<36 months: N<br>&nbsp;&nbsp;&nbsp;&nbsp;30 months -- 5 years: N<br>&nbsp;&nbsp;&nbsp;&nbsp;Preschool: N<br>&nbsp;&nbsp;&nbsp;&nbsp;Grade 1 - Age 12: N<br>
494,Licensed Family,Little Tykes Day Care,1036 Babine Cres,,Prince George,V2M 3X4,53.915008,-122.786417,250-564-1751,,,N,N,N,N,N,N,N,N,N,N,N,N,N,N,N,N,N,,,N,N,N,N,N,N,N,N,Y,N,N,2026-05-12,https://www.healthspace.ca/Clients/NHA/NHA_Website.nsf/CCFL-Frameset,N,Y,N,Little Tykes Day Care<br>Licensed Family<br>250-564-1751<br><br>Vacancy:<br>&nbsp;&nbsp;&nbsp;&nbsp;<36 months: N<br>&nbsp;&nbsp;&nbsp;&nbsp;30 months -- 5 years: Y<br>&nbsp;&nbsp;&nbsp;&nbsp;Preschool: N<br>&nbsp;&nbsp;&nbsp;&nbsp;Grade 1 - Age 12: N<br>
495,Licensed Family,Happy Tots Day Care,634 Faulkner Cres,,Prince George,V2M 5C6,53.918767,-122.80901,250-562-6563,,,N,N,N,N,N,N,N,N,N,N,N,N,N,N,N,N,N,,,N,N,N,N,N,N,N,N,N,N,N,2026-05-15,https://www.healthspace.ca/Clients/NHA/NHA_Website.nsf/CCFL-Frameset,N,Y,N,Happy Tots Day Care<br>Licensed Family<br>250-562-6563<br><br>Vacancy:<br>&nbsp;&nbsp;&nbsp;&nbsp;<36 months: N<br>&nbsp;&nbsp;&nbsp;&nbsp;30 months -- 5 years: N<br>&nbsp;&nbsp;&nbsp;&nbsp;Preschool: N<br>&nbsp;&nbsp;&nbsp;&nbsp;Grade 1 - Age 12: N<br>
496,Licensed Family,Tykes 'N Tots,3851 Grace Cres,,Prince George,V2N 4V9,53.894334,-122.795107,250-563-2496,,,N,N,N,N,N,N,N,N,N,N,N,N,N,N,N,N,N,,,N,N,N,N,N,N,N,N,Y,N,N,2026-04-24,https://www.healthspace.ca/Clients/NHA/NHA_Website.nsf/CCFL-Frameset,N,Y,N,Tykes 'N Tots<br>Licensed Family<br>250-563-2496<br><br>Vacancy:<br>&nbsp;&nbsp;&nbsp;&nbsp;<36 months: N<br>&nbsp;&nbsp;&nbsp;&nbsp;30 months -- 5 years: Y<br>&nbsp;&nbsp;&nbsp;&nbsp;Preschool: N<br>&nbsp;&nbsp;&nbsp;&nbsp;Grade 1 - Age 12: N<br>
497,Licensed Family,Goldilocks Family Day Care,2967 Parent Rd,,Prince George,V2N 5G2,53.860669,-122.777675,250-964-1544,,,N,N,N,N,N,N,N,N,N,N,N,N,N,N,N,N,N,,,N,N,N,N,N,N,N,Y,N,N,N,2026-05-18,https://www.healthspace.ca/Clients/NHA/NHA_Website.nsf/CCFL-Frameset,N,Y,N,Goldilocks Family Day Care<br>Licensed Family<br>250-964-1544<br><br>Vacancy:<br>&nbsp;&nbsp;&nbsp;&nbsp;<36 months: Y<br>&nbsp;&nbsp;&nbsp;&nbsp;30 months -- 5 years: N<br>&nbsp;&nbsp;&nbsp;&nbsp;Preschool: N<br>&nbsp;&nbsp;&nbsp;&nbsp;Grade 1 - Age 12: N<br>
498,Licensed Family,Sherwood Forest,856 Warren Ave,,Prince George,V2M 3V7,53.917963,-122.787241,250-562-5536,,,N,N,N,N,N,N,N,N,N,N,N,N,N,N,N,N,N,,,N,N,N,N,N,N,N,N,N,N,N,2026-05-05,http://www.healthspace.ca/Clients/NHA/NHA_Website.nsf,N,Y,N,Sherwood Forest<br>Licensed Family<br>250-562-5536<br><br>Vacancy:<br>&nbsp;&nbsp;&nbsp;&nbsp;<36 months: N<br>&nbsp;&nbsp;&nbsp;&nbsp;30 months -- 5 years: N<br>&nbsp;&nbsp;&nbsp;&nbsp;Preschool: N<br>&nbsp;&nbsp;&nbsp;&nbsp;Grade 1 - Age 12: N<br>
499,Licensed Family,Eeyore's Daycare,106-3308 Underhill Rd,,Prince George,V2N 1W5,53.887224,-122.782122,250-561-0639,,,N,N,N,N,N,N,N,N,N,N,N,N,N,N,N,N,N,,,N,N,N,N,N,N,N,N,Y,N,N,2026-05-03,https://www.healthspace.ca/Clients/NHA/NHA_Website.nsf/CCFL-Frameset,N,Y,N,Eeyore's Daycare<br>Licensed Family<br>250-561-0639<br><br>Vacancy:<br>&nbsp;&nbsp;&nbsp;&nbsp;<36 months: N<br>&nbsp;&nbsp;&nbsp;&nbsp;30 months -- 5 years: Y<br>&nbsp;&nbsp;&nbsp;&nbsp;Preschool: N<br>&nbsp;&nbsp;&nbsp;&nbsp;Grade 1 - Age 12: N<br>
500,Licensed Family,Quality Family Day Care,1305 Nanaimo St,,New Westminster,V3M 2G1,49.207347,-122.93358,604-524-1653,,,N,N,N,N,N,N,N,N,N,N,N,N,N,N,N,N,N,,,N,N,N,N,N,N,N,Y,Y,N,N,2026-05-15,http://www.healthspace.ca/fha/childcare,N,Y,N,Quality Family Day Care<br>Licensed Family<br>604-524-1653<br><br>Vacancy:<br>&nbsp;&nbsp;&nbsp;&nbsp;<36 months: Y<br>&nbsp;&nbsp;&nbsp;&nbsp;30 months -- 5 years: Y<br>&nbsp;&nbsp;&nbsp;&nbsp;Preschool: N<br>&nbsp;&nbsp;&nbsp;&nbsp;Grade 1 - Age 12: N<br>
501,Licensed Family,Dedic Family Day Care,1015 8Th Ave,,New Westminster,V3M 2R5,49.21225,-122.931561,604-523-0270,,,N,N,N,N,N,N,N,N,N,N,N,N,N,N,N,N,N,,,N,N,N,N,N,N,N,N,N,N,N,2026-05-15,http://www.healthspace.ca/fha/childcare,N,Y,N,Dedic Family Day Care<br>Licensed Family<br>604-523-0270<br><br>Vacancy:<br>&nbsp;&nbsp;&nbsp;&nbsp;<36 months: N<br>&nbsp;&nbsp;&nbsp;&nbsp;30 months -- 5 years: N<br>&nbsp;&nbsp;&nbsp;&nbsp;Preschool: N<br>&nbsp;&nbsp;&nbsp;&nbsp;Grade 1 - Age 12: N<br>
502,Licensed Family,Philip's Family Daycare,6111 Victoria Dr,,Vancouver,V5P 3X1,49.228699,-123.065699,604-301-9869,,,N,N,N,N,N,N,N,N,N,N,N,N,N,N,N,N,N,,,N,N,N,N,N,N,N,Y,Y,N,N,2026-05-15,https://inspections.vcha.ca/ChildCare/Table,N,Y,N,Philip's Family Daycare<br>Licensed Family<br>604-301-9869<br><br>Vacancy:<br>&nbsp;&nbsp;&nbsp;&nbsp;<36 months: Y<br>&nbsp;&nbsp;&nbsp;&nbsp;30 months -- 5 years: Y<br>&nbsp;&nbsp;&nbsp;&nbsp;Preschool: N<br>&nbsp;&nbsp;&nbsp;&nbsp;Grade 1 - Age 12: N<br>
503,Licensed Family,Wurzelkinder Family Day Care,7042 Nanaimo St,,Vancouver,V5P 4L9,49.219709,-123.058955,236-992-2230,,,N,N,N,N,N,N,N,N,N,N,N,N,N,N,N,N,N,,,N,N,N,N,N,N,N,N,N,N,N,2026-05-18,https://inspections.vcha.ca/ChildCare/Table,N,Y,N,Wurzelkinder Family Day Care<br>Licensed Family<br>236-992-2230<br><br>Vacancy:<br>&nbsp;&nbsp;&nbsp;&nbsp;<36 months: N<br>&nbsp;&nbsp;&nbsp;&nbsp;30 months -- 5 years: N<br>&nbsp;&nbsp;&nbsp;&nbsp;Preschool: N<br>&nbsp;&nbsp;&nbsp;&nbsp;Grade 1 - Age 12: N<br>
504,Licensed Family,Happy Land Family Child Care,3250 Parker St,,Vancouver,V5K 2V8,49.275543,-123.035175,604-251-8029,,,N,N,N,N,N,N,N,N,N,N,N,N,N,N,N,N,N,,,N,N,N,N,N,N,N,Y,N,N,N,2026-05-19,https://inspections.vcha.ca/ChildCare/Table,N,Y,N,Happy Land Family Child Care<br>Licensed Family<br>604-251-8029<br><br>Vacancy:<br>&nbsp;&nbsp;&nbsp;&nbsp;<36 months: Y<br>&nbsp;&nbsp;&nbsp;&nbsp;30 months -- 5 years: N<br>&nbsp;&nbsp;&nbsp;&nbsp;Preschool: N<br>&nbsp;&nbsp;&nbsp;&nbsp;Grade 1 - Age 12: N<br>
505,Licensed Family,Tabby Kats Family Child Care,5181 Killarney St,,Vancouver,V5R 3W1,49.237568,-123.04481,604-431-9974,,,N,N,N,N,N,N,N,N,N,N,N,N,N,N,N,N,N,,,N,N,N,N,N,N,N,N,Y,N,N,2026-05-15,https://inspections.vcha.ca/ChildCare/Table,N,Y,N,Tabby Kats Family Child Care<br>Licensed Family<br>604-431-9974<br><br>Vacancy:<br>&nbsp;&nbsp;&nbsp;&nbsp;<36 months: N<br>&nbsp;&nbsp;&nbsp;&nbsp;30 months -- 5 years: Y<br>&nbsp;&nbsp;&nbsp;&nbsp;Preschool: N<br>&nbsp;&nbsp;&nbsp;&nbsp;Grade 1 - Age 12: N<br>
506,Licensed Family,Sweet Angels Family Child Care,5391 Culloden St,,Vancouver,V5W 3R7,49.235662,-123.078728,604-301-0224,,,N,N,N,N,N,N,N,N,N,N,N,N,N,N,N,N,N,,,N,N,N,N,N,N,N,N,N,N,N,2026-05-15,https://inspections.vcha.ca/ChildCare/Table,N,Y,N,Sweet Angels Family Child Care<br>Licensed Family<br>604-301-0224<br><br>Vacancy:<br>&nbsp;&nbsp;&nbsp;&nbsp;<36 months: N<br>&nbsp;&nbsp;&nbsp;&nbsp;30 months -- 5 years: N<br>&nbsp;&nbsp;&nbsp;&nbsp;Preschool: N<br>&nbsp;&nbsp;&nbsp;&nbsp;Grade 1 - Age 12: N<br>
507,Licensed Family,Margie's Family Childcare,9224 204 St,,Langley,V1M 1B7,49.170529,-122.65675,604-513-8020,,,N,N,N,N,N,N,N,N,N,N,N,N,N,N,N,N,N,,,N,N,N,N,N,N,N,N,N,N,N,2026-04-21,http://www.healthspace.ca/fha/childcare,N,Y,N,Margie's Family Childcare<br>Licensed Family<br>604-513-8020<br><br>Vacancy:<br>&nbsp;&nbsp;&nbsp;&nbsp;<36 months: N<br>&nbsp;&nbsp;&nbsp;&nbsp;30 months -- 5 years: N<br>&nbsp;&nbsp;&nbsp;&nbsp;Preschool: N<br>&nbsp;&nbsp;&nbsp;&nbsp;Grade 1 - Age 12: N<br>
508,Licensed Family,Bear's Playhouse Family Daycare,8572 118A St,,Delta,V4C 6L3,49.158903,-122.893702,778-218-0976,,,N,N,N,N,N,N,N,N,N,N,N,N,N,N,N,N,N,,,N,N,N,N,N,N,N,Y,N,N,N,2026-05-15,http://www.healthspace.ca/fha/childcare,N,Y,N,Bear's Playhouse Family Daycare<br>Licensed Family<br>778-218-0976<br><br>Vacancy:<br>&nbsp;&nbsp;&nbsp;&nbsp;<36 months: Y<br>&nbsp;&nbsp;&nbsp;&nbsp;30 months -- 5 years: N<br>&nbsp;&nbsp;&nbsp;&nbsp;Preschool: N<br>&nbsp;&nbsp;&nbsp;&nbsp;Grade 1 - Age 12: N<br>
509,Licensed Family,Little Wonders Child Care,2543 8Th Ave E,,Vancouver,V5M 1W3,49.263219,-123.053693,604-565-9600,,,N,N,N,N,N,N,N,N,N,N,N,N,N,N,N,N,N,,,N,N,N,N,N,N,N,N,Y,N,N,2026-05-15,https://inspections.vcha.ca/ChildCare/Table,N,Y,N,Little Wonders Child Care<br>Licensed Family<br>604-565-9600<br><br>Vacancy:<br>&nbsp;&nbsp;&nbsp;&nbsp;<36 months: N<br>&nbsp;&nbsp;&nbsp;&nbsp;30 months -- 5 years: Y<br>&nbsp;&nbsp;&nbsp;&nbsp;Preschool: N<br>&nbsp;&nbsp;&nbsp;&nbsp;Grade 1 - Age 12: N<br>
510,Licensed Family,Sunflower Family Child Care,101-2260 10Th Ave W,,Vancouver,V6K 2H8,49.26289,-123.156771,604-739-0440,,,Y,N,N,N,N,N,Y,Y,N,N,N,N,N,N,N,N,N,Extra fee,Extra fee,N,N,N,N,N,N,N,N,N,N,N,2026-05-15,https://inspections.vcha.ca/ChildCare/Table,N,Y,N,Sunflower Family Child Care<br>Licensed Family<br>604-739-0440<br><br>Vacancy:<br>&nbsp;&nbsp;&nbsp;&nbsp;<36 months: N<br>&nbsp;&nbsp;&nbsp;&nbsp;30 months -- 5 years: N<br>&nbsp;&nbsp;&nbsp;&nbsp;Preschool: N<br>&nbsp;&nbsp;&nbsp;&nbsp;Grade 1 - Age 12: N<br>
511,Licensed Family,Auntie Nette's Childcare,10251 Dennis Cres,,Richmond,V7A 3R9,49.136111,-123.113336,778-919-9590,,,N,N,N,N,N,N,N,N,N,N,N,N,N,N,N,N,N,,,N,N,N,N,N,N,N,N,N,N,N,2026-05-15,https://inspections.vcha.ca/ChildCare/Table,N,Y,N,Auntie Nette's Childcare<br>Licensed Family<br>778-919-9590<br><br>Vacancy:<br>&nbsp;&nbsp;&nbsp;&nbsp;<36 months: N<br>&nbsp;&nbsp;&nbsp;&nbsp;30 months -- 5 years: N<br>&nbsp;&nbsp;&nbsp;&nbsp;Preschool: N<br>&nbsp;&nbsp;&nbsp;&nbsp;Grade 1 - Age 12: N<br>
512,Licensed Family,Munchkin Korner Child Care Centre,8680 St. Albans Rd,,Richmond,V6Y 2K9,49.151776,-123.1306,604-275-3177,,,N,N,N,N,N,N,N,N,N,N,N,N,N,N,N,N,N,,,N,N,N,N,N,N,N,Y,Y,N,N,2026-05-20,https://inspections.vcha.ca/ChildCare/Table,N,Y,N,Munchkin Korner Child Care Centre<br>Licensed Family<br>604-275-3177<br><br>Vacancy:<br>&nbsp;&nbsp;&nbsp;&nbsp;<36 months: Y<br>&nbsp;&nbsp;&nbsp;&nbsp;30 months -- 5 years: Y<br>&nbsp;&nbsp;&nbsp;&nbsp;Preschool: N<br>&nbsp;&nbsp;&nbsp;&nbsp;Grade 1 - Age 12: N<br>
513,Licensed Family,Little Hearts Family Child Care,47-5955 Oakdale Rd,,Burnaby,V5H 4S5,49.230284,-122.986756,604-434-2640,facebook Little Hearts Family Child Care,,N,N,N,N,N,N,N,N,N,N,N,N,N,N,N,N,N,,,N,N,N,N,N,N,N,N,Y,N,N,2026-05-16,http://www.healthspace.ca/fha/childcare,N,Y,N,Little Hearts Family Child Care<br>Licensed Family<br>604-434-2640<br><br>Vacancy:<br>&nbsp;&nbsp;&nbsp;&nbsp;<36 months: N<br>&nbsp;&nbsp;&nbsp;&nbsp;30 months -- 5 years: Y<br>&nbsp;&nbsp;&nbsp;&nbsp;Preschool: N<br>&nbsp;&nbsp;&nbsp;&nbsp;Grade 1 - Age 12: N<br>
514,Licensed Family,Kool Catz Family Child Care,48-5955 Oakdale Rd,,Burnaby,V5H 4S5,49.230284,-122.986756,778-968-6154,,,N,N,N,N,N,N,N,N,N,N,N,N,N,N,N,N,N,,,N,N,N,N,N,N,N,N,N,N,N,2026-05-14,http://www.healthspace.ca/fha/childcare,N,Y,N,Kool Catz Family Child Care<br>Licensed Family<br>778-968-6154<br><br>Vacancy:<br>&nbsp;&nbsp;&nbsp;&nbsp;<36 months: N<br>&nbsp;&nbsp;&nbsp;&nbsp;30 months -- 5 years: N<br>&nbsp;&nbsp;&nbsp;&nbsp;Preschool: N<br>&nbsp;&nbsp;&nbsp;&nbsp;Grade 1 - Age 12: N<br>
515,Licensed Family,Evergreen Family Day Care,703-555 28Th St W,,North Vancouver,V7N 2J7,49.333733,-123.087008,,,,N,N,N,N,N,N,N,N,N,N,N,N,N,N,N,N,N,,,N,N,N,N,N,N,N,Y,Y,N,Y,2026-05-15,https://inspections.vcha.ca/ChildCare/Table,N,Y,N,Evergreen Family Day Care<br>Licensed Family<br>None<br><br>Vacancy:<br>&nbsp;&nbsp;&nbsp;&nbsp;<36 months: Y<br>&nbsp;&nbsp;&nbsp;&nbsp;30 months -- 5 years: Y<br>&nbsp;&nbsp;&nbsp;&nbsp;Preschool: N<br>&nbsp;&nbsp;&nbsp;&nbsp;Grade 1 - Age 12: Y<br>
516,Licensed Family,Kims Home Daycare,858 Pepin Cres,,Victoria,V8Z 6V6,48.486579,-123.389576,250-727-6421,,,N,N,N,N,N,N,N,N,N,N,N,N,N,N,N,N,N,,,N,N,N,N,N,N,N,N,Y,N,N,2026-05-15,https://www.healthspace.ca/clients/viha/viha_website.nsf/CCFL-Main?OpenView,N,Y,N,Kims Home Daycare<br>Licensed Family<br>250-727-6421<br><br>Vacancy:<br>&nbsp;&nbsp;&nbsp;&nbsp;<36 months: N<br>&nbsp;&nbsp;&nbsp;&nbsp;30 months -- 5 years: Y<br>&nbsp;&nbsp;&nbsp;&nbsp;Preschool: N<br>&nbsp;&nbsp;&nbsp;&nbsp;Grade 1 - Age 12: N<br>
517,Licensed Family,Barb's Adventure Playhouse,3900 Rock City Rd,,Nanaimo,V9T 4Y8,49.214763,-123.979847,250-327-8980,,,N,N,N,N,N,N,N,N,N,N,N,N,N,N,N,N,N,,,N,N,N,N,N,N,N,N,N,N,N,2026-05-15,https://www.healthspace.ca/clients/viha/viha_website.nsf/CCFL-Main?OpenView,N,Y,N,Barb's Adventure Playhouse<br>Licensed Family<br>250-327-8980<br><br>Vacancy:<br>&nbsp;&nbsp;&nbsp;&nbsp;<36 months: N<br>&nbsp;&nbsp;&nbsp;&nbsp;30 months -- 5 years: N<br>&nbsp;&nbsp;&nbsp;&nbsp;Preschool: N<br>&nbsp;&nbsp;&nbsp;&nbsp;Grade 1 - Age 12: N<br>
518,Licensed Family,Sherri's Place,528 Atkins Rd,,Victoria,V9B 2Z8,48.450105,-123.485094,250-896-0812,,,N,N,N,N,N,N,N,N,N,N,N,N,N,N,N,N,N,,,N,N,N,N,N,N,N,N,N,N,N,2026-04-20,https://www.healthspace.ca/clients/viha/viha_website.nsf/CCFL-Main?OpenView,N,Y,N,Sherri's Place<br>Licensed Family<br>250-896-0812<br><br>Vacancy:<br>&nbsp;&nbsp;&nbsp;&nbsp;<36 months: N<br>&nbsp;&nbsp;&nbsp;&nbsp;30 months -- 5 years: N<br>&nbsp;&nbsp;&nbsp;&nbsp;Preschool: N<br>&nbsp;&nbsp;&nbsp;&nbsp;Grade 1 - Age 12: N<br>
519,Licensed Family,Hand In Hand Childcare,6491 Golledge Ave,,Sooke,V9Z 0Y9,48.381538,-123.712429,250-642-7969,,,N,N,N,N,N,N,N,N,N,N,N,N,N,N,N,N,N,,,N,N,N,N,N,N,N,N,N,N,N,2026-04-30,https://www.healthspace.ca/clients/viha/viha_website.nsf/CCFL-Main?OpenView,N,Y,N,Hand In Hand Childcare<br>Licensed Family<br>250-642-7969<br><br>Vacancy:<br>&nbsp;&nbsp;&nbsp;&nbsp;<36 months: N<br>&nbsp;&nbsp;&nbsp;&nbsp;30 months -- 5 years: N<br>&nbsp;&nbsp;&nbsp;&nbsp;Preschool: N<br>&nbsp;&nbsp;&nbsp;&nbsp;Grade 1 - Age 12: N<br>
520,Licensed Family,Precious Moments Day Care,1026 Craigflower Rd,,Victoria,V9A 2Y1,48.442796,-123.403416,250-381-0177,,,Y,N,N,N,N,N,Y,Y,N,N,N,N,N,N,N,N,N,Included in fee,Include in fee,N,N,N,N,N,N,N,N,N,N,N,2026-05-15,https://www.healthspace.ca/clients/viha/viha_website.nsf/CCFL-Main?OpenView,N,Y,N,Precious Moments Day Care<br>Licensed Family<br>250-381-0177<br><br>Vacancy:<br>&nbsp;&nbsp;&nbsp;&nbsp;<36 months: N<br>&nbsp;&nbsp;&nbsp;&nbsp;30 months -- 5 years: N<br>&nbsp;&nbsp;&nbsp;&nbsp;Preschool: N<br>&nbsp;&nbsp;&nbsp;&nbsp;Grade 1 - Age 12: N<br>
521,Licensed Family,Ranger Station Daycare,639 Coleos Pl,,Victoria,V8Z 6G8,48.464522,-123.396778,250-479-9413,,,N,N,N,N,N,N,N,N,N,N,N,N,N,N,N,N,N,,,N,N,N,N,N,N,N,N,Y,N,N,2026-05-15,https://www.healthspace.ca/clients/viha/viha_website.nsf/CCFL-Main?OpenView,N,Y,N,Ranger Station Daycare<br>Licensed Family<br>250-479-9413<br><br>Vacancy:<br>&nbsp;&nbsp;&nbsp;&nbsp;<36 months: N<br>&nbsp;&nbsp;&nbsp;&nbsp;30 months -- 5 years: Y<br>&nbsp;&nbsp;&nbsp;&nbsp;Preschool: N<br>&nbsp;&nbsp;&nbsp;&nbsp;Grade 1 - Age 12: N<br>
522,Licensed Family,Cownden Family Daycare,3181 Stevenson Pl,,Victoria,V8X 1C4,48.449075,-123.356043,250-213-7752,,,N,N,N,N,N,N,N,N,N,N,N,N,N,N,N,N,N,,,N,N,N,N,N,N,N,N,Y,N,N,2026-05-13,https://www.healthspace.ca/clients/viha/viha_website.nsf/CCFL-Main?OpenView,N,Y,N,Cownden Family Daycare<br>Licensed Family<br>250-213-7752<br><br>Vacancy:<br>&nbsp;&nbsp;&nbsp;&nbsp;<36 months: N<br>&nbsp;&nbsp;&nbsp;&nbsp;30 months -- 5 years: Y<br>&nbsp;&nbsp;&nbsp;&nbsp;Preschool: N<br>&nbsp;&nbsp;&nbsp;&nbsp;Grade 1 - Age 12: N<br>
523,Licensed Family,Playcare Learning Centre,1212 Loenholm Rd,,Victoria,V8Z 7A5,48.484375,-123.407306,250-479-1221,,,N,N,N,N,N,N,N,N,N,N,N,N,N,N,N,N,N,,,N,N,N,N,N,N,N,N,N,N,N,2026-05-15,https://www.healthspace.ca/clients/viha/viha_website.nsf/CCFL-Main?OpenView,N,Y,N,Playcare Learning Centre<br>Licensed Family<br>250-479-1221<br><br>Vacancy:<br>&nbsp;&nbsp;&nbsp;&nbsp;<36 months: N<br>&nbsp;&nbsp;&nbsp;&nbsp;30 months -- 5 years: N<br>&nbsp;&nbsp;&nbsp;&nbsp;Preschool: N<br>&nbsp;&nbsp;&nbsp;&nbsp;Grade 1 - Age 12: N<br>
524,Licensed Family,Mooshy Daycare,4417 Valencia Ave,,North Vancouver,V7N 4B2,49.351096,-123.084403,604-986-5272,,,N,N,N,N,N,N,N,N,N,N,N,N,N,N,N,N,N,,,N,N,N,N,N,N,N,Y,Y,N,Y,2026-05-04,https://inspections.vcha.ca/ChildCare/Table,N,N,N,Mooshy Daycare<br>Licensed Family<br>604-986-5272<br><br>Vacancy:<br>&nbsp;&nbsp;&nbsp;&nbsp;<36 months: Y<br>&nbsp;&nbsp;&nbsp;&nbsp;30 months -- 5 years: Y<br>&nbsp;&nbsp;&nbsp;&nbsp;Preschool: N<br>&nbsp;&nbsp;&nbsp;&nbsp;Grade 1 - Age 12: Y<br>
525,Licensed Family,Nancy's House,3525 Fairmont Rd,,North Vancouver,V7R 2W8,49.341695,-123.092009,604-980-4244,,,N,N,N,N,N,N,N,N,N,N,N,N,N,N,N,N,N,,,N,N,N,N,N,N,N,N,N,N,N,2026-05-18,https://inspections.vcha.ca/ChildCare/Table,N,Y,N,Nancy's House<br>Licensed Family<br>604-980-4244<br><br>Vacancy:<br>&nbsp;&nbsp;&nbsp;&nbsp;<36 months: N<br>&nbsp;&nbsp;&nbsp;&nbsp;30 months -- 5 years: N<br>&nbsp;&nbsp;&nbsp;&nbsp;Preschool: N<br>&nbsp;&nbsp;&nbsp;&nbsp;Grade 1 - Age 12: N<br>
526,Licensed Family,Calverhall Child Care,844 Calverhall St,,North Vancouver,V7L 1X9,49.314873,-123.049082,778-994-9576,,,N,N,N,N,N,N,N,N,N,N,N,N,N,N,N,N,N,,,N,N,N,N,N,N,N,N,N,N,N,2026-05-18,https://inspections.vcha.ca/ChildCare/Table,N,Y,N,Calverhall Child Care<br>Licensed Family<br>778-994-9576<br><br>Vacancy:<br>&nbsp;&nbsp;&nbsp;&nbsp;<36 months: N<br>&nbsp;&nbsp;&nbsp;&nbsp;30 months -- 5 years: N<br>&nbsp;&nbsp;&nbsp;&nbsp;Preschool: N<br>&nbsp;&nbsp;&nbsp;&nbsp;Grade 1 - Age 12: N<br>
527,Licensed Family,Zari's Family Child Care,614 17Th St W,,North Vancouver,V7M 1W1,49.324548,-123.088598,604-986-5569,,,Y,N,N,N,N,N,Y,Y,N,N,N,N,N,N,N,N,N,Not offered,Not offered,N,N,N,N,N,N,N,Y,Y,N,Y,2026-05-21,https://inspections.vcha.ca/ChildCare/Table,N,Y,N,Zari's Family Child Care<br>Licensed Family<br>604-986-5569<br><br>Vacancy:<br>&nbsp;&nbsp;&nbsp;&nbsp;<36 months: Y<br>&nbsp;&nbsp;&nbsp;&nbsp;30 months -- 5 years: Y<br>&nbsp;&nbsp;&nbsp;&nbsp;Preschool: N<br>&nbsp;&nbsp;&nbsp;&nbsp;Grade 1 - Age 12: Y<br>
528,Licensed Family,Tsan Chester Childcare,40415 Friedel Cres,,Garibaldi Highlands,V0N 1T0,49.736191,-123.12685,604-892-7930,,,N,N,N,N,N,N,N,N,N,N,N,N,N,N,N,N,N,,,N,N,N,N,N,N,N,N,Y,N,N,2026-05-15,https://inspections.vcha.ca/ChildCare/Table,N,Y,N,Tsan Chester Childcare<br>Licensed Family<br>604-892-7930<br><br>Vacancy:<br>&nbsp;&nbsp;&nbsp;&nbsp;<36 months: N<br>&nbsp;&nbsp;&nbsp;&nbsp;30 months -- 5 years: Y<br>&nbsp;&nbsp;&nbsp;&nbsp;Preschool: N<br>&nbsp;&nbsp;&nbsp;&nbsp;Grade 1 - Age 12: N<br>
529,Licensed Family,Rainbow's End Daycare,40431 Skyline Dr,,Garibaldi Highlands,V0N 1T0,49.736191,-123.12685,604-898-9140,,,N,N,N,N,N,N,N,N,N,N,N,N,N,N,N,N,N,,,N,N,N,N,N,N,N,N,N,N,N,2026-05-16,https://inspections.vcha.ca/ChildCare/Table,N,Y,N,Rainbow's End Daycare<br>Licensed Family<br>604-898-9140<br><br>Vacancy:<br>&nbsp;&nbsp;&nbsp;&nbsp;<36 months: N<br>&nbsp;&nbsp;&nbsp;&nbsp;30 months -- 5 years: N<br>&nbsp;&nbsp;&nbsp;&nbsp;Preschool: N<br>&nbsp;&nbsp;&nbsp;&nbsp;Grade 1 - Age 12: N<br>
530,Licensed Family,Angel Daycare Centre,7524 Arbutus Dr,,Agassiz,V0M 1A2,49.232825,-121.751865,604-701-8999,,,Y,N,Y,N,N,N,Y,Y,N,Y,Y,N,N,N,N,N,N,Not offered,Not offered,N,N,N,N,N,Y,Y,N,N,N,N,2026-05-15,http://www.healthspace.ca/fha/childcare,N,Y,N,Angel Daycare Centre<br>Licensed Family<br>604-701-8999<br><br>Vacancy:<br>&nbsp;&nbsp;&nbsp;&nbsp;<36 months: N<br>&nbsp;&nbsp;&nbsp;&nbsp;30 months -- 5 years: N<br>&nbsp;&nbsp;&nbsp;&nbsp;Preschool: N<br>&nbsp;&nbsp;&nbsp;&nbsp;Grade 1 - Age 12: N<br>
531,Licensed Family,Circles Squares & Bears Family Child Care,33809 Blueberry Dr,,Mission,V2V 7A1,49.153409,-122.288032,604-217-7731,,,N,N,N,N,N,N,N,N,N,N,N,N,N,N,N,N,N,,,N,N,N,N,N,N,N,N,Y,N,N,2026-05-15,http://www.healthspace.ca/fha/childcare,N,Y,N,Circles Squares & Bears Family Child Care<br>Licensed Family<br>604-217-7731<br><br>Vacancy:<br>&nbsp;&nbsp;&nbsp;&nbsp;<36 months: N<br>&nbsp;&nbsp;&nbsp;&nbsp;30 months -- 5 years: Y<br>&nbsp;&nbsp;&nbsp;&nbsp;Preschool: N<br>&nbsp;&nbsp;&nbsp;&nbsp;Grade 1 - Age 12: N<br>
532,Licensed Family,Barley's Place Daycare,32485 mcrae Ave,,Mission,V2V 2L6,49.144053,-122.325026,604-615-1564,,,N,N,N,N,N,N,N,N,N,N,N,N,N,N,N,N,N,,,N,N,N,N,N,N,N,N,N,N,N,2026-05-19,http://www.healthspace.ca/fha/childcare,N,Y,N,Barley's Place Daycare<br>Licensed Family<br>604-615-1564<br><br>Vacancy:<br>&nbsp;&nbsp;&nbsp;&nbsp;<36 months: N<br>&nbsp;&nbsp;&nbsp;&nbsp;30 months -- 5 years: N<br>&nbsp;&nbsp;&nbsp;&nbsp;Preschool: N<br>&nbsp;&nbsp;&nbsp;&nbsp;Grade 1 - Age 12: N<br>
533,Licensed Family,Forever Friends Daycare,1170 Frederick Rd,,North Vancouver,V7K 1J1,49.341919,-123.041683,778-338-4663,,,N,N,N,N,N,N,N,N,N,N,N,N,N,N,N,N,N,,,N,N,N,N,N,N,N,N,N,N,N,2026-05-15,https://inspections.vcha.ca/ChildCare/Table,N,Y,N,Forever Friends Daycare<br>Licensed Family<br>778-338-4663<br><br>Vacancy:<br>&nbsp;&nbsp;&nbsp;&nbsp;<36 months: N<br>&nbsp;&nbsp;&nbsp;&nbsp;30 months -- 5 years: N<br>&nbsp;&nbsp;&nbsp;&nbsp;Preschool: N<br>&nbsp;&nbsp;&nbsp;&nbsp;Grade 1 - Age 12: N<br>
534,Licensed Family,Patty's Family Child Care,33-10711 Shepherd Dr,,Richmond,V6X 4E7,49.180684,-123.10453,604-277-9420,,,N,N,N,N,N,N,N,N,N,N,N,N,N,N,N,N,N,Not offered,Not offered,N,N,N,N,N,N,N,Y,Y,N,N,2026-04-24,https://inspections.vcha.ca/ChildCare/Table,N,Y,N,Patty's Family Child Care<br>Licensed Family<br>604-277-9420<br><br>Vacancy:<br>&nbsp;&nbsp;&nbsp;&nbsp;<36 months: Y<br>&nbsp;&nbsp;&nbsp;&nbsp;30 months -- 5 years: Y<br>&nbsp;&nbsp;&nbsp;&nbsp;Preschool: N<br>&nbsp;&nbsp;&nbsp;&nbsp;Grade 1 - Age 12: N<br>
535,Licensed Family,Play And Learn Family Child Care,7472 Leary Cres,,Chilliwack,V2R 3H4,49.137639,-121.969484,604-845-8458,,,Y,N,N,N,N,N,Y,Y,N,N,Y,N,N,N,N,N,N,Extra fee,Extra fee,N,N,N,N,N,N,N,N,Y,N,N,2026-04-23,http://www.healthspace.ca/fha/childcare,N,Y,N,Play And Learn Family Child Care<br>Licensed Family<br>604-845-8458<br><br>Vacancy:<br>&nbsp;&nbsp;&nbsp;&nbsp;<36 months: N<br>&nbsp;&nbsp;&nbsp;&nbsp;30 months -- 5 years: Y<br>&nbsp;&nbsp;&nbsp;&nbsp;Preschool: N<br>&nbsp;&nbsp;&nbsp;&nbsp;Grade 1 - Age 12: N<br>
536,Licensed Family,Charlene's Family Child Care,45173 Oliver Cres,,Chilliwack,V2R 2J9,49.112244,-121.974433,604-858-6105,,,N,N,N,N,N,N,N,N,N,N,N,N,N,N,N,N,N,,,N,N,N,N,N,N,N,N,N,N,N,2026-05-15,http://www.healthspace.ca/fha/childcare,N,Y,N,Charlene's Family Child Care<br>Licensed Family<br>604-858-6105<br><br>Vacancy:<br>&nbsp;&nbsp;&nbsp;&nbsp;<36 months: N<br>&nbsp;&nbsp;&nbsp;&nbsp;30 months -- 5 years: N<br>&nbsp;&nbsp;&nbsp;&nbsp;Preschool: N<br>&nbsp;&nbsp;&nbsp;&nbsp;Grade 1 - Age 12: N<br>
537,Licensed Family,Sharon's Family Child Care,7815 117 St,,Delta,V4C 6A7,49.145255,-122.899124,604-765-7728,,,N,N,N,N,N,N,N,N,N,N,N,N,N,N,N,N,N,,,N,N,N,N,N,N,N,Y,N,N,N,2026-05-08,http://www.healthspace.ca/fha/childcare,N,Y,N,Sharon's Family Child Care<br>Licensed Family<br>604-765-7728<br><br>Vacancy:<br>&nbsp;&nbsp;&nbsp;&nbsp;<36 months: Y<br>&nbsp;&nbsp;&nbsp;&nbsp;30 months -- 5 years: N<br>&nbsp;&nbsp;&nbsp;&nbsp;Preschool: N<br>&nbsp;&nbsp;&nbsp;&nbsp;Grade 1 - Age 12: N<br>
538,Licensed Family,The Playhouse,9244 Water St,,Invermere,V0A 1K0,50.538199,-116.062081,250-342-9348,,,Y,N,N,N,N,N,Y,Y,N,N,N,N,N,N,N,N,N,Extra fee,Extra fee,N,N,N,N,N,N,N,N,N,N,N,2026-05-15,https://hedgehogportal.interiorhealth.ca/ChildCare/Map,N,Y,N,The Playhouse<br>Licensed Family<br>250-342-9348<br><br>Vacancy:<br>&nbsp;&nbsp;&nbsp;&nbsp;<36 months: N<br>&nbsp;&nbsp;&nbsp;&nbsp;30 months -- 5 years: N<br>&nbsp;&nbsp;&nbsp;&nbsp;Preschool: N<br>&nbsp;&nbsp;&nbsp;&nbsp;Grade 1 - Age 12: N<br>
539,Licensed Family,Building Blocks Childcare,1127 Belmont Cres,,Kamloops,V2B 1X4,50.705751,-120.361878,250-376-9720,,,N,N,N,N,N,N,N,N,N,N,N,N,N,N,N,N,N,,,N,N,N,N,N,N,N,Y,Y,N,Y,2026-05-15,https://hedgehogportal.interiorhealth.ca/ChildCare/Map,N,Y,N,Building Blocks Childcare<br>Licensed Family<br>250-376-9720<br><br>Vacancy:<br>&nbsp;&nbsp;&nbsp;&nbsp;<36 months: Y<br>&nbsp;&nbsp;&nbsp;&nbsp;30 months -- 5 years: Y<br>&nbsp;&nbsp;&nbsp;&nbsp;Preschool: N<br>&nbsp;&nbsp;&nbsp;&nbsp;Grade 1 - Age 12: Y<br>
540,Licensed Family,Little Munchkins Family Daycare,2267 Nairn Pl,,Kamloops,V1S 1S8,50.639612,-120.371121,250-318-8029,,,N,N,N,N,N,N,Y,Y,N,Y,N,N,N,N,N,N,N,Extra fee,Not offered,N,N,N,N,N,N,N,N,N,N,N,2026-05-19,https://hedgehogportal.interiorhealth.ca/ChildCare/Map,N,Y,N,Little Munchkins Family Daycare<br>Licensed Family<br>250-318-8029<br><br>Vacancy:<br>&nbsp;&nbsp;&nbsp;&nbsp;<36 months: N<br>&nbsp;&nbsp;&nbsp;&nbsp;30 months -- 5 years: N<br>&nbsp;&nbsp;&nbsp;&nbsp;Preschool: N<br>&nbsp;&nbsp;&nbsp;&nbsp;Grade 1 - Age 12: N<br>
541,Licensed Family,Magical Moments Childcare,943 Laurel Pl,,Kamloops,V1S 1R3,50.648899,-120.361834,250-372-9673,,,N,N,N,N,N,N,N,N,N,N,N,N,N,N,N,N,N,,,N,N,N,N,N,N,N,N,N,N,N,2026-05-15,https://hedgehogportal.interiorhealth.ca/ChildCare/Map,N,Y,N,Magical Moments Childcare<br>Licensed Family<br>250-372-9673<br><br>Vacancy:<br>&nbsp;&nbsp;&nbsp;&nbsp;<36 months: N<br>&nbsp;&nbsp;&nbsp;&nbsp;30 months -- 5 years: N<br>&nbsp;&nbsp;&nbsp;&nbsp;Preschool: N<br>&nbsp;&nbsp;&nbsp;&nbsp;Grade 1 - Age 12: N<br>
542,Licensed Family,Puss N' Boots,855 Kamloopa Rd,,Kamloops,V2H 1J5,50.697297,-120.340876,250-828-9429,,,N,N,N,N,N,N,N,N,N,N,N,N,N,N,N,N,N,,,N,N,N,N,N,N,N,N,N,N,N,2026-05-15,https://hedgehogportal.interiorhealth.ca/ChildCare/Map,N,Y,N,Puss N' Boots<br>Licensed Family<br>250-828-9429<br><br>Vacancy:<br>&nbsp;&nbsp;&nbsp;&nbsp;<36 months: N<br>&nbsp;&nbsp;&nbsp;&nbsp;30 months -- 5 years: N<br>&nbsp;&nbsp;&nbsp;&nbsp;Preschool: N<br>&nbsp;&nbsp;&nbsp;&nbsp;Grade 1 - Age 12: N<br>
543,Licensed Family,Barnhartvale Multi-Age Childcare,1350 Crestwood Dr,,Kamloops,V2C 5H2,50.651117,-120.181316,250-573-4862,,,N,N,N,N,N,N,N,N,N,N,N,N,N,N,N,N,N,,,N,N,N,N,N,N,N,N,Y,N,N,2026-05-15,https://hedgehogportal.interiorhealth.ca/ChildCare/Map,N,Y,N,Barnhartvale Multi-Age Childcare<br>Licensed Family<br>250-573-4862<br><br>Vacancy:<br>&nbsp;&nbsp;&nbsp;&nbsp;<36 months: N<br>&nbsp;&nbsp;&nbsp;&nbsp;30 months -- 5 years: Y<br>&nbsp;&nbsp;&nbsp;&nbsp;Preschool: N<br>&nbsp;&nbsp;&nbsp;&nbsp;Grade 1 - Age 12: N<br>
544,Licensed Family,Jeannie's Family Daycare,4745 Kitwanga Dr,,108 Mile Ranch,V0K 2Z0,51.749131,-121.369619,250-706-7873,,,N,N,N,N,N,N,N,N,N,N,N,N,N,N,N,N,N,,,N,N,N,N,N,N,N,N,N,N,N,2026-05-15,https://hedgehogportal.interiorhealth.ca/ChildCare/Map,N,Y,N,Jeannie's Family Daycare<br>Licensed Family<br>250-706-7873<br><br>Vacancy:<br>&nbsp;&nbsp;&nbsp;&nbsp;<36 months: N<br>&nbsp;&nbsp;&nbsp;&nbsp;30 months -- 5 years: N<br>&nbsp;&nbsp;&nbsp;&nbsp;Preschool: N<br>&nbsp;&nbsp;&nbsp;&nbsp;Grade 1 - Age 12: N<br>
545,Licensed Family,Lisa's Family Daycare,1510 Fir Ave,,Merritt,V1K 1L5,50.105832,-120.801753,250-315-7348,,,N,N,N,N,N,N,N,N,N,N,N,N,N,N,N,N,N,,,N,N,N,N,N,N,N,N,N,N,N,2026-05-15,https://hedgehogportal.interiorhealth.ca/ChildCare/Map,N,Y,N,Lisa's Family Daycare<br>Licensed Family<br>250-315-7348<br><br>Vacancy:<br>&nbsp;&nbsp;&nbsp;&nbsp;<36 months: N<br>&nbsp;&nbsp;&nbsp;&nbsp;30 months -- 5 years: N<br>&nbsp;&nbsp;&nbsp;&nbsp;Preschool: N<br>&nbsp;&nbsp;&nbsp;&nbsp;Grade 1 - Age 12: N<br>
546,Licensed Family,Tlc Family Day Care,2738 Allen Ave,,Cumberland,V0R 1S0,49.617681,-125.02725,250-336-7922,,,N,N,N,N,N,N,N,N,N,N,N,N,N,N,N,N,N,,,N,N,N,N,N,N,N,N,N,N,Y,2026-05-15,https://www.healthspace.ca/clients/viha/viha_website.nsf/CCFL-Main?OpenView,N,Y,N,Tlc Family Day Care<br>Licensed Family<br>250-336-7922<br><br>Vacancy:<br>&nbsp;&nbsp;&nbsp;&nbsp;<36 months: N<br>&nbsp;&nbsp;&nbsp;&nbsp;30 months -- 5 years: N<br>&nbsp;&nbsp;&nbsp;&nbsp;Preschool: N<br>&nbsp;&nbsp;&nbsp;&nbsp;Grade 1 - Age 12: Y<br>
547,Licensed Family,Sandy's Family Child Care,163 1St Ave W,,Vancouver,V5Y 0A6,49.270637,-123.108604,604-877-1987,,,,,,,,,,,,,,,,,,,,,,,,,,,,,,,,,,,Y,N,N,Sandy's Family Child Care<br>Licensed Family<br>604-877-1987<br><br>Vacancy:<br>&nbsp;&nbsp;&nbsp;&nbsp;<36 months: None<br>&nbsp;&nbsp;&nbsp;&nbsp;30 months -- 5 years: None<br>&nbsp;&nbsp;&nbsp;&nbsp;Preschool: None<br>&nbsp;&nbsp;&nbsp;&nbsp;Grade 1 - Age 12: None<br>
548,Licensed Family,Piglets Playschool Early Years Centre,5288 Colbourne Dr,,Nanaimo,V9T 6N5,49.222583,-124.010165,778-674-0324,,,N,N,N,N,N,N,N,N,N,N,N,N,N,N,N,N,N,,,N,N,N,N,N,N,N,N,N,N,N,2026-04-28,https://www.healthspace.ca/clients/viha/viha_website.nsf/CCFL-Main?OpenView,N,Y,N,Piglets Playschool Early Years Centre<br>Licensed Family<br>778-674-0324<br><br>Vacancy:<br>&nbsp;&nbsp;&nbsp;&nbsp;<36 months: N<br>&nbsp;&nbsp;&nbsp;&nbsp;30 months -- 5 years: N<br>&nbsp;&nbsp;&nbsp;&nbsp;Preschool: N<br>&nbsp;&nbsp;&nbsp;&nbsp;Grade 1 - Age 12: N<br>
549,Licensed Family,Care Bear's Family Child Care,646 B Kelly Rd,,Victoria,V9B 2A5,48.436321,-123.496285,250-813-0833,,,N,N,N,N,N,N,N,N,N,N,N,N,N,N,N,N,N,,,N,N,N,N,N,N,N,N,N,N,N,2026-05-15,https://www.healthspace.ca/clients/viha/viha_website.nsf/CCFL-Main?OpenView,N,Y,N,Care Bear's Family Child Care<br>Licensed Family<br>250-813-0833<br><br>Vacancy:<br>&nbsp;&nbsp;&nbsp;&nbsp;<36 months: N<br>&nbsp;&nbsp;&nbsp;&nbsp;30 months -- 5 years: N<br>&nbsp;&nbsp;&nbsp;&nbsp;Preschool: N<br>&nbsp;&nbsp;&nbsp;&nbsp;Grade 1 - Age 12: N<br>
550,Licensed Family,Dancing Bears Family Day Care,2482 Eastdowne Rd,,Victoria,V8R 5P8,48.435897,-123.317015,250-413-7384,,,N,N,N,N,N,N,N,N,N,N,N,N,N,N,N,N,N,,,N,N,N,N,N,N,N,N,N,N,N,2026-05-15,https://www.healthspace.ca/clients/viha/viha_website.nsf/CCFL-Main?OpenView,N,Y,N,Dancing Bears Family Day Care<br>Licensed Family<br>250-413-7384<br><br>Vacancy:<br>&nbsp;&nbsp;&nbsp;&nbsp;<36 months: N<br>&nbsp;&nbsp;&nbsp;&nbsp;30 months -- 5 years: N<br>&nbsp;&nbsp;&nbsp;&nbsp;Preschool: N<br>&nbsp;&nbsp;&nbsp;&nbsp;Grade 1 - Age 12: N<br>
551,Licensed Family,Snuggles And Cuddles Family Daycare,520 Ridley Dr,,Victoria,V9C 1K4,48.433124,-123.488343,250-589-0214,,,N,N,N,N,N,N,N,N,N,N,N,N,N,N,N,N,N,,,N,N,N,N,N,N,N,N,N,N,N,2026-05-15,https://www.healthspace.ca/clients/viha/viha_website.nsf/CCFL-Main?OpenView,N,Y,N,Snuggles And Cuddles Family Daycare<br>Licensed Family<br>250-589-0214<br><br>Vacancy:<br>&nbsp;&nbsp;&nbsp;&nbsp;<36 months: N<br>&nbsp;&nbsp;&nbsp;&nbsp;30 months -- 5 years: N<br>&nbsp;&nbsp;&nbsp;&nbsp;Preschool: N<br>&nbsp;&nbsp;&nbsp;&nbsp;Grade 1 - Age 12: N<br>
552,Licensed Family,Twinkle Star Family Day Care,15671 80 Ave,,Surrey,V4N 0V1,49.148397,-122.788022,778-565-1820,,,N,N,N,N,N,N,N,N,N,N,N,N,N,N,N,N,N,,,N,N,N,N,N,N,N,Y,Y,N,N,2026-05-06,http://www.healthspace.ca/fha/childcare,N,Y,N,Twinkle Star Family Day Care<br>Licensed Family<br>778-565-1820<br><br>Vacancy:<br>&nbsp;&nbsp;&nbsp;&nbsp;<36 months: Y<br>&nbsp;&nbsp;&nbsp;&nbsp;30 months -- 5 years: Y<br>&nbsp;&nbsp;&nbsp;&nbsp;Preschool: N<br>&nbsp;&nbsp;&nbsp;&nbsp;Grade 1 - Age 12: N<br>
553,Licensed Family,Happy Place Family Child Care,5520 Stamford St,,Vancouver,V5R 4K5,49.23387,-123.030694,604-439-0891,,,N,N,N,N,N,N,N,N,N,N,N,N,N,N,N,N,N,,,N,N,N,N,N,N,N,N,N,N,N,2026-05-01,https://inspections.vcha.ca/ChildCare/Table,N,Y,N,Happy Place Family Child Care<br>Licensed Family<br>604-439-0891<br><br>Vacancy:<br>&nbsp;&nbsp;&nbsp;&nbsp;<36 months: N<br>&nbsp;&nbsp;&nbsp;&nbsp;30 months -- 5 years: N<br>&nbsp;&nbsp;&nbsp;&nbsp;Preschool: N<br>&nbsp;&nbsp;&nbsp;&nbsp;Grade 1 - Age 12: N<br>
554,Licensed Family,Happy Times Family Child Care,3768 Knight St,,Vancouver,V5N 3L6,49.251184,-123.075685,604-435-5398,,,N,N,N,N,N,N,N,N,N,N,N,N,N,N,N,N,N,,,N,N,N,N,N,N,N,N,Y,N,N,2026-04-17,https://inspections.vcha.ca/ChildCare/Table,N,Y,N,Happy Times Family Child Care<br>Licensed Family<br>604-435-5398<br><br>Vacancy:<br>&nbsp;&nbsp;&nbsp;&nbsp;<36 months: N<br>&nbsp;&nbsp;&nbsp;&nbsp;30 months -- 5 years: Y<br>&nbsp;&nbsp;&nbsp;&nbsp;Preschool: N<br>&nbsp;&nbsp;&nbsp;&nbsp;Grade 1 - Age 12: N<br>
555,Licensed Family,Little Sunshine Family Child Care,120 62Nd Ave W,,Vancouver,V5X 2E1,49.213979,-123.108661,778-838-3928,,,N,N,N,N,N,N,N,N,N,N,N,N,N,N,N,N,N,,,N,N,N,N,N,N,N,N,Y,N,N,2026-05-20,https://inspections.vcha.ca/ChildCare/Table,N,Y,N,Little Sunshine Family Child Care<br>Licensed Family<br>778-838-3928<br><br>Vacancy:<br>&nbsp;&nbsp;&nbsp;&nbsp;<36 months: N<br>&nbsp;&nbsp;&nbsp;&nbsp;30 months -- 5 years: Y<br>&nbsp;&nbsp;&nbsp;&nbsp;Preschool: N<br>&nbsp;&nbsp;&nbsp;&nbsp;Grade 1 - Age 12: N<br>
556,Licensed Family,Northside Childcare Facility,1770 Westminster Ave,,Port Coquitlam,V3B 1E2,49.264808,-122.763511,604-764-7706,,,N,N,N,N,N,N,N,N,N,N,N,N,N,N,N,N,N,,,N,N,N,N,N,N,N,N,N,N,N,2026-05-19,http://www.healthspace.ca/fha/childcare,N,Y,N,Northside Childcare Facility<br>Licensed Family<br>604-764-7706<br><br>Vacancy:<br>&nbsp;&nbsp;&nbsp;&nbsp;<36 months: N<br>&nbsp;&nbsp;&nbsp;&nbsp;30 months -- 5 years: N<br>&nbsp;&nbsp;&nbsp;&nbsp;Preschool: N<br>&nbsp;&nbsp;&nbsp;&nbsp;Grade 1 - Age 12: N<br>
557,Licensed Group,Mountain View Group Daycare 7,740 Smith Ave,,Coquitlam,V3J 4E7,49.25914,-122.879109,604-937-3020,,,N,N,N,N,N,N,N,N,N,N,N,N,N,N,N,N,N,,,N,N,N,N,N,N,N,N,N,N,N,2026-04-17,http://www.healthspace.ca/fha/childcare,N,Y,N,Mountain View Group Daycare 7<br>Licensed Group<br>604-937-3020<br><br>Vacancy:<br>&nbsp;&nbsp;&nbsp;&nbsp;<36 months: N<br>&nbsp;&nbsp;&nbsp;&nbsp;30 months -- 5 years: N<br>&nbsp;&nbsp;&nbsp;&nbsp;Preschool: N<br>&nbsp;&nbsp;&nbsp;&nbsp;Grade 1 - Age 12: N<br>
558,Licensed Group,The Biggest Little Preschool & Childcare Centre,14853 60 Ave,,Surrey,V3S 1R8,49.111959,-122.811405,604-583-0635,,,N,N,N,N,N,N,N,N,N,N,N,N,N,N,N,N,N,,,N,N,N,N,N,N,N,N,N,Y,Y,2026-05-19,http://www.healthspace.ca/fha/childcare,N,Y,N,The Biggest Little Preschool & Childcare Centre<br>Licensed Group<br>604-583-0635<br><br>Vacancy:<br>&nbsp;&nbsp;&nbsp;&nbsp;<36 months: N<br>&nbsp;&nbsp;&nbsp;&nbsp;30 months -- 5 years: N<br>&nbsp;&nbsp;&nbsp;&nbsp;Preschool: Y<br>&nbsp;&nbsp;&nbsp;&nbsp;Grade 1 - Age 12: Y<br>
559,Licensed Group,Henderson Centre Licensed Childcare,2291 Cedar Hill X Rd,,Victoria,V8P 5H9,48.456524,-123.308738,250-370-7125,,,N,N,N,N,N,N,N,N,N,N,N,N,N,N,N,N,N,,,N,N,N,N,N,N,N,N,N,N,N,2026-05-01,https://www.healthspace.ca/clients/viha/viha_website.nsf/CCFL-Main?OpenView,N,Y,N,Henderson Centre Licensed Childcare<br>Licensed Group<br>250-370-7125<br><br>Vacancy:<br>&nbsp;&nbsp;&nbsp;&nbsp;<36 months: N<br>&nbsp;&nbsp;&nbsp;&nbsp;30 months -- 5 years: N<br>&nbsp;&nbsp;&nbsp;&nbsp;Preschool: N<br>&nbsp;&nbsp;&nbsp;&nbsp;Grade 1 - Age 12: N<br>
560,Licensed Group,Club K.I.D.S. Central - Room 129,7466 Welton St,,Mission,V2V 6L4,49.137156,-122.303884,604-820-5360,,,N,N,N,N,N,N,N,N,N,N,N,N,N,N,N,N,N,,,N,N,N,N,N,N,N,N,Y,N,Y,2026-05-07,http://www.healthspace.ca/fha/childcare,N,Y,N,Club K.I.D.S. Central - Room 129<br>Licensed Group<br>604-820-5360<br><br>Vacancy:<br>&nbsp;&nbsp;&nbsp;&nbsp;<36 months: N<br>&nbsp;&nbsp;&nbsp;&nbsp;30 months -- 5 years: Y<br>&nbsp;&nbsp;&nbsp;&nbsp;Preschool: N<br>&nbsp;&nbsp;&nbsp;&nbsp;Grade 1 - Age 12: Y<br>
561,Licensed Group,Club K.I.D.S. Windebank,33570 11Th Ave,,Mission,V2V 6Z2,49.143864,-122.293973,604-820-5360,,,N,N,N,N,N,N,N,N,N,N,N,N,N,N,N,N,N,,,N,N,N,N,N,N,N,N,N,N,N,2026-05-07,http://www.healthspace.ca/fha/childcare,N,Y,N,Club K.I.D.S. Windebank<br>Licensed Group<br>604-820-5360<br><br>Vacancy:<br>&nbsp;&nbsp;&nbsp;&nbsp;<36 months: N<br>&nbsp;&nbsp;&nbsp;&nbsp;30 months -- 5 years: N<br>&nbsp;&nbsp;&nbsp;&nbsp;Preschool: N<br>&nbsp;&nbsp;&nbsp;&nbsp;Grade 1 - Age 12: N<br>
562,Licensed Group,Club Kids Hillside,33621 Best Ave,,Mission,V2V 5Z3,49.15175,-122.292919,604-820-5360,,,N,N,N,N,N,N,N,N,N,N,N,N,N,N,N,N,N,,,N,N,N,N,N,N,N,N,N,N,Y,2026-05-07,http://www.healthspace.ca/fha/childcare,N,Y,N,Club Kids Hillside<br>Licensed Group<br>604-820-5360<br><br>Vacancy:<br>&nbsp;&nbsp;&nbsp;&nbsp;<36 months: N<br>&nbsp;&nbsp;&nbsp;&nbsp;30 months -- 5 years: N<br>&nbsp;&nbsp;&nbsp;&nbsp;Preschool: N<br>&nbsp;&nbsp;&nbsp;&nbsp;Grade 1 - Age 12: Y<br>
563,Licensed Group,Club K.I.D.S Morrison,32611 mcrae Ave,,Mission,V2V 2L8,49.144765,-122.321829,604-820-5360,,,N,N,N,N,N,N,N,N,N,N,N,N,N,N,N,N,N,,,N,N,N,N,N,N,N,N,N,N,Y,2026-05-07,http://www.healthspace.ca/fha/childcare,N,Y,N,Club K.I.D.S Morrison<br>Licensed Group<br>604-820-5360<br><br>Vacancy:<br>&nbsp;&nbsp;&nbsp;&nbsp;<36 months: N<br>&nbsp;&nbsp;&nbsp;&nbsp;30 months -- 5 years: N<br>&nbsp;&nbsp;&nbsp;&nbsp;Preschool: N<br>&nbsp;&nbsp;&nbsp;&nbsp;Grade 1 - Age 12: Y<br>
564,Licensed Group,Fraserview Montessori Preschool And Kindergarten,1992 Prestwick Dr,,Vancouver,V5P 2E9,49.216036,-123.066409,604-324-4324,,,N,N,N,N,N,N,N,N,N,N,N,N,N,N,N,N,N,,,N,N,N,N,N,N,N,N,N,Y,N,2026-04-24,https://inspections.vcha.ca/ChildCare/Table,N,Y,N,Fraserview Montessori Preschool And Kindergarten<br>Licensed Group<br>604-324-4324<br><br>Vacancy:<br>&nbsp;&nbsp;&nbsp;&nbsp;<36 months: N<br>&nbsp;&nbsp;&nbsp;&nbsp;30 months -- 5 years: N<br>&nbsp;&nbsp;&nbsp;&nbsp;Preschool: Y<br>&nbsp;&nbsp;&nbsp;&nbsp;Grade 1 - Age 12: N<br>
565,Licensed Family,Making Friends Daycare,1222 Glyn Rd,,Victoria,V8Z 3A4,48.486014,-123.406389,250-532-0053,,,N,N,N,N,N,N,N,N,N,N,N,N,N,N,N,N,N,,,N,N,N,N,N,N,N,N,Y,N,N,2026-04-23,https://www.healthspace.ca/clients/viha/viha_website.nsf/CCFL-Main?OpenView,N,Y,N,Making Friends Daycare<br>Licensed Family<br>250-532-0053<br><br>Vacancy:<br>&nbsp;&nbsp;&nbsp;&nbsp;<36 months: N<br>&nbsp;&nbsp;&nbsp;&nbsp;30 months -- 5 years: Y<br>&nbsp;&nbsp;&nbsp;&nbsp;Preschool: N<br>&nbsp;&nbsp;&nbsp;&nbsp;Grade 1 - Age 12: N<br>
566,Licensed Group,Cefa Crestwood Junior Kindergarten (Commerce Campus),100-13775 Commerce Pky,,Richmond,V6V 2V4,49.176392,-123.072645,604-273-0116,,,N,N,N,N,N,N,N,N,N,N,N,N,N,N,N,N,N,,,N,N,N,N,N,N,N,N,Y,N,N,2026-05-04,https://inspections.vcha.ca/ChildCare/Table,N,Y,Y,Cefa Crestwood Junior Kindergarten (Commerce Campus)<br>Licensed Group<br>604-273-0116<br><br>Vacancy:<br>&nbsp;&nbsp;&nbsp;&nbsp;<36 months: N<br>&nbsp;&nbsp;&nbsp;&nbsp;30 months -- 5 years: Y<br>&nbsp;&nbsp;&nbsp;&nbsp;Preschool: N<br>&nbsp;&nbsp;&nbsp;&nbsp;Grade 1 - Age 12: N<br>
567,Licensed Group,Cefa Crestwood Junior Kindergarten (Commerce Campus),100-13775 Commerce Pky,,Richmond,V6V 2V4,49.176392,-123.072645,604-273-0116,,,N,N,N,N,N,N,N,N,N,N,N,N,N,N,N,N,N,,,N,N,N,N,N,N,N,N,N,N,N,2026-05-04,https://inspections.vcha.ca/ChildCare/Table,N,Y,Y,Cefa Crestwood Junior Kindergarten (Commerce Campus)<br>Licensed Group<br>604-273-0116<br><br>Vacancy:<br>&nbsp;&nbsp;&nbsp;&nbsp;<36 months: N<br>&nbsp;&nbsp;&nbsp;&nbsp;30 months -- 5 years: N<br>&nbsp;&nbsp;&nbsp;&nbsp;Preschool: N<br>&nbsp;&nbsp;&nbsp;&nbsp;Grade 1 - Age 12: N<br>
568,Licensed Group,Sun And Sand Learning Centre Ltd,1-12468 82 Ave,,Surrey,V3W 3E9,49.151035,-122.877222,604-760-1495,,,N,N,N,N,N,N,N,N,N,N,N,N,N,N,N,N,N,,,N,N,N,N,N,N,N,N,Y,N,N,2026-04-23,http://www.healthspace.ca/fha/childcare,N,Y,N,Sun And Sand Learning Centre Ltd<br>Licensed Group<br>604-760-1495<br><br>Vacancy:<br>&nbsp;&nbsp;&nbsp;&nbsp;<36 months: N<br>&nbsp;&nbsp;&nbsp;&nbsp;30 months -- 5 years: Y<br>&nbsp;&nbsp;&nbsp;&nbsp;Preschool: N<br>&nbsp;&nbsp;&nbsp;&nbsp;Grade 1 - Age 12: N<br>
569,Licensed Group,Our Place Learning Centre,260 Cedar Ave,,100 Mile House,V0K 2E0,51.644314,-121.294381,250-706-9483,,,N,N,N,N,N,N,N,N,N,N,N,N,N,N,N,N,N,,,N,N,N,N,N,N,N,N,N,N,N,2026-05-19,https://hedgehogportal.interiorhealth.ca/ChildCare/Map,N,Y,N,Our Place Learning Centre<br>Licensed Group<br>250-706-9483<br><br>Vacancy:<br>&nbsp;&nbsp;&nbsp;&nbsp;<36 months: N<br>&nbsp;&nbsp;&nbsp;&nbsp;30 months -- 5 years: N<br>&nbsp;&nbsp;&nbsp;&nbsp;Preschool: N<br>&nbsp;&nbsp;&nbsp;&nbsp;Grade 1 - Age 12: N<br>
570,Licensed Group,Cefa Early Learning Brentwood,Lm100-4664 Lougheed Hwy,,Burnaby,V5C 5T5,49.265369,-122.998205,604-565-3333,,,N,N,N,N,N,N,N,N,N,N,N,N,N,N,N,N,N,,,N,N,N,N,N,N,N,N,N,N,N,2026-05-14,http://www.healthspace.ca/fha/childcare,N,Y,N,Cefa Early Learning Brentwood<br>Licensed Group<br>604-565-3333<br><br>Vacancy:<br>&nbsp;&nbsp;&nbsp;&nbsp;<36 months: N<br>&nbsp;&nbsp;&nbsp;&nbsp;30 months -- 5 years: N<br>&nbsp;&nbsp;&nbsp;&nbsp;Preschool: N<br>&nbsp;&nbsp;&nbsp;&nbsp;Grade 1 - Age 12: N<br>
571,Licensed Family,Merita Learning Center,16845 81A Ave,,Surrey,V4N 5K6,49.150878,-122.755555,604-576-2774,,,N,N,N,N,N,N,N,N,N,N,N,N,N,N,N,N,N,,,N,N,N,N,N,N,N,N,Y,N,N,2026-05-19,http://www.healthspace.ca/fha/childcare,N,Y,N,Merita Learning Center<br>Licensed Family<br>604-576-2774<br><br>Vacancy:<br>&nbsp;&nbsp;&nbsp;&nbsp;<36 months: N<br>&nbsp;&nbsp;&nbsp;&nbsp;30 months -- 5 years: Y<br>&nbsp;&nbsp;&nbsp;&nbsp;Preschool: N<br>&nbsp;&nbsp;&nbsp;&nbsp;Grade 1 - Age 12: N<br>
572,Licensed Group,Qe Clubhouse & Kids Borough,833 Salter St,,New Westminster,V3M 6G8,49.186192,-122.940658,778-237-4383,,,N,N,N,N,N,N,N,N,N,N,N,N,N,N,N,N,N,,,N,N,N,N,N,N,N,N,N,N,N,2026-05-15,http://www.healthspace.ca/fha/childcare,N,Y,N,Qe Clubhouse & Kids Borough<br>Licensed Group<br>778-237-4383<br><br>Vacancy:<br>&nbsp;&nbsp;&nbsp;&nbsp;<36 months: N<br>&nbsp;&nbsp;&nbsp;&nbsp;30 months -- 5 years: N<br>&nbsp;&nbsp;&nbsp;&nbsp;Preschool: N<br>&nbsp;&nbsp;&nbsp;&nbsp;Grade 1 - Age 12: N<br>
573,Licensed Group,Daycare 7,1342 Canary Pl,,Coquitlam,V3E 0E1,49.295559,-122.757955,778-710-1717,,,N,N,N,N,N,N,N,N,N,N,N,N,N,N,N,N,N,,,N,N,N,N,N,N,N,N,Y,N,N,2026-04-30,http://www.healthspace.ca/fha/childcare,N,Y,N,Daycare 7<br>Licensed Group<br>778-710-1717<br><br>Vacancy:<br>&nbsp;&nbsp;&nbsp;&nbsp;<36 months: N<br>&nbsp;&nbsp;&nbsp;&nbsp;30 months -- 5 years: Y<br>&nbsp;&nbsp;&nbsp;&nbsp;Preschool: N<br>&nbsp;&nbsp;&nbsp;&nbsp;Grade 1 - Age 12: N<br>
574,Licensed Group,The Clubhouse At Casorso,3675 Casorso Rd,,Kelowna,V1W 3E1,49.853117,-119.480547,250-860-4393,,,N,N,N,N,N,N,N,N,N,N,N,N,N,N,N,N,N,,,N,N,N,N,N,N,N,N,N,N,N,2026-05-11,https://hedgehogportal.interiorhealth.ca/ChildCare/Map,N,Y,N,The Clubhouse At Casorso<br>Licensed Group<br>250-860-4393<br><br>Vacancy:<br>&nbsp;&nbsp;&nbsp;&nbsp;<36 months: N<br>&nbsp;&nbsp;&nbsp;&nbsp;30 months -- 5 years: N<br>&nbsp;&nbsp;&nbsp;&nbsp;Preschool: N<br>&nbsp;&nbsp;&nbsp;&nbsp;Grade 1 - Age 12: N<br>
575,Licensed Group,A Place To Play,156 Spruce Ave,,Sparwood,V0B 2G0,49.733214,-114.888276,250-425-9121,,,N,N,N,N,N,N,N,N,N,N,N,N,N,N,N,N,N,,,N,N,N,N,N,N,N,N,N,N,N,2026-05-16,https://hedgehogportal.interiorhealth.ca/ChildCare/Map,N,Y,N,A Place To Play<br>Licensed Group<br>250-425-9121<br><br>Vacancy:<br>&nbsp;&nbsp;&nbsp;&nbsp;<36 months: N<br>&nbsp;&nbsp;&nbsp;&nbsp;30 months -- 5 years: N<br>&nbsp;&nbsp;&nbsp;&nbsp;Preschool: N<br>&nbsp;&nbsp;&nbsp;&nbsp;Grade 1 - Age 12: N<br>
576,Licensed Group,White Rock Montessori Group Care,14560 North Bluff Rd,,White Rock,V4B 3C9,49.02878,-122.818585,604-355-4654,,,N,N,N,N,N,N,N,N,N,N,N,N,N,N,N,N,N,,,N,N,N,N,N,N,N,Y,Y,N,N,2026-05-07,http://www.healthspace.ca/fha/childcare,N,Y,N,White Rock Montessori Group Care<br>Licensed Group<br>604-355-4654<br><br>Vacancy:<br>&nbsp;&nbsp;&nbsp;&nbsp;<36 months: Y<br>&nbsp;&nbsp;&nbsp;&nbsp;30 months -- 5 years: Y<br>&nbsp;&nbsp;&nbsp;&nbsp;Preschool: N<br>&nbsp;&nbsp;&nbsp;&nbsp;Grade 1 - Age 12: N<br>
577,Licensed Group,Sweetpeas Child Care,581A 11Th Ave,,Campbell River,V9W 4G5,50.026248,-125.247751,250-914-5536,,,N,N,N,N,N,N,N,N,N,N,N,N,N,N,N,N,N,,,N,N,N,N,N,N,N,N,N,N,N,2026-04-27,https://www.healthspace.ca/clients/viha/viha_website.nsf/CCFL-Main?OpenView,N,Y,N,Sweetpeas Child Care<br>Licensed Group<br>250-914-5536<br><br>Vacancy:<br>&nbsp;&nbsp;&nbsp;&nbsp;<36 months: N<br>&nbsp;&nbsp;&nbsp;&nbsp;30 months -- 5 years: N<br>&nbsp;&nbsp;&nbsp;&nbsp;Preschool: N<br>&nbsp;&nbsp;&nbsp;&nbsp;Grade 1 - Age 12: N<br>
578,Licensed Group,Hatch Kids Learning Center Ltd.,8600 Ash St,,Richmond,V6Y 2S3,49.150464,-123.118365,604-762-8181,,,N,N,N,N,N,N,N,N,N,N,N,N,N,N,N,N,N,,,N,N,N,N,N,N,N,N,N,N,N,2026-04-24,https://inspections.vcha.ca/ChildCare/Table,N,Y,Y,Hatch Kids Learning Center Ltd.<br>Licensed Group<br>604-762-8181<br><br>Vacancy:<br>&nbsp;&nbsp;&nbsp;&nbsp;<36 months: N<br>&nbsp;&nbsp;&nbsp;&nbsp;30 months -- 5 years: N<br>&nbsp;&nbsp;&nbsp;&nbsp;Preschool: N<br>&nbsp;&nbsp;&nbsp;&nbsp;Grade 1 - Age 12: N<br>
579,Licensed Group,Early Learning Childcare Centre,103-2764 Barnet Hwy,,Coquitlam,V3B 1B9,49.277395,-122.806534,604-475-4800,,,N,N,N,N,N,N,N,N,N,N,N,N,N,N,N,N,N,,,N,N,N,N,N,N,N,Y,N,N,N,2026-05-18,http://www.healthspace.ca/fha/childcare,N,Y,N,Early Learning Childcare Centre<br>Licensed Group<br>604-475-4800<br><br>Vacancy:<br>&nbsp;&nbsp;&nbsp;&nbsp;<36 months: Y<br>&nbsp;&nbsp;&nbsp;&nbsp;30 months -- 5 years: N<br>&nbsp;&nbsp;&nbsp;&nbsp;Preschool: N<br>&nbsp;&nbsp;&nbsp;&nbsp;Grade 1 - Age 12: N<br>
580,Licensed Group,Apple Tree Ryan Child Care,8520 Ryan Rd,,Richmond,V7A 2E6,49.137917,-123.129609,604-726-0301,,,N,N,N,N,N,N,N,N,N,N,N,N,N,N,N,N,N,,,N,N,N,N,N,N,N,N,N,N,N,2026-05-15,https://inspections.vcha.ca/ChildCare/Table,N,Y,N,Apple Tree Ryan Child Care<br>Licensed Group<br>604-726-0301<br><br>Vacancy:<br>&nbsp;&nbsp;&nbsp;&nbsp;<36 months: N<br>&nbsp;&nbsp;&nbsp;&nbsp;30 months -- 5 years: N<br>&nbsp;&nbsp;&nbsp;&nbsp;Preschool: N<br>&nbsp;&nbsp;&nbsp;&nbsp;Grade 1 - Age 12: N<br>
581,Licensed Group,Happy Campers Bray,953 Bray Ave,,Victoria,V9B 2S9,48.446252,-123.511623,,,,N,N,N,N,N,N,N,N,N,N,N,N,N,N,N,N,N,,,N,N,N,N,N,N,N,N,N,N,N,2026-05-15,https://www.healthspace.ca/clients/viha/viha_website.nsf/CCFL-Main?OpenView,N,Y,N,Happy Campers Bray<br>Licensed Group<br>None<br><br>Vacancy:<br>&nbsp;&nbsp;&nbsp;&nbsp;<36 months: N<br>&nbsp;&nbsp;&nbsp;&nbsp;30 months -- 5 years: N<br>&nbsp;&nbsp;&nbsp;&nbsp;Preschool: N<br>&nbsp;&nbsp;&nbsp;&nbsp;Grade 1 - Age 12: N<br>
582,Licensed Family,"""Hummingbird"" Ihmacc",1717 63Rd Ave E,,Vancouver,V5P 2L9,49.213103,-123.071031,778-321-3509,,,N,N,N,N,N,N,N,N,N,N,N,N,N,N,N,N,N,,,N,N,N,N,N,N,N,Y,Y,N,N,2026-05-15,https://inspections.vcha.ca/ChildCare/Table,N,Y,N,"""Hummingbird"" Ihmacc<br>Licensed Family<br>778-321-3509<br><br>Vacancy:<br>&nbsp;&nbsp;&nbsp;&nbsp;<36 months: Y<br>&nbsp;&nbsp;&nbsp;&nbsp;30 months -- 5 years: Y<br>&nbsp;&nbsp;&nbsp;&nbsp;Preschool: N<br>&nbsp;&nbsp;&nbsp;&nbsp;Grade 1 - Age 12: N<br>"
583,Licensed Family,Kids R Us Childcare,1404 21 Ave,,Vernon,V1T 1G6,50.256841,-119.250283,250-549-8809,,,N,N,N,N,N,N,N,N,N,N,N,N,N,N,N,N,N,,,N,N,N,N,N,N,N,N,N,N,N,2026-05-16,https://hedgehogportal.interiorhealth.ca/ChildCare/Map,N,Y,N,Kids R Us Childcare<br>Licensed Family<br>250-549-8809<br><br>Vacancy:<br>&nbsp;&nbsp;&nbsp;&nbsp;<36 months: N<br>&nbsp;&nbsp;&nbsp;&nbsp;30 months -- 5 years: N<br>&nbsp;&nbsp;&nbsp;&nbsp;Preschool: N<br>&nbsp;&nbsp;&nbsp;&nbsp;Grade 1 - Age 12: N<br>
584,Licensed Family,1St Ave Montessori Daycare,3544 1St Ave W,,Vancouver,V6R 1G8,49.271017,-123.182685,604-879-0224,,,N,N,N,N,N,N,N,N,N,N,N,N,N,N,N,N,N,,,N,N,N,N,N,N,N,Y,Y,N,N,2026-05-19,https://inspections.vcha.ca/ChildCare/Table,N,Y,N,1St Ave Montessori Daycare<br>Licensed Family<br>604-879-0224<br><br>Vacancy:<br>&nbsp;&nbsp;&nbsp;&nbsp;<36 months: Y<br>&nbsp;&nbsp;&nbsp;&nbsp;30 months -- 5 years: Y<br>&nbsp;&nbsp;&nbsp;&nbsp;Preschool: N<br>&nbsp;&nbsp;&nbsp;&nbsp;Grade 1 - Age 12: N<br>
585,Licensed Group,Wonder World Play School,Unit B 11767 225 St,,Maple Ridge,V2X 6E6,49.216239,-122.599189,604-779-2273,,,N,N,N,N,N,N,N,N,N,N,N,N,N,N,N,N,N,,,N,N,N,N,N,N,N,N,N,N,N,2026-05-15,http://www.healthspace.ca/fha/childcare,N,Y,N,Wonder World Play School<br>Licensed Group<br>604-779-2273<br><br>Vacancy:<br>&nbsp;&nbsp;&nbsp;&nbsp;<36 months: N<br>&nbsp;&nbsp;&nbsp;&nbsp;30 months -- 5 years: N<br>&nbsp;&nbsp;&nbsp;&nbsp;Preschool: N<br>&nbsp;&nbsp;&nbsp;&nbsp;Grade 1 - Age 12: N<br>
586,Licensed Group,Petits Genies Academy Ltd,101-4181 Hastings St,,Burnaby,V5C 2J3,49.281103,-123.012106,604-788-0901,,,N,N,N,N,N,N,N,N,N,N,N,N,N,N,N,N,N,,,N,N,N,N,N,N,N,Y,Y,N,N,2026-05-04,http://www.healthspace.ca/fha/childcare,N,Y,N,Petits Genies Academy Ltd<br>Licensed Group<br>604-788-0901<br><br>Vacancy:<br>&nbsp;&nbsp;&nbsp;&nbsp;<36 months: Y<br>&nbsp;&nbsp;&nbsp;&nbsp;30 months -- 5 years: Y<br>&nbsp;&nbsp;&nbsp;&nbsp;Preschool: N<br>&nbsp;&nbsp;&nbsp;&nbsp;Grade 1 - Age 12: N<br>
587,Licensed Family,Kanaka Creek Childcare,23422 Griffen Rd,,Maple Ridge,V2W 0B7,49.203867,-122.57329,604-780-8872,,,Y,N,N,N,N,N,Y,Y,N,Y,Y,Y,N,Y,N,N,N,Included in fee,Include in fee,N,N,N,N,N,Y,Y,Y,N,N,N,2026-05-18,http://www.healthspace.ca/fha/childcare,N,Y,N,Kanaka Creek Childcare<br>Licensed Family<br>604-780-8872<br><br>Vacancy:<br>&nbsp;&nbsp;&nbsp;&nbsp;<36 months: Y<br>&nbsp;&nbsp;&nbsp;&nbsp;30 months -- 5 years: N<br>&nbsp;&nbsp;&nbsp;&nbsp;Preschool: N<br>&nbsp;&nbsp;&nbsp;&nbsp;Grade 1 - Age 12: N<br>
588,Licensed Family,Paisley Children's House,2576 Paisley Pl,,Garibaldi Highlands,V0N 1T0,49.743746,-123.110982,604-318-0488,,,N,N,N,N,N,N,N,N,N,N,N,N,N,N,N,N,N,,,N,N,N,N,N,N,N,N,N,N,N,2026-05-04,https://inspections.vcha.ca/ChildCare/Table,N,Y,N,Paisley Children's House<br>Licensed Family<br>604-318-0488<br><br>Vacancy:<br>&nbsp;&nbsp;&nbsp;&nbsp;<36 months: N<br>&nbsp;&nbsp;&nbsp;&nbsp;30 months -- 5 years: N<br>&nbsp;&nbsp;&nbsp;&nbsp;Preschool: N<br>&nbsp;&nbsp;&nbsp;&nbsp;Grade 1 - Age 12: N<br>
589,Licensed Family,Nelson's Home Daycare,400 Nelson St,,Coquitlam,V3K 4N9,49.245334,-122.865183,778-237-6602,,,N,N,N,N,N,N,N,N,N,N,N,N,N,N,N,N,N,,,N,N,N,N,N,N,N,Y,N,N,N,2026-05-01,http://www.healthspace.ca/fha/childcare,N,Y,N,Nelson's Home Daycare<br>Licensed Family<br>778-237-6602<br><br>Vacancy:<br>&nbsp;&nbsp;&nbsp;&nbsp;<36 months: Y<br>&nbsp;&nbsp;&nbsp;&nbsp;30 months -- 5 years: N<br>&nbsp;&nbsp;&nbsp;&nbsp;Preschool: N<br>&nbsp;&nbsp;&nbsp;&nbsp;Grade 1 - Age 12: N<br>
590,Licensed Family,Amazing Kids Center,2742 Michener Cres,,Prince George,V2N 1G9,53.893137,-122.782952,250-981-9322,,,Y,N,N,N,N,N,Y,Y,N,Y,Y,N,N,N,N,N,N,Included in fee,Include in fee,N,N,N,Y,N,N,N,N,N,N,N,2026-05-15,https://www.healthspace.ca/Clients/NHA/NHA_Website.nsf/CCFL-Frameset,N,Y,N,Amazing Kids Center<br>Licensed Family<br>250-981-9322<br><br>Vacancy:<br>&nbsp;&nbsp;&nbsp;&nbsp;<36 months: N<br>&nbsp;&nbsp;&nbsp;&nbsp;30 months -- 5 years: N<br>&nbsp;&nbsp;&nbsp;&nbsp;Preschool: N<br>&nbsp;&nbsp;&nbsp;&nbsp;Grade 1 - Age 12: N<br>
591,Licensed Group,Kidz R Kidz,101-3007 Glen Dr,,Coquitlam,V3B 2P7,49.283083,-122.793894,604-474-2595,,,N,N,N,N,N,N,N,N,N,N,N,N,N,N,N,N,N,,,N,N,N,N,N,N,N,N,N,N,N,2026-05-16,http://www.healthspace.ca/fha/childcare,N,Y,N,Kidz R Kidz<br>Licensed Group<br>604-474-2595<br><br>Vacancy:<br>&nbsp;&nbsp;&nbsp;&nbsp;<36 months: N<br>&nbsp;&nbsp;&nbsp;&nbsp;30 months -- 5 years: N<br>&nbsp;&nbsp;&nbsp;&nbsp;Preschool: N<br>&nbsp;&nbsp;&nbsp;&nbsp;Grade 1 - Age 12: N<br>
592,Licensed Family,Puddle Jumpers Daycare,538 Midnight Dr,,Williams Lake,V2G 4E3,52.149113,-122.157157,250-392-1191,,,Y,N,N,N,N,N,Y,Y,N,Y,Y,N,N,N,Y,N,N,Included in fee,Not offered,N,N,N,N,N,N,Y,N,N,N,N,2026-05-15,https://hedgehogportal.interiorhealth.ca/ChildCare/Map,N,Y,N,Puddle Jumpers Daycare<br>Licensed Family<br>250-392-1191<br><br>Vacancy:<br>&nbsp;&nbsp;&nbsp;&nbsp;<36 months: N<br>&nbsp;&nbsp;&nbsp;&nbsp;30 months -- 5 years: N<br>&nbsp;&nbsp;&nbsp;&nbsp;Preschool: N<br>&nbsp;&nbsp;&nbsp;&nbsp;Grade 1 - Age 12: N<br>
593,Licensed Group,Natural Connections Child Care Centre,360 Glassford Rd,,Gibsons,V0N 1V8,49.396362,-123.50991,778-462-2330,,,N,N,N,N,N,N,N,N,N,N,N,N,N,N,N,N,N,,,N,N,N,N,N,N,N,N,N,N,N,2026-05-19,https://inspections.vcha.ca/ChildCare/Table,N,Y,Y,Natural Connections Child Care Centre<br>Licensed Group<br>778-462-2330<br><br>Vacancy:<br>&nbsp;&nbsp;&nbsp;&nbsp;<36 months: N<br>&nbsp;&nbsp;&nbsp;&nbsp;30 months -- 5 years: N<br>&nbsp;&nbsp;&nbsp;&nbsp;Preschool: N<br>&nbsp;&nbsp;&nbsp;&nbsp;Grade 1 - Age 12: N<br>
594,Licensed Group,Natural Connections Child Care Centre,360 Glassford Rd,,Gibsons,V0N 1V8,49.396362,-123.50991,778-462-2330,,,N,N,N,N,N,N,N,N,N,N,N,N,N,N,N,N,N,,,N,N,N,N,N,N,N,N,N,N,N,2026-05-19,https://inspections.vcha.ca/ChildCare/Table,N,Y,Y,Natural Connections Child Care Centre<br>Licensed Group<br>778-462-2330<br><br>Vacancy:<br>&nbsp;&nbsp;&nbsp;&nbsp;<36 months: N<br>&nbsp;&nbsp;&nbsp;&nbsp;30 months -- 5 years: N<br>&nbsp;&nbsp;&nbsp;&nbsp;Preschool: N<br>&nbsp;&nbsp;&nbsp;&nbsp;Grade 1 - Age 12: N<br>
595,Licensed Group,Gitanmaax Daycare,1715 John Field Rd,,Hazelton,V0J 1Y0,55.253628,-127.670815,250-842-0349,,,,,,,,,,,,,,,,,,,,,,,,,,,,,,,,,,,Y,Y,N,Gitanmaax Daycare<br>Licensed Group<br>250-842-0349<br><br>Vacancy:<br>&nbsp;&nbsp;&nbsp;&nbsp;<36 months: None<br>&nbsp;&nbsp;&nbsp;&nbsp;30 months -- 5 years: None<br>&nbsp;&nbsp;&nbsp;&nbsp;Preschool: None<br>&nbsp;&nbsp;&nbsp;&nbsp;Grade 1 - Age 12: None<br>
596,Licensed Group,Sing And Smile Child Care Ltd,"101,103,104,105 12057 82 Ave",,Surrey,V3V 1E8,49.152413,-122.889027,778-591-5999,,,N,N,N,N,N,N,N,N,N,N,N,N,N,N,N,N,N,,,N,N,N,N,N,N,N,N,N,N,N,2026-04-27,http://www.healthspace.ca/fha/childcare,N,Y,N,Sing And Smile Child Care Ltd<br>Licensed Group<br>778-591-5999<br><br>Vacancy:<br>&nbsp;&nbsp;&nbsp;&nbsp;<36 months: N<br>&nbsp;&nbsp;&nbsp;&nbsp;30 months -- 5 years: N<br>&nbsp;&nbsp;&nbsp;&nbsp;Preschool: N<br>&nbsp;&nbsp;&nbsp;&nbsp;Grade 1 - Age 12: N<br>
597,Licensed Group,Willowbrae Academy North Van,201-1226 Marine Dr,,North Vancouver,V7P 1T2,49.324136,-123.108361,604-817-9010,,,N,N,N,N,N,N,N,N,N,N,N,N,N,N,N,N,N,,,N,N,N,N,N,N,N,Y,N,N,N,2026-05-15,https://inspections.vcha.ca/ChildCare/Table,N,Y,Y,Willowbrae Academy North Van<br>Licensed Group<br>604-817-9010<br><br>Vacancy:<br>&nbsp;&nbsp;&nbsp;&nbsp;<36 months: Y<br>&nbsp;&nbsp;&nbsp;&nbsp;30 months -- 5 years: N<br>&nbsp;&nbsp;&nbsp;&nbsp;Preschool: N<br>&nbsp;&nbsp;&nbsp;&nbsp;Grade 1 - Age 12: N<br>
598,Licensed Group,Willowbrae Academy North Van,201-1226 Marine Dr,,North Vancouver,V7P 1T2,49.324136,-123.108361,604-817-9010,,,N,N,N,N,N,N,N,N,N,N,N,N,N,N,N,N,N,,,N,N,N,N,N,N,N,Y,N,N,N,2026-05-15,https://inspections.vcha.ca/ChildCare/Table,N,Y,Y,Willowbrae Academy North Van<br>Licensed Group<br>604-817-9010<br><br>Vacancy:<br>&nbsp;&nbsp;&nbsp;&nbsp;<36 months: Y<br>&nbsp;&nbsp;&nbsp;&nbsp;30 months -- 5 years: N<br>&nbsp;&nbsp;&nbsp;&nbsp;Preschool: N<br>&nbsp;&nbsp;&nbsp;&nbsp;Grade 1 - Age 12: N<br>
599,Licensed Family,Melody's Munchkins Daycare,51535 Old Yale Rd,,Rosedale,V0X 1X2,49.185374,-121.79889,604-794-3333,,,N,N,N,N,N,N,N,N,N,N,N,N,N,N,N,N,N,,,N,N,N,N,N,N,N,Y,N,N,N,2026-05-21,http://www.healthspace.ca/fha/childcare,N,Y,N,Melody's Munchkins Daycare<br>Licensed Family<br>604-794-3333<br><br>Vacancy:<br>&nbsp;&nbsp;&nbsp;&nbsp;<36 months: Y<br>&nbsp;&nbsp;&nbsp;&nbsp;30 months -- 5 years: N<br>&nbsp;&nbsp;&nbsp;&nbsp;Preschool: N<br>&nbsp;&nbsp;&nbsp;&nbsp;Grade 1 - Age 12: N<br>
600,Licensed Group,Cindy Bear's Daycare,1419 Peninsula Rd,,Ucluelet,V0R 3A0,48.939467,-125.543445,250-726-3456,,,N,N,N,N,N,N,N,N,N,N,N,N,N,N,N,N,N,,,N,N,N,N,N,N,N,N,N,N,N,2026-05-15,https://www.healthspace.ca/clients/viha/viha_website.nsf/CCFL-Main?OpenView,N,Y,N,Cindy Bear's Daycare<br>Licensed Group<br>250-726-3456<br><br>Vacancy:<br>&nbsp;&nbsp;&nbsp;&nbsp;<36 months: N<br>&nbsp;&nbsp;&nbsp;&nbsp;30 months -- 5 years: N<br>&nbsp;&nbsp;&nbsp;&nbsp;Preschool: N<br>&nbsp;&nbsp;&nbsp;&nbsp;Grade 1 - Age 12: N<br>
601,Licensed Group,Blueberry Field Child Care Inc. - 30 Months To School Age,3720 Broadway St,,Richmond,V7E 4Y8,49.127092,-123.183614,778-708-1751,,,N,N,N,N,N,N,N,N,N,N,N,N,N,N,N,N,N,,,N,N,N,N,N,N,N,N,N,N,N,2026-05-19,https://inspections.vcha.ca/ChildCare/Table,N,Y,N,Blueberry Field Child Care Inc. - 30 Months To School Age<br>Licensed Group<br>778-708-1751<br><br>Vacancy:<br>&nbsp;&nbsp;&nbsp;&nbsp;<36 months: N<br>&nbsp;&nbsp;&nbsp;&nbsp;30 months -- 5 years: N<br>&nbsp;&nbsp;&nbsp;&nbsp;Preschool: N<br>&nbsp;&nbsp;&nbsp;&nbsp;Grade 1 - Age 12: N<br>
602,Licensed Family,Treehouse Kids Care,8555 151A St,,Surrey,V3S 3K1,49.158473,-122.803104,604-704-6484,,,N,N,N,N,N,N,N,N,N,N,N,N,N,N,N,N,N,,,N,N,N,N,N,N,N,N,N,N,N,2026-05-17,http://www.healthspace.ca/fha/childcare,N,Y,N,Treehouse Kids Care<br>Licensed Family<br>604-704-6484<br><br>Vacancy:<br>&nbsp;&nbsp;&nbsp;&nbsp;<36 months: N<br>&nbsp;&nbsp;&nbsp;&nbsp;30 months -- 5 years: N<br>&nbsp;&nbsp;&nbsp;&nbsp;Preschool: N<br>&nbsp;&nbsp;&nbsp;&nbsp;Grade 1 - Age 12: N<br>
603,Licensed Group,Academics Prekindergarten Westwood Inc,501-1123 Westwood St,,Coquitlam,V3B 0M1,49.278638,-122.789515,604-474-2662,,,N,N,N,N,N,N,N,N,N,N,N,N,N,N,N,N,N,,,N,N,N,N,N,N,N,N,N,N,N,2026-05-19,http://www.healthspace.ca/fha/childcare,N,Y,N,Academics Prekindergarten Westwood Inc<br>Licensed Group<br>604-474-2662<br><br>Vacancy:<br>&nbsp;&nbsp;&nbsp;&nbsp;<36 months: N<br>&nbsp;&nbsp;&nbsp;&nbsp;30 months -- 5 years: N<br>&nbsp;&nbsp;&nbsp;&nbsp;Preschool: N<br>&nbsp;&nbsp;&nbsp;&nbsp;Grade 1 - Age 12: N<br>
604,Licensed Group,Brainbox Montessori Learning Academy,20700 56 Ave,,Langley,V3A 7R8,49.104273,-122.648975,778-957-6588,,,N,N,N,N,N,N,N,N,N,N,N,N,N,N,N,N,N,,,N,N,N,N,N,N,N,N,N,N,N,2026-05-15,http://www.healthspace.ca/fha/childcare,N,Y,N,Brainbox Montessori Learning Academy<br>Licensed Group<br>778-957-6588<br><br>Vacancy:<br>&nbsp;&nbsp;&nbsp;&nbsp;<36 months: N<br>&nbsp;&nbsp;&nbsp;&nbsp;30 months -- 5 years: N<br>&nbsp;&nbsp;&nbsp;&nbsp;Preschool: N<br>&nbsp;&nbsp;&nbsp;&nbsp;Grade 1 - Age 12: N<br>
605,Licensed Group,Second Nature Childcare Centre Classroom D,4454 Joyce Ave,,Powell River,V8A 3A6,49.836466,-124.520253,604-489-1110,,,N,N,N,N,N,N,N,N,N,N,N,N,N,N,N,N,N,,,N,N,N,N,N,N,N,Y,N,N,N,2026-05-21,https://inspections.vcha.ca/ChildCare/Table,N,Y,N,Second Nature Childcare Centre Classroom D<br>Licensed Group<br>604-489-1110<br><br>Vacancy:<br>&nbsp;&nbsp;&nbsp;&nbsp;<36 months: Y<br>&nbsp;&nbsp;&nbsp;&nbsp;30 months -- 5 years: N<br>&nbsp;&nbsp;&nbsp;&nbsp;Preschool: N<br>&nbsp;&nbsp;&nbsp;&nbsp;Grade 1 - Age 12: N<br>
606,Licensed Group,Sweet Bambini Montessori Ltd,15566 110 Ave,,Surrey,V3R 0W7,49.202298,-122.790963,778-688-3126,,,N,N,N,N,N,N,N,N,N,N,N,N,N,N,N,N,N,,,N,N,N,N,N,N,N,Y,N,N,N,2026-04-11,http://www.healthspace.ca/fha/childcare,N,Y,N,Sweet Bambini Montessori Ltd<br>Licensed Group<br>778-688-3126<br><br>Vacancy:<br>&nbsp;&nbsp;&nbsp;&nbsp;<36 months: Y<br>&nbsp;&nbsp;&nbsp;&nbsp;30 months -- 5 years: N<br>&nbsp;&nbsp;&nbsp;&nbsp;Preschool: N<br>&nbsp;&nbsp;&nbsp;&nbsp;Grade 1 - Age 12: N<br>
607,Licensed Group,Starlight Child Care Centre,8547 11Th Ave,,Burnaby,V3N 2P6,49.228829,-122.911777,778-389-9669,,,N,N,N,N,N,N,N,N,N,N,N,N,N,N,N,N,N,,,N,N,N,N,N,N,N,N,N,N,N,2026-05-15,http://www.healthspace.ca/fha/childcare,N,Y,N,Starlight Child Care Centre<br>Licensed Group<br>778-389-9669<br><br>Vacancy:<br>&nbsp;&nbsp;&nbsp;&nbsp;<36 months: N<br>&nbsp;&nbsp;&nbsp;&nbsp;30 months -- 5 years: N<br>&nbsp;&nbsp;&nbsp;&nbsp;Preschool: N<br>&nbsp;&nbsp;&nbsp;&nbsp;Grade 1 - Age 12: N<br>
608,Licensed Family,Stepping Stones Learning Centre,4040 1St Ave,,Smithers,V0J 2N0,54.783268,-127.176198,250-877-3603,,,N,N,N,N,N,N,N,N,N,N,N,N,N,N,N,N,N,,,N,N,N,N,N,N,N,N,N,N,N,2026-05-14,https://www.healthspace.ca/Clients/NHA/NHA_Website.nsf/CCFL-Frameset,N,Y,N,Stepping Stones Learning Centre<br>Licensed Family<br>250-877-3603<br><br>Vacancy:<br>&nbsp;&nbsp;&nbsp;&nbsp;<36 months: N<br>&nbsp;&nbsp;&nbsp;&nbsp;30 months -- 5 years: N<br>&nbsp;&nbsp;&nbsp;&nbsp;Preschool: N<br>&nbsp;&nbsp;&nbsp;&nbsp;Grade 1 - Age 12: N<br>
609,Licensed Group,Inner Smile Montessori,571 16Th St,,Courtenay,V9N 1X4,49.683043,-124.994781,250-898-1035,,,Y,N,N,N,N,N,Y,N,N,N,N,N,N,N,N,N,N,Not offered,Not offered,N,N,N,N,N,Y,Y,N,N,N,N,2026-05-18,https://www.healthspace.ca/clients/viha/viha_website.nsf/CCFL-Main?OpenView,N,Y,N,Inner Smile Montessori<br>Licensed Group<br>250-898-1035<br><br>Vacancy:<br>&nbsp;&nbsp;&nbsp;&nbsp;<36 months: N<br>&nbsp;&nbsp;&nbsp;&nbsp;30 months -- 5 years: N<br>&nbsp;&nbsp;&nbsp;&nbsp;Preschool: N<br>&nbsp;&nbsp;&nbsp;&nbsp;Grade 1 - Age 12: N<br>
610,Licensed Group,Westbank First Nation After School Program,1880 Quail Lane,,Westbank,V4T 2H3,49.840183,-119.593632,250-317-7397,,,N,N,N,N,N,N,N,N,N,N,N,N,N,N,N,N,N,,,N,N,N,N,N,N,N,N,N,N,N,2026-04-29,https://hedgehogportal.interiorhealth.ca/ChildCare/Map,N,Y,N,Westbank First Nation After School Program<br>Licensed Group<br>250-317-7397<br><br>Vacancy:<br>&nbsp;&nbsp;&nbsp;&nbsp;<36 months: N<br>&nbsp;&nbsp;&nbsp;&nbsp;30 months -- 5 years: N<br>&nbsp;&nbsp;&nbsp;&nbsp;Preschool: N<br>&nbsp;&nbsp;&nbsp;&nbsp;Grade 1 - Age 12: N<br>
611,Licensed Family,Sherry's Family Daycare,215 Maliview Dr,,Salt Spring Island,V8K 1B7,48.906409,-123.527622,250-538-2133,,,N,N,N,N,N,N,N,N,N,N,N,N,N,N,N,N,N,,,N,N,N,N,N,N,N,N,N,N,N,2026-05-15,https://www.healthspace.ca/clients/viha/viha_website.nsf/CCFL-Main?OpenView,N,Y,N,Sherry's Family Daycare<br>Licensed Family<br>250-538-2133<br><br>Vacancy:<br>&nbsp;&nbsp;&nbsp;&nbsp;<36 months: N<br>&nbsp;&nbsp;&nbsp;&nbsp;30 months -- 5 years: N<br>&nbsp;&nbsp;&nbsp;&nbsp;Preschool: N<br>&nbsp;&nbsp;&nbsp;&nbsp;Grade 1 - Age 12: N<br>
612,Licensed Group,Crayon Box Learning Center Inc.,100-10811 No. 4 Rd,,Richmond,V7A 2Z5,49.133904,-123.114952,604-275-2332,,,N,N,N,N,N,N,N,N,N,N,N,N,N,N,N,N,N,,,N,N,N,N,N,N,N,N,Y,N,N,2026-05-15,https://inspections.vcha.ca/ChildCare/Table,N,Y,Y,Crayon Box Learning Center Inc.<br>Licensed Group<br>604-275-2332<br><br>Vacancy:<br>&nbsp;&nbsp;&nbsp;&nbsp;<36 months: N<br>&nbsp;&nbsp;&nbsp;&nbsp;30 months -- 5 years: Y<br>&nbsp;&nbsp;&nbsp;&nbsp;Preschool: N<br>&nbsp;&nbsp;&nbsp;&nbsp;Grade 1 - Age 12: N<br>
613,Licensed Group,Crayon Box Learning Center Inc.,100-10811 No. 4 Rd,,Richmond,V7A 2Z5,49.133904,-123.114952,604-275-2332,,,N,N,N,N,N,N,N,N,N,N,N,N,N,N,N,N,N,,,N,N,N,N,N,N,N,Y,N,N,N,2026-05-15,https://inspections.vcha.ca/ChildCare/Table,N,Y,Y,Crayon Box Learning Center Inc.<br>Licensed Group<br>604-275-2332<br><br>Vacancy:<br>&nbsp;&nbsp;&nbsp;&nbsp;<36 months: Y<br>&nbsp;&nbsp;&nbsp;&nbsp;30 months -- 5 years: N<br>&nbsp;&nbsp;&nbsp;&nbsp;Preschool: N<br>&nbsp;&nbsp;&nbsp;&nbsp;Grade 1 - Age 12: N<br>
614,Licensed Group,Fela Play And Learn Childcare,13545 64A Ave,,Surrey,V3W 9H6,49.120381,-122.846966,604-599-5853,,,N,N,N,N,N,N,N,N,N,N,N,N,N,N,N,N,N,,,N,N,N,N,N,N,N,N,Y,N,N,2026-05-15,http://www.healthspace.ca/fha/childcare,N,Y,N,Fela Play And Learn Childcare<br>Licensed Group<br>604-599-5853<br><br>Vacancy:<br>&nbsp;&nbsp;&nbsp;&nbsp;<36 months: N<br>&nbsp;&nbsp;&nbsp;&nbsp;30 months -- 5 years: Y<br>&nbsp;&nbsp;&nbsp;&nbsp;Preschool: N<br>&nbsp;&nbsp;&nbsp;&nbsp;Grade 1 - Age 12: N<br>
615,Licensed Group,Park Place Daycare (Central),124 15Th St E,,North Vancouver,V7L 2P9,49.322471,-123.07127,604-990-5572,,,N,N,N,N,N,N,N,N,N,N,N,N,N,N,N,N,N,,,N,N,N,N,N,N,N,Y,Y,N,Y,2026-04-16,https://inspections.vcha.ca/ChildCare/Table,N,Y,Y,Park Place Daycare (Central)<br>Licensed Group<br>604-990-5572<br><br>Vacancy:<br>&nbsp;&nbsp;&nbsp;&nbsp;<36 months: Y<br>&nbsp;&nbsp;&nbsp;&nbsp;30 months -- 5 years: Y<br>&nbsp;&nbsp;&nbsp;&nbsp;Preschool: N<br>&nbsp;&nbsp;&nbsp;&nbsp;Grade 1 - Age 12: Y<br>
616,Licensed Group,Park Place Daycare (Central),124 15Th St E,,North Vancouver,V7L 2P9,49.322471,-123.07127,604-990-5572,,,N,N,N,N,N,N,N,N,N,N,N,N,N,N,N,N,N,,,N,N,N,N,N,N,N,Y,Y,N,Y,2026-05-15,https://inspections.vcha.ca/ChildCare/Table,N,Y,Y,Park Place Daycare (Central)<br>Licensed Group<br>604-990-5572<br><br>Vacancy:<br>&nbsp;&nbsp;&nbsp;&nbsp;<36 months: Y<br>&nbsp;&nbsp;&nbsp;&nbsp;30 months -- 5 years: Y<br>&nbsp;&nbsp;&nbsp;&nbsp;Preschool: N<br>&nbsp;&nbsp;&nbsp;&nbsp;Grade 1 - Age 12: Y<br>
617,Licensed Group,Peach Blossom Childcare Centre,1169 21St St W,,North Vancouver,V7P 2C7,49.32843,-123.106699,604-990-1261,,,N,N,N,N,N,N,N,N,N,N,N,N,N,N,N,N,N,,,N,N,N,N,N,N,N,N,N,N,N,2026-05-19,https://inspections.vcha.ca/ChildCare/Table,N,Y,N,Peach Blossom Childcare Centre<br>Licensed Group<br>604-990-1261<br><br>Vacancy:<br>&nbsp;&nbsp;&nbsp;&nbsp;<36 months: N<br>&nbsp;&nbsp;&nbsp;&nbsp;30 months -- 5 years: N<br>&nbsp;&nbsp;&nbsp;&nbsp;Preschool: N<br>&nbsp;&nbsp;&nbsp;&nbsp;Grade 1 - Age 12: N<br>
618,Licensed Family,Active Little Angels Family Child Care,708 12Th Ave E,,Vancouver,V5T 2H9,49.259453,-123.088821,604-324-7010,,,N,N,N,N,N,N,N,N,N,N,N,N,N,N,N,N,N,,,N,N,N,N,N,N,N,N,N,N,N,2026-05-15,https://inspections.vcha.ca/ChildCare/Table,N,Y,N,Active Little Angels Family Child Care<br>Licensed Family<br>604-324-7010<br><br>Vacancy:<br>&nbsp;&nbsp;&nbsp;&nbsp;<36 months: N<br>&nbsp;&nbsp;&nbsp;&nbsp;30 months -- 5 years: N<br>&nbsp;&nbsp;&nbsp;&nbsp;Preschool: N<br>&nbsp;&nbsp;&nbsp;&nbsp;Grade 1 - Age 12: N<br>
619,Licensed Family,Leaps And Bounds Family Child Care,2430 Alpine Cres,,Victoria,V8N 4B6,48.470538,-123.297491,250-920-8302,http://www.leapsandboundsfamilychildcare.com,,N,N,N,N,N,N,N,N,N,N,N,N,N,N,N,N,N,,,N,N,N,N,N,N,N,N,N,N,N,2026-05-04,https://www.healthspace.ca/clients/viha/viha_website.nsf/CCFL-Main?OpenView,N,Y,N,Leaps And Bounds Family Child Care<br>Licensed Family<br>250-920-8302<br><br>Vacancy:<br>&nbsp;&nbsp;&nbsp;&nbsp;<36 months: N<br>&nbsp;&nbsp;&nbsp;&nbsp;30 months -- 5 years: N<br>&nbsp;&nbsp;&nbsp;&nbsp;Preschool: N<br>&nbsp;&nbsp;&nbsp;&nbsp;Grade 1 - Age 12: N<br>
620,Licensed Group,Child Connect Early Learning,1305 Taylor Way,,West Vancouver,V7T 2Y7,49.336754,-123.135753,604-281-4410,,,N,N,N,N,N,N,N,N,N,N,N,N,N,N,N,N,N,,,N,N,N,N,N,N,N,N,N,N,N,2026-05-19,https://inspections.vcha.ca/ChildCare/Table,N,Y,N,Child Connect Early Learning<br>Licensed Group<br>604-281-4410<br><br>Vacancy:<br>&nbsp;&nbsp;&nbsp;&nbsp;<36 months: N<br>&nbsp;&nbsp;&nbsp;&nbsp;30 months -- 5 years: N<br>&nbsp;&nbsp;&nbsp;&nbsp;Preschool: N<br>&nbsp;&nbsp;&nbsp;&nbsp;Grade 1 - Age 12: N<br>
621,Licensed Group,Roots And Wings Boundary,7324 Boundary Dr,,Grand Forks,V0H 1H0,49.029374,-118.452223,250-444-0758,,,N,N,N,N,N,N,N,N,N,N,N,N,N,N,N,N,N,,,N,N,N,N,N,N,N,N,N,N,N,2026-03-23,https://hedgehogportal.interiorhealth.ca/ChildCare/Map,N,N,N,Roots And Wings Boundary<br>Licensed Group<br>250-444-0758<br><br>Vacancy:<br>&nbsp;&nbsp;&nbsp;&nbsp;<36 months: N<br>&nbsp;&nbsp;&nbsp;&nbsp;30 months -- 5 years: N<br>&nbsp;&nbsp;&nbsp;&nbsp;Preschool: N<br>&nbsp;&nbsp;&nbsp;&nbsp;Grade 1 - Age 12: N<br>
622,Licensed Group,Little Willows Lougheed,34110 Lougheed Hwy,,Mission,V2V 6N9,49.143194,-122.275121,604-826-1118,,,N,N,N,N,N,N,N,N,N,N,N,N,N,N,N,N,N,,,N,N,N,N,N,N,N,Y,Y,Y,Y,2026-04-06,http://www.healthspace.ca/fha/childcare,N,Y,N,Little Willows Lougheed<br>Licensed Group<br>604-826-1118<br><br>Vacancy:<br>&nbsp;&nbsp;&nbsp;&nbsp;<36 months: Y<br>&nbsp;&nbsp;&nbsp;&nbsp;30 months -- 5 years: Y<br>&nbsp;&nbsp;&nbsp;&nbsp;Preschool: Y<br>&nbsp;&nbsp;&nbsp;&nbsp;Grade 1 - Age 12: Y<br>
623,Licensed Group,Okanagan Boys And Girls Clubs - Oyama,15525 Greenhow Rd,,Lake Country,V4V 2C1,50.108428,-119.369757,250-762-3989,,,N,N,N,N,N,N,N,N,N,N,N,N,N,N,N,N,N,,,N,N,N,N,N,N,N,N,N,N,N,2026-05-15,https://hedgehogportal.interiorhealth.ca/ChildCare/Map,N,Y,N,Okanagan Boys And Girls Clubs - Oyama<br>Licensed Group<br>250-762-3989<br><br>Vacancy:<br>&nbsp;&nbsp;&nbsp;&nbsp;<36 months: N<br>&nbsp;&nbsp;&nbsp;&nbsp;30 months -- 5 years: N<br>&nbsp;&nbsp;&nbsp;&nbsp;Preschool: N<br>&nbsp;&nbsp;&nbsp;&nbsp;Grade 1 - Age 12: N<br>
624,Licensed Family,Dragonfly Lane Childcare,4160 Springridge Cres,,Victoria,V8Z 4Y5,48.480505,-123.396287,250-213-7846,,,N,N,N,N,N,N,N,N,N,N,N,N,N,N,N,N,N,,,N,N,N,N,N,N,N,N,N,N,N,2026-05-15,https://www.healthspace.ca/clients/viha/viha_website.nsf/CCFL-Main?OpenView,N,Y,N,Dragonfly Lane Childcare<br>Licensed Family<br>250-213-7846<br><br>Vacancy:<br>&nbsp;&nbsp;&nbsp;&nbsp;<36 months: N<br>&nbsp;&nbsp;&nbsp;&nbsp;30 months -- 5 years: N<br>&nbsp;&nbsp;&nbsp;&nbsp;Preschool: N<br>&nbsp;&nbsp;&nbsp;&nbsp;Grade 1 - Age 12: N<br>
625,Licensed Family,Rugrats Academy,1601 Salal Cres,,Coquitlam,V3E 2Y3,49.304719,-122.810537,778-873-3028,,,N,N,N,N,N,N,N,N,N,N,N,N,N,N,N,N,N,,,N,N,N,N,N,N,N,Y,Y,N,N,2026-05-11,http://www.healthspace.ca/fha/childcare,N,Y,N,Rugrats Academy<br>Licensed Family<br>778-873-3028<br><br>Vacancy:<br>&nbsp;&nbsp;&nbsp;&nbsp;<36 months: Y<br>&nbsp;&nbsp;&nbsp;&nbsp;30 months -- 5 years: Y<br>&nbsp;&nbsp;&nbsp;&nbsp;Preschool: N<br>&nbsp;&nbsp;&nbsp;&nbsp;Grade 1 - Age 12: N<br>
626,Licensed Family,Little Bits Of Joy Daycare,3194 Ospika Blvd S,,Prince George,V2N 2T5,53.889061,-122.786855,250-961-1889,,,N,N,N,N,N,N,Y,Y,N,Y,Y,N,N,N,N,N,N,Included in fee,Extra fee,N,N,N,N,Y,N,N,N,N,N,N,2026-05-14,https://www.healthspace.ca/Clients/NHA/NHA_Website.nsf/CCFL-Frameset,N,Y,N,Little Bits Of Joy Daycare<br>Licensed Family<br>250-961-1889<br><br>Vacancy:<br>&nbsp;&nbsp;&nbsp;&nbsp;<36 months: N<br>&nbsp;&nbsp;&nbsp;&nbsp;30 months -- 5 years: N<br>&nbsp;&nbsp;&nbsp;&nbsp;Preschool: N<br>&nbsp;&nbsp;&nbsp;&nbsp;Grade 1 - Age 12: N<br>
627,Licensed Family,New Children's Choice Daycare Inc,11637 84 Ave,,Delta,V4C 2M2,49.156156,-122.900401,604-715-0782,,,N,N,N,N,N,N,N,N,N,N,N,N,N,N,N,N,N,,,N,N,N,N,N,N,N,N,N,N,N,2026-05-19,http://www.healthspace.ca/fha/childcare,N,Y,N,New Children's Choice Daycare Inc<br>Licensed Family<br>604-715-0782<br><br>Vacancy:<br>&nbsp;&nbsp;&nbsp;&nbsp;<36 months: N<br>&nbsp;&nbsp;&nbsp;&nbsp;30 months -- 5 years: N<br>&nbsp;&nbsp;&nbsp;&nbsp;Preschool: N<br>&nbsp;&nbsp;&nbsp;&nbsp;Grade 1 - Age 12: N<br>
628,Licensed Family,Sophia Child Care Facility,8007 19Th Ave,,Burnaby,V3N 1G2,49.227756,-122.93321,604-442-8545,,,N,N,N,N,N,N,N,N,N,N,N,N,N,N,N,N,N,,,N,N,N,N,N,N,N,N,N,N,N,2026-05-19,http://www.healthspace.ca/fha/childcare,N,Y,N,Sophia Child Care Facility<br>Licensed Family<br>604-442-8545<br><br>Vacancy:<br>&nbsp;&nbsp;&nbsp;&nbsp;<36 months: N<br>&nbsp;&nbsp;&nbsp;&nbsp;30 months -- 5 years: N<br>&nbsp;&nbsp;&nbsp;&nbsp;Preschool: N<br>&nbsp;&nbsp;&nbsp;&nbsp;Grade 1 - Age 12: N<br>
629,Licensed Group,Creative Orchids Early Childhood Centre,232 High St,,Ladysmith,V9G 1A1,48.992597,-123.820964,250-713-8087,,,N,N,N,N,N,N,N,N,N,N,N,N,N,N,N,N,N,,,N,N,N,N,N,N,N,N,N,N,N,2026-05-20,https://www.healthspace.ca/clients/viha/viha_website.nsf/CCFL-Main?OpenView,N,Y,N,Creative Orchids Early Childhood Centre<br>Licensed Group<br>250-713-8087<br><br>Vacancy:<br>&nbsp;&nbsp;&nbsp;&nbsp;<36 months: N<br>&nbsp;&nbsp;&nbsp;&nbsp;30 months -- 5 years: N<br>&nbsp;&nbsp;&nbsp;&nbsp;Preschool: N<br>&nbsp;&nbsp;&nbsp;&nbsp;Grade 1 - Age 12: N<br>
630,Licensed Group,Oak Tree Montessori Langford,2865 Peatt Rd,,Victoria,V9B 3V7,48.44683,-123.501699,778-679-7003,,,N,N,N,N,N,N,N,N,N,N,N,N,N,N,N,N,N,,,N,N,N,N,N,N,N,N,N,N,N,2026-05-19,https://www.healthspace.ca/clients/viha/viha_website.nsf/CCFL-Main?OpenView,N,Y,N,Oak Tree Montessori Langford<br>Licensed Group<br>778-679-7003<br><br>Vacancy:<br>&nbsp;&nbsp;&nbsp;&nbsp;<36 months: N<br>&nbsp;&nbsp;&nbsp;&nbsp;30 months -- 5 years: N<br>&nbsp;&nbsp;&nbsp;&nbsp;Preschool: N<br>&nbsp;&nbsp;&nbsp;&nbsp;Grade 1 - Age 12: N<br>
631,Licensed Family,Ecole Petits Pieds,476 Becher Bay Rd,,Sooke,V9Z 1B8,48.339241,-123.632839,778-425-0188,www.ecolepetitspieds.com,,N,N,N,N,N,N,N,N,N,N,N,N,N,N,N,N,N,,,N,N,N,N,N,N,N,Y,Y,N,N,2026-05-06,https://www.healthspace.ca/clients/viha/viha_website.nsf/CCFL-Main?OpenView,N,Y,N,Ecole Petits Pieds<br>Licensed Family<br>778-425-0188<br><br>Vacancy:<br>&nbsp;&nbsp;&nbsp;&nbsp;<36 months: Y<br>&nbsp;&nbsp;&nbsp;&nbsp;30 months -- 5 years: Y<br>&nbsp;&nbsp;&nbsp;&nbsp;Preschool: N<br>&nbsp;&nbsp;&nbsp;&nbsp;Grade 1 - Age 12: N<br>
632,Licensed Family,Time To Grow Learning Centre,1912 Neil St,,Victoria,V8R 3C9,48.442269,-123.324212,250-514-0061,,,N,N,N,N,N,N,N,N,N,N,N,N,N,N,N,N,N,,,N,N,N,N,N,N,N,N,N,N,N,2026-05-15,https://www.healthspace.ca/clients/viha/viha_website.nsf/CCFL-Main?OpenView,N,Y,N,Time To Grow Learning Centre<br>Licensed Family<br>250-514-0061<br><br>Vacancy:<br>&nbsp;&nbsp;&nbsp;&nbsp;<36 months: N<br>&nbsp;&nbsp;&nbsp;&nbsp;30 months -- 5 years: N<br>&nbsp;&nbsp;&nbsp;&nbsp;Preschool: N<br>&nbsp;&nbsp;&nbsp;&nbsp;Grade 1 - Age 12: N<br>
633,Licensed Group,Galiano Community Daycare,1290 Sturdies Bay Rd,,Galiano Island,V0N 1P0,48.887613,-123.335438,250-539-5434,,,N,N,N,N,N,N,N,N,N,N,N,N,N,N,N,N,N,,,N,N,N,N,N,N,N,N,N,N,N,2026-05-07,https://www.healthspace.ca/clients/viha/viha_website.nsf/CCFL-Main?OpenView,N,Y,N,Galiano Community Daycare<br>Licensed Group<br>250-539-5434<br><br>Vacancy:<br>&nbsp;&nbsp;&nbsp;&nbsp;<36 months: N<br>&nbsp;&nbsp;&nbsp;&nbsp;30 months -- 5 years: N<br>&nbsp;&nbsp;&nbsp;&nbsp;Preschool: N<br>&nbsp;&nbsp;&nbsp;&nbsp;Grade 1 - Age 12: N<br>
634,Licensed Group,Creative Kids Learning Centers - Willowbrook,19543 Fraser Hwy,,Surrey,V3S 6K7,49.114916,-122.681494,604-560-5002,,,N,N,N,N,N,N,N,N,N,N,N,N,N,N,N,N,N,,,N,N,N,N,N,N,N,Y,Y,N,Y,2026-05-19,http://www.healthspace.ca/fha/childcare,N,Y,N,Creative Kids Learning Centers - Willowbrook<br>Licensed Group<br>604-560-5002<br><br>Vacancy:<br>&nbsp;&nbsp;&nbsp;&nbsp;<36 months: Y<br>&nbsp;&nbsp;&nbsp;&nbsp;30 months -- 5 years: Y<br>&nbsp;&nbsp;&nbsp;&nbsp;Preschool: N<br>&nbsp;&nbsp;&nbsp;&nbsp;Grade 1 - Age 12: Y<br>
635,Licensed Family,Tickle Me Pink Family Child Care,1988 Campbell Ave,,Port Coquitlam,V3C 4T2,49.242323,-122.771453,604-500-4877,,,N,N,N,N,N,N,N,N,N,N,N,N,N,N,N,N,N,,,N,N,N,N,N,N,N,N,N,N,N,2026-05-01,http://www.healthspace.ca/fha/childcare,N,Y,N,Tickle Me Pink Family Child Care<br>Licensed Family<br>604-500-4877<br><br>Vacancy:<br>&nbsp;&nbsp;&nbsp;&nbsp;<36 months: N<br>&nbsp;&nbsp;&nbsp;&nbsp;30 months -- 5 years: N<br>&nbsp;&nbsp;&nbsp;&nbsp;Preschool: N<br>&nbsp;&nbsp;&nbsp;&nbsp;Grade 1 - Age 12: N<br>
636,Licensed Group,Almosthome Mosaic,2946 Tillicum Rd,,Victoria,V9A 2A8,48.448915,-123.399301,250-590-7666,,,N,N,N,N,N,N,N,N,N,N,N,N,N,N,N,N,N,,,N,N,N,N,N,N,N,Y,N,N,N,2026-04-29,https://www.healthspace.ca/clients/viha/viha_website.nsf/CCFL-Main?OpenView,N,Y,N,Almosthome Mosaic<br>Licensed Group<br>250-590-7666<br><br>Vacancy:<br>&nbsp;&nbsp;&nbsp;&nbsp;<36 months: Y<br>&nbsp;&nbsp;&nbsp;&nbsp;30 months -- 5 years: N<br>&nbsp;&nbsp;&nbsp;&nbsp;Preschool: N<br>&nbsp;&nbsp;&nbsp;&nbsp;Grade 1 - Age 12: N<br>
637,Licensed Group,Club K.I.D.S. West Heights Room 217,32065 Van Velzen Ave,,Mission,V2V 2G6,49.142299,-122.335911,604-820-5360,,,N,N,N,N,N,N,N,N,N,N,N,N,N,N,N,N,N,,,N,N,N,N,N,N,N,N,N,N,Y,2026-05-07,http://www.healthspace.ca/fha/childcare,N,Y,N,Club K.I.D.S. West Heights Room 217<br>Licensed Group<br>604-820-5360<br><br>Vacancy:<br>&nbsp;&nbsp;&nbsp;&nbsp;<36 months: N<br>&nbsp;&nbsp;&nbsp;&nbsp;30 months -- 5 years: N<br>&nbsp;&nbsp;&nbsp;&nbsp;Preschool: N<br>&nbsp;&nbsp;&nbsp;&nbsp;Grade 1 - Age 12: Y<br>
638,Licensed Group,Shuswap Explorers,1135 Passchendaele Rd,,Sorrento,V0E 2W1,50.879224,-119.476277,250-803-2996,,,N,N,N,N,N,N,N,N,N,N,N,N,N,N,N,N,N,,,N,N,N,N,N,N,N,N,N,N,N,2026-05-20,https://hedgehogportal.interiorhealth.ca/ChildCare/Map,N,Y,N,Shuswap Explorers<br>Licensed Group<br>250-803-2996<br><br>Vacancy:<br>&nbsp;&nbsp;&nbsp;&nbsp;<36 months: N<br>&nbsp;&nbsp;&nbsp;&nbsp;30 months -- 5 years: N<br>&nbsp;&nbsp;&nbsp;&nbsp;Preschool: N<br>&nbsp;&nbsp;&nbsp;&nbsp;Grade 1 - Age 12: N<br>
639,Licensed Group,Bella Vita- Glenmore,615-1984 Kane Rd,,Kelowna,V1V 3C4,49.914423,-119.440642,778-898-4544,,,N,N,N,N,N,N,N,N,N,N,N,N,N,N,N,N,N,,,N,N,N,N,N,N,N,N,N,N,N,2026-05-19,https://hedgehogportal.interiorhealth.ca/ChildCare/Map,N,Y,N,Bella Vita- Glenmore<br>Licensed Group<br>778-898-4544<br><br>Vacancy:<br>&nbsp;&nbsp;&nbsp;&nbsp;<36 months: N<br>&nbsp;&nbsp;&nbsp;&nbsp;30 months -- 5 years: N<br>&nbsp;&nbsp;&nbsp;&nbsp;Preschool: N<br>&nbsp;&nbsp;&nbsp;&nbsp;Grade 1 - Age 12: N<br>
640,Licensed Group,Naramata Child Development Centre,3660 8Th St,,Naramata,V0H 1N0,49.596997,-119.592835,250-770-7755,,,N,N,N,N,N,N,N,N,N,N,N,N,N,N,N,N,N,,,N,N,N,N,N,N,N,N,N,N,Y,2026-05-05,https://hedgehogportal.interiorhealth.ca/ChildCare/Map,N,Y,N,Naramata Child Development Centre<br>Licensed Group<br>250-770-7755<br><br>Vacancy:<br>&nbsp;&nbsp;&nbsp;&nbsp;<36 months: N<br>&nbsp;&nbsp;&nbsp;&nbsp;30 months -- 5 years: N<br>&nbsp;&nbsp;&nbsp;&nbsp;Preschool: N<br>&nbsp;&nbsp;&nbsp;&nbsp;Grade 1 - Age 12: Y<br>
641,Licensed Group,Duchess Early Learning Centre,810 Winnipeg St,,Prince George,V2L 5T7,53.915011,-122.757765,250-596-1319,,,N,N,N,N,N,N,N,N,N,N,N,N,N,N,N,N,N,,,N,N,N,N,N,N,N,N,N,N,N,2026-04-24,https://www.healthspace.ca/Clients/NHA/NHA_Website.nsf/CCFL-Frameset,N,Y,N,Duchess Early Learning Centre<br>Licensed Group<br>250-596-1319<br><br>Vacancy:<br>&nbsp;&nbsp;&nbsp;&nbsp;<36 months: N<br>&nbsp;&nbsp;&nbsp;&nbsp;30 months -- 5 years: N<br>&nbsp;&nbsp;&nbsp;&nbsp;Preschool: N<br>&nbsp;&nbsp;&nbsp;&nbsp;Grade 1 - Age 12: N<br>
642,Licensed Group,Global Montessori Tsawwassen Childcare,402 English Bluff Rd,,Delta,V4M 2N2,49.010784,-123.088024,604-562-5588,,,N,N,N,N,N,N,N,N,N,N,N,N,N,N,N,N,N,,,N,N,N,N,N,N,N,N,N,N,N,2026-05-01,http://www.healthspace.ca/fha/childcare,N,Y,N,Global Montessori Tsawwassen Childcare<br>Licensed Group<br>604-562-5588<br><br>Vacancy:<br>&nbsp;&nbsp;&nbsp;&nbsp;<36 months: N<br>&nbsp;&nbsp;&nbsp;&nbsp;30 months -- 5 years: N<br>&nbsp;&nbsp;&nbsp;&nbsp;Preschool: N<br>&nbsp;&nbsp;&nbsp;&nbsp;Grade 1 - Age 12: N<br>
643,Licensed Group,The Rock Daycare,3883 Kirkaldy St,,Thornhill,V8G 0K2,54.529171,-128.520601,250-615-1576,,,Y,N,N,N,N,N,Y,Y,N,Y,Y,N,N,N,N,N,N,Not offered,Not offered,N,N,N,N,N,Y,N,N,Y,N,Y,2026-05-08,https://www.healthspace.ca/Clients/NHA/NHA_Website.nsf/CCFL-Frameset,N,N,N,The Rock Daycare<br>Licensed Group<br>250-615-1576<br><br>Vacancy:<br>&nbsp;&nbsp;&nbsp;&nbsp;<36 months: N<br>&nbsp;&nbsp;&nbsp;&nbsp;30 months -- 5 years: Y<br>&nbsp;&nbsp;&nbsp;&nbsp;Preschool: N<br>&nbsp;&nbsp;&nbsp;&nbsp;Grade 1 - Age 12: Y<br>
644,Licensed Group,Polka Dot Fine Art & Education,203-800 mcbride Blvd,,New Westminster,V3L 2B8,49.222763,-122.914212,604-343-6644,,,N,N,N,N,N,N,N,N,N,N,N,N,N,N,N,N,N,,,N,N,N,N,N,N,N,N,N,N,N,2026-05-11,http://www.healthspace.ca/fha/childcare,N,Y,N,Polka Dot Fine Art & Education<br>Licensed Group<br>604-343-6644<br><br>Vacancy:<br>&nbsp;&nbsp;&nbsp;&nbsp;<36 months: N<br>&nbsp;&nbsp;&nbsp;&nbsp;30 months -- 5 years: N<br>&nbsp;&nbsp;&nbsp;&nbsp;Preschool: N<br>&nbsp;&nbsp;&nbsp;&nbsp;Grade 1 - Age 12: N<br>
645,Licensed Family,Little Steps Educare Daycare,2986 Dewdney Trunk Rd,,Coquitlam,V3C 2J4,49.267903,-122.795371,604-945-8018,,,N,N,N,N,N,N,N,N,N,N,N,N,N,N,N,N,N,,,N,N,N,N,N,N,N,N,N,N,N,2026-05-11,http://www.healthspace.ca/fha/childcare,N,Y,N,Little Steps Educare Daycare<br>Licensed Family<br>604-945-8018<br><br>Vacancy:<br>&nbsp;&nbsp;&nbsp;&nbsp;<36 months: N<br>&nbsp;&nbsp;&nbsp;&nbsp;30 months -- 5 years: N<br>&nbsp;&nbsp;&nbsp;&nbsp;Preschool: N<br>&nbsp;&nbsp;&nbsp;&nbsp;Grade 1 - Age 12: N<br>
646,Licensed Group,Story Book Preschool,1687 Strathcona Ave,,Prince George,V2L 4E7,53.9021,-122.75897,250-961-6183,,,N,N,N,N,N,N,N,N,N,N,N,N,N,N,N,N,N,,,N,N,N,N,N,N,N,N,N,N,N,2026-05-21,https://www.healthspace.ca/Clients/NHA/NHA_Website.nsf/CCFL-Frameset,N,Y,N,Story Book Preschool<br>Licensed Group<br>250-961-6183<br><br>Vacancy:<br>&nbsp;&nbsp;&nbsp;&nbsp;<36 months: N<br>&nbsp;&nbsp;&nbsp;&nbsp;30 months -- 5 years: N<br>&nbsp;&nbsp;&nbsp;&nbsp;Preschool: N<br>&nbsp;&nbsp;&nbsp;&nbsp;Grade 1 - Age 12: N<br>
647,Licensed Group,Top Drawer Daycares Inc.,1044 St. Georges Ave,,North Vancouver,V7L 3H6,49.317129,-123.068926,604-828-2126,,,N,N,N,N,N,N,N,N,N,N,N,N,N,N,N,N,N,,,N,N,N,N,N,N,N,N,N,N,N,2026-04-14,https://inspections.vcha.ca/ChildCare/Table,N,Y,N,Top Drawer Daycares Inc.<br>Licensed Group<br>604-828-2126<br><br>Vacancy:<br>&nbsp;&nbsp;&nbsp;&nbsp;<36 months: N<br>&nbsp;&nbsp;&nbsp;&nbsp;30 months -- 5 years: N<br>&nbsp;&nbsp;&nbsp;&nbsp;Preschool: N<br>&nbsp;&nbsp;&nbsp;&nbsp;Grade 1 - Age 12: N<br>
648,Licensed Family,Basket Of Joy,12510 223 St,,Maple Ridge,V2X 5Z1,49.229866,-122.604109,604-467-2053,,,N,N,N,N,N,N,N,N,N,N,N,N,N,N,N,N,N,,,N,N,N,N,N,N,N,Y,Y,N,N,2026-03-28,http://www.healthspace.ca/fha/childcare,N,Y,N,Basket Of Joy<br>Licensed Family<br>604-467-2053<br><br>Vacancy:<br>&nbsp;&nbsp;&nbsp;&nbsp;<36 months: Y<br>&nbsp;&nbsp;&nbsp;&nbsp;30 months -- 5 years: Y<br>&nbsp;&nbsp;&nbsp;&nbsp;Preschool: N<br>&nbsp;&nbsp;&nbsp;&nbsp;Grade 1 - Age 12: N<br>
649,Licensed Group,Academics Prekindergarten Royal City,300-628 Sixth Ave,,New Westminster,V3M 6Z1,49.212385,-122.921146,778-398-4769,,,N,N,N,N,N,N,N,N,N,N,N,N,N,N,N,N,N,,,N,N,N,N,N,N,N,N,N,N,N,2026-05-13,http://www.healthspace.ca/fha/childcare,N,Y,N,Academics Prekindergarten Royal City<br>Licensed Group<br>778-398-4769<br><br>Vacancy:<br>&nbsp;&nbsp;&nbsp;&nbsp;<36 months: N<br>&nbsp;&nbsp;&nbsp;&nbsp;30 months -- 5 years: N<br>&nbsp;&nbsp;&nbsp;&nbsp;Preschool: N<br>&nbsp;&nbsp;&nbsp;&nbsp;Grade 1 - Age 12: N<br>
650,Licensed Group,Happy Bird Daycare,7545 18Th Ave,,Burnaby,V3N 1J1,49.22132,-122.942928,778-903-4237,,,N,N,N,N,N,N,N,N,N,N,N,N,N,N,N,N,N,,,N,N,N,N,N,N,N,N,N,N,N,2026-05-19,http://www.healthspace.ca/fha/childcare,N,Y,N,Happy Bird Daycare<br>Licensed Group<br>778-903-4237<br><br>Vacancy:<br>&nbsp;&nbsp;&nbsp;&nbsp;<36 months: N<br>&nbsp;&nbsp;&nbsp;&nbsp;30 months -- 5 years: N<br>&nbsp;&nbsp;&nbsp;&nbsp;Preschool: N<br>&nbsp;&nbsp;&nbsp;&nbsp;Grade 1 - Age 12: N<br>
651,Licensed Group,Nurturing Hearts Montessori Daycare - Newlands,21025 48 Ave,,Langley,V3A 3M3,49.091895,-122.639597,604-533-1805,,,N,N,N,N,N,N,N,N,N,N,N,N,N,N,N,N,N,,,N,N,N,N,N,N,N,Y,Y,N,Y,2026-05-19,http://www.healthspace.ca/fha/childcare,N,Y,N,Nurturing Hearts Montessori Daycare - Newlands<br>Licensed Group<br>604-533-1805<br><br>Vacancy:<br>&nbsp;&nbsp;&nbsp;&nbsp;<36 months: Y<br>&nbsp;&nbsp;&nbsp;&nbsp;30 months -- 5 years: Y<br>&nbsp;&nbsp;&nbsp;&nbsp;Preschool: N<br>&nbsp;&nbsp;&nbsp;&nbsp;Grade 1 - Age 12: Y<br>
652,Licensed Family,Bright Beginnings Childcare,23850 117B Ave,,Maple Ridge,V4R 2V6,49.215761,-122.561388,604-313-9417,,,N,N,N,N,N,N,N,N,N,N,N,N,N,N,N,N,N,,,N,N,N,N,N,N,N,N,N,N,N,2026-05-19,http://www.healthspace.ca/fha/childcare,N,Y,N,Bright Beginnings Childcare<br>Licensed Family<br>604-313-9417<br><br>Vacancy:<br>&nbsp;&nbsp;&nbsp;&nbsp;<36 months: N<br>&nbsp;&nbsp;&nbsp;&nbsp;30 months -- 5 years: N<br>&nbsp;&nbsp;&nbsp;&nbsp;Preschool: N<br>&nbsp;&nbsp;&nbsp;&nbsp;Grade 1 - Age 12: N<br>
653,Licensed Family,Sehaj Childcare Centre,31475 Ridgeview Dr,,Abbotsford,V2T 5P2,49.065478,-122.352547,778-245-8277,,,N,N,N,N,N,N,N,N,N,N,N,N,N,N,N,N,N,,,N,N,N,N,N,N,N,N,N,N,N,2026-04-21,http://www.healthspace.ca/fha/childcare,N,Y,N,Sehaj Childcare Centre<br>Licensed Family<br>778-245-8277<br><br>Vacancy:<br>&nbsp;&nbsp;&nbsp;&nbsp;<36 months: N<br>&nbsp;&nbsp;&nbsp;&nbsp;30 months -- 5 years: N<br>&nbsp;&nbsp;&nbsp;&nbsp;Preschool: N<br>&nbsp;&nbsp;&nbsp;&nbsp;Grade 1 - Age 12: N<br>
654,Licensed Family,Natural Beginnings Child Care Centre,995 Heritage Cres,,Prince George,V2M 6X2,53.936329,-122.807039,250-564-4751,,,N,N,N,N,N,N,N,N,N,N,N,N,N,N,N,N,N,Not offered,Not offered,N,N,N,N,N,N,N,N,N,N,N,2026-04-27,https://www.healthspace.ca/Clients/NHA/NHA_Website.nsf/CCFL-Frameset,N,Y,N,Natural Beginnings Child Care Centre<br>Licensed Family<br>250-564-4751<br><br>Vacancy:<br>&nbsp;&nbsp;&nbsp;&nbsp;<36 months: N<br>&nbsp;&nbsp;&nbsp;&nbsp;30 months -- 5 years: N<br>&nbsp;&nbsp;&nbsp;&nbsp;Preschool: N<br>&nbsp;&nbsp;&nbsp;&nbsp;Grade 1 - Age 12: N<br>
655,Licensed Family,Bumble Bees & Butterflies Childcare,4008 Best St,,Terrace,V8G 5R8,54.532061,-128.603486,250-631-6042,,,N,N,N,N,N,N,N,N,N,N,N,N,N,N,N,N,N,,,N,N,N,N,N,N,N,N,N,N,N,2026-05-16,https://www.healthspace.ca/Clients/NHA/NHA_Website.nsf/CCFL-Frameset,N,Y,N,Bumble Bees & Butterflies Childcare<br>Licensed Family<br>250-631-6042<br><br>Vacancy:<br>&nbsp;&nbsp;&nbsp;&nbsp;<36 months: N<br>&nbsp;&nbsp;&nbsp;&nbsp;30 months -- 5 years: N<br>&nbsp;&nbsp;&nbsp;&nbsp;Preschool: N<br>&nbsp;&nbsp;&nbsp;&nbsp;Grade 1 - Age 12: N<br>
656,Licensed Family,Sandy's Daycare,24859 106B Ave,,Maple Ridge,V2W 0E1,49.196488,-122.532789,604-209-0165,,,N,N,N,N,N,N,N,N,N,N,N,N,N,N,N,N,N,,,N,N,N,N,N,N,N,N,N,N,N,2026-05-15,http://www.healthspace.ca/fha/childcare,N,Y,N,Sandy's Daycare<br>Licensed Family<br>604-209-0165<br><br>Vacancy:<br>&nbsp;&nbsp;&nbsp;&nbsp;<36 months: N<br>&nbsp;&nbsp;&nbsp;&nbsp;30 months -- 5 years: N<br>&nbsp;&nbsp;&nbsp;&nbsp;Preschool: N<br>&nbsp;&nbsp;&nbsp;&nbsp;Grade 1 - Age 12: N<br>
657,Licensed Family,Coastline Montessori Childcare,1105 Monica Terr,,Victoria,V9C 3V2,48.414977,-123.517863,250-881-6318,,,N,N,N,N,N,N,N,N,N,N,N,N,N,N,N,N,N,,,N,N,N,N,N,N,N,Y,Y,N,N,2026-04-22,https://www.healthspace.ca/clients/viha/viha_website.nsf/CCFL-Main?OpenView,N,Y,N,Coastline Montessori Childcare<br>Licensed Family<br>250-881-6318<br><br>Vacancy:<br>&nbsp;&nbsp;&nbsp;&nbsp;<36 months: Y<br>&nbsp;&nbsp;&nbsp;&nbsp;30 months -- 5 years: Y<br>&nbsp;&nbsp;&nbsp;&nbsp;Preschool: N<br>&nbsp;&nbsp;&nbsp;&nbsp;Grade 1 - Age 12: N<br>
658,Licensed Family,Bumble Bee Family Child Care,38246 Myrtlewood Cres,,Squamish,V8B 0W4,49.704545,-123.123202,604-710-0788,,,N,N,N,N,N,N,N,N,N,N,N,N,N,N,N,N,N,,,N,N,N,N,N,N,N,N,N,N,N,2026-05-18,https://inspections.vcha.ca/ChildCare/Table,N,Y,N,Bumble Bee Family Child Care<br>Licensed Family<br>604-710-0788<br><br>Vacancy:<br>&nbsp;&nbsp;&nbsp;&nbsp;<36 months: N<br>&nbsp;&nbsp;&nbsp;&nbsp;30 months -- 5 years: N<br>&nbsp;&nbsp;&nbsp;&nbsp;Preschool: N<br>&nbsp;&nbsp;&nbsp;&nbsp;Grade 1 - Age 12: N<br>
659,Licensed Group,Willow Early Care & Learning Centre,650-5688 Hollybridge Way,,Richmond,V7C 4N3,49.173379,-123.147319,604-317-5255,,,N,N,N,N,N,N,N,N,N,N,N,N,N,N,N,N,N,,,N,N,N,N,N,N,N,N,N,N,N,2026-05-20,https://inspections.vcha.ca/ChildCare/Table,N,Y,Y,Willow Early Care & Learning Centre<br>Licensed Group<br>604-317-5255<br><br>Vacancy:<br>&nbsp;&nbsp;&nbsp;&nbsp;<36 months: N<br>&nbsp;&nbsp;&nbsp;&nbsp;30 months -- 5 years: N<br>&nbsp;&nbsp;&nbsp;&nbsp;Preschool: N<br>&nbsp;&nbsp;&nbsp;&nbsp;Grade 1 - Age 12: N<br>
660,Licensed Group,Willow Early Care & Learning Centre,650-5688 Hollybridge Way,,Richmond,V7C 4N3,49.173379,-123.147319,604-317-5255,,,N,N,N,N,N,N,N,N,N,N,N,N,N,N,N,N,N,,,N,N,N,N,N,N,N,N,N,N,N,2026-05-20,https://inspections.vcha.ca/ChildCare/Table,N,Y,Y,Willow Early Care & Learning Centre<br>Licensed Group<br>604-317-5255<br><br>Vacancy:<br>&nbsp;&nbsp;&nbsp;&nbsp;<36 months: N<br>&nbsp;&nbsp;&nbsp;&nbsp;30 months -- 5 years: N<br>&nbsp;&nbsp;&nbsp;&nbsp;Preschool: N<br>&nbsp;&nbsp;&nbsp;&nbsp;Grade 1 - Age 12: N<br>
661,Licensed Group,Fort Nelson Playschool,5319 50 Ave S,,Fort Nelson,V0C 1R0,58.803881,-122.706956,250-774-3351,,,N,N,N,N,N,N,N,N,N,N,N,N,N,N,N,N,N,,,N,N,N,N,N,N,N,N,Y,Y,N,2026-05-06,https://www.healthspace.ca/Clients/NHA/NHA_Website.nsf/CCFL-Frameset,N,Y,N,Fort Nelson Playschool<br>Licensed Group<br>250-774-3351<br><br>Vacancy:<br>&nbsp;&nbsp;&nbsp;&nbsp;<36 months: N<br>&nbsp;&nbsp;&nbsp;&nbsp;30 months -- 5 years: Y<br>&nbsp;&nbsp;&nbsp;&nbsp;Preschool: Y<br>&nbsp;&nbsp;&nbsp;&nbsp;Grade 1 - Age 12: N<br>
662,Licensed Family,Gnome Village,931 Cheryl-Ann Park Rd,,Roberts Creek,V0N 2W4,49.416433,-123.615021,604-865-0027,,,N,N,N,N,N,N,N,N,N,N,N,N,N,N,N,N,N,,,N,N,N,N,N,N,N,N,N,N,N,2026-05-17,https://inspections.vcha.ca/ChildCare/Table,N,Y,N,Gnome Village<br>Licensed Family<br>604-865-0027<br><br>Vacancy:<br>&nbsp;&nbsp;&nbsp;&nbsp;<36 months: N<br>&nbsp;&nbsp;&nbsp;&nbsp;30 months -- 5 years: N<br>&nbsp;&nbsp;&nbsp;&nbsp;Preschool: N<br>&nbsp;&nbsp;&nbsp;&nbsp;Grade 1 - Age 12: N<br>
663,Licensed Group,Little Pilots Inclusive Program,3688 Cessna Dr,,Richmond,V7B 1C7,49.189726,-123.142778,604-207-1980,,,N,N,N,N,N,N,N,N,N,N,N,N,N,N,N,N,N,,,N,N,N,N,N,N,N,Y,Y,N,N,2026-05-01,https://inspections.vcha.ca/ChildCare/Table,N,Y,N,Little Pilots Inclusive Program<br>Licensed Group<br>604-207-1980<br><br>Vacancy:<br>&nbsp;&nbsp;&nbsp;&nbsp;<36 months: Y<br>&nbsp;&nbsp;&nbsp;&nbsp;30 months -- 5 years: Y<br>&nbsp;&nbsp;&nbsp;&nbsp;Preschool: N<br>&nbsp;&nbsp;&nbsp;&nbsp;Grade 1 - Age 12: N<br>
664,Licensed Group,Hyland Creek Childcare,14368 66 Ave,,Surrey,V3W 2B3,49.122568,-122.824375,604-970-5188,,,N,N,N,N,N,N,N,N,N,N,N,N,N,N,N,N,N,,,N,N,N,N,N,N,N,N,Y,N,N,2026-05-06,http://www.healthspace.ca/fha/childcare,N,Y,N,Hyland Creek Childcare<br>Licensed Group<br>604-970-5188<br><br>Vacancy:<br>&nbsp;&nbsp;&nbsp;&nbsp;<36 months: N<br>&nbsp;&nbsp;&nbsp;&nbsp;30 months -- 5 years: Y<br>&nbsp;&nbsp;&nbsp;&nbsp;Preschool: N<br>&nbsp;&nbsp;&nbsp;&nbsp;Grade 1 - Age 12: N<br>
665,Licensed Family,Smiles For Miles Childcare,285 Cedar Ave,,100 Mile House,V0K 2E0,51.643852,-121.29373,778-482-5439,,,N,N,N,N,N,N,N,N,N,N,N,N,N,N,N,N,N,,,N,N,N,N,N,N,N,Y,Y,N,Y,2026-05-06,https://hedgehogportal.interiorhealth.ca/ChildCare/Map,N,Y,N,Smiles For Miles Childcare<br>Licensed Family<br>778-482-5439<br><br>Vacancy:<br>&nbsp;&nbsp;&nbsp;&nbsp;<36 months: Y<br>&nbsp;&nbsp;&nbsp;&nbsp;30 months -- 5 years: Y<br>&nbsp;&nbsp;&nbsp;&nbsp;Preschool: N<br>&nbsp;&nbsp;&nbsp;&nbsp;Grade 1 - Age 12: Y<br>
666,Licensed Family,Eddi's House,2616 Peatt Rd,,Victoria,V9B 3T8,48.455362,-123.497491,250-888-9135,,,N,N,N,N,N,N,N,N,N,N,N,N,N,N,N,N,N,,,N,N,N,N,N,N,N,N,N,N,N,2026-05-15,https://www.healthspace.ca/clients/viha/viha_website.nsf/CCFL-Main?OpenView,N,Y,N,Eddi's House<br>Licensed Family<br>250-888-9135<br><br>Vacancy:<br>&nbsp;&nbsp;&nbsp;&nbsp;<36 months: N<br>&nbsp;&nbsp;&nbsp;&nbsp;30 months -- 5 years: N<br>&nbsp;&nbsp;&nbsp;&nbsp;Preschool: N<br>&nbsp;&nbsp;&nbsp;&nbsp;Grade 1 - Age 12: N<br>
667,Licensed Group,The Beanstalk Daycare,44699 Riverwood Cres,,Chilliwack,V2R 5S9,49.102501,-121.988512,604-845-1050,,,N,N,N,N,N,N,N,N,N,N,N,N,N,N,N,N,N,,,N,N,N,N,N,N,N,N,N,N,N,2026-05-15,http://www.healthspace.ca/fha/childcare,N,Y,N,The Beanstalk Daycare<br>Licensed Group<br>604-845-1050<br><br>Vacancy:<br>&nbsp;&nbsp;&nbsp;&nbsp;<36 months: N<br>&nbsp;&nbsp;&nbsp;&nbsp;30 months -- 5 years: N<br>&nbsp;&nbsp;&nbsp;&nbsp;Preschool: N<br>&nbsp;&nbsp;&nbsp;&nbsp;Grade 1 - Age 12: N<br>
668,Licensed Family,"""Laugh And Learn"" Daycare",101-503 16Th Ave W,,Vancouver,V5Z 4N3,49.257854,-123.115816,604-439-8454,,,N,N,N,N,N,N,N,N,N,N,N,N,N,N,N,N,N,,,N,N,N,N,N,N,N,N,N,N,N,2026-05-16,https://inspections.vcha.ca/ChildCare/Table,N,Y,N,"""Laugh And Learn"" Daycare<br>Licensed Family<br>604-439-8454<br><br>Vacancy:<br>&nbsp;&nbsp;&nbsp;&nbsp;<36 months: N<br>&nbsp;&nbsp;&nbsp;&nbsp;30 months -- 5 years: N<br>&nbsp;&nbsp;&nbsp;&nbsp;Preschool: N<br>&nbsp;&nbsp;&nbsp;&nbsp;Grade 1 - Age 12: N<br>"
669,Licensed Group,New Leaf Learning And Childcare Centre Inc.,33442 South Fraser Way,,Abbotsford,V2S 2B5,49.049296,-122.297759,604-613-1919,,,N,N,N,N,N,N,N,N,N,N,N,N,N,N,N,N,N,,,N,N,N,N,N,N,N,N,N,N,N,2026-05-15,http://www.healthspace.ca/fha/childcare,N,Y,N,New Leaf Learning And Childcare Centre Inc.<br>Licensed Group<br>604-613-1919<br><br>Vacancy:<br>&nbsp;&nbsp;&nbsp;&nbsp;<36 months: N<br>&nbsp;&nbsp;&nbsp;&nbsp;30 months -- 5 years: N<br>&nbsp;&nbsp;&nbsp;&nbsp;Preschool: N<br>&nbsp;&nbsp;&nbsp;&nbsp;Grade 1 - Age 12: N<br>
670,Licensed Family,Little Star,21180 Stonehouse Ave,,Maple Ridge,V2X 8X9,49.225229,-122.633804,604-781-6741,,,N,N,N,N,N,N,N,N,N,N,N,N,N,N,N,N,N,,,N,N,N,N,N,N,N,Y,N,N,N,2026-05-15,http://www.healthspace.ca/fha/childcare,N,Y,N,Little Star<br>Licensed Family<br>604-781-6741<br><br>Vacancy:<br>&nbsp;&nbsp;&nbsp;&nbsp;<36 months: Y<br>&nbsp;&nbsp;&nbsp;&nbsp;30 months -- 5 years: N<br>&nbsp;&nbsp;&nbsp;&nbsp;Preschool: N<br>&nbsp;&nbsp;&nbsp;&nbsp;Grade 1 - Age 12: N<br>
671,Licensed Group,Royal Academy,425 Sixth St,,New Westminster,V3L 3B1,49.211445,-122.917585,778-388-1700,,,N,N,N,N,N,N,N,N,N,N,N,N,N,N,N,N,N,,,N,N,N,N,N,N,N,N,N,N,N,2026-05-21,http://www.healthspace.ca/fha/childcare,N,Y,N,Royal Academy<br>Licensed Group<br>778-388-1700<br><br>Vacancy:<br>&nbsp;&nbsp;&nbsp;&nbsp;<36 months: N<br>&nbsp;&nbsp;&nbsp;&nbsp;30 months -- 5 years: N<br>&nbsp;&nbsp;&nbsp;&nbsp;Preschool: N<br>&nbsp;&nbsp;&nbsp;&nbsp;Grade 1 - Age 12: N<br>
672,Licensed Group,Octopus Academy Surrey,13639 104 Ave,,Surrey,V3T 1W3,49.191784,-122.844357,604-496-2818,,,N,N,N,N,N,N,N,N,N,N,N,N,N,N,N,N,N,,,N,N,N,N,N,N,N,N,N,N,N,2026-05-19,http://www.healthspace.ca/fha/childcare,N,Y,N,Octopus Academy Surrey<br>Licensed Group<br>604-496-2818<br><br>Vacancy:<br>&nbsp;&nbsp;&nbsp;&nbsp;<36 months: N<br>&nbsp;&nbsp;&nbsp;&nbsp;30 months -- 5 years: N<br>&nbsp;&nbsp;&nbsp;&nbsp;Preschool: N<br>&nbsp;&nbsp;&nbsp;&nbsp;Grade 1 - Age 12: N<br>
673,Licensed Group,Poco Village Early Learning Centre Ltd,2879 Shaughnessy St,,Port Coquitlam,V3C 3H1,49.266698,-122.777385,604-551-9210,,,N,N,N,N,N,N,N,N,N,N,N,N,N,N,N,N,N,,,N,N,N,N,N,N,N,N,Y,N,N,2026-05-15,http://www.healthspace.ca/fha/childcare,N,Y,N,Poco Village Early Learning Centre Ltd<br>Licensed Group<br>604-551-9210<br><br>Vacancy:<br>&nbsp;&nbsp;&nbsp;&nbsp;<36 months: N<br>&nbsp;&nbsp;&nbsp;&nbsp;30 months -- 5 years: Y<br>&nbsp;&nbsp;&nbsp;&nbsp;Preschool: N<br>&nbsp;&nbsp;&nbsp;&nbsp;Grade 1 - Age 12: N<br>
674,Licensed Group,ymca Springwood School Age Care,4600 Zral Rd,,Prince George,V2K 5X9,54.015331,-122.805408,250-961-7046,,,N,N,N,N,N,N,N,N,N,N,N,N,N,N,N,N,N,,,N,N,N,N,N,N,N,N,N,N,N,2026-05-14,https://www.healthspace.ca/Clients/NHA/NHA_Website.nsf/CCFL-Frameset,N,Y,N,ymca Springwood School Age Care<br>Licensed Group<br>250-961-7046<br><br>Vacancy:<br>&nbsp;&nbsp;&nbsp;&nbsp;<36 months: N<br>&nbsp;&nbsp;&nbsp;&nbsp;30 months -- 5 years: N<br>&nbsp;&nbsp;&nbsp;&nbsp;Preschool: N<br>&nbsp;&nbsp;&nbsp;&nbsp;Grade 1 - Age 12: N<br>
675,Licensed Family,Cribs And Crayons,509 24Th St W,,North Vancouver,V7M 2E2,49.331075,-123.085021,604-770-2274,CRIBSANDCRAYONS.CA,,N,N,N,N,N,N,N,N,N,N,N,N,N,N,N,N,N,,,N,N,N,N,N,N,N,N,Y,N,N,2026-05-21,https://inspections.vcha.ca/ChildCare/Table,N,Y,N,Cribs And Crayons<br>Licensed Family<br>604-770-2274<br><br>Vacancy:<br>&nbsp;&nbsp;&nbsp;&nbsp;<36 months: N<br>&nbsp;&nbsp;&nbsp;&nbsp;30 months -- 5 years: Y<br>&nbsp;&nbsp;&nbsp;&nbsp;Preschool: N<br>&nbsp;&nbsp;&nbsp;&nbsp;Grade 1 - Age 12: N<br>
676,Licensed Family,Little Hat Daycare,6669 Colborne Ave,,Burnaby,V5E 2N7,49.22337,-122.971181,778-882-0748,,,N,N,N,N,N,N,N,N,N,N,N,N,N,N,N,N,N,,,N,N,N,N,N,N,N,N,Y,N,N,2026-05-03,http://www.healthspace.ca/fha/childcare,N,Y,N,Little Hat Daycare<br>Licensed Family<br>778-882-0748<br><br>Vacancy:<br>&nbsp;&nbsp;&nbsp;&nbsp;<36 months: N<br>&nbsp;&nbsp;&nbsp;&nbsp;30 months -- 5 years: Y<br>&nbsp;&nbsp;&nbsp;&nbsp;Preschool: N<br>&nbsp;&nbsp;&nbsp;&nbsp;Grade 1 - Age 12: N<br>
677,Licensed Group,Little Mountain Child Care Center,9601 Hamilton St,,Chilliwack,V2P 3X4,49.177332,-121.968424,604-997-8446,,,N,N,N,N,N,N,N,N,N,N,N,N,N,N,N,N,N,,,N,N,N,N,N,N,N,N,N,N,Y,2026-05-01,http://www.healthspace.ca/fha/childcare,N,Y,N,Little Mountain Child Care Center<br>Licensed Group<br>604-997-8446<br><br>Vacancy:<br>&nbsp;&nbsp;&nbsp;&nbsp;<36 months: N<br>&nbsp;&nbsp;&nbsp;&nbsp;30 months -- 5 years: N<br>&nbsp;&nbsp;&nbsp;&nbsp;Preschool: N<br>&nbsp;&nbsp;&nbsp;&nbsp;Grade 1 - Age 12: Y<br>
678,Licensed Group,Bee Haven - The Academy,2420 Dollarton Hwy,,North Vancouver,V7H 2Y1,49.308723,-123.005787,604-216-7616,,,N,N,N,N,N,N,N,N,N,N,N,N,N,N,N,N,N,,,N,N,N,N,N,N,N,N,N,N,N,2026-05-14,https://inspections.vcha.ca/ChildCare/Table,N,Y,Y,Bee Haven - The Academy<br>Licensed Group<br>604-216-7616<br><br>Vacancy:<br>&nbsp;&nbsp;&nbsp;&nbsp;<36 months: N<br>&nbsp;&nbsp;&nbsp;&nbsp;30 months -- 5 years: N<br>&nbsp;&nbsp;&nbsp;&nbsp;Preschool: N<br>&nbsp;&nbsp;&nbsp;&nbsp;Grade 1 - Age 12: N<br>
679,Licensed Group,Bee Haven - The Academy,2420 Dollarton Hwy,,North Vancouver,V7H 2Y1,49.308723,-123.005787,604-216-7616,,,N,N,N,N,N,N,N,N,N,N,N,N,N,N,N,N,N,,,N,N,N,N,N,N,N,N,N,N,N,2026-05-14,https://inspections.vcha.ca/ChildCare/Table,N,Y,Y,Bee Haven - The Academy<br>Licensed Group<br>604-216-7616<br><br>Vacancy:<br>&nbsp;&nbsp;&nbsp;&nbsp;<36 months: N<br>&nbsp;&nbsp;&nbsp;&nbsp;30 months -- 5 years: N<br>&nbsp;&nbsp;&nbsp;&nbsp;Preschool: N<br>&nbsp;&nbsp;&nbsp;&nbsp;Grade 1 - Age 12: N<br>
680,Licensed Group,Junior Scholars - Panorama,103-14225 57 Ave,,Surrey,V3X 0H6,49.106479,-122.828339,604-767-0858,,,N,N,N,N,N,N,N,N,N,N,N,N,N,N,N,N,N,,,N,N,N,N,N,N,N,N,Y,N,N,2026-05-13,http://www.healthspace.ca/fha/childcare,N,Y,N,Junior Scholars - Panorama<br>Licensed Group<br>604-767-0858<br><br>Vacancy:<br>&nbsp;&nbsp;&nbsp;&nbsp;<36 months: N<br>&nbsp;&nbsp;&nbsp;&nbsp;30 months -- 5 years: Y<br>&nbsp;&nbsp;&nbsp;&nbsp;Preschool: N<br>&nbsp;&nbsp;&nbsp;&nbsp;Grade 1 - Age 12: N<br>
681,Licensed Group,Island Life Early Learning Centre Ltd,291 mclean St,,Campbell River,V9W 2M4,50.01275,-125.237903,250-204-1669,,,N,N,N,N,N,N,N,N,N,N,N,N,N,N,N,N,N,,,N,N,N,N,N,N,N,N,N,N,N,2026-05-20,https://www.healthspace.ca/clients/viha/viha_website.nsf/CCFL-Main?OpenView,N,Y,N,Island Life Early Learning Centre Ltd<br>Licensed Group<br>250-204-1669<br><br>Vacancy:<br>&nbsp;&nbsp;&nbsp;&nbsp;<36 months: N<br>&nbsp;&nbsp;&nbsp;&nbsp;30 months -- 5 years: N<br>&nbsp;&nbsp;&nbsp;&nbsp;Preschool: N<br>&nbsp;&nbsp;&nbsp;&nbsp;Grade 1 - Age 12: N<br>
682,Licensed Family,Little Miracles Montessori,40039 Plateau Dr,,Squamish,V8B 0W3,49.704439,-123.129703,778-882-4591,,,N,N,N,N,N,N,N,N,N,N,N,N,N,N,N,N,N,,,N,N,N,N,N,N,N,N,N,N,N,2026-05-19,https://inspections.vcha.ca/ChildCare/Table,N,Y,N,Little Miracles Montessori<br>Licensed Family<br>778-882-4591<br><br>Vacancy:<br>&nbsp;&nbsp;&nbsp;&nbsp;<36 months: N<br>&nbsp;&nbsp;&nbsp;&nbsp;30 months -- 5 years: N<br>&nbsp;&nbsp;&nbsp;&nbsp;Preschool: N<br>&nbsp;&nbsp;&nbsp;&nbsp;Grade 1 - Age 12: N<br>
683,Licensed Family,Minnie Mouse And Friends,539 Hoffman Ave,,Victoria,V9B 5W4,48.450012,-123.488707,778-433-5989,,,N,N,N,N,N,N,N,N,N,N,N,N,N,N,N,N,N,,,N,N,N,N,N,N,N,N,N,N,N,2026-05-18,https://www.healthspace.ca/clients/viha/viha_website.nsf/CCFL-Main?OpenView,N,Y,N,Minnie Mouse And Friends<br>Licensed Family<br>778-433-5989<br><br>Vacancy:<br>&nbsp;&nbsp;&nbsp;&nbsp;<36 months: N<br>&nbsp;&nbsp;&nbsp;&nbsp;30 months -- 5 years: N<br>&nbsp;&nbsp;&nbsp;&nbsp;Preschool: N<br>&nbsp;&nbsp;&nbsp;&nbsp;Grade 1 - Age 12: N<br>
684,Licensed Family,Abc's & 123 Daycare,8036 Princeton Cres,,Prince George,V2N 3W5,53.850574,-122.766492,250-613-7101,,,N,N,N,N,N,N,N,N,N,N,N,N,N,N,N,N,N,,,N,N,N,N,N,N,N,N,N,N,N,2026-05-20,https://www.healthspace.ca/Clients/NHA/NHA_Website.nsf/CCFL-Frameset,N,Y,N,Abc's & 123 Daycare<br>Licensed Family<br>250-613-7101<br><br>Vacancy:<br>&nbsp;&nbsp;&nbsp;&nbsp;<36 months: N<br>&nbsp;&nbsp;&nbsp;&nbsp;30 months -- 5 years: N<br>&nbsp;&nbsp;&nbsp;&nbsp;Preschool: N<br>&nbsp;&nbsp;&nbsp;&nbsp;Grade 1 - Age 12: N<br>
685,Licensed Group,Octopus Academy,12880 Clarke Pl,,Richmond,V6V 2H1,49.185125,-123.080749,604-285-2818,,,N,N,N,N,N,N,N,N,N,N,N,N,N,N,N,N,N,,,N,N,N,N,N,N,N,Y,N,N,N,2026-05-19,https://inspections.vcha.ca/ChildCare/Table,N,Y,Y,Octopus Academy<br>Licensed Group<br>604-285-2818<br><br>Vacancy:<br>&nbsp;&nbsp;&nbsp;&nbsp;<36 months: Y<br>&nbsp;&nbsp;&nbsp;&nbsp;30 months -- 5 years: N<br>&nbsp;&nbsp;&nbsp;&nbsp;Preschool: N<br>&nbsp;&nbsp;&nbsp;&nbsp;Grade 1 - Age 12: N<br>
686,Licensed Group,Octopus Academy,12880 Clarke Pl,,Richmond,V6V 2H1,49.185125,-123.080749,604-285-2818,,,N,N,N,N,N,N,N,N,N,N,N,N,N,N,N,N,N,,,N,N,N,N,N,N,N,N,Y,Y,N,2026-05-19,https://inspections.vcha.ca/ChildCare/Table,N,Y,Y,Octopus Academy<br>Licensed Group<br>604-285-2818<br><br>Vacancy:<br>&nbsp;&nbsp;&nbsp;&nbsp;<36 months: N<br>&nbsp;&nbsp;&nbsp;&nbsp;30 months -- 5 years: Y<br>&nbsp;&nbsp;&nbsp;&nbsp;Preschool: Y<br>&nbsp;&nbsp;&nbsp;&nbsp;Grade 1 - Age 12: N<br>
687,Licensed Family,Junior Achievers Academy,24195 101A Ave,,Maple Ridge,V2W 0E6,49.186931,-122.551462,604-724-0513,www.juniorachieversacademy.com,,Y,N,N,N,N,N,Y,Y,N,Y,N,N,N,N,N,N,N,Extra fee,Extra fee,N,N,N,N,N,N,N,N,N,N,N,2026-05-15,http://www.healthspace.ca/fha/childcare,N,Y,N,Junior Achievers Academy<br>Licensed Family<br>604-724-0513<br><br>Vacancy:<br>&nbsp;&nbsp;&nbsp;&nbsp;<36 months: N<br>&nbsp;&nbsp;&nbsp;&nbsp;30 months -- 5 years: N<br>&nbsp;&nbsp;&nbsp;&nbsp;Preschool: N<br>&nbsp;&nbsp;&nbsp;&nbsp;Grade 1 - Age 12: N<br>
688,Licensed Group,Caterpillar Fun House #2,11601 82 Ave,,Delta,V4C 2C3,49.152604,-122.900665,604-710-8451,,,N,N,N,N,N,N,N,N,N,N,N,N,N,N,N,N,N,,,N,N,N,N,N,N,N,N,N,N,N,2026-05-15,http://www.healthspace.ca/fha/childcare,N,Y,N,Caterpillar Fun House #2<br>Licensed Group<br>604-710-8451<br><br>Vacancy:<br>&nbsp;&nbsp;&nbsp;&nbsp;<36 months: N<br>&nbsp;&nbsp;&nbsp;&nbsp;30 months -- 5 years: N<br>&nbsp;&nbsp;&nbsp;&nbsp;Preschool: N<br>&nbsp;&nbsp;&nbsp;&nbsp;Grade 1 - Age 12: N<br>
689,Licensed Group,Lingo Childcare Centre,5660 Westminster Hwy,,Richmond,V7C 1C4,49.16983,-123.161009,604-727-6758,,,N,N,N,N,N,N,N,N,N,N,N,N,N,N,N,N,N,,,N,N,N,N,N,N,N,N,N,N,N,2026-05-01,https://inspections.vcha.ca/ChildCare/Table,N,Y,N,Lingo Childcare Centre<br>Licensed Group<br>604-727-6758<br><br>Vacancy:<br>&nbsp;&nbsp;&nbsp;&nbsp;<36 months: N<br>&nbsp;&nbsp;&nbsp;&nbsp;30 months -- 5 years: N<br>&nbsp;&nbsp;&nbsp;&nbsp;Preschool: N<br>&nbsp;&nbsp;&nbsp;&nbsp;Grade 1 - Age 12: N<br>
690,Licensed Group,Baby Smart Infant And Toddler Child Care Centre,1530 Como Lake Ave,,Coquitlam,V3J 3P6,49.263191,-122.850161,604-306-6698,,,N,N,N,N,N,N,N,N,N,N,N,N,N,N,N,N,N,,,N,N,N,N,N,N,N,N,N,N,N,2026-05-19,http://www.healthspace.ca/fha/childcare,N,Y,N,Baby Smart Infant And Toddler Child Care Centre<br>Licensed Group<br>604-306-6698<br><br>Vacancy:<br>&nbsp;&nbsp;&nbsp;&nbsp;<36 months: N<br>&nbsp;&nbsp;&nbsp;&nbsp;30 months -- 5 years: N<br>&nbsp;&nbsp;&nbsp;&nbsp;Preschool: N<br>&nbsp;&nbsp;&nbsp;&nbsp;Grade 1 - Age 12: N<br>
691,Licensed Group,Reach Development Preschool South Delta,5050 47 Ave,,Delta,V4K 0C8,49.088287,-123.085023,604-946-6622,,,Y,N,N,N,N,N,N,Y,N,N,N,N,N,N,N,N,N,Not offered,Not offered,Y,N,N,Y,Y,Y,Y,N,N,Y,N,2026-05-01,http://www.healthspace.ca/fha/childcare,N,Y,N,Reach Development Preschool South Delta<br>Licensed Group<br>604-946-6622<br><br>Vacancy:<br>&nbsp;&nbsp;&nbsp;&nbsp;<36 months: N<br>&nbsp;&nbsp;&nbsp;&nbsp;30 months -- 5 years: N<br>&nbsp;&nbsp;&nbsp;&nbsp;Preschool: Y<br>&nbsp;&nbsp;&nbsp;&nbsp;Grade 1 - Age 12: N<br>
692,Licensed Group,The Whole Child Early Learning Centre Ltd,2192 Maple Dr,,Quesnel,V2J 5A1,52.964993,-122.446905,778-466-2420,,,N,N,N,N,N,N,N,N,N,N,N,N,N,N,N,N,N,,,N,N,N,N,N,N,N,Y,Y,N,N,2026-05-18,https://www.healthspace.ca/Clients/NHA/NHA_Website.nsf/CCFL-Frameset,N,Y,N,The Whole Child Early Learning Centre Ltd<br>Licensed Group<br>778-466-2420<br><br>Vacancy:<br>&nbsp;&nbsp;&nbsp;&nbsp;<36 months: Y<br>&nbsp;&nbsp;&nbsp;&nbsp;30 months -- 5 years: Y<br>&nbsp;&nbsp;&nbsp;&nbsp;Preschool: N<br>&nbsp;&nbsp;&nbsp;&nbsp;Grade 1 - Age 12: N<br>
693,Licensed Family,Ready Set Grow Child Care,4611 Princeton Ave,,Richmond,V7E 4N8,49.146264,-123.17367,778-320-3987,,,N,N,N,N,N,N,N,N,N,N,N,N,N,N,N,N,N,,,N,N,N,N,N,N,N,N,N,N,N,2026-05-21,https://inspections.vcha.ca/ChildCare/Table,N,Y,N,Ready Set Grow Child Care<br>Licensed Family<br>778-320-3987<br><br>Vacancy:<br>&nbsp;&nbsp;&nbsp;&nbsp;<36 months: N<br>&nbsp;&nbsp;&nbsp;&nbsp;30 months -- 5 years: N<br>&nbsp;&nbsp;&nbsp;&nbsp;Preschool: N<br>&nbsp;&nbsp;&nbsp;&nbsp;Grade 1 - Age 12: N<br>
694,Licensed Family,Love For Kids Childcare Centre,7966 161 St,,Surrey,V4N 0K3,49.147528,-122.776335,778-564-5683,,,N,N,N,N,N,N,N,N,N,N,N,N,N,N,N,N,N,,,N,N,N,N,N,N,N,N,N,N,N,2026-05-15,http://www.healthspace.ca/fha/childcare,N,Y,N,Love For Kids Childcare Centre<br>Licensed Family<br>778-564-5683<br><br>Vacancy:<br>&nbsp;&nbsp;&nbsp;&nbsp;<36 months: N<br>&nbsp;&nbsp;&nbsp;&nbsp;30 months -- 5 years: N<br>&nbsp;&nbsp;&nbsp;&nbsp;Preschool: N<br>&nbsp;&nbsp;&nbsp;&nbsp;Grade 1 - Age 12: N<br>
695,Licensed Family,Honey Child Care,105-3489 Ascot Pl,,Vancouver,V5R 6B6,49.239573,-123.031971,778-999-1521,,,N,N,N,N,N,N,N,N,N,N,N,N,N,N,N,N,N,,,N,N,N,N,N,N,N,Y,Y,N,N,2026-05-13,https://inspections.vcha.ca/ChildCare/Table,N,Y,N,Honey Child Care<br>Licensed Family<br>778-999-1521<br><br>Vacancy:<br>&nbsp;&nbsp;&nbsp;&nbsp;<36 months: Y<br>&nbsp;&nbsp;&nbsp;&nbsp;30 months -- 5 years: Y<br>&nbsp;&nbsp;&nbsp;&nbsp;Preschool: N<br>&nbsp;&nbsp;&nbsp;&nbsp;Grade 1 - Age 12: N<br>
696,Licensed Group,Kids At Play Daycare,5 Deerwood Pl,,Port Moody,V3H 4N2,49.29338,-122.82684,604-374-7484,,,N,N,N,N,N,N,N,N,N,N,N,N,N,N,N,N,N,,,N,N,N,N,N,N,N,N,N,N,N,2026-04-29,http://www.healthspace.ca/fha/childcare,N,Y,N,Kids At Play Daycare<br>Licensed Group<br>604-374-7484<br><br>Vacancy:<br>&nbsp;&nbsp;&nbsp;&nbsp;<36 months: N<br>&nbsp;&nbsp;&nbsp;&nbsp;30 months -- 5 years: N<br>&nbsp;&nbsp;&nbsp;&nbsp;Preschool: N<br>&nbsp;&nbsp;&nbsp;&nbsp;Grade 1 - Age 12: N<br>
697,Licensed Family,Brookwood Family Child Care,5676 Brookwood Dr,,Nanaimo,V9T 5P3,49.220815,-124.010417,250-756-9440,,,N,N,N,N,N,N,N,N,N,N,N,N,N,N,N,N,N,,,N,N,N,N,N,N,N,N,N,N,N,2026-04-15,https://www.healthspace.ca/clients/viha/viha_website.nsf/CCFL-Main?OpenView,N,Y,N,Brookwood Family Child Care<br>Licensed Family<br>250-756-9440<br><br>Vacancy:<br>&nbsp;&nbsp;&nbsp;&nbsp;<36 months: N<br>&nbsp;&nbsp;&nbsp;&nbsp;30 months -- 5 years: N<br>&nbsp;&nbsp;&nbsp;&nbsp;Preschool: N<br>&nbsp;&nbsp;&nbsp;&nbsp;Grade 1 - Age 12: N<br>
698,Licensed Group,Meaningful Minds,10-12350 Harris Rd,,Pitt Meadows,V3Y 0C5,49.226864,-122.688952,604-460-8772,,,N,N,N,N,N,N,N,N,N,N,N,N,N,N,N,N,N,,,N,N,N,N,N,N,N,Y,Y,N,N,2026-05-16,http://www.healthspace.ca/fha/childcare,N,Y,N,Meaningful Minds<br>Licensed Group<br>604-460-8772<br><br>Vacancy:<br>&nbsp;&nbsp;&nbsp;&nbsp;<36 months: Y<br>&nbsp;&nbsp;&nbsp;&nbsp;30 months -- 5 years: Y<br>&nbsp;&nbsp;&nbsp;&nbsp;Preschool: N<br>&nbsp;&nbsp;&nbsp;&nbsp;Grade 1 - Age 12: N<br>
699,Licensed Group,Jellybean Park,138B-19653 Willowbrook Dr,,Langley,V2Y 1A5,49.11576,-122.679365,604-539-9898,,,N,N,N,N,N,N,N,N,N,N,N,N,N,N,N,N,N,,,N,N,N,N,N,N,N,N,N,N,Y,2026-05-05,http://www.healthspace.ca/fha/childcare,N,Y,N,Jellybean Park<br>Licensed Group<br>604-539-9898<br><br>Vacancy:<br>&nbsp;&nbsp;&nbsp;&nbsp;<36 months: N<br>&nbsp;&nbsp;&nbsp;&nbsp;30 months -- 5 years: N<br>&nbsp;&nbsp;&nbsp;&nbsp;Preschool: N<br>&nbsp;&nbsp;&nbsp;&nbsp;Grade 1 - Age 12: Y<br>
700,Licensed Family,Lovey's Little Angels Day Care,5761 Chester St,,Vancouver,V5W 3B4,49.232281,-123.089632,604-215-2214,,,N,N,N,N,N,N,N,N,N,N,N,N,N,N,N,N,N,,,N,N,N,N,N,N,N,N,N,N,N,2026-05-15,https://inspections.vcha.ca/ChildCare/Table,N,Y,N,Lovey's Little Angels Day Care<br>Licensed Family<br>604-215-2214<br><br>Vacancy:<br>&nbsp;&nbsp;&nbsp;&nbsp;<36 months: N<br>&nbsp;&nbsp;&nbsp;&nbsp;30 months -- 5 years: N<br>&nbsp;&nbsp;&nbsp;&nbsp;Preschool: N<br>&nbsp;&nbsp;&nbsp;&nbsp;Grade 1 - Age 12: N<br>
701,Licensed Family,Castle Court Child Care (C.C.C.C),6877 Simon Fraser Ave,,Prince George,V2N 2N3,53.858883,-122.762582,250-964-1199,,,N,N,N,N,N,N,N,N,N,N,N,N,N,N,N,N,N,,,N,N,N,N,N,N,N,N,Y,N,N,2026-05-20,https://www.healthspace.ca/Clients/NHA/NHA_Website.nsf/CCFL-Frameset,N,Y,N,Castle Court Child Care (C.C.C.C)<br>Licensed Family<br>250-964-1199<br><br>Vacancy:<br>&nbsp;&nbsp;&nbsp;&nbsp;<36 months: N<br>&nbsp;&nbsp;&nbsp;&nbsp;30 months -- 5 years: Y<br>&nbsp;&nbsp;&nbsp;&nbsp;Preschool: N<br>&nbsp;&nbsp;&nbsp;&nbsp;Grade 1 - Age 12: N<br>
702,Licensed Group,Simply Fun Mckenzie,1715 Garnet Rd,,Victoria,V8P 3C9,48.467053,-123.327535,250-881-3958,,,N,N,N,N,N,N,N,N,N,N,N,N,N,N,N,N,N,,,N,N,N,N,N,N,N,N,N,N,N,2026-05-06,https://www.healthspace.ca/clients/viha/viha_website.nsf/CCFL-Main?OpenView,N,Y,N,Simply Fun Mckenzie<br>Licensed Group<br>250-881-3958<br><br>Vacancy:<br>&nbsp;&nbsp;&nbsp;&nbsp;<36 months: N<br>&nbsp;&nbsp;&nbsp;&nbsp;30 months -- 5 years: N<br>&nbsp;&nbsp;&nbsp;&nbsp;Preschool: N<br>&nbsp;&nbsp;&nbsp;&nbsp;Grade 1 - Age 12: N<br>
703,Licensed Group,Sunshine Cove Preschool Inc.,100-2420 Dollarton Hwy,,North Vancouver,V7H 2Y1,49.308761,-123.006513,604-770-2683,,,N,N,N,N,N,N,N,N,N,N,N,N,N,N,N,N,N,,,N,N,N,N,N,N,N,N,N,N,N,2026-05-05,https://inspections.vcha.ca/ChildCare/Table,N,Y,Y,Sunshine Cove Preschool Inc.<br>Licensed Group<br>604-770-2683<br><br>Vacancy:<br>&nbsp;&nbsp;&nbsp;&nbsp;<36 months: N<br>&nbsp;&nbsp;&nbsp;&nbsp;30 months -- 5 years: N<br>&nbsp;&nbsp;&nbsp;&nbsp;Preschool: N<br>&nbsp;&nbsp;&nbsp;&nbsp;Grade 1 - Age 12: N<br>
704,Licensed Group,Sunshine Cove Preschool Inc.,100-2420 Dollarton Hwy,,North Vancouver,V7H 2Y1,49.308761,-123.006513,604-770-2683,,,N,N,N,N,N,N,N,N,N,N,N,N,N,N,N,N,N,,,N,N,N,N,N,N,N,N,N,N,N,2026-05-05,https://inspections.vcha.ca/ChildCare/Table,N,Y,Y,Sunshine Cove Preschool Inc.<br>Licensed Group<br>604-770-2683<br><br>Vacancy:<br>&nbsp;&nbsp;&nbsp;&nbsp;<36 months: N<br>&nbsp;&nbsp;&nbsp;&nbsp;30 months -- 5 years: N<br>&nbsp;&nbsp;&nbsp;&nbsp;Preschool: N<br>&nbsp;&nbsp;&nbsp;&nbsp;Grade 1 - Age 12: N<br>
705,Licensed Family,Bear's Cosy Cottage,2496 124 St,,Surrey,V4A 3N2,49.047988,-122.878231,604-538-5687,,,N,N,N,N,N,N,N,N,N,N,N,N,N,N,N,N,N,,,N,N,N,N,N,N,N,N,N,N,N,2026-05-14,http://www.healthspace.ca/fha/childcare,N,Y,N,Bear's Cosy Cottage<br>Licensed Family<br>604-538-5687<br><br>Vacancy:<br>&nbsp;&nbsp;&nbsp;&nbsp;<36 months: N<br>&nbsp;&nbsp;&nbsp;&nbsp;30 months -- 5 years: N<br>&nbsp;&nbsp;&nbsp;&nbsp;Preschool: N<br>&nbsp;&nbsp;&nbsp;&nbsp;Grade 1 - Age 12: N<br>
706,Licensed Group,Sandcastle Park Children's Centre,7-3060 Chatham St,,Richmond,V7E 6L9,49.126134,-123.191411,604-274-8380,,,N,N,N,N,N,N,N,N,N,N,N,N,N,N,N,N,N,,,N,N,N,N,N,N,N,N,N,N,N,2026-05-21,https://inspections.vcha.ca/ChildCare/Table,N,Y,N,Sandcastle Park Children's Centre<br>Licensed Group<br>604-274-8380<br><br>Vacancy:<br>&nbsp;&nbsp;&nbsp;&nbsp;<36 months: N<br>&nbsp;&nbsp;&nbsp;&nbsp;30 months -- 5 years: N<br>&nbsp;&nbsp;&nbsp;&nbsp;Preschool: N<br>&nbsp;&nbsp;&nbsp;&nbsp;Grade 1 - Age 12: N<br>
707,Licensed Group,Nanaimo Innovation Academy,905 Hecate St,,Nanaimo,V9R 4K7,49.15712,-123.939199,250-591-7700,,,N,N,N,N,N,N,N,N,N,N,N,N,N,N,N,N,N,,,N,N,N,N,N,N,N,N,N,N,N,2026-05-15,https://www.healthspace.ca/clients/viha/viha_website.nsf/CCFL-Main?OpenView,N,Y,N,Nanaimo Innovation Academy<br>Licensed Group<br>250-591-7700<br><br>Vacancy:<br>&nbsp;&nbsp;&nbsp;&nbsp;<36 months: N<br>&nbsp;&nbsp;&nbsp;&nbsp;30 months -- 5 years: N<br>&nbsp;&nbsp;&nbsp;&nbsp;Preschool: N<br>&nbsp;&nbsp;&nbsp;&nbsp;Grade 1 - Age 12: N<br>
708,Licensed Group,Brightpath St Johns Street,2750 St. Johns St,,Port Moody,V3H 0H4,49.276751,-122.85129,604-492-1415,,,N,N,N,N,N,N,N,N,N,N,N,N,N,N,N,N,N,,,N,N,N,N,N,N,N,N,N,N,N,2026-05-05,http://www.healthspace.ca/fha/childcare,N,Y,N,Brightpath St Johns Street<br>Licensed Group<br>604-492-1415<br><br>Vacancy:<br>&nbsp;&nbsp;&nbsp;&nbsp;<36 months: N<br>&nbsp;&nbsp;&nbsp;&nbsp;30 months -- 5 years: N<br>&nbsp;&nbsp;&nbsp;&nbsp;Preschool: N<br>&nbsp;&nbsp;&nbsp;&nbsp;Grade 1 - Age 12: N<br>
709,Licensed Group,Brightpath St Johns Kids Zone,2740 St. Johns St,,Port Moody,V3H 0H4,49.276752,-122.851503,604-492-1415,,,N,N,N,N,N,N,N,N,N,N,N,N,N,N,N,N,N,,,N,N,N,N,N,N,N,N,N,N,N,2026-05-05,http://www.healthspace.ca/fha/childcare,N,Y,N,Brightpath St Johns Kids Zone<br>Licensed Group<br>604-492-1415<br><br>Vacancy:<br>&nbsp;&nbsp;&nbsp;&nbsp;<36 months: N<br>&nbsp;&nbsp;&nbsp;&nbsp;30 months -- 5 years: N<br>&nbsp;&nbsp;&nbsp;&nbsp;Preschool: N<br>&nbsp;&nbsp;&nbsp;&nbsp;Grade 1 - Age 12: N<br>
710,Licensed Group,Khalsa Child Care Centre,26345 62 Ave,,Langley,V4W 1L8,49.115334,-122.49419,604-594-0553,,,N,N,N,N,N,N,N,N,N,N,N,N,N,N,N,N,N,,,N,N,N,N,N,N,N,N,N,N,N,2026-05-07,http://www.healthspace.ca/fha/childcare,N,Y,N,Khalsa Child Care Centre<br>Licensed Group<br>604-594-0553<br><br>Vacancy:<br>&nbsp;&nbsp;&nbsp;&nbsp;<36 months: N<br>&nbsp;&nbsp;&nbsp;&nbsp;30 months -- 5 years: N<br>&nbsp;&nbsp;&nbsp;&nbsp;Preschool: N<br>&nbsp;&nbsp;&nbsp;&nbsp;Grade 1 - Age 12: N<br>
711,Licensed Group,Connections Kids Club - Tait,10071 Finlayson Dr,,Richmond,V6X 3X4,49.196371,-123.111265,604-271-7600,,,N,N,N,N,N,N,N,N,N,N,N,N,N,N,N,N,N,,,N,N,N,N,N,N,N,N,N,N,N,2026-05-11,https://inspections.vcha.ca/ChildCare/Table,N,Y,N,Connections Kids Club - Tait<br>Licensed Group<br>604-271-7600<br><br>Vacancy:<br>&nbsp;&nbsp;&nbsp;&nbsp;<36 months: N<br>&nbsp;&nbsp;&nbsp;&nbsp;30 months -- 5 years: N<br>&nbsp;&nbsp;&nbsp;&nbsp;Preschool: N<br>&nbsp;&nbsp;&nbsp;&nbsp;Grade 1 - Age 12: N<br>
712,Licensed Family,Little Thinkers Daycare Centre,15023 62 Ave,,Surrey,V3S 5L7,49.115796,-122.805789,778-565-2105,,,N,N,N,N,N,N,N,N,N,N,N,N,N,N,N,N,N,,,N,N,N,N,N,N,N,N,N,N,N,2026-05-15,http://www.healthspace.ca/fha/childcare,N,Y,N,Little Thinkers Daycare Centre<br>Licensed Family<br>778-565-2105<br><br>Vacancy:<br>&nbsp;&nbsp;&nbsp;&nbsp;<36 months: N<br>&nbsp;&nbsp;&nbsp;&nbsp;30 months -- 5 years: N<br>&nbsp;&nbsp;&nbsp;&nbsp;Preschool: N<br>&nbsp;&nbsp;&nbsp;&nbsp;Grade 1 - Age 12: N<br>
713,Licensed Family,First Choice Daycare,23635 119 Ave,,Maple Ridge,V4R 2E1,49.218721,-122.567183,604-780-5527,,,N,N,N,N,N,N,N,N,N,N,N,N,N,N,N,N,N,,,N,N,N,N,N,N,N,Y,N,N,N,2026-05-08,http://www.healthspace.ca/fha/childcare,N,Y,N,First Choice Daycare<br>Licensed Family<br>604-780-5527<br><br>Vacancy:<br>&nbsp;&nbsp;&nbsp;&nbsp;<36 months: Y<br>&nbsp;&nbsp;&nbsp;&nbsp;30 months -- 5 years: N<br>&nbsp;&nbsp;&nbsp;&nbsp;Preschool: N<br>&nbsp;&nbsp;&nbsp;&nbsp;Grade 1 - Age 12: N<br>
714,Licensed Group,Gillybird Nature Academy 2,1829 Newton St,,Victoria,V8R 2R3,48.438754,-123.328377,250-704-6607,,,N,N,N,N,N,N,N,N,N,N,N,N,N,N,N,N,N,,,N,N,N,N,N,N,N,N,N,N,N,2026-05-20,https://www.healthspace.ca/clients/viha/viha_website.nsf/CCFL-Main?OpenView,N,Y,N,Gillybird Nature Academy 2<br>Licensed Group<br>250-704-6607<br><br>Vacancy:<br>&nbsp;&nbsp;&nbsp;&nbsp;<36 months: N<br>&nbsp;&nbsp;&nbsp;&nbsp;30 months -- 5 years: N<br>&nbsp;&nbsp;&nbsp;&nbsp;Preschool: N<br>&nbsp;&nbsp;&nbsp;&nbsp;Grade 1 - Age 12: N<br>
715,Licensed Family,Snuggle Bugs Childcare Centre,56 Squirrel Lane,,Nanaimo,V9T 5R4,49.212412,-124.010763,250-729-9848,,,N,N,N,N,N,N,N,N,N,N,N,N,N,N,N,N,N,,,N,N,N,N,N,N,N,N,N,N,N,2026-05-19,https://www.healthspace.ca/clients/viha/viha_website.nsf/CCFL-Main?OpenView,N,Y,N,Snuggle Bugs Childcare Centre<br>Licensed Family<br>250-729-9848<br><br>Vacancy:<br>&nbsp;&nbsp;&nbsp;&nbsp;<36 months: N<br>&nbsp;&nbsp;&nbsp;&nbsp;30 months -- 5 years: N<br>&nbsp;&nbsp;&nbsp;&nbsp;Preschool: N<br>&nbsp;&nbsp;&nbsp;&nbsp;Grade 1 - Age 12: N<br>
716,Licensed Family,Maple Childcare Center,15032 97 Ave,,Surrey,V3R 8K2,49.178503,-122.805855,604-435-8002,,,N,N,N,N,N,N,N,N,N,N,N,N,N,N,N,N,N,Extra fee,Extra fee,N,N,N,N,N,N,N,N,N,N,N,2026-04-26,http://www.healthspace.ca/fha/childcare,N,Y,N,Maple Childcare Center<br>Licensed Family<br>604-435-8002<br><br>Vacancy:<br>&nbsp;&nbsp;&nbsp;&nbsp;<36 months: N<br>&nbsp;&nbsp;&nbsp;&nbsp;30 months -- 5 years: N<br>&nbsp;&nbsp;&nbsp;&nbsp;Preschool: N<br>&nbsp;&nbsp;&nbsp;&nbsp;Grade 1 - Age 12: N<br>
717,Licensed Group,Brainbox Montessori Learning Academy,20688 56 Ave,,Langley,V3A 3Z1,49.104693,-122.649388,778-957-6588,,,N,N,N,N,N,N,N,N,N,N,N,N,N,N,N,N,N,,,N,N,N,N,N,N,N,N,N,N,N,2026-05-15,http://www.healthspace.ca/fha/childcare,N,Y,N,Brainbox Montessori Learning Academy<br>Licensed Group<br>778-957-6588<br><br>Vacancy:<br>&nbsp;&nbsp;&nbsp;&nbsp;<36 months: N<br>&nbsp;&nbsp;&nbsp;&nbsp;30 months -- 5 years: N<br>&nbsp;&nbsp;&nbsp;&nbsp;Preschool: N<br>&nbsp;&nbsp;&nbsp;&nbsp;Grade 1 - Age 12: N<br>
718,Licensed Family,Mi Alegria Daycare,1732 Carnegie Cres,,Victoria,V8N 1P3,48.473457,-123.326174,250-884-3091,,,N,N,N,N,N,N,N,N,N,N,N,N,N,N,N,N,N,,,N,N,N,N,N,N,N,N,Y,N,N,2026-05-10,https://www.healthspace.ca/clients/viha/viha_website.nsf/CCFL-Main?OpenView,N,Y,N,Mi Alegria Daycare<br>Licensed Family<br>250-884-3091<br><br>Vacancy:<br>&nbsp;&nbsp;&nbsp;&nbsp;<36 months: N<br>&nbsp;&nbsp;&nbsp;&nbsp;30 months -- 5 years: Y<br>&nbsp;&nbsp;&nbsp;&nbsp;Preschool: N<br>&nbsp;&nbsp;&nbsp;&nbsp;Grade 1 - Age 12: N<br>
719,Licensed Family,Happy Steps Daycare,2045 Kugler Ave,,Coquitlam,V3K 2S5,49.243939,-122.837857,778-355-5288,,,N,N,N,N,N,N,N,N,N,N,N,N,N,N,N,N,N,,,N,N,N,N,N,N,N,N,Y,N,N,2026-05-14,http://www.healthspace.ca/fha/childcare,N,Y,N,Happy Steps Daycare<br>Licensed Family<br>778-355-5288<br><br>Vacancy:<br>&nbsp;&nbsp;&nbsp;&nbsp;<36 months: N<br>&nbsp;&nbsp;&nbsp;&nbsp;30 months -- 5 years: Y<br>&nbsp;&nbsp;&nbsp;&nbsp;Preschool: N<br>&nbsp;&nbsp;&nbsp;&nbsp;Grade 1 - Age 12: N<br>
720,Licensed Family,Oasis Des Papillons,8907 88 St,,Fort St. John,V1J 5B1,56.235669,-120.825,250-329-7327,,,N,N,N,N,N,N,N,N,N,N,N,N,N,N,N,N,N,,,N,N,N,N,N,N,N,N,N,N,N,2026-04-19,https://www.healthspace.ca/Clients/NHA/NHA_Website.nsf/CCFL-Frameset,N,Y,N,Oasis Des Papillons<br>Licensed Family<br>250-329-7327<br><br>Vacancy:<br>&nbsp;&nbsp;&nbsp;&nbsp;<36 months: N<br>&nbsp;&nbsp;&nbsp;&nbsp;30 months -- 5 years: N<br>&nbsp;&nbsp;&nbsp;&nbsp;Preschool: N<br>&nbsp;&nbsp;&nbsp;&nbsp;Grade 1 - Age 12: N<br>
721,Licensed Family,Panda Family Daycare,302-2260 10Th Ave W,,Vancouver,V6K 2H8,49.26289,-123.15681,604-727-7269,,,N,N,N,N,N,N,N,N,N,N,N,N,N,N,N,N,N,Extra fee,Extra fee,N,N,N,N,N,N,N,Y,N,N,N,2026-04-15,https://inspections.vcha.ca/ChildCare/Table,N,Y,N,Panda Family Daycare<br>Licensed Family<br>604-727-7269<br><br>Vacancy:<br>&nbsp;&nbsp;&nbsp;&nbsp;<36 months: Y<br>&nbsp;&nbsp;&nbsp;&nbsp;30 months -- 5 years: N<br>&nbsp;&nbsp;&nbsp;&nbsp;Preschool: N<br>&nbsp;&nbsp;&nbsp;&nbsp;Grade 1 - Age 12: N<br>
722,Licensed Family,Messy Hands Early Learning Center,1457 Pitt River Rd,,Port Coquitlam,V3C 1P1,49.241218,-122.77337,604-771-7105,messyhands.ca,,N,N,N,N,N,N,N,N,N,N,N,N,N,N,N,N,N,,,N,N,N,N,N,N,N,N,N,N,N,2026-05-20,http://www.healthspace.ca/fha/childcare,N,Y,N,Messy Hands Early Learning Center<br>Licensed Family<br>604-771-7105<br><br>Vacancy:<br>&nbsp;&nbsp;&nbsp;&nbsp;<36 months: N<br>&nbsp;&nbsp;&nbsp;&nbsp;30 months -- 5 years: N<br>&nbsp;&nbsp;&nbsp;&nbsp;Preschool: N<br>&nbsp;&nbsp;&nbsp;&nbsp;Grade 1 - Age 12: N<br>
723,Licensed Family,Sonia's Tiny Toons Family Day Care,6142 150 St,,Surrey,V3S 3H8,49.114481,-122.806414,604-496-4566,,,N,N,N,N,N,N,N,N,N,N,N,N,N,N,N,N,N,,,N,N,N,N,N,N,N,Y,Y,N,N,2026-05-05,http://www.healthspace.ca/fha/childcare,N,Y,N,Sonia's Tiny Toons Family Day Care<br>Licensed Family<br>604-496-4566<br><br>Vacancy:<br>&nbsp;&nbsp;&nbsp;&nbsp;<36 months: Y<br>&nbsp;&nbsp;&nbsp;&nbsp;30 months -- 5 years: Y<br>&nbsp;&nbsp;&nbsp;&nbsp;Preschool: N<br>&nbsp;&nbsp;&nbsp;&nbsp;Grade 1 - Age 12: N<br>
724,Licensed Group,Imago Dei Child Care,11571 Daniels Rd,,Richmond,V6X 1M7,49.188905,-123.093611,778-855-2273,,,N,N,N,N,N,N,N,N,N,N,N,N,N,N,N,N,N,,,N,N,N,N,N,N,N,Y,Y,N,N,2026-05-04,https://inspections.vcha.ca/ChildCare/Table,N,Y,N,Imago Dei Child Care<br>Licensed Group<br>778-855-2273<br><br>Vacancy:<br>&nbsp;&nbsp;&nbsp;&nbsp;<36 months: Y<br>&nbsp;&nbsp;&nbsp;&nbsp;30 months -- 5 years: Y<br>&nbsp;&nbsp;&nbsp;&nbsp;Preschool: N<br>&nbsp;&nbsp;&nbsp;&nbsp;Grade 1 - Age 12: N<br>
725,Licensed Family,Little Sunshines,10340 2Nd Ave,,Richmond,V7E 1V7,49.138437,-123.184216,604-358-3787,,,N,N,N,N,N,N,N,N,N,N,N,N,N,N,N,N,N,,,N,N,N,N,N,N,N,Y,N,N,N,2026-05-15,https://inspections.vcha.ca/ChildCare/Table,N,Y,N,Little Sunshines<br>Licensed Family<br>604-358-3787<br><br>Vacancy:<br>&nbsp;&nbsp;&nbsp;&nbsp;<36 months: Y<br>&nbsp;&nbsp;&nbsp;&nbsp;30 months -- 5 years: N<br>&nbsp;&nbsp;&nbsp;&nbsp;Preschool: N<br>&nbsp;&nbsp;&nbsp;&nbsp;Grade 1 - Age 12: N<br>
726,Licensed Family,Cutefeet Childcare,3185 Lukiv Terrace,,Abbotsford,V2S 0E5,49.059823,-122.276559,604-866-1628,www.cutefeetchildcare.ca,,N,N,N,N,N,N,N,N,N,N,N,N,N,N,N,N,N,,,N,N,N,N,N,N,N,Y,N,N,N,2026-05-16,http://www.healthspace.ca/fha/childcare,N,Y,N,Cutefeet Childcare<br>Licensed Family<br>604-866-1628<br><br>Vacancy:<br>&nbsp;&nbsp;&nbsp;&nbsp;<36 months: Y<br>&nbsp;&nbsp;&nbsp;&nbsp;30 months -- 5 years: N<br>&nbsp;&nbsp;&nbsp;&nbsp;Preschool: N<br>&nbsp;&nbsp;&nbsp;&nbsp;Grade 1 - Age 12: N<br>
727,Licensed Family,Hearts & Smiles Montessori Childcare,23779 115A Ave,,Maple Ridge,V2W 2B9,49.212102,-122.56251,604-760-9815,,,N,N,N,N,N,N,N,N,N,N,N,N,N,N,N,N,N,,,N,N,N,N,N,N,N,N,N,N,N,2026-04-20,http://www.healthspace.ca/fha/childcare,N,Y,N,Hearts & Smiles Montessori Childcare<br>Licensed Family<br>604-760-9815<br><br>Vacancy:<br>&nbsp;&nbsp;&nbsp;&nbsp;<36 months: N<br>&nbsp;&nbsp;&nbsp;&nbsp;30 months -- 5 years: N<br>&nbsp;&nbsp;&nbsp;&nbsp;Preschool: N<br>&nbsp;&nbsp;&nbsp;&nbsp;Grade 1 - Age 12: N<br>
728,Licensed Family,Little Angels Childcare,1648 King George Blvd,,Surrey,V4A 4Z8,49.03207,-122.776291,604-357-3182,,,N,N,N,N,N,N,N,N,N,N,N,N,N,N,N,N,N,,,N,N,N,N,N,N,N,Y,Y,N,N,2026-05-19,http://www.healthspace.ca/fha/childcare,N,Y,N,Little Angels Childcare<br>Licensed Family<br>604-357-3182<br><br>Vacancy:<br>&nbsp;&nbsp;&nbsp;&nbsp;<36 months: Y<br>&nbsp;&nbsp;&nbsp;&nbsp;30 months -- 5 years: Y<br>&nbsp;&nbsp;&nbsp;&nbsp;Preschool: N<br>&nbsp;&nbsp;&nbsp;&nbsp;Grade 1 - Age 12: N<br>
729,Licensed Group,Little Jewels Daycare,120 West Shuswap Rd,,Kamloops,V2H 1K1,50.700989,-120.340187,250-819-7358,,,N,N,N,N,N,N,N,N,N,N,N,N,N,N,N,N,N,,,N,N,N,N,N,N,N,Y,Y,N,N,2026-05-01,https://hedgehogportal.interiorhealth.ca/ChildCare/Map,N,Y,N,Little Jewels Daycare<br>Licensed Group<br>250-819-7358<br><br>Vacancy:<br>&nbsp;&nbsp;&nbsp;&nbsp;<36 months: Y<br>&nbsp;&nbsp;&nbsp;&nbsp;30 months -- 5 years: Y<br>&nbsp;&nbsp;&nbsp;&nbsp;Preschool: N<br>&nbsp;&nbsp;&nbsp;&nbsp;Grade 1 - Age 12: N<br>
730,Licensed Family,Little Sprouts Montessori Daycare Centre,4364 Moscrop St,,Burnaby,V5G 2G2,49.242699,-123.006242,604-367-3696,,,N,N,N,N,N,N,N,N,N,N,N,N,N,N,N,N,N,,,N,N,N,N,N,N,N,N,N,N,N,2026-05-15,http://www.healthspace.ca/fha/childcare,N,Y,N,Little Sprouts Montessori Daycare Centre<br>Licensed Family<br>604-367-3696<br><br>Vacancy:<br>&nbsp;&nbsp;&nbsp;&nbsp;<36 months: N<br>&nbsp;&nbsp;&nbsp;&nbsp;30 months -- 5 years: N<br>&nbsp;&nbsp;&nbsp;&nbsp;Preschool: N<br>&nbsp;&nbsp;&nbsp;&nbsp;Grade 1 - Age 12: N<br>
731,Licensed Family,Happy Times Family Child Care,2571 Carnation St,,North Vancouver,V7H 1H6,49.317874,-123.002843,604-987-6559,,,N,N,N,N,N,N,N,N,N,N,N,N,N,N,N,N,N,,,N,N,N,N,N,N,N,N,N,N,N,2026-05-15,https://inspections.vcha.ca/ChildCare/Table,N,Y,N,Happy Times Family Child Care<br>Licensed Family<br>604-987-6559<br><br>Vacancy:<br>&nbsp;&nbsp;&nbsp;&nbsp;<36 months: N<br>&nbsp;&nbsp;&nbsp;&nbsp;30 months -- 5 years: N<br>&nbsp;&nbsp;&nbsp;&nbsp;Preschool: N<br>&nbsp;&nbsp;&nbsp;&nbsp;Grade 1 - Age 12: N<br>
732,Licensed Family,Kidz Corner,7598 Southridge Ave,,Prince George,V2N 6S4,53.854274,-122.777675,250-961-5212,,,Y,N,N,N,N,N,Y,Y,N,Y,Y,N,N,N,N,N,N,Included in fee,Not offered,N,N,N,N,N,N,N,N,Y,N,N,2026-05-16,https://www.healthspace.ca/Clients/NHA/NHA_Website.nsf/CCFL-Frameset,N,Y,N,Kidz Corner<br>Licensed Family<br>250-961-5212<br><br>Vacancy:<br>&nbsp;&nbsp;&nbsp;&nbsp;<36 months: N<br>&nbsp;&nbsp;&nbsp;&nbsp;30 months -- 5 years: Y<br>&nbsp;&nbsp;&nbsp;&nbsp;Preschool: N<br>&nbsp;&nbsp;&nbsp;&nbsp;Grade 1 - Age 12: N<br>
733,Licensed Family,British Hills Montessori Daycare,361 17Th St W,,North Vancouver,V7M 1V9,49.323941,-123.081357,604-986-8888,,,N,N,N,N,N,N,N,N,N,N,N,N,N,N,N,N,N,,,N,N,N,N,N,N,N,N,N,N,N,2026-04-26,https://inspections.vcha.ca/ChildCare/Table,N,Y,N,British Hills Montessori Daycare<br>Licensed Family<br>604-986-8888<br><br>Vacancy:<br>&nbsp;&nbsp;&nbsp;&nbsp;<36 months: N<br>&nbsp;&nbsp;&nbsp;&nbsp;30 months -- 5 years: N<br>&nbsp;&nbsp;&nbsp;&nbsp;Preschool: N<br>&nbsp;&nbsp;&nbsp;&nbsp;Grade 1 - Age 12: N<br>
734,Licensed Family,Dino-Roo Daycare,5517 Swallow Dr,,Port Alberni,V9Y 7H1,49.267878,-124.829016,250-730-2662,,,N,N,N,N,N,N,N,N,N,N,N,N,N,N,N,N,N,,,N,N,N,N,N,N,N,N,N,N,N,2026-05-19,https://www.healthspace.ca/clients/viha/viha_website.nsf/CCFL-Main?OpenView,N,Y,N,Dino-Roo Daycare<br>Licensed Family<br>250-730-2662<br><br>Vacancy:<br>&nbsp;&nbsp;&nbsp;&nbsp;<36 months: N<br>&nbsp;&nbsp;&nbsp;&nbsp;30 months -- 5 years: N<br>&nbsp;&nbsp;&nbsp;&nbsp;Preschool: N<br>&nbsp;&nbsp;&nbsp;&nbsp;Grade 1 - Age 12: N<br>
735,Licensed Family,Valerie's Daycare,10835 164Th St,,Surrey,V4N 3K2,49.199504,-122.767733,604-802-4642,,,N,N,N,N,N,N,N,N,N,N,N,N,N,N,N,N,N,,,N,N,N,N,N,N,N,N,N,N,N,2026-04-27,http://www.healthspace.ca/fha/childcare,N,Y,N,Valerie's Daycare<br>Licensed Family<br>604-802-4642<br><br>Vacancy:<br>&nbsp;&nbsp;&nbsp;&nbsp;<36 months: N<br>&nbsp;&nbsp;&nbsp;&nbsp;30 months -- 5 years: N<br>&nbsp;&nbsp;&nbsp;&nbsp;Preschool: N<br>&nbsp;&nbsp;&nbsp;&nbsp;Grade 1 - Age 12: N<br>
736,Licensed Family,Hop To It Childcare,9507 118Th St,,Delta,V4C 6J3,49.175519,-122.896038,604-788-8876,,,N,N,N,N,N,N,N,N,N,N,N,N,N,N,N,N,N,,,N,N,N,N,N,N,N,N,Y,N,N,2026-05-21,http://www.healthspace.ca/fha/childcare,N,Y,N,Hop To It Childcare<br>Licensed Family<br>604-788-8876<br><br>Vacancy:<br>&nbsp;&nbsp;&nbsp;&nbsp;<36 months: N<br>&nbsp;&nbsp;&nbsp;&nbsp;30 months -- 5 years: Y<br>&nbsp;&nbsp;&nbsp;&nbsp;Preschool: N<br>&nbsp;&nbsp;&nbsp;&nbsp;Grade 1 - Age 12: N<br>
737,Licensed Family,Today Classic Early Learning,3164 Tory Ave,,Coquitlam,V3E 2E3,49.289141,-122.780112,604-617-9317,,,N,N,N,N,N,N,N,N,N,N,N,N,N,N,N,N,N,,,N,N,N,N,N,N,N,N,Y,N,N,2026-05-21,http://www.healthspace.ca/fha/childcare,N,Y,N,Today Classic Early Learning<br>Licensed Family<br>604-617-9317<br><br>Vacancy:<br>&nbsp;&nbsp;&nbsp;&nbsp;<36 months: N<br>&nbsp;&nbsp;&nbsp;&nbsp;30 months -- 5 years: Y<br>&nbsp;&nbsp;&nbsp;&nbsp;Preschool: N<br>&nbsp;&nbsp;&nbsp;&nbsp;Grade 1 - Age 12: N<br>
738,Licensed Group,Project Play Family Centre,39319 Falcon Cres,,Squamish,V8B 0V8,49.723802,-123.140009,604-213-4151,,,N,N,N,N,N,N,N,N,N,N,N,N,N,N,N,N,N,,,N,N,N,N,N,N,N,N,N,N,N,2026-05-16,https://inspections.vcha.ca/ChildCare/Table,N,Y,N,Project Play Family Centre<br>Licensed Group<br>604-213-4151<br><br>Vacancy:<br>&nbsp;&nbsp;&nbsp;&nbsp;<36 months: N<br>&nbsp;&nbsp;&nbsp;&nbsp;30 months -- 5 years: N<br>&nbsp;&nbsp;&nbsp;&nbsp;Preschool: N<br>&nbsp;&nbsp;&nbsp;&nbsp;Grade 1 - Age 12: N<br>
739,Licensed Group,Richmonds Best After School Program,150 11780 Hammersmith Way,,Richmond,V7A 5E9,49.129803,-123.099494,604-241-7624,,,Y,N,N,N,N,N,N,N,N,Y,Y,N,N,N,N,N,N,Not offered,Include in fee,N,N,N,N,N,Y,N,N,N,N,Y,2026-05-16,https://inspections.vcha.ca/ChildCare/Table,N,N,N,Richmonds Best After School Program<br>Licensed Group<br>604-241-7624<br><br>Vacancy:<br>&nbsp;&nbsp;&nbsp;&nbsp;<36 months: N<br>&nbsp;&nbsp;&nbsp;&nbsp;30 months -- 5 years: N<br>&nbsp;&nbsp;&nbsp;&nbsp;Preschool: N<br>&nbsp;&nbsp;&nbsp;&nbsp;Grade 1 - Age 12: Y<br>
740,Licensed Family,Little Bright Learners,20145 119A Ave,,Maple Ridge,V2X 9V3,49.219673,-122.663202,604-356-9412,,,N,N,N,N,N,N,N,N,N,N,N,N,N,N,N,N,N,,,N,N,N,N,N,N,N,Y,Y,N,N,2026-05-13,http://www.healthspace.ca/fha/childcare,N,Y,N,Little Bright Learners<br>Licensed Family<br>604-356-9412<br><br>Vacancy:<br>&nbsp;&nbsp;&nbsp;&nbsp;<36 months: Y<br>&nbsp;&nbsp;&nbsp;&nbsp;30 months -- 5 years: Y<br>&nbsp;&nbsp;&nbsp;&nbsp;Preschool: N<br>&nbsp;&nbsp;&nbsp;&nbsp;Grade 1 - Age 12: N<br>
741,Licensed Family,Cottontail Cottage Childcare,9003 99 Ave,,Fort St. John,V1J 5S3,56.245156,-120.829388,250-261-2623,,,N,N,N,N,N,N,N,N,N,N,N,N,N,N,N,N,N,,,N,N,N,N,N,N,N,N,N,N,N,2026-05-15,https://www.healthspace.ca/Clients/NHA/NHA_Website.nsf/CCFL-Frameset,N,Y,N,Cottontail Cottage Childcare<br>Licensed Family<br>250-261-2623<br><br>Vacancy:<br>&nbsp;&nbsp;&nbsp;&nbsp;<36 months: N<br>&nbsp;&nbsp;&nbsp;&nbsp;30 months -- 5 years: N<br>&nbsp;&nbsp;&nbsp;&nbsp;Preschool: N<br>&nbsp;&nbsp;&nbsp;&nbsp;Grade 1 - Age 12: N<br>
742,Licensed Group,Riverside Childcare,140-1110 Ewen Ave,,New Westminster,V3M 5E4,49.1845,-122.949616,604-354-1180,,,N,N,N,N,N,N,N,N,N,N,N,N,N,N,N,N,N,,,N,N,N,N,N,N,N,Y,N,N,N,2026-05-15,http://www.healthspace.ca/fha/childcare,N,Y,N,Riverside Childcare<br>Licensed Group<br>604-354-1180<br><br>Vacancy:<br>&nbsp;&nbsp;&nbsp;&nbsp;<36 months: Y<br>&nbsp;&nbsp;&nbsp;&nbsp;30 months -- 5 years: N<br>&nbsp;&nbsp;&nbsp;&nbsp;Preschool: N<br>&nbsp;&nbsp;&nbsp;&nbsp;Grade 1 - Age 12: N<br>
743,Licensed Family,Amazing Kids Day Care,6683 193 St,,Surrey,V4N 0C1,49.124648,-122.688801,604-532-3781,,,N,N,N,N,N,N,N,N,N,N,N,N,N,N,N,N,N,,,N,N,N,N,N,N,N,N,Y,N,N,2026-05-16,http://www.healthspace.ca/fha/childcare,N,Y,N,Amazing Kids Day Care<br>Licensed Family<br>604-532-3781<br><br>Vacancy:<br>&nbsp;&nbsp;&nbsp;&nbsp;<36 months: N<br>&nbsp;&nbsp;&nbsp;&nbsp;30 months -- 5 years: Y<br>&nbsp;&nbsp;&nbsp;&nbsp;Preschool: N<br>&nbsp;&nbsp;&nbsp;&nbsp;Grade 1 - Age 12: N<br>
744,Licensed Group,Jessie's Tots Educare Centre A,4871 Highlawn Dr,,Burnaby,V5C 3T2,49.269456,-122.992712,778-928-9995,,,N,N,N,N,N,N,N,N,N,N,N,N,N,N,N,N,N,,,N,N,N,N,N,N,N,N,N,N,N,2026-05-14,http://www.healthspace.ca/fha/childcare,N,Y,N,Jessie's Tots Educare Centre A<br>Licensed Group<br>778-928-9995<br><br>Vacancy:<br>&nbsp;&nbsp;&nbsp;&nbsp;<36 months: N<br>&nbsp;&nbsp;&nbsp;&nbsp;30 months -- 5 years: N<br>&nbsp;&nbsp;&nbsp;&nbsp;Preschool: N<br>&nbsp;&nbsp;&nbsp;&nbsp;Grade 1 - Age 12: N<br>
745,Licensed Group,Smiling Stars Daycare,1618 Pemberton Ave,,North Vancouver,V7P 2S6,49.323199,-123.107347,604-986-3380,,,N,N,N,N,N,N,N,N,N,N,N,N,N,N,N,N,N,,,N,N,N,N,N,N,N,N,N,N,N,2026-05-15,https://inspections.vcha.ca/ChildCare/Table,N,Y,Y,Smiling Stars Daycare<br>Licensed Group<br>604-986-3380<br><br>Vacancy:<br>&nbsp;&nbsp;&nbsp;&nbsp;<36 months: N<br>&nbsp;&nbsp;&nbsp;&nbsp;30 months -- 5 years: N<br>&nbsp;&nbsp;&nbsp;&nbsp;Preschool: N<br>&nbsp;&nbsp;&nbsp;&nbsp;Grade 1 - Age 12: N<br>
746,Licensed Group,Smiling Stars Daycare,1618 Pemberton Ave,,North Vancouver,V7P 2S6,49.323199,-123.107347,604-986-3380,,,N,N,N,N,N,N,N,N,N,N,N,N,N,N,N,N,N,,,N,N,N,N,N,N,N,N,N,N,N,2026-05-15,https://inspections.vcha.ca/ChildCare/Table,N,Y,Y,Smiling Stars Daycare<br>Licensed Group<br>604-986-3380<br><br>Vacancy:<br>&nbsp;&nbsp;&nbsp;&nbsp;<36 months: N<br>&nbsp;&nbsp;&nbsp;&nbsp;30 months -- 5 years: N<br>&nbsp;&nbsp;&nbsp;&nbsp;Preschool: N<br>&nbsp;&nbsp;&nbsp;&nbsp;Grade 1 - Age 12: N<br>
747,Licensed Family,Cindy's Cherished Teddies,12661 96A Ave,,Surrey,V3V 2B3,49.178224,-122.871843,604-584-6177,,,N,N,N,N,N,N,N,N,N,N,N,N,N,N,N,N,N,,,N,N,N,N,N,N,N,N,N,N,N,2026-05-10,http://www.healthspace.ca/fha/childcare,N,Y,N,Cindy's Cherished Teddies<br>Licensed Family<br>604-584-6177<br><br>Vacancy:<br>&nbsp;&nbsp;&nbsp;&nbsp;<36 months: N<br>&nbsp;&nbsp;&nbsp;&nbsp;30 months -- 5 years: N<br>&nbsp;&nbsp;&nbsp;&nbsp;Preschool: N<br>&nbsp;&nbsp;&nbsp;&nbsp;Grade 1 - Age 12: N<br>
748,Licensed Family,Kinder Joy Daycare,406 Glencoe Dr,,Port Moody,V3H 1E9,49.274866,-122.8815,778-355-0480,,,N,N,N,N,N,N,N,N,N,N,N,N,N,N,N,N,N,,,N,N,N,N,N,N,N,N,N,N,N,2026-05-15,http://www.healthspace.ca/fha/childcare,N,Y,N,Kinder Joy Daycare<br>Licensed Family<br>778-355-0480<br><br>Vacancy:<br>&nbsp;&nbsp;&nbsp;&nbsp;<36 months: N<br>&nbsp;&nbsp;&nbsp;&nbsp;30 months -- 5 years: N<br>&nbsp;&nbsp;&nbsp;&nbsp;Preschool: N<br>&nbsp;&nbsp;&nbsp;&nbsp;Grade 1 - Age 12: N<br>
749,Licensed Family,Stepping Stones,1254 Oakmount Rd,,Victoria,V8P 1M2,48.452451,-123.35223,250-881-0244,,,N,N,N,N,N,N,N,N,N,N,N,N,N,N,N,N,N,,,N,N,N,N,N,N,N,N,Y,N,N,2026-05-16,https://www.healthspace.ca/clients/viha/viha_website.nsf/CCFL-Main?OpenView,N,Y,N,Stepping Stones<br>Licensed Family<br>250-881-0244<br><br>Vacancy:<br>&nbsp;&nbsp;&nbsp;&nbsp;<36 months: N<br>&nbsp;&nbsp;&nbsp;&nbsp;30 months -- 5 years: Y<br>&nbsp;&nbsp;&nbsp;&nbsp;Preschool: N<br>&nbsp;&nbsp;&nbsp;&nbsp;Grade 1 - Age 12: N<br>
750,Licensed Group,After School Warriors Child Care Inc,22712 Dewdney Trunk Rd,,Maple Ridge,V2X 3K2,49.219689,-122.592854,604-477-1717,,,N,N,N,N,N,N,N,N,N,N,N,N,N,N,N,N,N,,,N,N,N,N,N,N,N,N,N,N,N,2026-04-21,http://www.healthspace.ca/fha/childcare,N,Y,N,After School Warriors Child Care Inc<br>Licensed Group<br>604-477-1717<br><br>Vacancy:<br>&nbsp;&nbsp;&nbsp;&nbsp;<36 months: N<br>&nbsp;&nbsp;&nbsp;&nbsp;30 months -- 5 years: N<br>&nbsp;&nbsp;&nbsp;&nbsp;Preschool: N<br>&nbsp;&nbsp;&nbsp;&nbsp;Grade 1 - Age 12: N<br>
751,Licensed Group,Ilm-Belmont,3041 Langford Lake Rd,,Victoria,V9B 0L9,48.442473,-123.529326,250-585-7898,,,N,N,N,N,N,N,N,N,N,N,N,N,N,N,N,N,N,,,N,N,N,N,N,N,N,Y,Y,N,N,2026-05-15,https://www.healthspace.ca/clients/viha/viha_website.nsf/CCFL-Main?OpenView,N,Y,N,Ilm-Belmont<br>Licensed Group<br>250-585-7898<br><br>Vacancy:<br>&nbsp;&nbsp;&nbsp;&nbsp;<36 months: Y<br>&nbsp;&nbsp;&nbsp;&nbsp;30 months -- 5 years: Y<br>&nbsp;&nbsp;&nbsp;&nbsp;Preschool: N<br>&nbsp;&nbsp;&nbsp;&nbsp;Grade 1 - Age 12: N<br>
752,Licensed Family,Kanaka Creek Daycare,11079 236A St,,Maple Ridge,V2W 2A1,49.203419,-122.567449,604-477-1125,,,N,N,N,N,N,N,N,N,N,N,N,N,N,N,N,N,N,Extra fee,Extra fee,N,N,N,N,N,N,N,N,N,N,N,2026-05-15,http://www.healthspace.ca/fha/childcare,N,Y,N,Kanaka Creek Daycare<br>Licensed Family<br>604-477-1125<br><br>Vacancy:<br>&nbsp;&nbsp;&nbsp;&nbsp;<36 months: N<br>&nbsp;&nbsp;&nbsp;&nbsp;30 months -- 5 years: N<br>&nbsp;&nbsp;&nbsp;&nbsp;Preschool: N<br>&nbsp;&nbsp;&nbsp;&nbsp;Grade 1 - Age 12: N<br>
753,Licensed Family,Ocean Cliff Treehouse Childcare,12598 Ocean Cliff Dr,,Surrey,V4A 6N1,49.039335,-122.872903,604-535-4929,,,N,N,N,N,N,N,N,N,N,N,N,N,N,N,N,N,N,,,N,N,N,N,N,N,N,Y,Y,N,N,2026-05-19,,N,Y,N,Ocean Cliff Treehouse Childcare<br>Licensed Family<br>604-535-4929<br><br>Vacancy:<br>&nbsp;&nbsp;&nbsp;&nbsp;<36 months: Y<br>&nbsp;&nbsp;&nbsp;&nbsp;30 months -- 5 years: Y<br>&nbsp;&nbsp;&nbsp;&nbsp;Preschool: N<br>&nbsp;&nbsp;&nbsp;&nbsp;Grade 1 - Age 12: N<br>
754,Licensed Family,Little Friends,789 Mountain View Dr,,Gibsons,V0N 1V9,49.411793,-123.511214,604-886-7890,,,N,N,N,N,N,N,N,N,N,N,N,N,N,N,N,N,N,,,N,N,N,N,N,N,N,Y,Y,N,N,2026-04-27,https://inspections.vcha.ca/ChildCare/Table,N,Y,N,Little Friends<br>Licensed Family<br>604-886-7890<br><br>Vacancy:<br>&nbsp;&nbsp;&nbsp;&nbsp;<36 months: Y<br>&nbsp;&nbsp;&nbsp;&nbsp;30 months -- 5 years: Y<br>&nbsp;&nbsp;&nbsp;&nbsp;Preschool: N<br>&nbsp;&nbsp;&nbsp;&nbsp;Grade 1 - Age 12: N<br>
755,Licensed Group,Friends Of Tigger's,1110 Caledonia Ave,,Victoria,V8T 1G1,48.430703,-123.352395,250-818-7677,,,N,N,N,N,N,N,N,N,N,N,N,N,N,N,N,N,N,,,N,N,N,N,N,N,N,N,N,N,Y,2026-05-15,https://www.healthspace.ca/clients/viha/viha_website.nsf/CCFL-Main?OpenView,N,Y,N,Friends Of Tigger's<br>Licensed Group<br>250-818-7677<br><br>Vacancy:<br>&nbsp;&nbsp;&nbsp;&nbsp;<36 months: N<br>&nbsp;&nbsp;&nbsp;&nbsp;30 months -- 5 years: N<br>&nbsp;&nbsp;&nbsp;&nbsp;Preschool: N<br>&nbsp;&nbsp;&nbsp;&nbsp;Grade 1 - Age 12: Y<br>
756,Licensed Family,We Are The World Montessori Childcare,16639 63B Ave,,Surrey,V3S 0W4,49.11094,-122.764844,604-576-1662,,,N,N,N,N,N,N,N,N,N,N,N,N,N,N,N,N,N,,,N,N,N,N,N,N,N,N,N,N,N,2026-04-24,,N,Y,N,We Are The World Montessori Childcare<br>Licensed Family<br>604-576-1662<br><br>Vacancy:<br>&nbsp;&nbsp;&nbsp;&nbsp;<36 months: N<br>&nbsp;&nbsp;&nbsp;&nbsp;30 months -- 5 years: N<br>&nbsp;&nbsp;&nbsp;&nbsp;Preschool: N<br>&nbsp;&nbsp;&nbsp;&nbsp;Grade 1 - Age 12: N<br>
757,Licensed Family,Chez Les Petits Loups Childcare,8212 Rainbow Dr,,Whistler,V0N 1B8,50.147599,-122.963211,604-935-4682,,,N,N,N,N,N,N,N,N,N,N,N,N,N,N,N,N,N,,,N,N,N,N,N,N,N,N,N,N,N,2026-05-14,https://inspections.vcha.ca/ChildCare/Table,N,Y,N,Chez Les Petits Loups Childcare<br>Licensed Family<br>604-935-4682<br><br>Vacancy:<br>&nbsp;&nbsp;&nbsp;&nbsp;<36 months: N<br>&nbsp;&nbsp;&nbsp;&nbsp;30 months -- 5 years: N<br>&nbsp;&nbsp;&nbsp;&nbsp;Preschool: N<br>&nbsp;&nbsp;&nbsp;&nbsp;Grade 1 - Age 12: N<br>
758,Licensed Family,Hummingbird Montessori Child Care,10399 165Th St,,Surrey,V4N 1Y6,49.19133,-122.763774,778-680-6400,,,N,N,N,N,N,N,N,N,N,N,N,N,N,N,N,N,N,,,N,N,N,N,N,N,N,N,N,N,N,2026-05-15,http://www.healthspace.ca/fha/childcare,N,Y,N,Hummingbird Montessori Child Care<br>Licensed Family<br>778-680-6400<br><br>Vacancy:<br>&nbsp;&nbsp;&nbsp;&nbsp;<36 months: N<br>&nbsp;&nbsp;&nbsp;&nbsp;30 months -- 5 years: N<br>&nbsp;&nbsp;&nbsp;&nbsp;Preschool: N<br>&nbsp;&nbsp;&nbsp;&nbsp;Grade 1 - Age 12: N<br>
759,Licensed Group,Little Cedar School Age Care - Commercial Street,3472 Commercial St,,Vancouver,V5N 4E9,49.253461,-123.067467,604-872-3303,,,N,N,N,N,N,N,N,N,N,N,N,N,N,N,N,N,N,,,N,N,N,N,N,N,N,N,N,N,N,2026-05-05,https://inspections.vcha.ca/ChildCare/Table,N,Y,N,Little Cedar School Age Care - Commercial Street<br>Licensed Group<br>604-872-3303<br><br>Vacancy:<br>&nbsp;&nbsp;&nbsp;&nbsp;<36 months: N<br>&nbsp;&nbsp;&nbsp;&nbsp;30 months -- 5 years: N<br>&nbsp;&nbsp;&nbsp;&nbsp;Preschool: N<br>&nbsp;&nbsp;&nbsp;&nbsp;Grade 1 - Age 12: N<br>
760,Licensed Family,Happy Kids Day Care,270 Sadler Rd,,Kelowna,V1X 2Y7,49.891352,-119.385616,778-821-2080,https://www.facebook.com/happykidsdaycarekelowna/,,N,N,N,N,N,N,N,N,N,N,N,N,N,N,N,N,N,,,N,N,N,N,N,N,N,N,N,N,N,2026-05-19,https://hedgehogportal.interiorhealth.ca/ChildCare/Map,N,Y,N,Happy Kids Day Care<br>Licensed Family<br>778-821-2080<br><br>Vacancy:<br>&nbsp;&nbsp;&nbsp;&nbsp;<36 months: N<br>&nbsp;&nbsp;&nbsp;&nbsp;30 months -- 5 years: N<br>&nbsp;&nbsp;&nbsp;&nbsp;Preschool: N<br>&nbsp;&nbsp;&nbsp;&nbsp;Grade 1 - Age 12: N<br>
761,Licensed Family,Bambi World,104-95 1St Ave E,,Vancouver,V6A 0H6,49.27043,-123.10315,604-602-0225,,,N,N,N,N,N,N,N,N,N,N,N,N,N,N,N,N,N,,,N,N,N,N,N,N,N,N,N,N,N,2026-05-10,https://inspections.vcha.ca/ChildCare/Table,N,Y,N,Bambi World<br>Licensed Family<br>604-602-0225<br><br>Vacancy:<br>&nbsp;&nbsp;&nbsp;&nbsp;<36 months: N<br>&nbsp;&nbsp;&nbsp;&nbsp;30 months -- 5 years: N<br>&nbsp;&nbsp;&nbsp;&nbsp;Preschool: N<br>&nbsp;&nbsp;&nbsp;&nbsp;Grade 1 - Age 12: N<br>
762,Licensed Group,Ask Or Imagine Christian Children's Center,6344 Sperling Ave,,Burnaby,V5E 2V4,49.226446,-122.963952,604-970-2625,,,N,N,N,N,N,N,N,N,N,N,N,N,N,N,N,N,N,,,N,N,N,N,N,N,N,Y,Y,N,N,2026-05-18,http://www.healthspace.ca/fha/childcare,N,Y,N,Ask Or Imagine Christian Children's Center<br>Licensed Group<br>604-970-2625<br><br>Vacancy:<br>&nbsp;&nbsp;&nbsp;&nbsp;<36 months: Y<br>&nbsp;&nbsp;&nbsp;&nbsp;30 months -- 5 years: Y<br>&nbsp;&nbsp;&nbsp;&nbsp;Preschool: N<br>&nbsp;&nbsp;&nbsp;&nbsp;Grade 1 - Age 12: N<br>
763,Licensed Family,North Delta Daycare,11881 72 Ave,,Delta,V4E 1Z5,49.134309,-122.893622,604-596-5747,,,,,,,,,,,,,,,,,,,,,,,,,,,,,,,,,,,Y,Y,N,North Delta Daycare<br>Licensed Family<br>604-596-5747<br><br>Vacancy:<br>&nbsp;&nbsp;&nbsp;&nbsp;<36 months: None<br>&nbsp;&nbsp;&nbsp;&nbsp;30 months -- 5 years: None<br>&nbsp;&nbsp;&nbsp;&nbsp;Preschool: None<br>&nbsp;&nbsp;&nbsp;&nbsp;Grade 1 - Age 12: None<br>
764,Licensed Group,Little Willows Edge,201-22590 Dewdney Trunk Rd,,Maple Ridge,V2X 2Z3,49.220013,-122.596564,778-861-3583,,,N,N,N,N,N,N,N,N,N,N,N,N,N,N,N,N,N,,,N,N,N,N,N,N,N,N,N,Y,Y,2026-04-11,http://www.healthspace.ca/fha/childcare,N,Y,N,Little Willows Edge<br>Licensed Group<br>778-861-3583<br><br>Vacancy:<br>&nbsp;&nbsp;&nbsp;&nbsp;<36 months: N<br>&nbsp;&nbsp;&nbsp;&nbsp;30 months -- 5 years: N<br>&nbsp;&nbsp;&nbsp;&nbsp;Preschool: Y<br>&nbsp;&nbsp;&nbsp;&nbsp;Grade 1 - Age 12: Y<br>
765,Licensed Group,"Service De Garde ""Le Petit Jardin""",2882 4Th Ave E,,Vancouver,V5M 1K8,49.266214,-123.044926,778-877-3030,,,N,N,N,N,N,N,N,N,N,N,N,N,N,N,N,N,N,,,N,N,N,N,N,N,N,N,N,N,N,2026-04-25,https://inspections.vcha.ca/ChildCare/Table,N,Y,N,"Service De Garde ""Le Petit Jardin""<br>Licensed Group<br>778-877-3030<br><br>Vacancy:<br>&nbsp;&nbsp;&nbsp;&nbsp;<36 months: N<br>&nbsp;&nbsp;&nbsp;&nbsp;30 months -- 5 years: N<br>&nbsp;&nbsp;&nbsp;&nbsp;Preschool: N<br>&nbsp;&nbsp;&nbsp;&nbsp;Grade 1 - Age 12: N<br>"
766,Licensed Group,Flying Kites Child Care Center - Wix Brown,23851 24Th Ave,,Langley,V2Z 3A3,49.045772,-122.563726,604-308-1446,,,N,N,N,N,N,N,N,N,N,N,N,N,N,N,N,N,N,,,N,N,N,N,N,N,N,N,Y,N,Y,2026-05-04,http://www.healthspace.ca/fha/childcare,N,Y,N,Flying Kites Child Care Center - Wix Brown<br>Licensed Group<br>604-308-1446<br><br>Vacancy:<br>&nbsp;&nbsp;&nbsp;&nbsp;<36 months: N<br>&nbsp;&nbsp;&nbsp;&nbsp;30 months -- 5 years: Y<br>&nbsp;&nbsp;&nbsp;&nbsp;Preschool: N<br>&nbsp;&nbsp;&nbsp;&nbsp;Grade 1 - Age 12: Y<br>
767,Licensed Group,Taniere Des Lynx,1618 Patricia Ave,,Port Coquitlam,V3B 4A8,49.276541,-122.759527,236-339-4927,,,N,N,N,N,N,N,N,N,N,N,N,N,N,N,N,N,N,,,N,N,N,N,N,N,N,N,Y,N,Y,2026-03-25,http://www.healthspace.ca/fha/childcare,N,Y,N,Taniere Des Lynx<br>Licensed Group<br>236-339-4927<br><br>Vacancy:<br>&nbsp;&nbsp;&nbsp;&nbsp;<36 months: N<br>&nbsp;&nbsp;&nbsp;&nbsp;30 months -- 5 years: Y<br>&nbsp;&nbsp;&nbsp;&nbsp;Preschool: N<br>&nbsp;&nbsp;&nbsp;&nbsp;Grade 1 - Age 12: Y<br>
768,Licensed Group,Abc Academy-Children's Learning Center,37 8Th Ave,,New Westminster,V3L 1X6,49.221085,-122.914623,604-805-2402,,,N,N,N,N,N,N,N,N,N,N,N,N,N,N,N,N,N,,,N,N,N,N,N,N,N,N,N,N,N,2026-05-20,http://www.healthspace.ca/fha/childcare,N,Y,N,Abc Academy-Children's Learning Center<br>Licensed Group<br>604-805-2402<br><br>Vacancy:<br>&nbsp;&nbsp;&nbsp;&nbsp;<36 months: N<br>&nbsp;&nbsp;&nbsp;&nbsp;30 months -- 5 years: N<br>&nbsp;&nbsp;&nbsp;&nbsp;Preschool: N<br>&nbsp;&nbsp;&nbsp;&nbsp;Grade 1 - Age 12: N<br>
769,Licensed Group,Abc Academy - Children's Learning Center Ltd,160-401 Eighth St,,New Westminster,V3M 1S7,49.208586,-122.9203,604-805-2402,,,N,N,N,N,N,N,N,N,N,N,N,N,N,N,N,N,N,,,N,N,N,N,N,N,N,N,N,N,N,2026-05-20,http://www.healthspace.ca/fha/childcare,N,Y,N,Abc Academy - Children's Learning Center Ltd<br>Licensed Group<br>604-805-2402<br><br>Vacancy:<br>&nbsp;&nbsp;&nbsp;&nbsp;<36 months: N<br>&nbsp;&nbsp;&nbsp;&nbsp;30 months -- 5 years: N<br>&nbsp;&nbsp;&nbsp;&nbsp;Preschool: N<br>&nbsp;&nbsp;&nbsp;&nbsp;Grade 1 - Age 12: N<br>
770,Licensed Group,Willowbrae Academy Victoria,301-722 Johnson St,,Victoria,V8W 1N1,48.42733,-123.363567,250-415-9974,,,N,N,N,N,N,N,N,N,N,N,N,N,N,N,N,N,N,,,N,N,N,N,N,N,N,N,Y,N,N,2026-05-15,https://www.healthspace.ca/clients/viha/viha_website.nsf/CCFL-Main?OpenView,N,Y,N,Willowbrae Academy Victoria<br>Licensed Group<br>250-415-9974<br><br>Vacancy:<br>&nbsp;&nbsp;&nbsp;&nbsp;<36 months: N<br>&nbsp;&nbsp;&nbsp;&nbsp;30 months -- 5 years: Y<br>&nbsp;&nbsp;&nbsp;&nbsp;Preschool: N<br>&nbsp;&nbsp;&nbsp;&nbsp;Grade 1 - Age 12: N<br>
771,Licensed Group,Assumption Preschool,7091 Glacier St,,Powell River,V8A 1R8,49.832137,-124.516765,604-414-8549,,,N,N,N,N,N,N,N,N,N,N,N,N,N,N,N,N,N,,,N,N,N,N,N,N,N,N,N,N,N,2026-05-04,https://inspections.vcha.ca/ChildCare/Table,N,Y,N,Assumption Preschool<br>Licensed Group<br>604-414-8549<br><br>Vacancy:<br>&nbsp;&nbsp;&nbsp;&nbsp;<36 months: N<br>&nbsp;&nbsp;&nbsp;&nbsp;30 months -- 5 years: N<br>&nbsp;&nbsp;&nbsp;&nbsp;Preschool: N<br>&nbsp;&nbsp;&nbsp;&nbsp;Grade 1 - Age 12: N<br>
772,Licensed Group,Noisy Monkeys French Immersion & Language Academy,110  9093 King George Blvd,,Surrey,V3V 5V7,49.167753,-122.846152,604-503-5033,,,N,N,N,N,N,N,N,N,N,N,N,N,N,N,N,N,N,,,N,N,N,N,N,N,N,N,N,Y,Y,2026-05-15,http://www.healthspace.ca/fha/childcare,N,Y,N,Noisy Monkeys French Immersion & Language Academy<br>Licensed Group<br>604-503-5033<br><br>Vacancy:<br>&nbsp;&nbsp;&nbsp;&nbsp;<36 months: N<br>&nbsp;&nbsp;&nbsp;&nbsp;30 months -- 5 years: N<br>&nbsp;&nbsp;&nbsp;&nbsp;Preschool: Y<br>&nbsp;&nbsp;&nbsp;&nbsp;Grade 1 - Age 12: Y<br>
773,Licensed Family,Hands & Hearts Family Child Care,105-7988 Yukon St,,Vancouver,V5X 2Y7,49.21263,-123.114275,778-834-1345,,,N,N,N,N,N,N,N,N,N,N,N,N,N,N,N,N,N,,,N,N,N,N,N,N,N,Y,Y,N,N,2026-05-15,https://inspections.vcha.ca/ChildCare/Table,N,Y,N,Hands & Hearts Family Child Care<br>Licensed Family<br>778-834-1345<br><br>Vacancy:<br>&nbsp;&nbsp;&nbsp;&nbsp;<36 months: Y<br>&nbsp;&nbsp;&nbsp;&nbsp;30 months -- 5 years: Y<br>&nbsp;&nbsp;&nbsp;&nbsp;Preschool: N<br>&nbsp;&nbsp;&nbsp;&nbsp;Grade 1 - Age 12: N<br>
774,Licensed Family,Tisdall Corner Family Child Care,5831 Tisdall St,,Vancouver,V5Z 3M9,49.2324,-123.12293,778-839-4163,,,N,N,N,N,N,N,N,N,N,N,N,N,N,N,N,N,N,,,N,N,N,N,N,N,N,Y,N,N,Y,2026-05-21,https://inspections.vcha.ca/ChildCare/Table,N,Y,N,Tisdall Corner Family Child Care<br>Licensed Family<br>778-839-4163<br><br>Vacancy:<br>&nbsp;&nbsp;&nbsp;&nbsp;<36 months: Y<br>&nbsp;&nbsp;&nbsp;&nbsp;30 months -- 5 years: N<br>&nbsp;&nbsp;&nbsp;&nbsp;Preschool: N<br>&nbsp;&nbsp;&nbsp;&nbsp;Grade 1 - Age 12: Y<br>
775,Licensed Group,Glowing Hearts Daycare,705 Delestre Ave,,Coquitlam,V3K 2G1,49.241961,-122.88069,604-936-9890,,,N,N,N,N,N,N,N,N,N,N,N,N,N,N,N,N,N,,,N,N,N,N,N,N,N,Y,Y,N,N,2026-05-02,http://www.healthspace.ca/fha/childcare,N,Y,N,Glowing Hearts Daycare<br>Licensed Group<br>604-936-9890<br><br>Vacancy:<br>&nbsp;&nbsp;&nbsp;&nbsp;<36 months: Y<br>&nbsp;&nbsp;&nbsp;&nbsp;30 months -- 5 years: Y<br>&nbsp;&nbsp;&nbsp;&nbsp;Preschool: N<br>&nbsp;&nbsp;&nbsp;&nbsp;Grade 1 - Age 12: N<br>
776,Licensed Group,Nido De Montessori,2125-4653 Garden City Rd,,Richmond,V6X 4B8,49.179075,-123.125436,604-256-6522,,,N,N,N,N,N,N,N,N,N,N,N,N,N,N,N,N,N,,,N,N,N,N,N,N,N,N,N,N,N,2026-05-04,https://inspections.vcha.ca/ChildCare/Table,N,Y,Y,Nido De Montessori<br>Licensed Group<br>604-256-6522<br><br>Vacancy:<br>&nbsp;&nbsp;&nbsp;&nbsp;<36 months: N<br>&nbsp;&nbsp;&nbsp;&nbsp;30 months -- 5 years: N<br>&nbsp;&nbsp;&nbsp;&nbsp;Preschool: N<br>&nbsp;&nbsp;&nbsp;&nbsp;Grade 1 - Age 12: N<br>
777,Licensed Group,Nido De Montessori,2125-4653 Garden City Rd,,Richmond,V6X 4B8,49.179075,-123.125436,604-256-6522,,,N,N,N,N,N,N,N,N,N,N,N,N,N,N,N,N,N,,,N,N,N,N,N,N,N,N,N,N,N,2026-05-04,https://inspections.vcha.ca/ChildCare/Table,N,Y,Y,Nido De Montessori<br>Licensed Group<br>604-256-6522<br><br>Vacancy:<br>&nbsp;&nbsp;&nbsp;&nbsp;<36 months: N<br>&nbsp;&nbsp;&nbsp;&nbsp;30 months -- 5 years: N<br>&nbsp;&nbsp;&nbsp;&nbsp;Preschool: N<br>&nbsp;&nbsp;&nbsp;&nbsp;Grade 1 - Age 12: N<br>
778,Licensed Family,Mommy And Me Childcare,4540 Highland Blvd,,North Vancouver,V7R 3A3,49.353481,-123.094649,604-353-3830,,,N,N,N,N,N,N,N,N,N,N,N,N,N,N,N,N,N,,,N,N,N,N,N,N,N,Y,Y,N,Y,2026-05-20,https://inspections.vcha.ca/ChildCare/Table,N,Y,N,Mommy And Me Childcare<br>Licensed Family<br>604-353-3830<br><br>Vacancy:<br>&nbsp;&nbsp;&nbsp;&nbsp;<36 months: Y<br>&nbsp;&nbsp;&nbsp;&nbsp;30 months -- 5 years: Y<br>&nbsp;&nbsp;&nbsp;&nbsp;Preschool: N<br>&nbsp;&nbsp;&nbsp;&nbsp;Grade 1 - Age 12: Y<br>
779,Licensed Family,Here We Grow Family Childcare,2578 Windermere Ave,,Cumberland,V0R 1S0,49.620881,-125.03944,250-897-8693,,,N,N,N,N,N,N,N,N,N,N,N,N,N,N,N,N,N,,,N,N,N,N,N,N,N,N,N,N,N,2026-04-25,https://www.healthspace.ca/clients/viha/viha_website.nsf/CCFL-Main?OpenView,N,Y,N,Here We Grow Family Childcare<br>Licensed Family<br>250-897-8693<br><br>Vacancy:<br>&nbsp;&nbsp;&nbsp;&nbsp;<36 months: N<br>&nbsp;&nbsp;&nbsp;&nbsp;30 months -- 5 years: N<br>&nbsp;&nbsp;&nbsp;&nbsp;Preschool: N<br>&nbsp;&nbsp;&nbsp;&nbsp;Grade 1 - Age 12: N<br>
780,Licensed Family,Lovely Angels,4947 Manor St,,Vancouver,V5R 3Y1,49.240446,-123.041129,778-689-3484,,,N,N,N,N,N,N,N,N,N,N,N,N,N,N,N,N,N,,,N,N,N,N,N,N,N,N,N,N,N,2026-05-14,https://inspections.vcha.ca/ChildCare/Table,N,Y,N,Lovely Angels<br>Licensed Family<br>778-689-3484<br><br>Vacancy:<br>&nbsp;&nbsp;&nbsp;&nbsp;<36 months: N<br>&nbsp;&nbsp;&nbsp;&nbsp;30 months -- 5 years: N<br>&nbsp;&nbsp;&nbsp;&nbsp;Preschool: N<br>&nbsp;&nbsp;&nbsp;&nbsp;Grade 1 - Age 12: N<br>
781,Licensed Family,Little Penguin Family Child Care,114-6044 Wilson Ave,,Burnaby,V5H 2R7,49.22925,-123.009169,778-926-4018,https://littlepenguinchildcare.webs.com/,,N,N,N,N,N,N,Y,Y,N,N,N,N,N,N,N,Y,Y,Included in fee,Not offered,N,N,N,N,N,N,N,Y,N,N,N,2025-10-17,http://www.healthspace.ca/fha/childcare,N,Y,N,Little Penguin Family Child Care<br>Licensed Family<br>778-926-4018<br><br>Vacancy:<br>&nbsp;&nbsp;&nbsp;&nbsp;<36 months: Y<br>&nbsp;&nbsp;&nbsp;&nbsp;30 months -- 5 years: N<br>&nbsp;&nbsp;&nbsp;&nbsp;Preschool: N<br>&nbsp;&nbsp;&nbsp;&nbsp;Grade 1 - Age 12: N<br>
782,Licensed Family,Langdale Daycare,1347 Marine Dr,,Gibsons,V0N 1V1,49.43202,-123.479761,604-886-7648,,,N,N,N,N,N,N,N,N,N,N,N,N,N,N,N,N,N,,,N,N,N,N,N,N,N,N,N,N,N,2026-05-19,https://inspections.vcha.ca/ChildCare/Table,N,Y,N,Langdale Daycare<br>Licensed Family<br>604-886-7648<br><br>Vacancy:<br>&nbsp;&nbsp;&nbsp;&nbsp;<36 months: N<br>&nbsp;&nbsp;&nbsp;&nbsp;30 months -- 5 years: N<br>&nbsp;&nbsp;&nbsp;&nbsp;Preschool: N<br>&nbsp;&nbsp;&nbsp;&nbsp;Grade 1 - Age 12: N<br>
783,Licensed Family,Willow Tree Family Day Care,546 Bournemouth Cres,,North Vancouver,V7H 2G5,49.310012,-122.99642,604-980-1815,,,N,N,N,N,N,N,N,N,N,N,N,N,N,N,N,N,N,,,N,N,N,N,N,N,N,N,N,N,N,2026-04-17,https://inspections.vcha.ca/ChildCare/Table,N,Y,N,Willow Tree Family Day Care<br>Licensed Family<br>604-980-1815<br><br>Vacancy:<br>&nbsp;&nbsp;&nbsp;&nbsp;<36 months: N<br>&nbsp;&nbsp;&nbsp;&nbsp;30 months -- 5 years: N<br>&nbsp;&nbsp;&nbsp;&nbsp;Preschool: N<br>&nbsp;&nbsp;&nbsp;&nbsp;Grade 1 - Age 12: N<br>
784,Licensed Family,The Sunshine Hills Multi-Age Child Care,6417 Lyon Rd,,Delta,V4E 1H6,49.119478,-122.920252,604-723-9578,,,N,N,N,N,N,N,N,N,N,N,N,N,N,N,N,N,N,,,N,N,N,N,N,N,N,N,N,N,Y,2026-05-15,http://www.healthspace.ca/fha/childcare,N,Y,N,The Sunshine Hills Multi-Age Child Care<br>Licensed Family<br>604-723-9578<br><br>Vacancy:<br>&nbsp;&nbsp;&nbsp;&nbsp;<36 months: N<br>&nbsp;&nbsp;&nbsp;&nbsp;30 months -- 5 years: N<br>&nbsp;&nbsp;&nbsp;&nbsp;Preschool: N<br>&nbsp;&nbsp;&nbsp;&nbsp;Grade 1 - Age 12: Y<br>
785,Licensed Group,Highland Montessori Child Care,3550 Highland Dr,,Coquitlam,V3E 0K2,49.29931,-122.743102,778-998-8976,,,N,N,N,N,N,N,N,N,N,N,N,N,N,N,N,N,N,,,N,N,N,N,N,N,N,N,N,N,N,2026-05-04,http://www.healthspace.ca/fha/childcare,N,Y,N,Highland Montessori Child Care<br>Licensed Group<br>778-998-8976<br><br>Vacancy:<br>&nbsp;&nbsp;&nbsp;&nbsp;<36 months: N<br>&nbsp;&nbsp;&nbsp;&nbsp;30 months -- 5 years: N<br>&nbsp;&nbsp;&nbsp;&nbsp;Preschool: N<br>&nbsp;&nbsp;&nbsp;&nbsp;Grade 1 - Age 12: N<br>
786,Licensed Family,Happy Face Family Child Care,6965 Aubrey St,,Burnaby,V5B 2E4,49.273653,-122.959597,604-435-0880,,,N,N,N,N,N,N,N,N,N,N,N,N,N,N,N,N,N,,,N,N,N,N,N,N,N,N,N,N,N,2026-05-04,http://www.healthspace.ca/fha/childcare,N,Y,N,Happy Face Family Child Care<br>Licensed Family<br>604-435-0880<br><br>Vacancy:<br>&nbsp;&nbsp;&nbsp;&nbsp;<36 months: N<br>&nbsp;&nbsp;&nbsp;&nbsp;30 months -- 5 years: N<br>&nbsp;&nbsp;&nbsp;&nbsp;Preschool: N<br>&nbsp;&nbsp;&nbsp;&nbsp;Grade 1 - Age 12: N<br>
787,Licensed Group,Creative Advantage Klo,7-1790 K.L.O. Rd,,Kelowna,V1W 3P6,49.861276,-119.457066,250-300-5498,,,,,,,,,,,,,,,,,,,,,,,,,,,,,,,,,,,Y,Y,N,Creative Advantage Klo<br>Licensed Group<br>250-300-5498<br><br>Vacancy:<br>&nbsp;&nbsp;&nbsp;&nbsp;<36 months: None<br>&nbsp;&nbsp;&nbsp;&nbsp;30 months -- 5 years: None<br>&nbsp;&nbsp;&nbsp;&nbsp;Preschool: None<br>&nbsp;&nbsp;&nbsp;&nbsp;Grade 1 - Age 12: None<br>
788,Licensed Group,The Grove,3592 Mountain Highway,,North Vancouver,V7K 0A2,49.341126,-123.037008,604-984-9722,,,N,N,N,N,N,N,N,N,N,N,N,N,N,N,N,N,N,,,N,N,N,N,N,N,N,N,N,N,N,2026-05-14,https://inspections.vcha.ca/ChildCare/Table,N,Y,N,The Grove<br>Licensed Group<br>604-984-9722<br><br>Vacancy:<br>&nbsp;&nbsp;&nbsp;&nbsp;<36 months: N<br>&nbsp;&nbsp;&nbsp;&nbsp;30 months -- 5 years: N<br>&nbsp;&nbsp;&nbsp;&nbsp;Preschool: N<br>&nbsp;&nbsp;&nbsp;&nbsp;Grade 1 - Age 12: N<br>
789,Licensed Group,The Grove,3592 Mountain Hwy,,North Vancouver,V7K 0A2,49.341281,-123.03737,604-984-9722,,,N,N,N,N,N,N,N,N,N,N,N,N,N,N,N,N,N,,,N,N,N,N,N,N,N,N,N,N,N,2026-05-14,https://inspections.vcha.ca/ChildCare/Table,N,Y,N,The Grove<br>Licensed Group<br>604-984-9722<br><br>Vacancy:<br>&nbsp;&nbsp;&nbsp;&nbsp;<36 months: N<br>&nbsp;&nbsp;&nbsp;&nbsp;30 months -- 5 years: N<br>&nbsp;&nbsp;&nbsp;&nbsp;Preschool: N<br>&nbsp;&nbsp;&nbsp;&nbsp;Grade 1 - Age 12: N<br>
790,Licensed Group,Little Miracles Preschool,3075 29Th Ave,,Vernon,V1T 1Y9,50.26311,-119.271881,250-503-2220,,,N,N,N,N,N,N,N,N,N,N,N,N,N,N,N,N,N,,,N,N,N,N,N,N,N,N,Y,N,N,2026-05-20,https://hedgehogportal.interiorhealth.ca/ChildCare/Map,N,Y,N,Little Miracles Preschool<br>Licensed Group<br>250-503-2220<br><br>Vacancy:<br>&nbsp;&nbsp;&nbsp;&nbsp;<36 months: N<br>&nbsp;&nbsp;&nbsp;&nbsp;30 months -- 5 years: Y<br>&nbsp;&nbsp;&nbsp;&nbsp;Preschool: N<br>&nbsp;&nbsp;&nbsp;&nbsp;Grade 1 - Age 12: N<br>
791,Licensed Family,Puddles And Play,1710 Jamaica Ave,,Prince Rupert,V8J 2Y5,54.323179,-130.287077,250-624-3904,,,N,N,N,N,N,N,N,N,N,N,N,N,N,N,N,N,N,,,N,N,N,N,N,N,N,N,N,N,N,2026-05-16,https://www.healthspace.ca/Clients/NHA/NHA_Website.nsf/CCFL-Frameset,N,Y,N,Puddles And Play<br>Licensed Family<br>250-624-3904<br><br>Vacancy:<br>&nbsp;&nbsp;&nbsp;&nbsp;<36 months: N<br>&nbsp;&nbsp;&nbsp;&nbsp;30 months -- 5 years: N<br>&nbsp;&nbsp;&nbsp;&nbsp;Preschool: N<br>&nbsp;&nbsp;&nbsp;&nbsp;Grade 1 - Age 12: N<br>
792,Licensed Family,Little Waddlers Daycare,10840 Maddocks Rd,,Richmond,V7A 3M5,49.135857,-123.10683,778-847-3540,,,N,N,N,N,N,N,N,N,N,N,N,N,N,N,N,N,N,,,N,N,N,N,N,N,N,N,N,N,N,2026-05-15,https://inspections.vcha.ca/ChildCare/Table,N,Y,N,Little Waddlers Daycare<br>Licensed Family<br>778-847-3540<br><br>Vacancy:<br>&nbsp;&nbsp;&nbsp;&nbsp;<36 months: N<br>&nbsp;&nbsp;&nbsp;&nbsp;30 months -- 5 years: N<br>&nbsp;&nbsp;&nbsp;&nbsp;Preschool: N<br>&nbsp;&nbsp;&nbsp;&nbsp;Grade 1 - Age 12: N<br>
793,Licensed Group,Little Munchkin Daycare Ltd.,1068 29Th Ave W,,Vancouver,V6H 2E3,49.24515,-123.128855,604-655-1895,,,N,N,N,N,N,N,N,N,N,N,N,N,N,N,N,N,N,,,N,N,N,N,N,N,N,Y,Y,Y,Y,2026-04-01,https://inspections.vcha.ca/ChildCare/Table,N,Y,N,Little Munchkin Daycare Ltd.<br>Licensed Group<br>604-655-1895<br><br>Vacancy:<br>&nbsp;&nbsp;&nbsp;&nbsp;<36 months: Y<br>&nbsp;&nbsp;&nbsp;&nbsp;30 months -- 5 years: Y<br>&nbsp;&nbsp;&nbsp;&nbsp;Preschool: Y<br>&nbsp;&nbsp;&nbsp;&nbsp;Grade 1 - Age 12: Y<br>
794,Licensed Group,The Learning Ladder Children's Centre,5-20468 Lougheed Hwy,,Maple Ridge,V2X 2P8,49.218383,-122.654427,604-460-0601,,,N,N,N,N,N,N,N,N,N,N,N,N,N,N,N,N,N,,,N,N,N,N,N,N,N,N,N,N,N,2026-05-18,http://www.healthspace.ca/fha/childcare,N,Y,N,The Learning Ladder Children's Centre<br>Licensed Group<br>604-460-0601<br><br>Vacancy:<br>&nbsp;&nbsp;&nbsp;&nbsp;<36 months: N<br>&nbsp;&nbsp;&nbsp;&nbsp;30 months -- 5 years: N<br>&nbsp;&nbsp;&nbsp;&nbsp;Preschool: N<br>&nbsp;&nbsp;&nbsp;&nbsp;Grade 1 - Age 12: N<br>
795,Licensed Group,Citadel Childcare Centre,779 Citadel Dr,,Port Coquitlam,V3C 6E4,49.228883,-122.788727,778-859-3835,,,N,N,N,N,N,N,N,N,N,N,N,N,N,N,N,N,N,,,N,N,N,N,N,N,N,N,N,N,N,2026-05-18,http://www.healthspace.ca/fha/childcare,N,Y,N,Citadel Childcare Centre<br>Licensed Group<br>778-859-3835<br><br>Vacancy:<br>&nbsp;&nbsp;&nbsp;&nbsp;<36 months: N<br>&nbsp;&nbsp;&nbsp;&nbsp;30 months -- 5 years: N<br>&nbsp;&nbsp;&nbsp;&nbsp;Preschool: N<br>&nbsp;&nbsp;&nbsp;&nbsp;Grade 1 - Age 12: N<br>
796,Licensed Group,Ms Patty's Westside Montessori Children's Centre,3155 Glenrosa Rd,,West Kelowna,V4T 1A1,49.837407,-119.667494,250-869-5185,,,N,N,N,N,N,N,N,N,N,N,N,N,N,N,N,N,N,,,N,N,N,N,N,N,N,N,N,N,N,2026-04-22,https://hedgehogportal.interiorhealth.ca/ChildCare/Map,N,Y,N,Ms Patty's Westside Montessori Children's Centre<br>Licensed Group<br>250-869-5185<br><br>Vacancy:<br>&nbsp;&nbsp;&nbsp;&nbsp;<36 months: N<br>&nbsp;&nbsp;&nbsp;&nbsp;30 months -- 5 years: N<br>&nbsp;&nbsp;&nbsp;&nbsp;Preschool: N<br>&nbsp;&nbsp;&nbsp;&nbsp;Grade 1 - Age 12: N<br>
797,Licensed Family,Blossom Child Care,4571 Lancelot Dr,,Richmond,V7C 4S4,49.151833,-123.170659,604-317-8207,,,N,N,N,N,N,N,N,N,N,N,N,N,N,N,N,N,N,,,N,N,N,N,N,N,N,N,N,N,N,2026-05-19,https://inspections.vcha.ca/ChildCare/Table,N,Y,N,Blossom Child Care<br>Licensed Family<br>604-317-8207<br><br>Vacancy:<br>&nbsp;&nbsp;&nbsp;&nbsp;<36 months: N<br>&nbsp;&nbsp;&nbsp;&nbsp;30 months -- 5 years: N<br>&nbsp;&nbsp;&nbsp;&nbsp;Preschool: N<br>&nbsp;&nbsp;&nbsp;&nbsp;Grade 1 - Age 12: N<br>
798,Licensed Family,Desiree's Family Daycare,1480 Selkirk Ave,,Castlegar,V1N 2L2,49.307015,-117.660869,250-304-9305,,,N,N,N,N,N,N,N,N,N,N,N,N,N,N,N,N,N,,,N,N,N,N,N,N,N,Y,Y,N,N,2026-05-20,https://hedgehogportal.interiorhealth.ca/ChildCare/Map,N,Y,N,Desiree's Family Daycare<br>Licensed Family<br>250-304-9305<br><br>Vacancy:<br>&nbsp;&nbsp;&nbsp;&nbsp;<36 months: Y<br>&nbsp;&nbsp;&nbsp;&nbsp;30 months -- 5 years: Y<br>&nbsp;&nbsp;&nbsp;&nbsp;Preschool: N<br>&nbsp;&nbsp;&nbsp;&nbsp;Grade 1 - Age 12: N<br>
799,Licensed Group,Circle Of Friends Daycare Centre,187 Wyles Cres,,Penticton,V2A 8M3,49.476232,-119.587965,250-493-4875,,,N,N,N,N,N,N,N,N,N,N,N,N,N,N,N,N,N,,,N,N,N,N,N,N,N,N,Y,N,N,2026-05-15,https://hedgehogportal.interiorhealth.ca/ChildCare/Map,N,Y,N,Circle Of Friends Daycare Centre<br>Licensed Group<br>250-493-4875<br><br>Vacancy:<br>&nbsp;&nbsp;&nbsp;&nbsp;<36 months: N<br>&nbsp;&nbsp;&nbsp;&nbsp;30 months -- 5 years: Y<br>&nbsp;&nbsp;&nbsp;&nbsp;Preschool: N<br>&nbsp;&nbsp;&nbsp;&nbsp;Grade 1 - Age 12: N<br>
800,Licensed Group,Little Gems (Little Star Children's Centre Ltd.),825 Village Way E,,Qualicum Beach,V9K 1A1,49.350555,-124.407486,250-228-5437,,,N,N,N,N,N,N,N,N,N,N,N,N,N,N,N,N,N,,,N,N,N,N,N,N,N,N,N,N,N,2026-05-20,https://www.healthspace.ca/clients/viha/viha_website.nsf/CCFL-Main?OpenView,N,Y,N,Little Gems (Little Star Children's Centre Ltd.)<br>Licensed Group<br>250-228-5437<br><br>Vacancy:<br>&nbsp;&nbsp;&nbsp;&nbsp;<36 months: N<br>&nbsp;&nbsp;&nbsp;&nbsp;30 months -- 5 years: N<br>&nbsp;&nbsp;&nbsp;&nbsp;Preschool: N<br>&nbsp;&nbsp;&nbsp;&nbsp;Grade 1 - Age 12: N<br>
801,Licensed Family,Fairytale Daycare,1820 Hegert Rd,,Prince George,V2K 1L8,53.951421,-122.758865,250-565-1018,,,N,N,N,N,N,N,N,N,N,N,N,N,N,N,N,N,N,,,N,N,N,N,N,N,N,Y,Y,N,N,2026-04-16,https://www.healthspace.ca/Clients/NHA/NHA_Website.nsf/CCFL-Frameset,N,N,N,Fairytale Daycare<br>Licensed Family<br>250-565-1018<br><br>Vacancy:<br>&nbsp;&nbsp;&nbsp;&nbsp;<36 months: Y<br>&nbsp;&nbsp;&nbsp;&nbsp;30 months -- 5 years: Y<br>&nbsp;&nbsp;&nbsp;&nbsp;Preschool: N<br>&nbsp;&nbsp;&nbsp;&nbsp;Grade 1 - Age 12: N<br>
802,Licensed Family,Playful Spirit,830 Greenwood St,,Campbell River,V9W 3B9,50.022183,-125.252745,250-703-1095,www.playfulspirit.ca,,N,N,N,N,N,N,N,N,N,N,N,N,N,N,N,N,N,,,N,N,N,N,N,N,N,N,N,N,Y,2026-05-15,https://www.healthspace.ca/clients/viha/viha_website.nsf/CCFL-Main?OpenView,N,Y,N,Playful Spirit<br>Licensed Family<br>250-703-1095<br><br>Vacancy:<br>&nbsp;&nbsp;&nbsp;&nbsp;<36 months: N<br>&nbsp;&nbsp;&nbsp;&nbsp;30 months -- 5 years: N<br>&nbsp;&nbsp;&nbsp;&nbsp;Preschool: N<br>&nbsp;&nbsp;&nbsp;&nbsp;Grade 1 - Age 12: Y<br>
803,Licensed Group,Play-N-Grow Childcare Centre Inc #4,13941 94A Ave,,Surrey,V3V 1N3,49.174902,-122.836452,604-782-3546,,,N,N,N,N,N,N,N,N,N,N,N,N,N,N,N,N,N,,,N,N,N,N,N,N,N,Y,N,N,N,2026-05-15,http://www.healthspace.ca/fha/childcare,N,Y,N,Play-N-Grow Childcare Centre Inc #4<br>Licensed Group<br>604-782-3546<br><br>Vacancy:<br>&nbsp;&nbsp;&nbsp;&nbsp;<36 months: Y<br>&nbsp;&nbsp;&nbsp;&nbsp;30 months -- 5 years: N<br>&nbsp;&nbsp;&nbsp;&nbsp;Preschool: N<br>&nbsp;&nbsp;&nbsp;&nbsp;Grade 1 - Age 12: N<br>
804,Licensed Family,The Curious Moon In Home Multi-Age Child Care,8026 211B St,,Langley,V2Y 0K3,49.148262,-122.636045,778-549-1902,,,N,N,N,N,N,N,N,N,N,N,N,N,N,N,N,N,N,,,N,N,N,N,N,N,N,N,Y,N,N,2026-04-23,http://www.healthspace.ca/fha/childcare,N,Y,N,The Curious Moon In Home Multi-Age Child Care<br>Licensed Family<br>778-549-1902<br><br>Vacancy:<br>&nbsp;&nbsp;&nbsp;&nbsp;<36 months: N<br>&nbsp;&nbsp;&nbsp;&nbsp;30 months -- 5 years: Y<br>&nbsp;&nbsp;&nbsp;&nbsp;Preschool: N<br>&nbsp;&nbsp;&nbsp;&nbsp;Grade 1 - Age 12: N<br>
805,Licensed Family,Kidz World Childcare,2248 Richter St,,Kelowna,V1Y 2P2,49.873645,-119.488593,250-575-3680,,,N,N,N,N,N,N,N,N,N,N,N,N,N,N,N,N,N,,,N,N,N,N,N,N,N,N,N,N,N,2026-03-21,,N,Y,N,Kidz World Childcare<br>Licensed Family<br>250-575-3680<br><br>Vacancy:<br>&nbsp;&nbsp;&nbsp;&nbsp;<36 months: N<br>&nbsp;&nbsp;&nbsp;&nbsp;30 months -- 5 years: N<br>&nbsp;&nbsp;&nbsp;&nbsp;Preschool: N<br>&nbsp;&nbsp;&nbsp;&nbsp;Grade 1 - Age 12: N<br>
806,Licensed Group,Mt Pleasant Neighbourhood House Kid's Peak After School Care,800 Broadway E,,Vancouver,V5T 1Y1,49.262154,-123.086769,604-879-8208,,,N,N,N,N,N,N,N,N,N,N,N,N,N,N,N,N,N,Not offered,Not offered,N,N,N,N,N,N,N,N,N,N,N,2026-04-08,https://inspections.vcha.ca/ChildCare/Table,N,Y,N,Mt Pleasant Neighbourhood House Kid's Peak After School Care<br>Licensed Group<br>604-879-8208<br><br>Vacancy:<br>&nbsp;&nbsp;&nbsp;&nbsp;<36 months: N<br>&nbsp;&nbsp;&nbsp;&nbsp;30 months -- 5 years: N<br>&nbsp;&nbsp;&nbsp;&nbsp;Preschool: N<br>&nbsp;&nbsp;&nbsp;&nbsp;Grade 1 - Age 12: N<br>
807,Licensed Group,Fantastic Kidz Childcare,7233 Dow Ave,,Burnaby,V5J 3X3,49.218093,-123.003478,778-386-8889,,,N,N,N,N,N,N,N,N,N,N,N,N,N,N,N,N,N,,,N,N,N,N,N,N,N,N,N,N,N,2026-05-17,http://www.healthspace.ca/fha/childcare,N,Y,N,Fantastic Kidz Childcare<br>Licensed Group<br>778-386-8889<br><br>Vacancy:<br>&nbsp;&nbsp;&nbsp;&nbsp;<36 months: N<br>&nbsp;&nbsp;&nbsp;&nbsp;30 months -- 5 years: N<br>&nbsp;&nbsp;&nbsp;&nbsp;Preschool: N<br>&nbsp;&nbsp;&nbsp;&nbsp;Grade 1 - Age 12: N<br>
808,Licensed Family,Miss Vicki's Daycare,1170 27Th St,,Courtenay,V9N 6T5,49.669607,-124.99218,250-710-7712,,,N,N,N,N,N,N,N,N,N,N,N,N,N,N,N,N,N,,,N,N,N,N,N,N,N,N,N,N,N,2026-05-15,https://www.healthspace.ca/clients/viha/viha_website.nsf/CCFL-Main?OpenView,N,Y,N,Miss Vicki's Daycare<br>Licensed Family<br>250-710-7712<br><br>Vacancy:<br>&nbsp;&nbsp;&nbsp;&nbsp;<36 months: N<br>&nbsp;&nbsp;&nbsp;&nbsp;30 months -- 5 years: N<br>&nbsp;&nbsp;&nbsp;&nbsp;Preschool: N<br>&nbsp;&nbsp;&nbsp;&nbsp;Grade 1 - Age 12: N<br>
809,Licensed Group,Parasol - Early Years Learning,350 Seymour St,,Kamloops,V2C 2G2,50.675127,-120.33295,236-425-4545,,,N,N,N,N,N,N,N,N,N,N,N,N,N,N,N,N,N,,,N,N,N,N,N,N,N,N,N,N,N,2026-04-18,https://hedgehogportal.interiorhealth.ca/ChildCare/Map,N,Y,N,Parasol - Early Years Learning<br>Licensed Group<br>236-425-4545<br><br>Vacancy:<br>&nbsp;&nbsp;&nbsp;&nbsp;<36 months: N<br>&nbsp;&nbsp;&nbsp;&nbsp;30 months -- 5 years: N<br>&nbsp;&nbsp;&nbsp;&nbsp;Preschool: N<br>&nbsp;&nbsp;&nbsp;&nbsp;Grade 1 - Age 12: N<br>
810,Licensed Group,Little Munchkin Daycare Ltd.,3752 29Th Ave W,,Vancouver,V6S 1T4,49.246141,-123.18739,604-655-1895,,,N,N,N,N,N,N,N,N,N,N,N,N,N,N,N,N,N,,,N,N,N,N,N,N,N,Y,Y,Y,Y,2026-04-01,https://inspections.vcha.ca/ChildCare/Table,N,Y,N,Little Munchkin Daycare Ltd.<br>Licensed Group<br>604-655-1895<br><br>Vacancy:<br>&nbsp;&nbsp;&nbsp;&nbsp;<36 months: Y<br>&nbsp;&nbsp;&nbsp;&nbsp;30 months -- 5 years: Y<br>&nbsp;&nbsp;&nbsp;&nbsp;Preschool: Y<br>&nbsp;&nbsp;&nbsp;&nbsp;Grade 1 - Age 12: Y<br>
811,Licensed Group,Little Munchkin Daycare Ltd.,3750 29Th Ave W,,Vancouver,V6S 1T4,49.245917,-123.187362,604-655-1895,,,N,N,N,N,N,N,N,N,N,N,N,N,N,N,N,N,N,,,N,N,N,N,N,N,N,Y,Y,Y,Y,2026-04-01,https://inspections.vcha.ca/ChildCare/Table,N,Y,N,Little Munchkin Daycare Ltd.<br>Licensed Group<br>604-655-1895<br><br>Vacancy:<br>&nbsp;&nbsp;&nbsp;&nbsp;<36 months: Y<br>&nbsp;&nbsp;&nbsp;&nbsp;30 months -- 5 years: Y<br>&nbsp;&nbsp;&nbsp;&nbsp;Preschool: Y<br>&nbsp;&nbsp;&nbsp;&nbsp;Grade 1 - Age 12: Y<br>
812,Licensed Group,Little Munchkin Daycare Ltd.,1070 29Th Ave W,,Vancouver,V6H 2E3,49.245377,-123.128985,604-655-1895,,,N,N,N,N,N,N,N,N,N,N,N,N,N,N,N,N,N,,,N,N,N,N,N,N,N,Y,Y,Y,Y,2026-04-01,https://inspections.vcha.ca/ChildCare/Table,N,Y,N,Little Munchkin Daycare Ltd.<br>Licensed Group<br>604-655-1895<br><br>Vacancy:<br>&nbsp;&nbsp;&nbsp;&nbsp;<36 months: Y<br>&nbsp;&nbsp;&nbsp;&nbsp;30 months -- 5 years: Y<br>&nbsp;&nbsp;&nbsp;&nbsp;Preschool: Y<br>&nbsp;&nbsp;&nbsp;&nbsp;Grade 1 - Age 12: Y<br>
813,Licensed Group,Qaqauailas House Of Learning,208 Wabilisia St,,Bella Bella,V0T 1Z0,52.160542,-128.145579,250-957-2222,,,,,,,,,,,,,,,,,,,,,,,,,,,,,,,,,,,Y,N,N,Qaqauailas House Of Learning<br>Licensed Group<br>250-957-2222<br><br>Vacancy:<br>&nbsp;&nbsp;&nbsp;&nbsp;<36 months: None<br>&nbsp;&nbsp;&nbsp;&nbsp;30 months -- 5 years: None<br>&nbsp;&nbsp;&nbsp;&nbsp;Preschool: None<br>&nbsp;&nbsp;&nbsp;&nbsp;Grade 1 - Age 12: None<br>
814,Licensed Group,Harwood Montessori School,2001 45 Ave,,Vernon,V1T 3M9,50.278078,-119.258727,250-306-0454,,,N,N,N,N,N,N,N,N,N,N,N,N,N,N,N,N,N,,,N,N,N,N,N,N,N,N,Y,N,N,2026-04-29,https://hedgehogportal.interiorhealth.ca/ChildCare/Map,N,Y,N,Harwood Montessori School<br>Licensed Group<br>250-306-0454<br><br>Vacancy:<br>&nbsp;&nbsp;&nbsp;&nbsp;<36 months: N<br>&nbsp;&nbsp;&nbsp;&nbsp;30 months -- 5 years: Y<br>&nbsp;&nbsp;&nbsp;&nbsp;Preschool: N<br>&nbsp;&nbsp;&nbsp;&nbsp;Grade 1 - Age 12: N<br>
815,Licensed Group,Broadway Bilingual Daycare,6644 Broadway,,Burnaby,V5B 2Y5,49.261439,-122.96636,604-444-4706,,,N,N,N,N,N,N,N,N,N,N,N,N,N,N,N,N,N,,,N,N,N,N,N,N,N,Y,N,N,N,2026-04-18,http://www.healthspace.ca/fha/childcare,N,Y,N,Broadway Bilingual Daycare<br>Licensed Group<br>604-444-4706<br><br>Vacancy:<br>&nbsp;&nbsp;&nbsp;&nbsp;<36 months: Y<br>&nbsp;&nbsp;&nbsp;&nbsp;30 months -- 5 years: N<br>&nbsp;&nbsp;&nbsp;&nbsp;Preschool: N<br>&nbsp;&nbsp;&nbsp;&nbsp;Grade 1 - Age 12: N<br>
816,Licensed Group,Brightstart Children's Academy,101-17610 65A Ave,,Surrey,V3S 5N4,49.121018,-122.734513,416-938-8024,,,N,N,N,N,N,N,N,N,N,N,N,N,N,N,N,N,N,Not offered,Not offered,N,N,N,N,N,N,N,N,N,N,N,2026-05-11,http://www.healthspace.ca/fha/childcare,N,Y,N,Brightstart Children's Academy<br>Licensed Group<br>416-938-8024<br><br>Vacancy:<br>&nbsp;&nbsp;&nbsp;&nbsp;<36 months: N<br>&nbsp;&nbsp;&nbsp;&nbsp;30 months -- 5 years: N<br>&nbsp;&nbsp;&nbsp;&nbsp;Preschool: N<br>&nbsp;&nbsp;&nbsp;&nbsp;Grade 1 - Age 12: N<br>
817,Licensed Group,1St Step Montessori Inc - Sunbury Hall,10409 Dunlop Rd,,Delta,V4C 2L1,49.155834,-122.934458,604-417-3290,,,N,N,N,N,N,N,N,N,N,N,N,N,N,N,N,N,N,,,N,N,N,N,N,N,N,Y,Y,N,N,2026-05-01,http://www.healthspace.ca/fha/childcare,N,Y,N,1St Step Montessori Inc - Sunbury Hall<br>Licensed Group<br>604-417-3290<br><br>Vacancy:<br>&nbsp;&nbsp;&nbsp;&nbsp;<36 months: Y<br>&nbsp;&nbsp;&nbsp;&nbsp;30 months -- 5 years: Y<br>&nbsp;&nbsp;&nbsp;&nbsp;Preschool: N<br>&nbsp;&nbsp;&nbsp;&nbsp;Grade 1 - Age 12: N<br>
818,Licensed Family,Isy's Daycare,303 Phipps Cres,,Kelowna,V1X 7N3,49.902182,-119.380718,250-765-1800,,,N,N,N,N,N,N,N,N,N,N,N,N,N,N,N,N,N,,,N,N,N,N,N,N,N,N,N,N,N,2026-05-16,https://hedgehogportal.interiorhealth.ca/ChildCare/Map,N,Y,N,Isy's Daycare<br>Licensed Family<br>250-765-1800<br><br>Vacancy:<br>&nbsp;&nbsp;&nbsp;&nbsp;<36 months: N<br>&nbsp;&nbsp;&nbsp;&nbsp;30 months -- 5 years: N<br>&nbsp;&nbsp;&nbsp;&nbsp;Preschool: N<br>&nbsp;&nbsp;&nbsp;&nbsp;Grade 1 - Age 12: N<br>
819,Licensed Group,Curious Kids Children's Center,27233 29A Ave,,Aldergrove,V4W 3J7,49.056493,-122.469925,604-857-0194,,,N,N,N,N,N,N,N,N,N,N,N,N,N,N,N,N,N,,,N,N,N,N,N,N,N,N,N,N,N,2026-05-21,http://www.healthspace.ca/fha/childcare,N,Y,N,Curious Kids Children's Center<br>Licensed Group<br>604-857-0194<br><br>Vacancy:<br>&nbsp;&nbsp;&nbsp;&nbsp;<36 months: N<br>&nbsp;&nbsp;&nbsp;&nbsp;30 months -- 5 years: N<br>&nbsp;&nbsp;&nbsp;&nbsp;Preschool: N<br>&nbsp;&nbsp;&nbsp;&nbsp;Grade 1 - Age 12: N<br>
820,Licensed Group,Gamesters Fundamentals Inc,1189 Rochester Ave,,Coquitlam,V3K 2X3,49.246142,-122.857128,778-227-4335,,,N,N,N,N,N,N,N,N,N,N,N,N,N,N,N,N,N,,,N,N,N,N,N,N,N,N,N,N,N,2026-05-15,http://www.healthspace.ca/fha/childcare,N,Y,N,Gamesters Fundamentals Inc<br>Licensed Group<br>778-227-4335<br><br>Vacancy:<br>&nbsp;&nbsp;&nbsp;&nbsp;<36 months: N<br>&nbsp;&nbsp;&nbsp;&nbsp;30 months -- 5 years: N<br>&nbsp;&nbsp;&nbsp;&nbsp;Preschool: N<br>&nbsp;&nbsp;&nbsp;&nbsp;Grade 1 - Age 12: N<br>
821,Licensed Family,Little Sparrows Day Care,1014 Quadling Ave,,Coquitlam,V3K 2A8,49.240575,-122.866459,604-603-1146,www.sparrrowsdaycare.com,,N,N,N,N,N,N,N,N,N,N,N,N,N,N,N,N,N,,,N,N,N,N,N,N,N,N,Y,N,N,2026-05-08,http://www.healthspace.ca/fha/childcare,N,Y,N,Little Sparrows Day Care<br>Licensed Family<br>604-603-1146<br><br>Vacancy:<br>&nbsp;&nbsp;&nbsp;&nbsp;<36 months: N<br>&nbsp;&nbsp;&nbsp;&nbsp;30 months -- 5 years: Y<br>&nbsp;&nbsp;&nbsp;&nbsp;Preschool: N<br>&nbsp;&nbsp;&nbsp;&nbsp;Grade 1 - Age 12: N<br>
822,Licensed Group,Goodwin Academy,3- 10468 Whalley Blvd,,Surrey,V3T 4H5,49.19295,-122.842014,604-588-2074,,,N,N,N,N,N,N,N,N,N,N,N,N,N,N,N,N,N,,,N,N,N,N,N,N,N,Y,N,N,N,2026-05-14,http://www.healthspace.ca/fha/childcare,N,Y,N,Goodwin Academy<br>Licensed Group<br>604-588-2074<br><br>Vacancy:<br>&nbsp;&nbsp;&nbsp;&nbsp;<36 months: Y<br>&nbsp;&nbsp;&nbsp;&nbsp;30 months -- 5 years: N<br>&nbsp;&nbsp;&nbsp;&nbsp;Preschool: N<br>&nbsp;&nbsp;&nbsp;&nbsp;Grade 1 - Age 12: N<br>
823,Licensed Group,Hundred Languages Childcare Inc,110-12409 Harris Rd,,Pitt Meadows,V3Y 0E7,49.228282,-122.690224,604-457-1545,,,N,N,N,N,N,N,N,N,N,N,N,N,N,N,N,N,N,,,N,N,N,N,N,N,N,N,Y,N,N,2026-05-20,http://www.healthspace.ca/fha/childcare,N,Y,N,Hundred Languages Childcare Inc<br>Licensed Group<br>604-457-1545<br><br>Vacancy:<br>&nbsp;&nbsp;&nbsp;&nbsp;<36 months: N<br>&nbsp;&nbsp;&nbsp;&nbsp;30 months -- 5 years: Y<br>&nbsp;&nbsp;&nbsp;&nbsp;Preschool: N<br>&nbsp;&nbsp;&nbsp;&nbsp;Grade 1 - Age 12: N<br>
824,Licensed Family,Jumping Jellybeans Daycare,1080 Eleventh Ave N,,Williams Lake,V2G 3T9,52.148691,-122.14664,250-305-7179,,,N,N,N,N,N,N,N,N,N,N,N,N,N,N,N,N,N,,,N,N,N,N,N,N,N,N,N,N,N,2026-05-14,https://hedgehogportal.interiorhealth.ca/ChildCare/Map,N,Y,N,Jumping Jellybeans Daycare<br>Licensed Family<br>250-305-7179<br><br>Vacancy:<br>&nbsp;&nbsp;&nbsp;&nbsp;<36 months: N<br>&nbsp;&nbsp;&nbsp;&nbsp;30 months -- 5 years: N<br>&nbsp;&nbsp;&nbsp;&nbsp;Preschool: N<br>&nbsp;&nbsp;&nbsp;&nbsp;Grade 1 - Age 12: N<br>
825,Licensed Family,Precious Time Child Care,1408 17Th St S,,Cranbrook,V1C 4S3,49.492729,-115.758973,778-963-0472,,,N,N,N,N,N,N,N,N,N,N,N,N,N,N,N,N,N,,,N,N,N,N,N,N,N,N,N,N,N,2026-05-17,https://hedgehogportal.interiorhealth.ca/ChildCare/Map,N,Y,N,Precious Time Child Care<br>Licensed Family<br>778-963-0472<br><br>Vacancy:<br>&nbsp;&nbsp;&nbsp;&nbsp;<36 months: N<br>&nbsp;&nbsp;&nbsp;&nbsp;30 months -- 5 years: N<br>&nbsp;&nbsp;&nbsp;&nbsp;Preschool: N<br>&nbsp;&nbsp;&nbsp;&nbsp;Grade 1 - Age 12: N<br>
826,Licensed Family,Little Friend Circles Daycare,1346 El Camino Dr,,Coquitlam,V3E 2P8,49.293556,-122.780424,604-440-3787,,,N,N,N,N,N,N,N,N,N,N,N,N,N,N,N,N,N,,,N,N,N,N,N,N,N,Y,Y,N,Y,2026-05-20,http://www.healthspace.ca/fha/childcare,N,Y,N,Little Friend Circles Daycare<br>Licensed Family<br>604-440-3787<br><br>Vacancy:<br>&nbsp;&nbsp;&nbsp;&nbsp;<36 months: Y<br>&nbsp;&nbsp;&nbsp;&nbsp;30 months -- 5 years: Y<br>&nbsp;&nbsp;&nbsp;&nbsp;Preschool: N<br>&nbsp;&nbsp;&nbsp;&nbsp;Grade 1 - Age 12: Y<br>
827,Licensed Family,Sweet House,4122 Virginia Cres,,North Vancouver,V7R 3Z4,49.348111,-123.099624,604-770-0413,,,N,N,N,N,N,N,N,N,N,N,N,N,N,N,N,N,N,,,N,N,N,N,N,N,N,Y,Y,N,N,2026-05-15,https://inspections.vcha.ca/ChildCare/Table,N,Y,N,Sweet House<br>Licensed Family<br>604-770-0413<br><br>Vacancy:<br>&nbsp;&nbsp;&nbsp;&nbsp;<36 months: Y<br>&nbsp;&nbsp;&nbsp;&nbsp;30 months -- 5 years: Y<br>&nbsp;&nbsp;&nbsp;&nbsp;Preschool: N<br>&nbsp;&nbsp;&nbsp;&nbsp;Grade 1 - Age 12: N<br>
828,Licensed Family,Harmonious Holistic Play Childcare,3805 35 Ave,,Vernon,V1T 2V1,50.267484,-119.287494,778-475-0876,,,N,N,N,N,N,N,N,N,N,N,N,N,N,N,N,N,N,,,N,N,N,N,N,N,N,Y,Y,N,N,2026-05-15,https://hedgehogportal.interiorhealth.ca/ChildCare/Map,N,Y,N,Harmonious Holistic Play Childcare<br>Licensed Family<br>778-475-0876<br><br>Vacancy:<br>&nbsp;&nbsp;&nbsp;&nbsp;<36 months: Y<br>&nbsp;&nbsp;&nbsp;&nbsp;30 months -- 5 years: Y<br>&nbsp;&nbsp;&nbsp;&nbsp;Preschool: N<br>&nbsp;&nbsp;&nbsp;&nbsp;Grade 1 - Age 12: N<br>
829,Licensed Group,Brockton School Junior Kindergarten,3467 Duval Rd,,North Vancouver,V7J 3E8,49.340487,-123.024237,604-929-9201,,,N,N,N,N,N,N,N,N,N,N,N,N,N,N,N,N,N,,,N,N,N,N,N,N,N,N,Y,N,N,2026-05-14,https://inspections.vcha.ca/ChildCare/Table,N,N,N,Brockton School Junior Kindergarten<br>Licensed Group<br>604-929-9201<br><br>Vacancy:<br>&nbsp;&nbsp;&nbsp;&nbsp;<36 months: N<br>&nbsp;&nbsp;&nbsp;&nbsp;30 months -- 5 years: Y<br>&nbsp;&nbsp;&nbsp;&nbsp;Preschool: N<br>&nbsp;&nbsp;&nbsp;&nbsp;Grade 1 - Age 12: N<br>
830,Licensed Family,A Place To Play,933 Capilano Pl,,Nanaimo,V9T 1S4,49.205801,-123.99367,250-585-3742,,,N,N,N,N,N,N,N,N,N,N,N,N,N,N,N,N,N,,,N,N,N,N,N,N,N,Y,Y,N,N,2026-05-15,https://www.healthspace.ca/clients/viha/viha_website.nsf/CCFL-Main?OpenView,N,Y,N,A Place To Play<br>Licensed Family<br>250-585-3742<br><br>Vacancy:<br>&nbsp;&nbsp;&nbsp;&nbsp;<36 months: Y<br>&nbsp;&nbsp;&nbsp;&nbsp;30 months -- 5 years: Y<br>&nbsp;&nbsp;&nbsp;&nbsp;Preschool: N<br>&nbsp;&nbsp;&nbsp;&nbsp;Grade 1 - Age 12: N<br>
831,Licensed Group,Fundamentals Childcare Centre Inc,12038 248 St,,Maple Ridge,V4R 1J1,49.220604,-122.534242,604-380-2455,,,N,N,N,N,N,N,N,N,N,N,N,N,N,N,N,N,N,,,N,N,N,N,N,N,N,N,Y,Y,N,2026-05-21,http://www.healthspace.ca/fha/childcare,N,Y,N,Fundamentals Childcare Centre Inc<br>Licensed Group<br>604-380-2455<br><br>Vacancy:<br>&nbsp;&nbsp;&nbsp;&nbsp;<36 months: N<br>&nbsp;&nbsp;&nbsp;&nbsp;30 months -- 5 years: Y<br>&nbsp;&nbsp;&nbsp;&nbsp;Preschool: Y<br>&nbsp;&nbsp;&nbsp;&nbsp;Grade 1 - Age 12: N<br>
832,Licensed Group,Springtree Montessori School,6693 Brantford Ave,,Burnaby,V5E 2R9,49.223053,-122.968223,778-862-9399,,,N,N,N,N,N,N,N,N,N,N,N,N,N,N,N,N,N,,,N,N,N,N,N,N,N,N,N,N,N,2026-04-26,http://www.healthspace.ca/fha/childcare,N,Y,N,Springtree Montessori School<br>Licensed Group<br>778-862-9399<br><br>Vacancy:<br>&nbsp;&nbsp;&nbsp;&nbsp;<36 months: N<br>&nbsp;&nbsp;&nbsp;&nbsp;30 months -- 5 years: N<br>&nbsp;&nbsp;&nbsp;&nbsp;Preschool: N<br>&nbsp;&nbsp;&nbsp;&nbsp;Grade 1 - Age 12: N<br>
833,Licensed Group,Angels Playhouse Infant & Toddler Childcare Centre -Creslawn,1361 Crestlawn Dr,,Burnaby,V5B 3J9,49.272029,-122.989715,604-809-3868,,,N,N,N,N,N,N,N,N,N,N,N,N,N,N,N,N,N,,,N,N,N,N,N,N,N,Y,N,N,N,2026-04-30,http://www.healthspace.ca/fha/childcare,N,Y,N,Angels Playhouse Infant & Toddler Childcare Centre -Creslawn<br>Licensed Group<br>604-809-3868<br><br>Vacancy:<br>&nbsp;&nbsp;&nbsp;&nbsp;<36 months: Y<br>&nbsp;&nbsp;&nbsp;&nbsp;30 months -- 5 years: N<br>&nbsp;&nbsp;&nbsp;&nbsp;Preschool: N<br>&nbsp;&nbsp;&nbsp;&nbsp;Grade 1 - Age 12: N<br>
834,Licensed Family,Little Lords And Ladies,600 Judah St,,Victoria,V8Z 2K2,48.477907,-123.390744,250-589-8080,,,N,N,N,N,N,N,N,N,N,N,N,N,N,N,N,N,N,,,N,N,N,N,N,N,N,N,N,N,N,2026-05-18,https://www.healthspace.ca/clients/viha/viha_website.nsf/CCFL-Main?OpenView,N,Y,N,Little Lords And Ladies<br>Licensed Family<br>250-589-8080<br><br>Vacancy:<br>&nbsp;&nbsp;&nbsp;&nbsp;<36 months: N<br>&nbsp;&nbsp;&nbsp;&nbsp;30 months -- 5 years: N<br>&nbsp;&nbsp;&nbsp;&nbsp;Preschool: N<br>&nbsp;&nbsp;&nbsp;&nbsp;Grade 1 - Age 12: N<br>
835,Licensed Family,Duckie View Daycare,7361 200A St,,Langley,V2Y 3G5,49.135926,-122.667059,778-873-8573,,,N,N,N,N,N,N,N,N,N,N,N,N,N,N,N,N,N,,,N,N,N,N,N,N,N,N,N,N,Y,2026-04-28,http://www.healthspace.ca/fha/childcare,N,Y,N,Duckie View Daycare<br>Licensed Family<br>778-873-8573<br><br>Vacancy:<br>&nbsp;&nbsp;&nbsp;&nbsp;<36 months: N<br>&nbsp;&nbsp;&nbsp;&nbsp;30 months -- 5 years: N<br>&nbsp;&nbsp;&nbsp;&nbsp;Preschool: N<br>&nbsp;&nbsp;&nbsp;&nbsp;Grade 1 - Age 12: Y<br>
836,Licensed Family,Little Hands Learning Center,2626 Ross Rd,,Abbotsford,V4X 1J4,49.050139,-122.403151,604-302-1091,,,N,N,N,N,N,N,N,N,N,N,N,N,N,N,N,N,N,,,N,N,N,N,N,N,N,N,N,N,N,2026-05-15,http://www.healthspace.ca/fha/childcare,N,Y,N,Little Hands Learning Center<br>Licensed Family<br>604-302-1091<br><br>Vacancy:<br>&nbsp;&nbsp;&nbsp;&nbsp;<36 months: N<br>&nbsp;&nbsp;&nbsp;&nbsp;30 months -- 5 years: N<br>&nbsp;&nbsp;&nbsp;&nbsp;Preschool: N<br>&nbsp;&nbsp;&nbsp;&nbsp;Grade 1 - Age 12: N<br>
837,Licensed Family,Whisker's Daycare,1772 Spruceglen Dr,,Kelowna,V1V 1S7,49.906595,-119.457748,250-878-9984,,,N,N,N,N,N,N,N,N,N,N,N,N,N,N,N,N,N,,,N,N,N,N,N,N,N,N,N,N,N,2026-05-15,https://hedgehogportal.interiorhealth.ca/ChildCare/Map,N,Y,N,Whisker's Daycare<br>Licensed Family<br>250-878-9984<br><br>Vacancy:<br>&nbsp;&nbsp;&nbsp;&nbsp;<36 months: N<br>&nbsp;&nbsp;&nbsp;&nbsp;30 months -- 5 years: N<br>&nbsp;&nbsp;&nbsp;&nbsp;Preschool: N<br>&nbsp;&nbsp;&nbsp;&nbsp;Grade 1 - Age 12: N<br>
838,Licensed Family,Jolly Angels Daycare,14859 Spenser Dr,,Surrey,V3S 7K6,49.157989,-122.810801,604-591-3566,,,N,N,N,N,N,N,N,N,N,N,N,N,N,N,N,N,N,,,N,N,N,N,N,N,N,Y,Y,N,N,2026-05-14,http://www.healthspace.ca/fha/childcare,N,Y,N,Jolly Angels Daycare<br>Licensed Family<br>604-591-3566<br><br>Vacancy:<br>&nbsp;&nbsp;&nbsp;&nbsp;<36 months: Y<br>&nbsp;&nbsp;&nbsp;&nbsp;30 months -- 5 years: Y<br>&nbsp;&nbsp;&nbsp;&nbsp;Preschool: N<br>&nbsp;&nbsp;&nbsp;&nbsp;Grade 1 - Age 12: N<br>
839,Licensed Group,Simply Fun Mckenzie 2,3924 Onyx Pl,,Victoria,V8P 4T5,48.466097,-123.325753,250-881-2958,,,N,N,N,N,N,N,N,N,N,N,N,N,N,N,N,N,N,,,N,N,N,N,N,N,N,Y,N,N,N,2026-05-06,https://www.healthspace.ca/clients/viha/viha_website.nsf/CCFL-Main?OpenView,N,Y,N,Simply Fun Mckenzie 2<br>Licensed Group<br>250-881-2958<br><br>Vacancy:<br>&nbsp;&nbsp;&nbsp;&nbsp;<36 months: Y<br>&nbsp;&nbsp;&nbsp;&nbsp;30 months -- 5 years: N<br>&nbsp;&nbsp;&nbsp;&nbsp;Preschool: N<br>&nbsp;&nbsp;&nbsp;&nbsp;Grade 1 - Age 12: N<br>
840,Licensed Family,Hibberson's Family Child Care,408 1St Ave Nw,,Nakusp,V0G 1R1,50.243816,-117.797848,250-443-9080,,,N,N,N,N,N,N,N,N,N,N,N,N,N,N,N,N,N,,,N,N,N,N,N,N,N,N,N,N,N,2026-05-12,https://hedgehogportal.interiorhealth.ca/ChildCare/Map,N,Y,N,Hibberson's Family Child Care<br>Licensed Family<br>250-443-9080<br><br>Vacancy:<br>&nbsp;&nbsp;&nbsp;&nbsp;<36 months: N<br>&nbsp;&nbsp;&nbsp;&nbsp;30 months -- 5 years: N<br>&nbsp;&nbsp;&nbsp;&nbsp;Preschool: N<br>&nbsp;&nbsp;&nbsp;&nbsp;Grade 1 - Age 12: N<br>
841,Licensed Group,One Step Ahead Preschool,7755 Sunset Dr,,Lake Cowichan,V0R 2G0,48.849119,-124.112753,250-710-4939,,,Y,N,N,N,N,N,N,N,Y,N,N,N,N,N,N,N,N,Not offered,Not offered,Y,N,N,N,Y,Y,Y,N,N,Y,N,2026-05-08,https://www.healthspace.ca/clients/viha/viha_website.nsf/CCFL-Main?OpenView,N,Y,N,One Step Ahead Preschool<br>Licensed Group<br>250-710-4939<br><br>Vacancy:<br>&nbsp;&nbsp;&nbsp;&nbsp;<36 months: N<br>&nbsp;&nbsp;&nbsp;&nbsp;30 months -- 5 years: N<br>&nbsp;&nbsp;&nbsp;&nbsp;Preschool: Y<br>&nbsp;&nbsp;&nbsp;&nbsp;Grade 1 - Age 12: N<br>
842,Licensed Group,Kiddyland Multiple Intelligence Children Centre,12440 Woodhead Rd,,Richmond,V6V 1G3,49.182421,-123.08502,604-668-6439,,,N,N,N,N,N,N,N,N,N,N,N,N,N,N,N,N,N,,,N,N,N,N,N,N,N,N,N,N,N,2026-04-26,https://inspections.vcha.ca/ChildCare/Table,N,Y,N,Kiddyland Multiple Intelligence Children Centre<br>Licensed Group<br>604-668-6439<br><br>Vacancy:<br>&nbsp;&nbsp;&nbsp;&nbsp;<36 months: N<br>&nbsp;&nbsp;&nbsp;&nbsp;30 months -- 5 years: N<br>&nbsp;&nbsp;&nbsp;&nbsp;Preschool: N<br>&nbsp;&nbsp;&nbsp;&nbsp;Grade 1 - Age 12: N<br>
843,Licensed Group,Sabreland Daycare Ii,311 Nechako Ave,,Mackenzie,V0J 2C0,55.341287,-123.104648,250-997-4166,,,N,N,N,N,N,N,N,N,N,N,N,N,N,N,N,N,N,,,N,N,N,N,N,N,N,N,N,N,N,2026-05-20,https://www.healthspace.ca/Clients/NHA/NHA_Website.nsf/CCFL-Frameset,N,Y,N,Sabreland Daycare Ii<br>Licensed Group<br>250-997-4166<br><br>Vacancy:<br>&nbsp;&nbsp;&nbsp;&nbsp;<36 months: N<br>&nbsp;&nbsp;&nbsp;&nbsp;30 months -- 5 years: N<br>&nbsp;&nbsp;&nbsp;&nbsp;Preschool: N<br>&nbsp;&nbsp;&nbsp;&nbsp;Grade 1 - Age 12: N<br>
844,Licensed Group,Summit Kids,1801 30 St Ne,,Salmon Arm,V1E 2Z5,50.713043,-119.251168,250-803-2996,,,N,N,N,N,N,N,N,N,N,N,N,N,N,N,N,N,N,,,N,N,N,N,N,N,N,N,N,N,N,2026-05-20,https://hedgehogportal.interiorhealth.ca/ChildCare/Map,N,Y,N,Summit Kids<br>Licensed Group<br>250-803-2996<br><br>Vacancy:<br>&nbsp;&nbsp;&nbsp;&nbsp;<36 months: N<br>&nbsp;&nbsp;&nbsp;&nbsp;30 months -- 5 years: N<br>&nbsp;&nbsp;&nbsp;&nbsp;Preschool: N<br>&nbsp;&nbsp;&nbsp;&nbsp;Grade 1 - Age 12: N<br>
845,Licensed Group,Olive Tree Childcare,201 23Rd St E,,North Vancouver,V7L 3E4,49.329928,-123.068267,604-770-4133,,,N,N,N,N,N,N,N,N,N,N,N,N,N,N,N,N,N,,,N,N,N,N,N,N,N,N,N,N,N,2026-05-16,https://inspections.vcha.ca/ChildCare/Table,N,Y,Y,Olive Tree Childcare<br>Licensed Group<br>604-770-4133<br><br>Vacancy:<br>&nbsp;&nbsp;&nbsp;&nbsp;<36 months: N<br>&nbsp;&nbsp;&nbsp;&nbsp;30 months -- 5 years: N<br>&nbsp;&nbsp;&nbsp;&nbsp;Preschool: N<br>&nbsp;&nbsp;&nbsp;&nbsp;Grade 1 - Age 12: N<br>
846,Licensed Group,Olive Tree Childcare,201 23Rd St E,,North Vancouver,V7L 3E4,49.329928,-123.068267,604-770-4133,,,N,N,N,N,N,N,N,N,N,N,N,N,N,N,N,N,N,,,N,N,N,N,N,N,N,N,N,N,N,2026-05-16,https://inspections.vcha.ca/ChildCare/Table,N,Y,Y,Olive Tree Childcare<br>Licensed Group<br>604-770-4133<br><br>Vacancy:<br>&nbsp;&nbsp;&nbsp;&nbsp;<36 months: N<br>&nbsp;&nbsp;&nbsp;&nbsp;30 months -- 5 years: N<br>&nbsp;&nbsp;&nbsp;&nbsp;Preschool: N<br>&nbsp;&nbsp;&nbsp;&nbsp;Grade 1 - Age 12: N<br>
847,Licensed Group,Cream Of The Crop Enriched Learning & Childcare Centre Ltd.,1-9718 Menzies St,,Chilliwack,V2P 5Z7,49.179065,-121.933703,604-402-2273,,,N,N,N,N,N,N,N,N,N,N,N,N,N,N,N,N,N,,,N,N,N,N,N,N,N,N,Y,Y,N,2026-05-12,http://www.healthspace.ca/fha/childcare,N,Y,N,Cream Of The Crop Enriched Learning & Childcare Centre Ltd.<br>Licensed Group<br>604-402-2273<br><br>Vacancy:<br>&nbsp;&nbsp;&nbsp;&nbsp;<36 months: N<br>&nbsp;&nbsp;&nbsp;&nbsp;30 months -- 5 years: Y<br>&nbsp;&nbsp;&nbsp;&nbsp;Preschool: Y<br>&nbsp;&nbsp;&nbsp;&nbsp;Grade 1 - Age 12: N<br>
848,Licensed Group,Hand In Hand - Aberdeen Elementary,2975 Bradner Rd,,Abbotsford,V4X 1K6,49.056152,-122.427207,778-369-0114,,,N,N,N,N,N,N,N,N,N,N,N,N,N,N,N,N,N,,,N,N,N,N,N,N,N,N,N,N,N,2026-05-06,http://www.healthspace.ca/fha/childcare,N,Y,N,Hand In Hand - Aberdeen Elementary<br>Licensed Group<br>778-369-0114<br><br>Vacancy:<br>&nbsp;&nbsp;&nbsp;&nbsp;<36 months: N<br>&nbsp;&nbsp;&nbsp;&nbsp;30 months -- 5 years: N<br>&nbsp;&nbsp;&nbsp;&nbsp;Preschool: N<br>&nbsp;&nbsp;&nbsp;&nbsp;Grade 1 - Age 12: N<br>
849,Licensed Family,Bumble Bear Childcare,3093 Mulberry Pl,,Coquitlam,V3E 3K1,49.307092,-122.789372,604-944-9807,,,N,N,N,N,N,N,N,N,N,N,N,N,N,N,N,N,N,,,N,N,N,N,N,N,N,N,Y,N,Y,2026-04-22,http://www.healthspace.ca/fha/childcare,N,Y,N,Bumble Bear Childcare<br>Licensed Family<br>604-944-9807<br><br>Vacancy:<br>&nbsp;&nbsp;&nbsp;&nbsp;<36 months: N<br>&nbsp;&nbsp;&nbsp;&nbsp;30 months -- 5 years: Y<br>&nbsp;&nbsp;&nbsp;&nbsp;Preschool: N<br>&nbsp;&nbsp;&nbsp;&nbsp;Grade 1 - Age 12: Y<br>
850,Licensed Group,Joyful Kids Learning Centre,7600 No. 4 Rd,,Richmond,V6Y 2T5,49.15731,-123.113308,604-652-7272,,,N,N,N,N,N,N,N,N,N,N,N,N,N,N,N,N,N,,,N,N,N,N,N,N,N,N,Y,N,N,2026-05-21,https://inspections.vcha.ca/ChildCare/Table,N,Y,N,Joyful Kids Learning Centre<br>Licensed Group<br>604-652-7272<br><br>Vacancy:<br>&nbsp;&nbsp;&nbsp;&nbsp;<36 months: N<br>&nbsp;&nbsp;&nbsp;&nbsp;30 months -- 5 years: Y<br>&nbsp;&nbsp;&nbsp;&nbsp;Preschool: N<br>&nbsp;&nbsp;&nbsp;&nbsp;Grade 1 - Age 12: N<br>
851,Licensed Family,Learning Steps Daycare,1254 Johnson St,,Coquitlam,V3B 4T4,49.288238,-122.801855,604-725-6373,www.learningstepsdaycare.com,,Y,N,N,N,N,N,Y,Y,N,N,N,N,N,N,N,N,N,Not offered,Not offered,N,N,N,N,N,N,N,N,N,N,N,2026-05-15,http://www.healthspace.ca/fha/childcare,N,Y,N,Learning Steps Daycare<br>Licensed Family<br>604-725-6373<br><br>Vacancy:<br>&nbsp;&nbsp;&nbsp;&nbsp;<36 months: N<br>&nbsp;&nbsp;&nbsp;&nbsp;30 months -- 5 years: N<br>&nbsp;&nbsp;&nbsp;&nbsp;Preschool: N<br>&nbsp;&nbsp;&nbsp;&nbsp;Grade 1 - Age 12: N<br>
852,Licensed Group,J&J's Hoot And Howl Preschool,102-10130 100 Ave,,Fort St. John,V1J 1Y6,56.246701,-120.850046,250-787-7319,,,N,N,N,N,N,N,N,N,N,N,N,N,N,N,N,N,N,,,N,N,N,N,N,N,N,N,N,Y,N,2026-05-12,https://www.healthspace.ca/Clients/NHA/NHA_Website.nsf/CCFL-Frameset,N,Y,N,J&J's Hoot And Howl Preschool<br>Licensed Group<br>250-787-7319<br><br>Vacancy:<br>&nbsp;&nbsp;&nbsp;&nbsp;<36 months: N<br>&nbsp;&nbsp;&nbsp;&nbsp;30 months -- 5 years: N<br>&nbsp;&nbsp;&nbsp;&nbsp;Preschool: Y<br>&nbsp;&nbsp;&nbsp;&nbsp;Grade 1 - Age 12: N<br>
853,Licensed Group,Life Stars Child Care Corp.,1539 Angelo Ave,,Port Coquitlam,V3B 1C8,49.26203,-122.757152,604-726-9430,,,N,N,N,N,N,N,N,N,N,N,N,N,N,N,N,N,N,,,N,N,N,N,N,N,N,Y,Y,Y,N,2026-05-01,http://www.healthspace.ca/fha/childcare,N,Y,N,Life Stars Child Care Corp.<br>Licensed Group<br>604-726-9430<br><br>Vacancy:<br>&nbsp;&nbsp;&nbsp;&nbsp;<36 months: Y<br>&nbsp;&nbsp;&nbsp;&nbsp;30 months -- 5 years: Y<br>&nbsp;&nbsp;&nbsp;&nbsp;Preschool: Y<br>&nbsp;&nbsp;&nbsp;&nbsp;Grade 1 - Age 12: N<br>
854,Licensed Family,My Mommy Daycare,852 Nairn Crt,,North Vancouver,V7H 2P3,49.314061,-122.978173,,,,N,N,N,N,N,N,N,N,N,N,N,N,N,N,N,N,N,,,N,N,N,N,N,N,N,N,N,N,N,2026-05-18,https://inspections.vcha.ca/ChildCare/Table,N,Y,N,My Mommy Daycare<br>Licensed Family<br>None<br><br>Vacancy:<br>&nbsp;&nbsp;&nbsp;&nbsp;<36 months: N<br>&nbsp;&nbsp;&nbsp;&nbsp;30 months -- 5 years: N<br>&nbsp;&nbsp;&nbsp;&nbsp;Preschool: N<br>&nbsp;&nbsp;&nbsp;&nbsp;Grade 1 - Age 12: N<br>
855,Licensed Family,Steph's Little Sprouts Child Care,2343 Harper Dr,,Abbotsford,V3G 2B2,49.044172,-122.25205,604-219-1447,,,N,N,N,N,N,N,N,N,N,N,N,N,N,N,N,N,N,,,N,N,N,N,N,N,N,N,N,N,N,2026-05-18,http://www.healthspace.ca/fha/childcare,N,Y,N,Steph's Little Sprouts Child Care<br>Licensed Family<br>604-219-1447<br><br>Vacancy:<br>&nbsp;&nbsp;&nbsp;&nbsp;<36 months: N<br>&nbsp;&nbsp;&nbsp;&nbsp;30 months -- 5 years: N<br>&nbsp;&nbsp;&nbsp;&nbsp;Preschool: N<br>&nbsp;&nbsp;&nbsp;&nbsp;Grade 1 - Age 12: N<br>
856,Licensed Group,Pacific Heart Childcare Inc.,1720 Mctavish Rd,,North Saanich,V8L 5T9,48.63126,-123.428052,250-896-1963,,,,,,,,,,,,,,,,,,,,,,,,,,,,,,,,,,,Y,N,N,Pacific Heart Childcare Inc.<br>Licensed Group<br>250-896-1963<br><br>Vacancy:<br>&nbsp;&nbsp;&nbsp;&nbsp;<36 months: None<br>&nbsp;&nbsp;&nbsp;&nbsp;30 months -- 5 years: None<br>&nbsp;&nbsp;&nbsp;&nbsp;Preschool: None<br>&nbsp;&nbsp;&nbsp;&nbsp;Grade 1 - Age 12: None<br>
857,Licensed Group,Strongsteps Children's Learning Centre,200-8912 202 St,,Langley,V1M 4A7,49.172851,-122.66377,778-960-2273,,,N,N,N,N,N,N,N,N,N,N,N,N,N,N,N,N,N,,,N,N,N,N,N,N,N,N,N,N,N,2026-05-13,http://www.healthspace.ca/fha/childcare,N,Y,N,Strongsteps Children's Learning Centre<br>Licensed Group<br>778-960-2273<br><br>Vacancy:<br>&nbsp;&nbsp;&nbsp;&nbsp;<36 months: N<br>&nbsp;&nbsp;&nbsp;&nbsp;30 months -- 5 years: N<br>&nbsp;&nbsp;&nbsp;&nbsp;Preschool: N<br>&nbsp;&nbsp;&nbsp;&nbsp;Grade 1 - Age 12: N<br>
858,Licensed Family,Itandehui Family Child Care,2294 Marlin Quay,,Vancouver,V5P 4T4,49.206741,-123.059578,604-724-4551,,,N,N,N,N,N,N,N,N,N,N,N,N,N,N,N,N,N,,,N,N,N,N,N,N,N,N,N,N,N,2026-05-01,https://inspections.vcha.ca/ChildCare/Table,N,Y,N,Itandehui Family Child Care<br>Licensed Family<br>604-724-4551<br><br>Vacancy:<br>&nbsp;&nbsp;&nbsp;&nbsp;<36 months: N<br>&nbsp;&nbsp;&nbsp;&nbsp;30 months -- 5 years: N<br>&nbsp;&nbsp;&nbsp;&nbsp;Preschool: N<br>&nbsp;&nbsp;&nbsp;&nbsp;Grade 1 - Age 12: N<br>
859,Licensed Group,Happy Hearts Childcare Centre Inc,22315 Mcintosh Ave,,Maple Ridge,V2X 3C2,49.219566,-122.604536,604-479-2273,,,N,N,N,N,N,N,N,N,N,N,N,N,N,N,N,N,N,,,N,N,N,N,N,N,N,N,Y,Y,N,2026-04-15,http://www.healthspace.ca/fha/childcare,N,Y,N,Happy Hearts Childcare Centre Inc<br>Licensed Group<br>604-479-2273<br><br>Vacancy:<br>&nbsp;&nbsp;&nbsp;&nbsp;<36 months: N<br>&nbsp;&nbsp;&nbsp;&nbsp;30 months -- 5 years: Y<br>&nbsp;&nbsp;&nbsp;&nbsp;Preschool: Y<br>&nbsp;&nbsp;&nbsp;&nbsp;Grade 1 - Age 12: N<br>
860,Licensed Group,Little Sprouts Childcare,2503 14 St,,Vernon,V1T 7H8,50.260025,-119.249712,250-545-0026,,,N,N,N,N,N,N,N,N,N,N,N,N,N,N,N,N,N,,,N,N,N,N,N,N,N,N,N,N,N,2026-05-15,https://hedgehogportal.interiorhealth.ca/ChildCare/Map,N,Y,N,Little Sprouts Childcare<br>Licensed Group<br>250-545-0026<br><br>Vacancy:<br>&nbsp;&nbsp;&nbsp;&nbsp;<36 months: N<br>&nbsp;&nbsp;&nbsp;&nbsp;30 months -- 5 years: N<br>&nbsp;&nbsp;&nbsp;&nbsp;Preschool: N<br>&nbsp;&nbsp;&nbsp;&nbsp;Grade 1 - Age 12: N<br>
861,Licensed Family,Little Deer Childcare,850 Ballenas Rd,,Parksville,V9P 1S9,49.326124,-124.276457,778-245-1457,,,N,N,N,N,N,N,N,N,N,N,N,N,N,N,N,N,N,,,N,N,N,N,N,N,N,N,N,N,N,2026-05-16,https://www.healthspace.ca/clients/viha/viha_website.nsf/CCFL-Main?OpenView,N,Y,N,Little Deer Childcare<br>Licensed Family<br>778-245-1457<br><br>Vacancy:<br>&nbsp;&nbsp;&nbsp;&nbsp;<36 months: N<br>&nbsp;&nbsp;&nbsp;&nbsp;30 months -- 5 years: N<br>&nbsp;&nbsp;&nbsp;&nbsp;Preschool: N<br>&nbsp;&nbsp;&nbsp;&nbsp;Grade 1 - Age 12: N<br>
862,Licensed Family,Eysk Childcare Center,6252 131A St,,Surrey,V3X 1N9,49.116592,-122.857892,778-994-8628,,,,,,,,,,,,,,,,,,,,,,,,,,,,,,,,,,,Y,Y,N,Eysk Childcare Center<br>Licensed Family<br>778-994-8628<br><br>Vacancy:<br>&nbsp;&nbsp;&nbsp;&nbsp;<36 months: None<br>&nbsp;&nbsp;&nbsp;&nbsp;30 months -- 5 years: None<br>&nbsp;&nbsp;&nbsp;&nbsp;Preschool: None<br>&nbsp;&nbsp;&nbsp;&nbsp;Grade 1 - Age 12: None<br>
863,Licensed Group,Ccsa Eagle Tree Crofton,8017 York Ave,,Crofton,V0R 1R0,48.860662,-123.644577,250-416-5473,,,N,N,N,N,N,N,N,N,N,N,N,N,N,N,N,N,N,,,N,N,N,N,N,N,N,N,N,N,Y,2026-04-02,https://www.healthspace.ca/clients/viha/viha_website.nsf/CCFL-Main?OpenView,N,Y,N,Ccsa Eagle Tree Crofton<br>Licensed Group<br>250-416-5473<br><br>Vacancy:<br>&nbsp;&nbsp;&nbsp;&nbsp;<36 months: N<br>&nbsp;&nbsp;&nbsp;&nbsp;30 months -- 5 years: N<br>&nbsp;&nbsp;&nbsp;&nbsp;Preschool: N<br>&nbsp;&nbsp;&nbsp;&nbsp;Grade 1 - Age 12: Y<br>
864,Licensed Group,West Coast Early Learning Centre,2795 184 St,,Surrey,V3Z 9V2,49.052741,-122.713772,778-984-3057,,,N,N,N,N,N,N,N,N,N,N,N,N,N,N,N,N,N,,,N,N,N,N,N,N,N,N,N,Y,Y,2026-05-19,http://www.healthspace.ca/fha/childcare,N,Y,N,West Coast Early Learning Centre<br>Licensed Group<br>778-984-3057<br><br>Vacancy:<br>&nbsp;&nbsp;&nbsp;&nbsp;<36 months: N<br>&nbsp;&nbsp;&nbsp;&nbsp;30 months -- 5 years: N<br>&nbsp;&nbsp;&nbsp;&nbsp;Preschool: Y<br>&nbsp;&nbsp;&nbsp;&nbsp;Grade 1 - Age 12: Y<br>
865,Licensed Family,Learn N' Play Home Daycare,3530 Weston Rd,,Kelowna,V1X 6K2,49.936219,-119.359125,250-863-6243,,,N,N,N,N,N,N,N,N,N,N,N,N,N,N,N,N,N,,,N,N,N,N,N,N,N,N,N,N,N,2026-05-15,https://hedgehogportal.interiorhealth.ca/ChildCare/Map,N,Y,N,Learn N' Play Home Daycare<br>Licensed Family<br>250-863-6243<br><br>Vacancy:<br>&nbsp;&nbsp;&nbsp;&nbsp;<36 months: N<br>&nbsp;&nbsp;&nbsp;&nbsp;30 months -- 5 years: N<br>&nbsp;&nbsp;&nbsp;&nbsp;Preschool: N<br>&nbsp;&nbsp;&nbsp;&nbsp;Grade 1 - Age 12: N<br>
866,Licensed Family,Caterpillar Montessori Daycare,599 Chapman Ave,,Coquitlam,V3J 4A2,49.270127,-122.88803,604-936-0718,,,N,N,N,N,N,N,N,N,N,N,N,N,N,N,N,N,N,,,N,N,N,N,N,N,N,N,N,N,N,2026-04-29,http://www.healthspace.ca/fha/childcare,N,Y,N,Caterpillar Montessori Daycare<br>Licensed Family<br>604-936-0718<br><br>Vacancy:<br>&nbsp;&nbsp;&nbsp;&nbsp;<36 months: N<br>&nbsp;&nbsp;&nbsp;&nbsp;30 months -- 5 years: N<br>&nbsp;&nbsp;&nbsp;&nbsp;Preschool: N<br>&nbsp;&nbsp;&nbsp;&nbsp;Grade 1 - Age 12: N<br>
867,Licensed Group,Pebbles & Piaget Early Learning Kingsway,3550 Kingsway,,Vancouver,V5R 5L7,49.23206,-123.027624,778-919-3797,,,N,N,N,N,N,N,N,N,N,N,N,N,N,N,N,N,N,,,N,N,N,N,N,N,N,Y,Y,N,N,2026-05-02,https://inspections.vcha.ca/ChildCare/Table,N,Y,Y,Pebbles & Piaget Early Learning Kingsway<br>Licensed Group<br>778-919-3797<br><br>Vacancy:<br>&nbsp;&nbsp;&nbsp;&nbsp;<36 months: Y<br>&nbsp;&nbsp;&nbsp;&nbsp;30 months -- 5 years: Y<br>&nbsp;&nbsp;&nbsp;&nbsp;Preschool: N<br>&nbsp;&nbsp;&nbsp;&nbsp;Grade 1 - Age 12: N<br>
868,Licensed Group,Pebbles & Piaget Early Learning Kingsway,3550 Kingsway,,Vancouver,V5R 5X7,49.23206,-123.027624,778-919-3797,,,N,N,N,N,N,N,N,N,N,N,N,N,N,N,N,N,N,,,N,N,N,N,N,N,N,Y,Y,N,N,2026-05-02,https://inspections.vcha.ca/ChildCare/Table,N,Y,Y,Pebbles & Piaget Early Learning Kingsway<br>Licensed Group<br>778-919-3797<br><br>Vacancy:<br>&nbsp;&nbsp;&nbsp;&nbsp;<36 months: Y<br>&nbsp;&nbsp;&nbsp;&nbsp;30 months -- 5 years: Y<br>&nbsp;&nbsp;&nbsp;&nbsp;Preschool: N<br>&nbsp;&nbsp;&nbsp;&nbsp;Grade 1 - Age 12: N<br>
869,Licensed Group,Maple Bay Preschool,5800 Church Rd,,Duncan,V9L 5M3,48.781511,-123.666847,250-710-5083,,,N,N,N,N,N,N,N,N,N,N,N,N,N,N,N,N,N,,,N,N,N,N,N,N,N,N,N,N,N,2026-05-15,https://www.healthspace.ca/clients/viha/viha_website.nsf/CCFL-Main?OpenView,N,Y,N,Maple Bay Preschool<br>Licensed Group<br>250-710-5083<br><br>Vacancy:<br>&nbsp;&nbsp;&nbsp;&nbsp;<36 months: N<br>&nbsp;&nbsp;&nbsp;&nbsp;30 months -- 5 years: N<br>&nbsp;&nbsp;&nbsp;&nbsp;Preschool: N<br>&nbsp;&nbsp;&nbsp;&nbsp;Grade 1 - Age 12: N<br>
870,Licensed Group,Thunderbird ymca Kids Club,6308 Thunderbird Blvd,,Vancouver,V6T 1Z4,49.258948,-123.247352,604-218-4806,,,N,N,N,N,N,N,N,N,N,N,N,N,N,N,N,N,N,,,N,N,N,N,N,N,N,N,N,N,N,2026-05-14,https://inspections.vcha.ca/ChildCare/Table,N,Y,N,Thunderbird ymca Kids Club<br>Licensed Group<br>604-218-4806<br><br>Vacancy:<br>&nbsp;&nbsp;&nbsp;&nbsp;<36 months: N<br>&nbsp;&nbsp;&nbsp;&nbsp;30 months -- 5 years: N<br>&nbsp;&nbsp;&nbsp;&nbsp;Preschool: N<br>&nbsp;&nbsp;&nbsp;&nbsp;Grade 1 - Age 12: N<br>
871,Licensed Family,Promontory Heights Christian Daycare,5108 Cecil Ridge Pl,,Chilliwack,V2R 6A1,49.09584,-121.946303,604-760-6348,,,N,N,N,N,N,N,N,N,N,N,N,N,N,N,N,N,N,,,N,N,N,N,N,N,N,Y,Y,N,N,2026-05-15,http://www.healthspace.ca/fha/childcare,N,Y,N,Promontory Heights Christian Daycare<br>Licensed Family<br>604-760-6348<br><br>Vacancy:<br>&nbsp;&nbsp;&nbsp;&nbsp;<36 months: Y<br>&nbsp;&nbsp;&nbsp;&nbsp;30 months -- 5 years: Y<br>&nbsp;&nbsp;&nbsp;&nbsp;Preschool: N<br>&nbsp;&nbsp;&nbsp;&nbsp;Grade 1 - Age 12: N<br>
872,Licensed Group,Thrive Kids Club Vcs,3496 Mons Dr,,Vancouver,V5M 3E6,49.254712,-123.028571,604-838-2430,,,N,N,N,N,N,N,N,N,N,N,N,N,N,N,N,N,N,,,N,N,N,N,N,N,N,N,N,N,N,2026-04-15,https://inspections.vcha.ca/ChildCare/Table,N,Y,N,Thrive Kids Club Vcs<br>Licensed Group<br>604-838-2430<br><br>Vacancy:<br>&nbsp;&nbsp;&nbsp;&nbsp;<36 months: N<br>&nbsp;&nbsp;&nbsp;&nbsp;30 months -- 5 years: N<br>&nbsp;&nbsp;&nbsp;&nbsp;Preschool: N<br>&nbsp;&nbsp;&nbsp;&nbsp;Grade 1 - Age 12: N<br>
873,Licensed Group,Kiwassa Out Of School Care,2425 Oxford St,,Vancouver,V5K 1M7,49.286005,-123.055856,604-254-5401,,,N,N,N,N,N,N,N,N,N,N,N,N,N,N,N,N,N,,,N,N,N,N,N,N,N,N,N,N,Y,2026-04-28,https://inspections.vcha.ca/ChildCare/Table,N,Y,N,Kiwassa Out Of School Care<br>Licensed Group<br>604-254-5401<br><br>Vacancy:<br>&nbsp;&nbsp;&nbsp;&nbsp;<36 months: N<br>&nbsp;&nbsp;&nbsp;&nbsp;30 months -- 5 years: N<br>&nbsp;&nbsp;&nbsp;&nbsp;Preschool: N<br>&nbsp;&nbsp;&nbsp;&nbsp;Grade 1 - Age 12: Y<br>
874,Licensed Family,Figgy's Place Family Childcare,364 Hilchey Rd,,Campbell River,V9W 1P7,49.973399,-125.229565,250-204-3453,,,N,N,N,N,N,N,N,N,N,N,N,N,N,N,N,N,N,,,N,N,N,N,N,N,N,N,N,N,N,2026-05-15,https://www.healthspace.ca/clients/viha/viha_website.nsf/CCFL-Main?OpenView,N,Y,N,Figgy's Place Family Childcare<br>Licensed Family<br>250-204-3453<br><br>Vacancy:<br>&nbsp;&nbsp;&nbsp;&nbsp;<36 months: N<br>&nbsp;&nbsp;&nbsp;&nbsp;30 months -- 5 years: N<br>&nbsp;&nbsp;&nbsp;&nbsp;Preschool: N<br>&nbsp;&nbsp;&nbsp;&nbsp;Grade 1 - Age 12: N<br>
875,Licensed Group,Newton Learning Zone Ltd,13359 81 Ave,,Surrey,V3W 3C5,49.150224,-122.852783,778-927-5437,,,N,N,N,N,N,N,N,N,N,N,N,N,N,N,N,N,N,,,N,N,N,N,N,N,N,N,N,Y,Y,2026-05-19,http://www.healthspace.ca/fha/childcare,N,Y,N,Newton Learning Zone Ltd<br>Licensed Group<br>778-927-5437<br><br>Vacancy:<br>&nbsp;&nbsp;&nbsp;&nbsp;<36 months: N<br>&nbsp;&nbsp;&nbsp;&nbsp;30 months -- 5 years: N<br>&nbsp;&nbsp;&nbsp;&nbsp;Preschool: Y<br>&nbsp;&nbsp;&nbsp;&nbsp;Grade 1 - Age 12: Y<br>
876,Licensed Group,Busy B's Clubhouse,4637 Highway 16 W,,Prince George,V2N 5M8,53.850867,-122.822581,250-640-7071,,,,,,,,,,,,,,,,,,,,,,,,,,,,,,,,,,,Y,N,N,Busy B's Clubhouse<br>Licensed Group<br>250-640-7071<br><br>Vacancy:<br>&nbsp;&nbsp;&nbsp;&nbsp;<36 months: None<br>&nbsp;&nbsp;&nbsp;&nbsp;30 months -- 5 years: None<br>&nbsp;&nbsp;&nbsp;&nbsp;Preschool: None<br>&nbsp;&nbsp;&nbsp;&nbsp;Grade 1 - Age 12: None<br>
877,Licensed Family,Tracy's Childcare Centre,7692 118 St,,Delta,V4C 6G8,49.143037,-122.895818,604-216-0266,,,N,N,N,N,N,N,N,N,N,N,N,N,N,N,N,N,N,,,N,N,N,N,N,N,N,Y,Y,N,Y,2026-05-20,http://www.healthspace.ca/fha/childcare,N,Y,N,Tracy's Childcare Centre<br>Licensed Family<br>604-216-0266<br><br>Vacancy:<br>&nbsp;&nbsp;&nbsp;&nbsp;<36 months: Y<br>&nbsp;&nbsp;&nbsp;&nbsp;30 months -- 5 years: Y<br>&nbsp;&nbsp;&nbsp;&nbsp;Preschool: N<br>&nbsp;&nbsp;&nbsp;&nbsp;Grade 1 - Age 12: Y<br>
878,Licensed Family,Daddy Daycare,1080 Troy Pl,,Qualicum Beach,V9K 2G5,49.36013,-124.492156,250-619-8885,,,N,N,N,N,N,N,N,N,N,N,N,N,N,N,N,N,N,,,N,N,N,N,N,N,N,N,N,N,N,2026-04-28,https://www.healthspace.ca/clients/viha/viha_website.nsf/CCFL-Main?OpenView,N,Y,N,Daddy Daycare<br>Licensed Family<br>250-619-8885<br><br>Vacancy:<br>&nbsp;&nbsp;&nbsp;&nbsp;<36 months: N<br>&nbsp;&nbsp;&nbsp;&nbsp;30 months -- 5 years: N<br>&nbsp;&nbsp;&nbsp;&nbsp;Preschool: N<br>&nbsp;&nbsp;&nbsp;&nbsp;Grade 1 - Age 12: N<br>
879,Licensed Group,Anspayaxw Nursery,1439 Mary Blackwater Dr,,Kispiox,V0J 1Y4,55.355918,-127.687479,250-842-4106,,,N,N,N,N,N,N,N,N,N,N,N,N,N,N,N,N,N,,,N,N,N,N,N,N,N,N,Y,N,N,2026-04-29,https://www.healthspace.ca/Clients/NHA/NHA_Website.nsf/CCFL-Frameset,N,Y,N,Anspayaxw Nursery<br>Licensed Group<br>250-842-4106<br><br>Vacancy:<br>&nbsp;&nbsp;&nbsp;&nbsp;<36 months: N<br>&nbsp;&nbsp;&nbsp;&nbsp;30 months -- 5 years: Y<br>&nbsp;&nbsp;&nbsp;&nbsp;Preschool: N<br>&nbsp;&nbsp;&nbsp;&nbsp;Grade 1 - Age 12: N<br>
880,Licensed Group,Little Orca's Early Learning Centre,415 Pinecrest Rd,,Campbell River,V9W 3P2,50.003402,-125.242395,236-507-1874,,,N,N,N,N,N,N,N,N,N,N,N,N,N,N,N,N,N,,,N,N,N,N,N,N,N,N,N,N,N,2026-05-20,https://www.healthspace.ca/clients/viha/viha_website.nsf/CCFL-Main?OpenView,N,Y,N,Little Orca's Early Learning Centre<br>Licensed Group<br>236-507-1874<br><br>Vacancy:<br>&nbsp;&nbsp;&nbsp;&nbsp;<36 months: N<br>&nbsp;&nbsp;&nbsp;&nbsp;30 months -- 5 years: N<br>&nbsp;&nbsp;&nbsp;&nbsp;Preschool: N<br>&nbsp;&nbsp;&nbsp;&nbsp;Grade 1 - Age 12: N<br>
881,Licensed Group,Wildflower Childcare,952 Drayton St,,North Vancouver,V7L 2C6,49.317943,-123.047555,778-990-7168,,,N,N,N,N,N,N,N,N,N,N,N,N,N,N,N,N,N,,,N,N,N,N,N,N,N,N,N,N,N,2026-04-23,https://inspections.vcha.ca/ChildCare/Table,N,Y,N,Wildflower Childcare<br>Licensed Group<br>778-990-7168<br><br>Vacancy:<br>&nbsp;&nbsp;&nbsp;&nbsp;<36 months: N<br>&nbsp;&nbsp;&nbsp;&nbsp;30 months -- 5 years: N<br>&nbsp;&nbsp;&nbsp;&nbsp;Preschool: N<br>&nbsp;&nbsp;&nbsp;&nbsp;Grade 1 - Age 12: N<br>
882,Licensed Group,Tiny Hoppers Early Learning Willoughby Centre,A230-20689 Willoughby Town Centre Dr,,Langley,V2Y 0X7,49.146176,-122.648601,778-705-0569,,,N,N,N,N,N,N,N,N,N,N,N,N,N,N,N,N,N,,,N,N,N,N,N,N,N,N,N,N,N,2026-05-15,http://www.healthspace.ca/fha/childcare,N,Y,N,Tiny Hoppers Early Learning Willoughby Centre<br>Licensed Group<br>778-705-0569<br><br>Vacancy:<br>&nbsp;&nbsp;&nbsp;&nbsp;<36 months: N<br>&nbsp;&nbsp;&nbsp;&nbsp;30 months -- 5 years: N<br>&nbsp;&nbsp;&nbsp;&nbsp;Preschool: N<br>&nbsp;&nbsp;&nbsp;&nbsp;Grade 1 - Age 12: N<br>
883,Licensed Family,Sunrise Family Daycare,12221 210 St,,Maple Ridge,V2X 8B9,49.238689,-122.638967,778-886-6525,,,N,N,N,N,N,N,N,N,N,N,N,N,N,N,N,N,N,,,N,N,N,N,N,N,N,N,N,N,N,2026-05-01,http://www.healthspace.ca/fha/childcare,N,Y,N,Sunrise Family Daycare<br>Licensed Family<br>778-886-6525<br><br>Vacancy:<br>&nbsp;&nbsp;&nbsp;&nbsp;<36 months: N<br>&nbsp;&nbsp;&nbsp;&nbsp;30 months -- 5 years: N<br>&nbsp;&nbsp;&nbsp;&nbsp;Preschool: N<br>&nbsp;&nbsp;&nbsp;&nbsp;Grade 1 - Age 12: N<br>
884,Licensed Group,Lakeview Christian Preschool/Daycare,729 Cordova Bay Rd,,Victoria,V8Y 1P7,48.532117,-123.386367,250-658-5082,,,,,,,,,,,,,,,,,,,,,,,,,,,,,,,,,,,Y,Y,N,Lakeview Christian Preschool/Daycare<br>Licensed Group<br>250-658-5082<br><br>Vacancy:<br>&nbsp;&nbsp;&nbsp;&nbsp;<36 months: None<br>&nbsp;&nbsp;&nbsp;&nbsp;30 months -- 5 years: None<br>&nbsp;&nbsp;&nbsp;&nbsp;Preschool: None<br>&nbsp;&nbsp;&nbsp;&nbsp;Grade 1 - Age 12: None<br>
885,Licensed Group,Service De Garde Franco-Amis,2641 Ellison Dr,,Prince George,V2M 2S6,53.906706,-122.771486,250-640-0143,,,N,N,N,N,N,N,N,N,N,N,N,N,N,N,N,N,N,,,N,N,N,N,N,N,N,N,N,N,N,2026-05-21,https://www.healthspace.ca/Clients/NHA/NHA_Website.nsf/CCFL-Frameset,N,Y,N,Service De Garde Franco-Amis<br>Licensed Group<br>250-640-0143<br><br>Vacancy:<br>&nbsp;&nbsp;&nbsp;&nbsp;<36 months: N<br>&nbsp;&nbsp;&nbsp;&nbsp;30 months -- 5 years: N<br>&nbsp;&nbsp;&nbsp;&nbsp;Preschool: N<br>&nbsp;&nbsp;&nbsp;&nbsp;Grade 1 - Age 12: N<br>
886,Licensed Group,Symmetry Early Learning Center Inc,109-2526 Yale Crt,,Abbotsford,V2S 8G9,49.047579,-122.26822,778-682-0913,,,N,N,N,N,N,N,N,N,N,N,N,N,N,N,N,N,N,,,N,N,N,N,N,N,N,N,Y,N,N,2026-04-21,http://www.healthspace.ca/fha/childcare,N,Y,N,Symmetry Early Learning Center Inc<br>Licensed Group<br>778-682-0913<br><br>Vacancy:<br>&nbsp;&nbsp;&nbsp;&nbsp;<36 months: N<br>&nbsp;&nbsp;&nbsp;&nbsp;30 months -- 5 years: Y<br>&nbsp;&nbsp;&nbsp;&nbsp;Preschool: N<br>&nbsp;&nbsp;&nbsp;&nbsp;Grade 1 - Age 12: N<br>
887,Licensed Family,Top Tier Daycare Ltd,4492 203 St,,Langley,V3A 6P7,49.083729,-122.663293,604-612-1593,,,N,N,N,N,N,N,N,N,N,N,N,N,N,N,N,N,N,,,N,N,N,N,N,N,N,N,Y,N,N,2026-05-04,http://www.healthspace.ca/fha/childcare,N,Y,N,Top Tier Daycare Ltd<br>Licensed Family<br>604-612-1593<br><br>Vacancy:<br>&nbsp;&nbsp;&nbsp;&nbsp;<36 months: N<br>&nbsp;&nbsp;&nbsp;&nbsp;30 months -- 5 years: Y<br>&nbsp;&nbsp;&nbsp;&nbsp;Preschool: N<br>&nbsp;&nbsp;&nbsp;&nbsp;Grade 1 - Age 12: N<br>
888,Licensed Group,Storyoga,1720 Mctavish Rd,,North Saanich,V8L 5T9,48.630532,-123.428074,778-679-4004,,,N,N,N,N,N,N,N,N,N,N,N,N,N,N,N,N,N,,,N,N,N,N,N,N,N,N,N,N,N,2026-05-19,https://www.healthspace.ca/clients/viha/viha_website.nsf/CCFL-Main?OpenView,N,Y,N,Storyoga<br>Licensed Group<br>778-679-4004<br><br>Vacancy:<br>&nbsp;&nbsp;&nbsp;&nbsp;<36 months: N<br>&nbsp;&nbsp;&nbsp;&nbsp;30 months -- 5 years: N<br>&nbsp;&nbsp;&nbsp;&nbsp;Preschool: N<br>&nbsp;&nbsp;&nbsp;&nbsp;Grade 1 - Age 12: N<br>
889,Licensed Group,ywca Crabtree Corner Early Learning And Care Center (3-5Gdc),533 E Hastings St,,Vancouver,V6A 1P9,49.281501,-123.092398,604-216-1655,,,N,N,N,N,N,N,N,N,N,N,N,N,N,N,N,N,N,,,N,N,N,N,N,N,N,N,N,N,N,2026-05-04,https://inspections.vcha.ca/ChildCare/Table,N,Y,N,ywca Crabtree Corner Early Learning And Care Center (3-5Gdc)<br>Licensed Group<br>604-216-1655<br><br>Vacancy:<br>&nbsp;&nbsp;&nbsp;&nbsp;<36 months: N<br>&nbsp;&nbsp;&nbsp;&nbsp;30 months -- 5 years: N<br>&nbsp;&nbsp;&nbsp;&nbsp;Preschool: N<br>&nbsp;&nbsp;&nbsp;&nbsp;Grade 1 - Age 12: N<br>
890,Licensed Family,Dj's Daycare,1084 Holden Rd,,Penticton,V2A 0B7,49.490317,-119.538911,604-220-4518,,,N,N,N,N,N,N,N,N,N,N,N,N,N,N,N,N,N,,,N,N,N,N,N,N,N,N,Y,N,N,2026-05-15,https://hedgehogportal.interiorhealth.ca/ChildCare/Map,N,Y,N,Dj's Daycare<br>Licensed Family<br>604-220-4518<br><br>Vacancy:<br>&nbsp;&nbsp;&nbsp;&nbsp;<36 months: N<br>&nbsp;&nbsp;&nbsp;&nbsp;30 months -- 5 years: Y<br>&nbsp;&nbsp;&nbsp;&nbsp;Preschool: N<br>&nbsp;&nbsp;&nbsp;&nbsp;Grade 1 - Age 12: N<br>
891,Licensed Group,Garibaldi Highlands Preschool Program,2590 Portree Way,,Squamish,V8B 0A7,49.741622,-123.11258,778-378-8319,,,N,N,N,N,N,N,N,N,N,N,N,N,N,N,N,N,N,,,N,N,N,N,N,N,N,N,N,Y,N,2026-04-27,,N,Y,N,Garibaldi Highlands Preschool Program<br>Licensed Group<br>778-378-8319<br><br>Vacancy:<br>&nbsp;&nbsp;&nbsp;&nbsp;<36 months: N<br>&nbsp;&nbsp;&nbsp;&nbsp;30 months -- 5 years: N<br>&nbsp;&nbsp;&nbsp;&nbsp;Preschool: Y<br>&nbsp;&nbsp;&nbsp;&nbsp;Grade 1 - Age 12: N<br>
892,Licensed Group,Debbie's Daycare On Main,10309 Main St,,Delta,V4C 2P3,49.157415,-122.937767,604-250-7117,,,N,N,N,N,N,N,N,N,N,N,N,N,N,N,N,N,N,,,N,N,N,N,N,N,N,N,N,N,N,2026-05-15,http://www.healthspace.ca/fha/childcare,N,Y,N,Debbie's Daycare On Main<br>Licensed Group<br>604-250-7117<br><br>Vacancy:<br>&nbsp;&nbsp;&nbsp;&nbsp;<36 months: N<br>&nbsp;&nbsp;&nbsp;&nbsp;30 months -- 5 years: N<br>&nbsp;&nbsp;&nbsp;&nbsp;Preschool: N<br>&nbsp;&nbsp;&nbsp;&nbsp;Grade 1 - Age 12: N<br>
893,Licensed Group,Lael Academy,5467 Hardy Crt,,Burnaby,V5G 0A6,49.252962,-122.984318,778-951-1993,,,N,N,N,N,N,N,N,N,N,N,N,N,N,N,N,N,N,,,N,N,N,N,N,N,N,N,N,N,N,2026-05-05,http://www.healthspace.ca/fha/childcare,N,Y,N,Lael Academy<br>Licensed Group<br>778-951-1993<br><br>Vacancy:<br>&nbsp;&nbsp;&nbsp;&nbsp;<36 months: N<br>&nbsp;&nbsp;&nbsp;&nbsp;30 months -- 5 years: N<br>&nbsp;&nbsp;&nbsp;&nbsp;Preschool: N<br>&nbsp;&nbsp;&nbsp;&nbsp;Grade 1 - Age 12: N<br>
894,Licensed Group,Golden Sunshine Daycare Centre,1320 Seventh Ave,,New Westminster,V3M 2K1,49.207427,-122.934961,778-223-6676,,,N,N,N,N,N,N,N,N,N,N,N,N,N,N,N,N,N,,,N,N,N,N,N,N,N,N,N,N,N,2026-05-06,http://www.healthspace.ca/fha/childcare,N,Y,N,Golden Sunshine Daycare Centre<br>Licensed Group<br>778-223-6676<br><br>Vacancy:<br>&nbsp;&nbsp;&nbsp;&nbsp;<36 months: N<br>&nbsp;&nbsp;&nbsp;&nbsp;30 months -- 5 years: N<br>&nbsp;&nbsp;&nbsp;&nbsp;Preschool: N<br>&nbsp;&nbsp;&nbsp;&nbsp;Grade 1 - Age 12: N<br>
895,Licensed Group,Jamieson ymca Kids Club,6350 Tisdall St,,Vancouver,V5Z 3N4,49.22707,-123.12101,604-263-6691,,,N,N,N,N,N,N,N,N,N,N,N,N,N,N,N,N,N,,,N,N,N,N,N,N,N,N,N,N,N,2026-05-14,https://inspections.vcha.ca/ChildCare/Table,N,Y,N,Jamieson ymca Kids Club<br>Licensed Group<br>604-263-6691<br><br>Vacancy:<br>&nbsp;&nbsp;&nbsp;&nbsp;<36 months: N<br>&nbsp;&nbsp;&nbsp;&nbsp;30 months -- 5 years: N<br>&nbsp;&nbsp;&nbsp;&nbsp;Preschool: N<br>&nbsp;&nbsp;&nbsp;&nbsp;Grade 1 - Age 12: N<br>
896,Licensed Family,Gr8 Beginnings Family Daycare,2518 Tuscany Dr,,West Kelowna,V4T 3B6,49.865462,-119.611617,250-864-5674,,,N,N,N,N,N,N,N,N,N,N,N,N,N,N,N,N,N,,,N,N,N,N,N,N,N,Y,Y,N,N,2026-05-18,https://hedgehogportal.interiorhealth.ca/ChildCare/Map,N,Y,N,Gr8 Beginnings Family Daycare<br>Licensed Family<br>250-864-5674<br><br>Vacancy:<br>&nbsp;&nbsp;&nbsp;&nbsp;<36 months: Y<br>&nbsp;&nbsp;&nbsp;&nbsp;30 months -- 5 years: Y<br>&nbsp;&nbsp;&nbsp;&nbsp;Preschool: N<br>&nbsp;&nbsp;&nbsp;&nbsp;Grade 1 - Age 12: N<br>
897,Licensed Group,Wagalus Preschool,116 Eagle Place,,Port Hardy,V0N 2P0,50.692271,-127.408197,250-230-8735,,,N,N,N,N,N,N,N,N,N,N,N,N,N,N,N,N,N,,,N,N,N,N,N,N,N,N,Y,Y,N,2026-05-21,https://www.healthspace.ca/clients/viha/viha_website.nsf/CCFL-Main?OpenView,N,Y,N,Wagalus Preschool<br>Licensed Group<br>250-230-8735<br><br>Vacancy:<br>&nbsp;&nbsp;&nbsp;&nbsp;<36 months: N<br>&nbsp;&nbsp;&nbsp;&nbsp;30 months -- 5 years: Y<br>&nbsp;&nbsp;&nbsp;&nbsp;Preschool: Y<br>&nbsp;&nbsp;&nbsp;&nbsp;Grade 1 - Age 12: N<br>
898,Licensed Group,Little Blossom Daycare,7283 Nelson Ave,,Burnaby,V5J 4C2,49.217608,-122.994492,604-433-5155,,,N,N,N,N,N,N,N,N,N,N,N,N,N,N,N,N,N,,,N,N,N,N,N,N,N,N,N,N,N,2026-05-15,http://www.healthspace.ca/fha/childcare,N,Y,N,Little Blossom Daycare<br>Licensed Group<br>604-433-5155<br><br>Vacancy:<br>&nbsp;&nbsp;&nbsp;&nbsp;<36 months: N<br>&nbsp;&nbsp;&nbsp;&nbsp;30 months -- 5 years: N<br>&nbsp;&nbsp;&nbsp;&nbsp;Preschool: N<br>&nbsp;&nbsp;&nbsp;&nbsp;Grade 1 - Age 12: N<br>
899,Licensed Group,Kimberley Independent School,73 101 Ave,,Kimberley,V1A 1A5,49.665281,-115.967021,250-427-1779,,,N,N,N,N,N,N,N,N,N,N,N,N,N,N,N,N,N,,,N,N,N,N,N,N,N,N,Y,Y,Y,2026-05-11,https://hedgehogportal.interiorhealth.ca/ChildCare/Map,N,Y,N,Kimberley Independent School<br>Licensed Group<br>250-427-1779<br><br>Vacancy:<br>&nbsp;&nbsp;&nbsp;&nbsp;<36 months: N<br>&nbsp;&nbsp;&nbsp;&nbsp;30 months -- 5 years: Y<br>&nbsp;&nbsp;&nbsp;&nbsp;Preschool: Y<br>&nbsp;&nbsp;&nbsp;&nbsp;Grade 1 - Age 12: Y<br>
900,Licensed Group,Little Dolphins Daycare Ltd,107-1135 Pipeline Rd,,Coquitlam,V3B 0N3,49.280765,-122.787029,604-345-2830,,,N,N,N,N,N,N,N,N,N,N,N,N,N,N,N,N,N,,,N,N,N,N,N,N,N,N,N,N,N,2026-05-12,http://www.healthspace.ca/fha/childcare,N,Y,N,Little Dolphins Daycare Ltd<br>Licensed Group<br>604-345-2830<br><br>Vacancy:<br>&nbsp;&nbsp;&nbsp;&nbsp;<36 months: N<br>&nbsp;&nbsp;&nbsp;&nbsp;30 months -- 5 years: N<br>&nbsp;&nbsp;&nbsp;&nbsp;Preschool: N<br>&nbsp;&nbsp;&nbsp;&nbsp;Grade 1 - Age 12: N<br>
901,Licensed Family,Kid Central,6982 201 St,,Langley,V2Y 2Z8,49.129379,-122.664294,604-376-5548,,,N,N,N,N,N,N,N,N,N,N,N,N,N,N,N,N,N,,,N,N,N,N,N,N,N,N,N,N,N,2026-05-19,http://www.healthspace.ca/fha/childcare,N,Y,N,Kid Central<br>Licensed Family<br>604-376-5548<br><br>Vacancy:<br>&nbsp;&nbsp;&nbsp;&nbsp;<36 months: N<br>&nbsp;&nbsp;&nbsp;&nbsp;30 months -- 5 years: N<br>&nbsp;&nbsp;&nbsp;&nbsp;Preschool: N<br>&nbsp;&nbsp;&nbsp;&nbsp;Grade 1 - Age 12: N<br>
902,Licensed Group,Echen Early Learning,324 Hoy St,,Quesnel,V2J 1X3,52.976674,-122.505216,250-992-0614,,,,,,,,,,,,,,,,,,,,,,,,,,,,,,,,,,,Y,Y,N,Echen Early Learning<br>Licensed Group<br>250-992-0614<br><br>Vacancy:<br>&nbsp;&nbsp;&nbsp;&nbsp;<36 months: None<br>&nbsp;&nbsp;&nbsp;&nbsp;30 months -- 5 years: None<br>&nbsp;&nbsp;&nbsp;&nbsp;Preschool: None<br>&nbsp;&nbsp;&nbsp;&nbsp;Grade 1 - Age 12: None<br>
903,Licensed Family,Limelight Childcare,547 St. James Rd W,,North Vancouver,V7N 2P6,49.338921,-123.083743,778-788-4894,https://limelightchildcare.com/,,N,N,N,N,N,N,N,N,N,N,N,N,N,N,N,N,N,,,N,N,N,N,N,N,N,Y,Y,N,N,2026-04-28,https://inspections.vcha.ca/ChildCare/Table,N,Y,N,Limelight Childcare<br>Licensed Family<br>778-788-4894<br><br>Vacancy:<br>&nbsp;&nbsp;&nbsp;&nbsp;<36 months: Y<br>&nbsp;&nbsp;&nbsp;&nbsp;30 months -- 5 years: Y<br>&nbsp;&nbsp;&nbsp;&nbsp;Preschool: N<br>&nbsp;&nbsp;&nbsp;&nbsp;Grade 1 - Age 12: N<br>
904,Licensed Group,Garderie L'ile Aux Enfants,5445 Baillie St,,Vancouver,V5Z 3M6,49.236563,-123.123002,604-736-5056,,,N,N,N,N,N,N,N,N,N,N,N,N,N,N,N,N,N,Not offered,Not offered,N,N,N,N,N,N,N,Y,Y,N,N,2026-04-30,https://inspections.vcha.ca/ChildCare/Table,N,Y,N,Garderie L'ile Aux Enfants<br>Licensed Group<br>604-736-5056<br><br>Vacancy:<br>&nbsp;&nbsp;&nbsp;&nbsp;<36 months: Y<br>&nbsp;&nbsp;&nbsp;&nbsp;30 months -- 5 years: Y<br>&nbsp;&nbsp;&nbsp;&nbsp;Preschool: N<br>&nbsp;&nbsp;&nbsp;&nbsp;Grade 1 - Age 12: N<br>
905,Licensed Group,Bee House Montessori Day Care Ltd,283 Hart St,,Coquitlam,V3K 4B1,49.239169,-122.88133,604-817-4584,,,N,N,N,N,N,N,N,N,N,N,N,N,N,N,N,N,N,,,N,N,N,N,N,N,N,N,N,N,N,2026-05-19,http://www.healthspace.ca/fha/childcare,N,Y,N,Bee House Montessori Day Care Ltd<br>Licensed Group<br>604-817-4584<br><br>Vacancy:<br>&nbsp;&nbsp;&nbsp;&nbsp;<36 months: N<br>&nbsp;&nbsp;&nbsp;&nbsp;30 months -- 5 years: N<br>&nbsp;&nbsp;&nbsp;&nbsp;Preschool: N<br>&nbsp;&nbsp;&nbsp;&nbsp;Grade 1 - Age 12: N<br>
906,Licensed Group,Inspirations Montessori School,7980 Gray Ave,,Burnaby,V5J 4A1,49.211326,-122.99859,778-889-5083,,,N,N,N,N,N,N,N,N,N,N,N,N,N,N,N,N,N,,,N,N,N,N,N,N,N,N,N,N,N,2026-04-20,http://www.healthspace.ca/fha/childcare,N,Y,N,Inspirations Montessori School<br>Licensed Group<br>778-889-5083<br><br>Vacancy:<br>&nbsp;&nbsp;&nbsp;&nbsp;<36 months: N<br>&nbsp;&nbsp;&nbsp;&nbsp;30 months -- 5 years: N<br>&nbsp;&nbsp;&nbsp;&nbsp;Preschool: N<br>&nbsp;&nbsp;&nbsp;&nbsp;Grade 1 - Age 12: N<br>
907,Licensed Group,One Two Buckle My Shoe Childcare Inc,5660 192 St,,Surrey,V3S 2V7,49.105551,-122.690817,778-574-1230,,,N,N,N,N,N,N,N,N,N,N,N,N,N,N,N,N,N,,,N,N,N,N,N,N,N,Y,N,N,N,2026-05-12,http://www.healthspace.ca/fha/childcare,N,Y,N,One Two Buckle My Shoe Childcare Inc<br>Licensed Group<br>778-574-1230<br><br>Vacancy:<br>&nbsp;&nbsp;&nbsp;&nbsp;<36 months: Y<br>&nbsp;&nbsp;&nbsp;&nbsp;30 months -- 5 years: N<br>&nbsp;&nbsp;&nbsp;&nbsp;Preschool: N<br>&nbsp;&nbsp;&nbsp;&nbsp;Grade 1 - Age 12: N<br>
908,Licensed Family,Miles Of Smiles,8186 141 St,,Surrey,V3W 8W7,49.151404,-122.830964,778-683-5791,,,N,N,N,N,N,N,N,N,N,N,N,N,N,N,N,N,N,,,N,N,N,N,N,N,N,N,N,N,N,2026-05-19,http://www.healthspace.ca/fha/childcare,N,Y,N,Miles Of Smiles<br>Licensed Family<br>778-683-5791<br><br>Vacancy:<br>&nbsp;&nbsp;&nbsp;&nbsp;<36 months: N<br>&nbsp;&nbsp;&nbsp;&nbsp;30 months -- 5 years: N<br>&nbsp;&nbsp;&nbsp;&nbsp;Preschool: N<br>&nbsp;&nbsp;&nbsp;&nbsp;Grade 1 - Age 12: N<br>
909,Licensed Group,Sooke Montessori School Ltd.,2020 Kaltasin Rd,,Sooke,V9Z 0C1,48.384422,-123.689563,250-642-1020,,,N,N,N,N,N,N,N,N,N,N,N,N,N,N,N,N,N,,,N,N,N,N,N,N,N,N,N,N,N,2026-04-26,https://www.healthspace.ca/clients/viha/viha_website.nsf/CCFL-Main?OpenView,N,Y,N,Sooke Montessori School Ltd.<br>Licensed Group<br>250-642-1020<br><br>Vacancy:<br>&nbsp;&nbsp;&nbsp;&nbsp;<36 months: N<br>&nbsp;&nbsp;&nbsp;&nbsp;30 months -- 5 years: N<br>&nbsp;&nbsp;&nbsp;&nbsp;Preschool: N<br>&nbsp;&nbsp;&nbsp;&nbsp;Grade 1 - Age 12: N<br>
910,Licensed Group,Castle Care School Age,3515 Watson Ave,,Cobble Hill,V0R 1L0,48.687355,-123.600951,250-743-9675,,,N,N,N,N,N,N,N,N,N,N,N,N,N,N,N,N,N,,,N,N,N,N,N,N,N,N,N,Y,N,2026-05-12,https://www.healthspace.ca/clients/viha/viha_website.nsf/CCFL-Main?OpenView,N,Y,N,Castle Care School Age<br>Licensed Group<br>250-743-9675<br><br>Vacancy:<br>&nbsp;&nbsp;&nbsp;&nbsp;<36 months: N<br>&nbsp;&nbsp;&nbsp;&nbsp;30 months -- 5 years: N<br>&nbsp;&nbsp;&nbsp;&nbsp;Preschool: Y<br>&nbsp;&nbsp;&nbsp;&nbsp;Grade 1 - Age 12: N<br>
911,Licensed Group,Little Footprints Daycare (Nordel),11838 88Th Ave,,Delta,V4C 3C5,49.162702,-122.894946,604-328-2091,,,N,N,N,N,N,N,N,N,N,N,N,N,N,N,N,N,N,,,N,N,N,N,N,N,N,N,N,N,N,2026-05-13,http://www.healthspace.ca/fha/childcare,N,Y,N,Little Footprints Daycare (Nordel)<br>Licensed Group<br>604-328-2091<br><br>Vacancy:<br>&nbsp;&nbsp;&nbsp;&nbsp;<36 months: N<br>&nbsp;&nbsp;&nbsp;&nbsp;30 months -- 5 years: N<br>&nbsp;&nbsp;&nbsp;&nbsp;Preschool: N<br>&nbsp;&nbsp;&nbsp;&nbsp;Grade 1 - Age 12: N<br>
912,Licensed Group,Jlc Victoria,2755 Admirals Rd,,Saanich,V9A 2R2,48.452781,-123.421183,250-920-9068,,,N,N,N,N,N,N,N,N,N,N,N,N,N,N,N,N,N,,,N,N,N,N,N,N,N,N,Y,N,Y,2026-05-11,https://www.healthspace.ca/clients/viha/viha_website.nsf/CCFL-Main?OpenView,N,Y,N,Jlc Victoria<br>Licensed Group<br>250-920-9068<br><br>Vacancy:<br>&nbsp;&nbsp;&nbsp;&nbsp;<36 months: N<br>&nbsp;&nbsp;&nbsp;&nbsp;30 months -- 5 years: Y<br>&nbsp;&nbsp;&nbsp;&nbsp;Preschool: N<br>&nbsp;&nbsp;&nbsp;&nbsp;Grade 1 - Age 12: Y<br>
913,Licensed Group,Lots Of Tots Childcare Center,450 Bowron Ave,,Quesnel,V2J 2H5,52.984117,-122.493948,250-991-5015,,,N,N,N,N,N,N,N,N,N,N,N,N,N,N,N,N,N,,,N,N,N,N,N,N,N,N,N,N,N,2026-05-15,https://www.healthspace.ca/Clients/NHA/NHA_Website.nsf/CCFL-Frameset,N,Y,N,Lots Of Tots Childcare Center<br>Licensed Group<br>250-991-5015<br><br>Vacancy:<br>&nbsp;&nbsp;&nbsp;&nbsp;<36 months: N<br>&nbsp;&nbsp;&nbsp;&nbsp;30 months -- 5 years: N<br>&nbsp;&nbsp;&nbsp;&nbsp;Preschool: N<br>&nbsp;&nbsp;&nbsp;&nbsp;Grade 1 - Age 12: N<br>
914,Licensed Group,Blessed Generations Academy In Royal City,501 4Th Ave,,New Westminster,V3L 1S2,49.21087,-122.916059,604-618-4767,,,N,N,N,N,N,N,N,N,N,N,N,N,N,N,N,N,N,,,N,N,N,N,N,N,N,N,N,N,N,2026-04-20,http://www.healthspace.ca/fha/childcare,N,Y,N,Blessed Generations Academy In Royal City<br>Licensed Group<br>604-618-4767<br><br>Vacancy:<br>&nbsp;&nbsp;&nbsp;&nbsp;<36 months: N<br>&nbsp;&nbsp;&nbsp;&nbsp;30 months -- 5 years: N<br>&nbsp;&nbsp;&nbsp;&nbsp;Preschool: N<br>&nbsp;&nbsp;&nbsp;&nbsp;Grade 1 - Age 12: N<br>
915,Licensed Group,Ashcroft Early Learning Program,435 Ranch Rd,,Ashcroft,V0K 1A0,50.734324,-121.26822,250-457-7408,,,Y,N,N,N,N,N,Y,Y,N,Y,Y,N,N,N,N,N,N,Not offered,Not offered,N,N,N,Y,Y,Y,Y,Y,Y,N,Y,2026-05-15,https://hedgehogportal.interiorhealth.ca/ChildCare/Map,N,Y,N,Ashcroft Early Learning Program<br>Licensed Group<br>250-457-7408<br><br>Vacancy:<br>&nbsp;&nbsp;&nbsp;&nbsp;<36 months: Y<br>&nbsp;&nbsp;&nbsp;&nbsp;30 months -- 5 years: Y<br>&nbsp;&nbsp;&nbsp;&nbsp;Preschool: N<br>&nbsp;&nbsp;&nbsp;&nbsp;Grade 1 - Age 12: Y<br>
916,Licensed Group,Exploration Station Child Care,809 Merrycreek Rd,,Castlegar,V1N 2P1,49.298411,-117.658357,250-608-3511,,,N,N,N,N,N,N,N,N,N,N,N,N,N,N,N,N,N,,,N,N,N,N,N,N,N,N,N,N,N,2026-04-20,https://hedgehogportal.interiorhealth.ca/ChildCare/Map,N,Y,N,Exploration Station Child Care<br>Licensed Group<br>250-608-3511<br><br>Vacancy:<br>&nbsp;&nbsp;&nbsp;&nbsp;<36 months: N<br>&nbsp;&nbsp;&nbsp;&nbsp;30 months -- 5 years: N<br>&nbsp;&nbsp;&nbsp;&nbsp;Preschool: N<br>&nbsp;&nbsp;&nbsp;&nbsp;Grade 1 - Age 12: N<br>
917,Licensed Group,Maple Grove ymca Kids Club,1924 45Th Ave W,,Vancouver,V6M 3S3,49.230752,-123.150076,604-363-7346,,,N,N,N,N,N,N,N,N,N,N,N,N,N,N,N,N,N,,,N,N,N,N,N,N,N,N,N,N,N,2026-05-14,https://inspections.vcha.ca/ChildCare/Table,N,Y,N,Maple Grove ymca Kids Club<br>Licensed Group<br>604-363-7346<br><br>Vacancy:<br>&nbsp;&nbsp;&nbsp;&nbsp;<36 months: N<br>&nbsp;&nbsp;&nbsp;&nbsp;30 months -- 5 years: N<br>&nbsp;&nbsp;&nbsp;&nbsp;Preschool: N<br>&nbsp;&nbsp;&nbsp;&nbsp;Grade 1 - Age 12: N<br>
918,Licensed Family,Kellie's Family Daycare,1515 Fir Cres,,Golden,V0A 1H6,51.292461,-116.949505,250-344-8292,,,N,N,N,N,N,N,N,N,N,N,N,N,N,N,N,N,N,,,N,N,N,N,N,N,N,N,N,N,N,2026-05-04,https://hedgehogportal.interiorhealth.ca/ChildCare/Map,N,Y,N,Kellie's Family Daycare<br>Licensed Family<br>250-344-8292<br><br>Vacancy:<br>&nbsp;&nbsp;&nbsp;&nbsp;<36 months: N<br>&nbsp;&nbsp;&nbsp;&nbsp;30 months -- 5 years: N<br>&nbsp;&nbsp;&nbsp;&nbsp;Preschool: N<br>&nbsp;&nbsp;&nbsp;&nbsp;Grade 1 - Age 12: N<br>
919,Licensed Group,Nest Early Learning,8380 Elsmore Rd,,Richmond,V7C 2A1,49.151185,-123.186472,604-644-0971,,,N,N,N,N,N,N,N,N,N,N,N,N,N,N,N,N,N,,,N,N,N,N,N,N,N,N,Y,N,N,2026-05-13,https://inspections.vcha.ca/ChildCare/Table,N,Y,N,Nest Early Learning<br>Licensed Group<br>604-644-0971<br><br>Vacancy:<br>&nbsp;&nbsp;&nbsp;&nbsp;<36 months: N<br>&nbsp;&nbsp;&nbsp;&nbsp;30 months -- 5 years: Y<br>&nbsp;&nbsp;&nbsp;&nbsp;Preschool: N<br>&nbsp;&nbsp;&nbsp;&nbsp;Grade 1 - Age 12: N<br>
920,Licensed Group,Forest Friends Early Learning Center,6517 Claytonhill Grove,,Surrey,V3S 7N4,49.121236,-122.71684,604-831-6073,,,N,N,N,N,N,N,N,N,N,N,N,N,N,N,N,N,N,,,N,N,N,N,N,N,N,N,N,N,N,2026-04-30,http://www.healthspace.ca/fha/childcare,N,Y,N,Forest Friends Early Learning Center<br>Licensed Group<br>604-831-6073<br><br>Vacancy:<br>&nbsp;&nbsp;&nbsp;&nbsp;<36 months: N<br>&nbsp;&nbsp;&nbsp;&nbsp;30 months -- 5 years: N<br>&nbsp;&nbsp;&nbsp;&nbsp;Preschool: N<br>&nbsp;&nbsp;&nbsp;&nbsp;Grade 1 - Age 12: N<br>
921,Licensed Family,Nice Kids Child Care Centre,6280 Goldsmith Dr,,Richmond,V7E 4G5,49.138482,-123.156318,604-722-6066,,,N,N,N,N,N,N,N,N,N,N,N,N,N,N,N,N,N,,,N,N,N,N,N,N,N,Y,Y,N,N,2026-05-01,https://inspections.vcha.ca/ChildCare/Table,N,Y,N,Nice Kids Child Care Centre<br>Licensed Family<br>604-722-6066<br><br>Vacancy:<br>&nbsp;&nbsp;&nbsp;&nbsp;<36 months: Y<br>&nbsp;&nbsp;&nbsp;&nbsp;30 months -- 5 years: Y<br>&nbsp;&nbsp;&nbsp;&nbsp;Preschool: N<br>&nbsp;&nbsp;&nbsp;&nbsp;Grade 1 - Age 12: N<br>
922,Licensed Family,Robyn's Nest Daycare,755 Kerry St,,Prince George,V2M 5A8,53.917832,-122.801556,778-349-0815,,,N,N,N,N,N,N,N,N,N,N,N,N,N,N,N,N,N,,,N,N,N,N,N,N,N,Y,Y,N,N,2026-04-21,https://www.healthspace.ca/Clients/NHA/NHA_Website.nsf/CCFL-Frameset,N,Y,N,Robyn's Nest Daycare<br>Licensed Family<br>778-349-0815<br><br>Vacancy:<br>&nbsp;&nbsp;&nbsp;&nbsp;<36 months: Y<br>&nbsp;&nbsp;&nbsp;&nbsp;30 months -- 5 years: Y<br>&nbsp;&nbsp;&nbsp;&nbsp;Preschool: N<br>&nbsp;&nbsp;&nbsp;&nbsp;Grade 1 - Age 12: N<br>
923,Licensed Family,Laughing Together Family Daycare,1362 Hudson Bay Mountain Rd,,Smithers,V0J 2N4,54.757365,-127.163035,250-643-0143,,,N,N,N,N,N,N,N,N,N,N,N,N,N,N,N,N,N,,,N,N,N,N,N,N,N,N,N,N,N,2026-05-15,https://www.healthspace.ca/Clients/NHA/NHA_Website.nsf/CCFL-Frameset,N,Y,N,Laughing Together Family Daycare<br>Licensed Family<br>250-643-0143<br><br>Vacancy:<br>&nbsp;&nbsp;&nbsp;&nbsp;<36 months: N<br>&nbsp;&nbsp;&nbsp;&nbsp;30 months -- 5 years: N<br>&nbsp;&nbsp;&nbsp;&nbsp;Preschool: N<br>&nbsp;&nbsp;&nbsp;&nbsp;Grade 1 - Age 12: N<br>
924,Licensed Group,123 Learn With Me,10431 99 St,,Taylor,V0C 2K0,56.154123,-120.679276,250-793-9944,,,N,N,N,N,N,N,N,N,N,N,N,N,N,N,N,N,N,,,N,N,N,N,N,N,N,N,N,N,N,2026-05-15,https://www.healthspace.ca/Clients/NHA/NHA_Website.nsf/CCFL-Frameset,N,Y,N,123 Learn With Me<br>Licensed Group<br>250-793-9944<br><br>Vacancy:<br>&nbsp;&nbsp;&nbsp;&nbsp;<36 months: N<br>&nbsp;&nbsp;&nbsp;&nbsp;30 months -- 5 years: N<br>&nbsp;&nbsp;&nbsp;&nbsp;Preschool: N<br>&nbsp;&nbsp;&nbsp;&nbsp;Grade 1 - Age 12: N<br>
925,Licensed Family,Caterpillar Clubhouse,889 Serle Rd,,Kamloops,V2B 6L8,50.763542,-120.3528,250-819-6653,,,N,N,N,N,N,N,N,N,N,N,N,N,N,N,N,N,N,,,N,N,N,N,N,N,N,N,N,N,N,2026-05-21,https://hedgehogportal.interiorhealth.ca/ChildCare/Map,N,Y,N,Caterpillar Clubhouse<br>Licensed Family<br>250-819-6653<br><br>Vacancy:<br>&nbsp;&nbsp;&nbsp;&nbsp;<36 months: N<br>&nbsp;&nbsp;&nbsp;&nbsp;30 months -- 5 years: N<br>&nbsp;&nbsp;&nbsp;&nbsp;Preschool: N<br>&nbsp;&nbsp;&nbsp;&nbsp;Grade 1 - Age 12: N<br>
926,Licensed Family,A-1 Daycare Centre,2001 37Th Ave W,,Vancouver,V6M 1N7,49.238267,-123.151991,604-329-2273,,,,,,,,,,,,,,,,,,,,,,,,,,,,,,,,,,,Y,Y,N,A-1 Daycare Centre<br>Licensed Family<br>604-329-2273<br><br>Vacancy:<br>&nbsp;&nbsp;&nbsp;&nbsp;<36 months: None<br>&nbsp;&nbsp;&nbsp;&nbsp;30 months -- 5 years: None<br>&nbsp;&nbsp;&nbsp;&nbsp;Preschool: None<br>&nbsp;&nbsp;&nbsp;&nbsp;Grade 1 - Age 12: None<br>
927,Licensed Group,Shalom Daycare,1537 Hillside Ave,,Victoria,V8T 2C1,48.44348,-123.337574,778-977-2898,,,N,N,N,N,N,N,N,N,N,N,N,N,N,N,N,N,N,,,N,N,N,N,N,N,N,N,N,N,N,2026-05-14,https://www.healthspace.ca/clients/viha/viha_website.nsf/CCFL-Main?OpenView,N,Y,N,Shalom Daycare<br>Licensed Group<br>778-977-2898<br><br>Vacancy:<br>&nbsp;&nbsp;&nbsp;&nbsp;<36 months: N<br>&nbsp;&nbsp;&nbsp;&nbsp;30 months -- 5 years: N<br>&nbsp;&nbsp;&nbsp;&nbsp;Preschool: N<br>&nbsp;&nbsp;&nbsp;&nbsp;Grade 1 - Age 12: N<br>
928,Licensed Family,Chris' Child Care,2241 Parkcrest Ave,,Kamloops,V2B 4X9,50.707663,-120.409219,250-554-1398,,,N,N,N,N,N,N,N,N,N,N,N,N,N,N,N,N,N,,,N,N,N,N,N,N,N,N,Y,N,N,2026-04-29,https://hedgehogportal.interiorhealth.ca/ChildCare/Map,N,Y,N,Chris' Child Care<br>Licensed Family<br>250-554-1398<br><br>Vacancy:<br>&nbsp;&nbsp;&nbsp;&nbsp;<36 months: N<br>&nbsp;&nbsp;&nbsp;&nbsp;30 months -- 5 years: Y<br>&nbsp;&nbsp;&nbsp;&nbsp;Preschool: N<br>&nbsp;&nbsp;&nbsp;&nbsp;Grade 1 - Age 12: N<br>
929,Licensed Group,Pinewood Leisure Centre,11777 Pinewood Dr,,Delta,V4E 3E9,49.115248,-122.896291,604-952-3054,,,,,,,,,,,,,,,,,,,,,,,,,,,,,,,,,,,Y,Y,N,Pinewood Leisure Centre<br>Licensed Group<br>604-952-3054<br><br>Vacancy:<br>&nbsp;&nbsp;&nbsp;&nbsp;<36 months: None<br>&nbsp;&nbsp;&nbsp;&nbsp;30 months -- 5 years: None<br>&nbsp;&nbsp;&nbsp;&nbsp;Preschool: None<br>&nbsp;&nbsp;&nbsp;&nbsp;Grade 1 - Age 12: None<br>
930,Licensed Group,Always Home Childcare,887 Carney St,,Prince George,V2M 2K8,53.916606,-122.769724,250-301-6432,,,N,N,N,N,N,N,N,N,N,N,N,N,N,N,N,N,N,,,N,N,N,N,N,N,N,N,Y,N,N,2026-05-20,https://www.healthspace.ca/Clients/NHA/NHA_Website.nsf/CCFL-Frameset,N,Y,N,Always Home Childcare<br>Licensed Group<br>250-301-6432<br><br>Vacancy:<br>&nbsp;&nbsp;&nbsp;&nbsp;<36 months: N<br>&nbsp;&nbsp;&nbsp;&nbsp;30 months -- 5 years: Y<br>&nbsp;&nbsp;&nbsp;&nbsp;Preschool: N<br>&nbsp;&nbsp;&nbsp;&nbsp;Grade 1 - Age 12: N<br>
931,Licensed Group,Balfour Community Preschool,7741 Upper Balfour Rd,,Balfour,V0G 1C0,49.626074,-116.965885,250-505-7734,,,N,N,N,N,N,N,N,N,N,N,N,N,N,N,N,N,N,,,N,N,N,N,N,N,N,N,Y,Y,N,2026-05-04,https://hedgehogportal.interiorhealth.ca/ChildCare/Map,N,Y,N,Balfour Community Preschool<br>Licensed Group<br>250-505-7734<br><br>Vacancy:<br>&nbsp;&nbsp;&nbsp;&nbsp;<36 months: N<br>&nbsp;&nbsp;&nbsp;&nbsp;30 months -- 5 years: Y<br>&nbsp;&nbsp;&nbsp;&nbsp;Preschool: Y<br>&nbsp;&nbsp;&nbsp;&nbsp;Grade 1 - Age 12: N<br>
932,Licensed Group,Autumn Childcare Centre,45768 Hocking Ave,,Chilliwack,V2P 1B4,49.158679,-121.957614,778-552-8012,,,N,N,N,N,N,N,N,N,N,N,N,N,N,N,N,N,N,,,N,N,N,N,N,N,N,Y,Y,N,N,2026-04-20,http://www.healthspace.ca/fha/childcare,N,Y,N,Autumn Childcare Centre<br>Licensed Group<br>778-552-8012<br><br>Vacancy:<br>&nbsp;&nbsp;&nbsp;&nbsp;<36 months: Y<br>&nbsp;&nbsp;&nbsp;&nbsp;30 months -- 5 years: Y<br>&nbsp;&nbsp;&nbsp;&nbsp;Preschool: N<br>&nbsp;&nbsp;&nbsp;&nbsp;Grade 1 - Age 12: N<br>
933,Licensed Group,Caribou Kids Ltd.,1559 Illecillewaet Rd,,Revelstoke,V0E 2S1,50.985452,-118.179113,250-805-1323,,,N,N,N,N,N,N,N,N,N,N,N,N,N,N,N,N,N,,,N,N,N,N,N,N,N,N,N,N,N,2026-05-15,https://hedgehogportal.interiorhealth.ca/ChildCare/Map,N,Y,N,Caribou Kids Ltd.<br>Licensed Group<br>250-805-1323<br><br>Vacancy:<br>&nbsp;&nbsp;&nbsp;&nbsp;<36 months: N<br>&nbsp;&nbsp;&nbsp;&nbsp;30 months -- 5 years: N<br>&nbsp;&nbsp;&nbsp;&nbsp;Preschool: N<br>&nbsp;&nbsp;&nbsp;&nbsp;Grade 1 - Age 12: N<br>
934,Licensed Family,Tot's Club Childcare,248 Stafford Ave,,Courtenay,V9N 6Z3,49.706612,-124.977564,604-892-7510,,,N,N,N,N,N,N,N,N,N,N,N,N,N,N,N,N,N,,,N,N,N,N,N,N,N,Y,N,N,N,2026-05-19,https://www.healthspace.ca/clients/viha/viha_website.nsf/CCFL-Main?OpenView,N,Y,N,Tot's Club Childcare<br>Licensed Family<br>604-892-7510<br><br>Vacancy:<br>&nbsp;&nbsp;&nbsp;&nbsp;<36 months: Y<br>&nbsp;&nbsp;&nbsp;&nbsp;30 months -- 5 years: N<br>&nbsp;&nbsp;&nbsp;&nbsp;Preschool: N<br>&nbsp;&nbsp;&nbsp;&nbsp;Grade 1 - Age 12: N<br>
935,Licensed Group,Toddler Town Daycare,12371 96 Ave,,Surrey,V3V 1W9,49.17739,-122.880059,604-537-7386,,,N,N,N,N,N,N,N,N,N,N,N,N,N,N,N,N,N,,,N,N,N,N,N,N,N,N,N,N,N,2026-05-11,http://www.healthspace.ca/fha/childcare,N,Y,N,Toddler Town Daycare<br>Licensed Group<br>604-537-7386<br><br>Vacancy:<br>&nbsp;&nbsp;&nbsp;&nbsp;<36 months: N<br>&nbsp;&nbsp;&nbsp;&nbsp;30 months -- 5 years: N<br>&nbsp;&nbsp;&nbsp;&nbsp;Preschool: N<br>&nbsp;&nbsp;&nbsp;&nbsp;Grade 1 - Age 12: N<br>
936,Licensed Group,Little Munchkin Daycare Ltd.,1467 Balfour Ave,,Vancouver,V6H 1X9,49.252064,-123.137606,604-655-1895,,,N,N,N,N,N,N,N,N,N,N,N,N,N,N,N,N,N,,,N,N,N,N,N,N,N,Y,Y,Y,Y,2026-04-01,https://inspections.vcha.ca/ChildCare/Table,N,Y,N,Little Munchkin Daycare Ltd.<br>Licensed Group<br>604-655-1895<br><br>Vacancy:<br>&nbsp;&nbsp;&nbsp;&nbsp;<36 months: Y<br>&nbsp;&nbsp;&nbsp;&nbsp;30 months -- 5 years: Y<br>&nbsp;&nbsp;&nbsp;&nbsp;Preschool: Y<br>&nbsp;&nbsp;&nbsp;&nbsp;Grade 1 - Age 12: Y<br>
937,Licensed Group,Montessori Minds Childcare Centre Ltd.,1003 Shoppers Row,,Campbell River,V9W 2C7,50.026152,-125.243875,778-837-9496,,,N,N,N,N,N,N,N,N,N,N,N,N,N,N,N,N,N,,,N,N,N,N,N,N,N,N,N,N,N,2026-05-13,https://www.healthspace.ca/clients/viha/viha_website.nsf/CCFL-Main?OpenView,N,Y,N,Montessori Minds Childcare Centre Ltd.<br>Licensed Group<br>778-837-9496<br><br>Vacancy:<br>&nbsp;&nbsp;&nbsp;&nbsp;<36 months: N<br>&nbsp;&nbsp;&nbsp;&nbsp;30 months -- 5 years: N<br>&nbsp;&nbsp;&nbsp;&nbsp;Preschool: N<br>&nbsp;&nbsp;&nbsp;&nbsp;Grade 1 - Age 12: N<br>
938,Licensed Group,La Paz Early Learning Center,3446 147A St,,Surrey,V4P 0A7,49.064838,-122.813114,604-910-1342,,,N,N,N,N,N,N,N,N,N,N,N,N,N,N,N,N,N,,,N,N,N,N,N,N,N,Y,Y,N,N,2026-04-23,,N,Y,N,La Paz Early Learning Center<br>Licensed Group<br>604-910-1342<br><br>Vacancy:<br>&nbsp;&nbsp;&nbsp;&nbsp;<36 months: Y<br>&nbsp;&nbsp;&nbsp;&nbsp;30 months -- 5 years: Y<br>&nbsp;&nbsp;&nbsp;&nbsp;Preschool: N<br>&nbsp;&nbsp;&nbsp;&nbsp;Grade 1 - Age 12: N<br>
939,Licensed Group,Kamloops Kidz (Orchards Walk),201-3200 Valleyview Dr,,Kamloops,V2C 0H1,50.671061,-120.226633,250-319-9044,,,N,N,N,N,N,N,N,N,N,N,N,N,N,N,N,N,N,,,N,N,N,N,N,N,N,Y,Y,Y,Y,2026-05-12,https://hedgehogportal.interiorhealth.ca/ChildCare/Map,N,Y,N,Kamloops Kidz (Orchards Walk)<br>Licensed Group<br>250-319-9044<br><br>Vacancy:<br>&nbsp;&nbsp;&nbsp;&nbsp;<36 months: Y<br>&nbsp;&nbsp;&nbsp;&nbsp;30 months -- 5 years: Y<br>&nbsp;&nbsp;&nbsp;&nbsp;Preschool: Y<br>&nbsp;&nbsp;&nbsp;&nbsp;Grade 1 - Age 12: Y<br>
940,Licensed Group,Do-Re-Mi Kids In Learning,1483 Cadena Crt,,Coquitlam,V3E 0E5,49.302825,-122.752702,604-468-9166,,,N,N,N,N,N,N,N,N,N,N,N,N,N,N,N,N,N,,,N,N,N,N,N,N,N,N,N,N,N,2026-04-19,http://www.healthspace.ca/fha/childcare,N,Y,N,Do-Re-Mi Kids In Learning<br>Licensed Group<br>604-468-9166<br><br>Vacancy:<br>&nbsp;&nbsp;&nbsp;&nbsp;<36 months: N<br>&nbsp;&nbsp;&nbsp;&nbsp;30 months -- 5 years: N<br>&nbsp;&nbsp;&nbsp;&nbsp;Preschool: N<br>&nbsp;&nbsp;&nbsp;&nbsp;Grade 1 - Age 12: N<br>
941,Licensed Group,Heart To Hart Preschool & After School Care,7151 Heather Park Rd,,Prince George,V2K 5Y3,53.994832,-122.808961,250-649-5845,,,N,N,N,N,N,N,N,N,N,N,N,N,N,N,N,N,N,Not offered,Not offered,N,N,N,N,N,N,N,N,N,N,N,2026-05-06,https://www.healthspace.ca/Clients/NHA/NHA_Website.nsf/CCFL-Frameset,N,N,N,Heart To Hart Preschool & After School Care<br>Licensed Group<br>250-649-5845<br><br>Vacancy:<br>&nbsp;&nbsp;&nbsp;&nbsp;<36 months: N<br>&nbsp;&nbsp;&nbsp;&nbsp;30 months -- 5 years: N<br>&nbsp;&nbsp;&nbsp;&nbsp;Preschool: N<br>&nbsp;&nbsp;&nbsp;&nbsp;Grade 1 - Age 12: N<br>
942,Licensed Family,Nana Daycare,518 59Th Ave E,,Vancouver,V5X 1Y3,49.21635,-123.093801,604-365-9239,www.nanadaycare.ca,,N,N,N,N,N,N,N,N,N,N,N,N,N,N,N,N,N,,,N,N,N,N,N,N,N,Y,Y,N,N,2026-05-15,https://inspections.vcha.ca/ChildCare/Table,N,Y,N,Nana Daycare<br>Licensed Family<br>604-365-9239<br><br>Vacancy:<br>&nbsp;&nbsp;&nbsp;&nbsp;<36 months: Y<br>&nbsp;&nbsp;&nbsp;&nbsp;30 months -- 5 years: Y<br>&nbsp;&nbsp;&nbsp;&nbsp;Preschool: N<br>&nbsp;&nbsp;&nbsp;&nbsp;Grade 1 - Age 12: N<br>
943,Licensed Family,Sandra's Home Daycare,10854 162A S,,Surrey,V4N 1N9,49.19991,-122.77226,604-583-7145,,,N,N,N,N,N,N,N,N,N,N,N,N,N,N,N,N,N,,,N,N,N,N,N,N,N,Y,Y,N,N,2026-04-29,http://www.healthspace.ca/fha/childcare,N,Y,N,Sandra's Home Daycare<br>Licensed Family<br>604-583-7145<br><br>Vacancy:<br>&nbsp;&nbsp;&nbsp;&nbsp;<36 months: Y<br>&nbsp;&nbsp;&nbsp;&nbsp;30 months -- 5 years: Y<br>&nbsp;&nbsp;&nbsp;&nbsp;Preschool: N<br>&nbsp;&nbsp;&nbsp;&nbsp;Grade 1 - Age 12: N<br>
944,Licensed Group,Bright Owlets Childcare And Learning Centre,320 43Rd Ave E,,Vancouver,V5W 1T3,49.230865,-123.098946,604-225-9240,,,Y,N,N,N,N,N,Y,N,N,N,N,N,N,N,N,N,N,Included in fee,Not offered,N,N,N,N,N,Y,Y,N,N,N,N,2026-05-18,https://inspections.vcha.ca/ChildCare/Table,N,Y,N,Bright Owlets Childcare And Learning Centre<br>Licensed Group<br>604-225-9240<br><br>Vacancy:<br>&nbsp;&nbsp;&nbsp;&nbsp;<36 months: N<br>&nbsp;&nbsp;&nbsp;&nbsp;30 months -- 5 years: N<br>&nbsp;&nbsp;&nbsp;&nbsp;Preschool: N<br>&nbsp;&nbsp;&nbsp;&nbsp;Grade 1 - Age 12: N<br>
945,Licensed Group,Victoria Montessori Preschool And Childcare,323 Skinner St,,Victoria,V9A 3B5,48.43579,-123.385808,250-380-0534,,,N,N,N,N,N,N,N,N,N,N,N,N,N,N,N,N,N,,,N,N,N,N,N,N,N,N,N,N,N,2026-05-19,https://www.healthspace.ca/clients/viha/viha_website.nsf/CCFL-Main?OpenView,N,Y,N,Victoria Montessori Preschool And Childcare<br>Licensed Group<br>250-380-0534<br><br>Vacancy:<br>&nbsp;&nbsp;&nbsp;&nbsp;<36 months: N<br>&nbsp;&nbsp;&nbsp;&nbsp;30 months -- 5 years: N<br>&nbsp;&nbsp;&nbsp;&nbsp;Preschool: N<br>&nbsp;&nbsp;&nbsp;&nbsp;Grade 1 - Age 12: N<br>
946,Licensed Group,Shuswap Kids Club Osc,1271 6 Ave Ne,,Salmon Arm,V1E 2S5,50.704575,-119.270475,250-832-7811,,,Y,N,N,N,N,N,N,N,N,Y,Y,N,N,N,N,N,N,Extra fee,Include in fee,N,N,N,N,Y,Y,N,N,N,N,N,2026-05-15,https://hedgehogportal.interiorhealth.ca/ChildCare/Map,N,Y,N,Shuswap Kids Club Osc<br>Licensed Group<br>250-832-7811<br><br>Vacancy:<br>&nbsp;&nbsp;&nbsp;&nbsp;<36 months: N<br>&nbsp;&nbsp;&nbsp;&nbsp;30 months -- 5 years: N<br>&nbsp;&nbsp;&nbsp;&nbsp;Preschool: N<br>&nbsp;&nbsp;&nbsp;&nbsp;Grade 1 - Age 12: N<br>
947,Licensed Group,Maple House Infant/Toddler Daycare,6451 Williams Rd,,Richmond,V7E 1K6,49.14128,-123.153078,778-668-5077,,,N,N,N,N,N,N,N,N,N,N,N,N,N,N,N,N,N,,,N,N,N,N,N,N,N,Y,N,N,N,2026-05-16,https://inspections.vcha.ca/ChildCare/Table,N,Y,N,Maple House Infant/Toddler Daycare<br>Licensed Group<br>778-668-5077<br><br>Vacancy:<br>&nbsp;&nbsp;&nbsp;&nbsp;<36 months: Y<br>&nbsp;&nbsp;&nbsp;&nbsp;30 months -- 5 years: N<br>&nbsp;&nbsp;&nbsp;&nbsp;Preschool: N<br>&nbsp;&nbsp;&nbsp;&nbsp;Grade 1 - Age 12: N<br>
948,Licensed Group,Wesbrook ymca Kids Club,3335 Webber Lane,,Vancouver,V6S 0H3,49.253696,-123.237268,604-218-5754,,,N,N,N,N,N,N,N,N,N,N,N,N,N,N,N,N,N,,,N,N,N,N,N,N,N,N,N,N,N,2026-05-14,https://inspections.vcha.ca/ChildCare/Table,N,Y,N,Wesbrook ymca Kids Club<br>Licensed Group<br>604-218-5754<br><br>Vacancy:<br>&nbsp;&nbsp;&nbsp;&nbsp;<36 months: N<br>&nbsp;&nbsp;&nbsp;&nbsp;30 months -- 5 years: N<br>&nbsp;&nbsp;&nbsp;&nbsp;Preschool: N<br>&nbsp;&nbsp;&nbsp;&nbsp;Grade 1 - Age 12: N<br>
949,Licensed Group,Grace Montessori Daycare,7588 Cariboo Rd,,Burnaby,V3N 4A9,49.237609,-122.906318,778-986-5168,,,N,N,N,N,N,N,N,N,N,N,N,N,N,N,N,N,N,,,N,N,N,N,N,N,N,N,N,N,N,2026-05-18,http://www.healthspace.ca/fha/childcare,N,Y,N,Grace Montessori Daycare<br>Licensed Group<br>778-986-5168<br><br>Vacancy:<br>&nbsp;&nbsp;&nbsp;&nbsp;<36 months: N<br>&nbsp;&nbsp;&nbsp;&nbsp;30 months -- 5 years: N<br>&nbsp;&nbsp;&nbsp;&nbsp;Preschool: N<br>&nbsp;&nbsp;&nbsp;&nbsp;Grade 1 - Age 12: N<br>
950,Licensed Family,Little Einstein 2,622 Croydon Pl,,North Vancouver,V7N 3A1,49.344882,-123.085376,604-376-1276,,,N,N,N,N,N,N,N,N,N,N,N,N,N,N,N,N,N,,,N,N,N,N,N,N,N,N,N,N,N,2026-05-03,https://inspections.vcha.ca/ChildCare/Table,N,Y,N,Little Einstein 2<br>Licensed Family<br>604-376-1276<br><br>Vacancy:<br>&nbsp;&nbsp;&nbsp;&nbsp;<36 months: N<br>&nbsp;&nbsp;&nbsp;&nbsp;30 months -- 5 years: N<br>&nbsp;&nbsp;&nbsp;&nbsp;Preschool: N<br>&nbsp;&nbsp;&nbsp;&nbsp;Grade 1 - Age 12: N<br>
951,Licensed Family,Building Blocks Family Child Care,32927 Phelps Ave,,Mission,V2V 7P9,49.159176,-122.313063,604-300-2820,,,N,N,N,N,N,N,N,N,N,N,N,N,N,N,N,N,N,,,N,N,N,N,N,N,N,N,N,N,Y,2026-04-27,http://www.healthspace.ca/fha/childcare,N,Y,N,Building Blocks Family Child Care<br>Licensed Family<br>604-300-2820<br><br>Vacancy:<br>&nbsp;&nbsp;&nbsp;&nbsp;<36 months: N<br>&nbsp;&nbsp;&nbsp;&nbsp;30 months -- 5 years: N<br>&nbsp;&nbsp;&nbsp;&nbsp;Preschool: N<br>&nbsp;&nbsp;&nbsp;&nbsp;Grade 1 - Age 12: Y<br>
952,Licensed Group,Cowichan Intercultural Society Child Care,321 St Julien St,,Duncan,V9L 3S5,48.777416,-123.701165,250-748-3112,,,N,N,N,N,N,N,N,N,N,N,N,N,N,N,N,N,N,,,N,N,N,N,N,N,N,N,N,N,N,2026-05-01,https://www.healthspace.ca/clients/viha/viha_website.nsf/CCFL-Main?OpenView,N,N,N,Cowichan Intercultural Society Child Care<br>Licensed Group<br>250-748-3112<br><br>Vacancy:<br>&nbsp;&nbsp;&nbsp;&nbsp;<36 months: N<br>&nbsp;&nbsp;&nbsp;&nbsp;30 months -- 5 years: N<br>&nbsp;&nbsp;&nbsp;&nbsp;Preschool: N<br>&nbsp;&nbsp;&nbsp;&nbsp;Grade 1 - Age 12: N<br>
953,Licensed Group,Agassiz/Harrison Preschool And Child Care Centres Inc.,7285 Mccullough Rd,,Agassiz,V0M 1A2,49.234137,-121.758401,604-378-9227,,,N,N,N,N,N,N,N,N,N,N,N,N,N,N,N,N,N,,,N,N,N,N,N,N,N,N,N,N,Y,2026-05-16,http://www.healthspace.ca/fha/childcare,N,Y,N,Agassiz/Harrison Preschool And Child Care Centres Inc.<br>Licensed Group<br>604-378-9227<br><br>Vacancy:<br>&nbsp;&nbsp;&nbsp;&nbsp;<36 months: N<br>&nbsp;&nbsp;&nbsp;&nbsp;30 months -- 5 years: N<br>&nbsp;&nbsp;&nbsp;&nbsp;Preschool: N<br>&nbsp;&nbsp;&nbsp;&nbsp;Grade 1 - Age 12: Y<br>
954,Licensed Family,The Purple Toad Daycare,1809 Ivans Ave,,Kelowna,V1Y 4H1,49.90383,-119.455908,250-878-2984,,,N,N,N,N,N,N,N,N,N,N,N,N,N,N,N,N,N,,,N,N,N,N,N,N,N,N,Y,N,N,2026-05-15,https://hedgehogportal.interiorhealth.ca/ChildCare/Map,N,Y,N,The Purple Toad Daycare<br>Licensed Family<br>250-878-2984<br><br>Vacancy:<br>&nbsp;&nbsp;&nbsp;&nbsp;<36 months: N<br>&nbsp;&nbsp;&nbsp;&nbsp;30 months -- 5 years: Y<br>&nbsp;&nbsp;&nbsp;&nbsp;Preschool: N<br>&nbsp;&nbsp;&nbsp;&nbsp;Grade 1 - Age 12: N<br>
955,Licensed Group,Willowbrae Childcare Academy,105-2780 Veterans Memorial Pky,,Victoria,V9B 3S6,48.448298,-123.495911,604-966-8887,,,N,N,N,N,N,N,N,N,N,N,N,N,N,N,N,N,N,,,N,N,N,N,N,N,N,N,N,N,N,2026-05-12,https://www.healthspace.ca/clients/viha/viha_website.nsf/CCFL-Main?OpenView,N,Y,N,Willowbrae Childcare Academy<br>Licensed Group<br>604-966-8887<br><br>Vacancy:<br>&nbsp;&nbsp;&nbsp;&nbsp;<36 months: N<br>&nbsp;&nbsp;&nbsp;&nbsp;30 months -- 5 years: N<br>&nbsp;&nbsp;&nbsp;&nbsp;Preschool: N<br>&nbsp;&nbsp;&nbsp;&nbsp;Grade 1 - Age 12: N<br>
956,Licensed Family,Citadel Sun Child Care,827 Citadel Dr,,Port Coquitlam,V3C 6B1,49.230726,-122.787089,778-953-5297,,,N,N,N,N,N,N,N,N,N,N,N,N,N,N,N,N,N,,,N,N,N,N,N,N,N,N,Y,N,N,2026-05-15,http://www.healthspace.ca/fha/childcare,N,Y,N,Citadel Sun Child Care<br>Licensed Family<br>778-953-5297<br><br>Vacancy:<br>&nbsp;&nbsp;&nbsp;&nbsp;<36 months: N<br>&nbsp;&nbsp;&nbsp;&nbsp;30 months -- 5 years: Y<br>&nbsp;&nbsp;&nbsp;&nbsp;Preschool: N<br>&nbsp;&nbsp;&nbsp;&nbsp;Grade 1 - Age 12: N<br>
957,Licensed Group,Generation Daycare Inc.,200-4080 Bayview St,,Richmond,V7E 0B3,49.123115,-123.177267,604-370-3206,,,N,N,N,N,N,N,N,N,N,N,N,N,N,N,N,N,N,,,N,N,N,N,N,N,N,N,N,Y,N,2026-05-01,https://inspections.vcha.ca/ChildCare/Table,N,Y,Y,Generation Daycare Inc.<br>Licensed Group<br>604-370-3206<br><br>Vacancy:<br>&nbsp;&nbsp;&nbsp;&nbsp;<36 months: N<br>&nbsp;&nbsp;&nbsp;&nbsp;30 months -- 5 years: N<br>&nbsp;&nbsp;&nbsp;&nbsp;Preschool: Y<br>&nbsp;&nbsp;&nbsp;&nbsp;Grade 1 - Age 12: N<br>
958,Licensed Group,Community Kids School Aged Care Inc,20050 53Rd Ave,,Langley,V3A 3T9,49.097607,-122.667337,778-240-9858,,,N,N,N,N,N,N,N,N,N,N,N,N,N,N,N,N,N,,,N,N,N,N,N,N,N,N,N,N,Y,2026-05-15,http://www.healthspace.ca/fha/childcare,N,Y,N,Community Kids School Aged Care Inc<br>Licensed Group<br>778-240-9858<br><br>Vacancy:<br>&nbsp;&nbsp;&nbsp;&nbsp;<36 months: N<br>&nbsp;&nbsp;&nbsp;&nbsp;30 months -- 5 years: N<br>&nbsp;&nbsp;&nbsp;&nbsp;Preschool: N<br>&nbsp;&nbsp;&nbsp;&nbsp;Grade 1 - Age 12: Y<br>
959,Licensed Family,The House Of Littles,648 Windman Crt,,Victoria,V9B 6N4,48.450987,-123.492961,250-661-1927,,,N,N,N,N,N,N,N,N,N,N,N,N,N,N,N,N,N,,,N,N,N,N,N,N,N,N,N,N,N,2026-05-14,https://www.healthspace.ca/clients/viha/viha_website.nsf/CCFL-Main?OpenView,N,Y,N,The House Of Littles<br>Licensed Family<br>250-661-1927<br><br>Vacancy:<br>&nbsp;&nbsp;&nbsp;&nbsp;<36 months: N<br>&nbsp;&nbsp;&nbsp;&nbsp;30 months -- 5 years: N<br>&nbsp;&nbsp;&nbsp;&nbsp;Preschool: N<br>&nbsp;&nbsp;&nbsp;&nbsp;Grade 1 - Age 12: N<br>
960,Licensed Group,Little Munchkin Daycare Ltd.,1469 Balfour Ave,,Vancouver,V6H 1X9,49.252275,-123.137671,604-655-1895,,,N,N,N,N,N,N,N,N,N,N,N,N,N,N,N,N,N,,,N,N,N,N,N,N,N,Y,Y,Y,Y,2026-04-01,https://inspections.vcha.ca/ChildCare/Table,N,Y,N,Little Munchkin Daycare Ltd.<br>Licensed Group<br>604-655-1895<br><br>Vacancy:<br>&nbsp;&nbsp;&nbsp;&nbsp;<36 months: Y<br>&nbsp;&nbsp;&nbsp;&nbsp;30 months -- 5 years: Y<br>&nbsp;&nbsp;&nbsp;&nbsp;Preschool: Y<br>&nbsp;&nbsp;&nbsp;&nbsp;Grade 1 - Age 12: Y<br>
961,Licensed Group,Bright Rainbow Child Care,"Unit A,C,D - 6235 136Th St",,Surrey,V3X 1H3,49.116063,-122.845634,604-590-6771,,,N,N,N,N,N,N,N,N,N,N,N,N,N,N,N,N,N,,,N,N,N,N,N,N,N,N,N,N,N,2026-05-16,http://www.healthspace.ca/fha/childcare,N,Y,N,Bright Rainbow Child Care<br>Licensed Group<br>604-590-6771<br><br>Vacancy:<br>&nbsp;&nbsp;&nbsp;&nbsp;<36 months: N<br>&nbsp;&nbsp;&nbsp;&nbsp;30 months -- 5 years: N<br>&nbsp;&nbsp;&nbsp;&nbsp;Preschool: N<br>&nbsp;&nbsp;&nbsp;&nbsp;Grade 1 - Age 12: N<br>
962,Licensed Group,Shannon Woods Childcare,2162 Shannon Woods Way,,West Kelowna,V4T 2R5,49.870494,-119.606877,250-575-8645,,,N,N,N,N,N,N,N,N,N,N,N,N,N,N,N,N,N,,,N,N,N,N,N,N,N,N,N,Y,N,2026-04-21,https://hedgehogportal.interiorhealth.ca/ChildCare/Map,N,N,N,Shannon Woods Childcare<br>Licensed Group<br>250-575-8645<br><br>Vacancy:<br>&nbsp;&nbsp;&nbsp;&nbsp;<36 months: N<br>&nbsp;&nbsp;&nbsp;&nbsp;30 months -- 5 years: N<br>&nbsp;&nbsp;&nbsp;&nbsp;Preschool: Y<br>&nbsp;&nbsp;&nbsp;&nbsp;Grade 1 - Age 12: N<br>
963,Licensed Group,Magical Nook Childcare Centre,1-170 Cedar Ave,,100 Mile House,V0K 2E0,51.645818,-121.293785,778-233-0875,,,N,N,N,N,N,N,N,N,N,N,N,N,N,N,N,N,N,,,N,N,N,N,N,N,N,N,N,N,N,2026-05-15,https://hedgehogportal.interiorhealth.ca/ChildCare/Map,N,Y,N,Magical Nook Childcare Centre<br>Licensed Group<br>778-233-0875<br><br>Vacancy:<br>&nbsp;&nbsp;&nbsp;&nbsp;<36 months: N<br>&nbsp;&nbsp;&nbsp;&nbsp;30 months -- 5 years: N<br>&nbsp;&nbsp;&nbsp;&nbsp;Preschool: N<br>&nbsp;&nbsp;&nbsp;&nbsp;Grade 1 - Age 12: N<br>
964,Licensed Group,Woodland Kids Club,38030 Clarke Dr,,Squamish,V0N 1H0,49.695063,-123.142866,604-815-3550,,,N,N,N,N,N,N,N,N,N,N,N,N,N,N,N,N,N,,,N,N,N,N,N,N,N,N,N,N,Y,2026-05-01,https://inspections.vcha.ca/ChildCare/Table,N,Y,N,Woodland Kids Club<br>Licensed Group<br>604-815-3550<br><br>Vacancy:<br>&nbsp;&nbsp;&nbsp;&nbsp;<36 months: N<br>&nbsp;&nbsp;&nbsp;&nbsp;30 months -- 5 years: N<br>&nbsp;&nbsp;&nbsp;&nbsp;Preschool: N<br>&nbsp;&nbsp;&nbsp;&nbsp;Grade 1 - Age 12: Y<br>
965,Licensed Family,Super Spuds Family Child Care,7585 Taylor Rd,,Pemberton,V0N 2L0,50.336553,-122.814661,604-902-0869,,,N,N,N,N,N,N,N,N,N,N,N,N,N,N,N,N,N,,,N,N,N,N,N,N,N,N,N,N,N,2026-05-02,https://inspections.vcha.ca/ChildCare/Table,N,Y,N,Super Spuds Family Child Care<br>Licensed Family<br>604-902-0869<br><br>Vacancy:<br>&nbsp;&nbsp;&nbsp;&nbsp;<36 months: N<br>&nbsp;&nbsp;&nbsp;&nbsp;30 months -- 5 years: N<br>&nbsp;&nbsp;&nbsp;&nbsp;Preschool: N<br>&nbsp;&nbsp;&nbsp;&nbsp;Grade 1 - Age 12: N<br>
966,Licensed Family,Smiles & Chuckles Family Daycare,670 Mitchell Rd,,Kelowna,V1X 3W5,49.879534,-119.406289,250-861-6114,,,N,N,N,N,N,N,N,N,N,N,N,N,N,N,N,N,N,,,N,N,N,N,N,N,N,N,Y,N,N,2026-05-19,https://hedgehogportal.interiorhealth.ca/ChildCare/Map,N,Y,N,Smiles & Chuckles Family Daycare<br>Licensed Family<br>250-861-6114<br><br>Vacancy:<br>&nbsp;&nbsp;&nbsp;&nbsp;<36 months: N<br>&nbsp;&nbsp;&nbsp;&nbsp;30 months -- 5 years: Y<br>&nbsp;&nbsp;&nbsp;&nbsp;Preschool: N<br>&nbsp;&nbsp;&nbsp;&nbsp;Grade 1 - Age 12: N<br>
967,Licensed Group,Butterfly Early Learning Centre,511 San Remo Dr,,Port Moody,V3H 3S6,49.288505,-122.841224,778-928-3839,,,N,N,N,N,N,N,N,N,N,N,N,N,N,N,N,N,N,,,N,N,N,N,N,N,N,N,N,N,N,2026-05-21,http://www.healthspace.ca/fha/childcare,N,Y,N,Butterfly Early Learning Centre<br>Licensed Group<br>778-928-3839<br><br>Vacancy:<br>&nbsp;&nbsp;&nbsp;&nbsp;<36 months: N<br>&nbsp;&nbsp;&nbsp;&nbsp;30 months -- 5 years: N<br>&nbsp;&nbsp;&nbsp;&nbsp;Preschool: N<br>&nbsp;&nbsp;&nbsp;&nbsp;Grade 1 - Age 12: N<br>
968,Licensed Group,Alpha Bees Childcare,1157 Falcon Dr,,Coquitlam,V3E 2C2,49.281499,-122.818306,604-472-0299,,,N,N,N,N,N,N,N,N,N,N,N,N,N,N,N,N,N,,,N,N,N,N,N,N,N,N,N,N,N,2026-05-07,http://www.healthspace.ca/fha/childcare,N,Y,N,Alpha Bees Childcare<br>Licensed Group<br>604-472-0299<br><br>Vacancy:<br>&nbsp;&nbsp;&nbsp;&nbsp;<36 months: N<br>&nbsp;&nbsp;&nbsp;&nbsp;30 months -- 5 years: N<br>&nbsp;&nbsp;&nbsp;&nbsp;Preschool: N<br>&nbsp;&nbsp;&nbsp;&nbsp;Grade 1 - Age 12: N<br>
969,Licensed Family,Sandy Child Care Centre,1 Deerwood Pl,,Port Moody,V3H 4N2,49.29324,-122.82729,778-320-8281,,,N,N,N,N,N,N,N,N,N,N,N,N,N,N,N,N,N,,,N,N,N,N,N,N,N,Y,Y,N,N,2026-05-15,http://www.healthspace.ca/fha/childcare,N,Y,N,Sandy Child Care Centre<br>Licensed Family<br>778-320-8281<br><br>Vacancy:<br>&nbsp;&nbsp;&nbsp;&nbsp;<36 months: Y<br>&nbsp;&nbsp;&nbsp;&nbsp;30 months -- 5 years: Y<br>&nbsp;&nbsp;&nbsp;&nbsp;Preschool: N<br>&nbsp;&nbsp;&nbsp;&nbsp;Grade 1 - Age 12: N<br>
970,Licensed Family,Honey Bee's Playschool,1043 Fashoda Pl,,Victoria,V9C 0E9,48.413427,-123.536252,250-580-5996,,,N,N,N,N,N,N,N,N,N,N,N,N,N,N,N,N,N,,,N,N,N,N,N,N,N,N,N,N,N,2026-05-15,https://www.healthspace.ca/clients/viha/viha_website.nsf/CCFL-Main?OpenView,N,Y,N,Honey Bee's Playschool<br>Licensed Family<br>250-580-5996<br><br>Vacancy:<br>&nbsp;&nbsp;&nbsp;&nbsp;<36 months: N<br>&nbsp;&nbsp;&nbsp;&nbsp;30 months -- 5 years: N<br>&nbsp;&nbsp;&nbsp;&nbsp;Preschool: N<br>&nbsp;&nbsp;&nbsp;&nbsp;Grade 1 - Age 12: N<br>
971,Licensed Family,Home Sweet Home,23668 Kanaka Way,,Maple Ridge,V2W 2A1,49.20393,-122.566794,778-927-4425,,,N,N,N,N,N,N,N,N,N,N,N,N,N,N,N,N,N,,,N,N,N,N,N,N,N,N,N,N,N,2026-05-15,http://www.healthspace.ca/fha/childcare,N,Y,N,Home Sweet Home<br>Licensed Family<br>778-927-4425<br><br>Vacancy:<br>&nbsp;&nbsp;&nbsp;&nbsp;<36 months: N<br>&nbsp;&nbsp;&nbsp;&nbsp;30 months -- 5 years: N<br>&nbsp;&nbsp;&nbsp;&nbsp;Preschool: N<br>&nbsp;&nbsp;&nbsp;&nbsp;Grade 1 - Age 12: N<br>
972,Licensed Group,Sunny Side Up Childcare,1015 Lakeshore Dr Sw,,Salmon Arm,V1E 1E4,50.698096,-119.297559,250-803-6752,,,N,N,N,N,N,N,N,N,N,N,N,N,N,N,N,N,N,,,N,N,N,N,N,N,N,N,Y,N,N,2026-05-20,https://hedgehogportal.interiorhealth.ca/ChildCare/Map,N,Y,N,Sunny Side Up Childcare<br>Licensed Group<br>250-803-6752<br><br>Vacancy:<br>&nbsp;&nbsp;&nbsp;&nbsp;<36 months: N<br>&nbsp;&nbsp;&nbsp;&nbsp;30 months -- 5 years: Y<br>&nbsp;&nbsp;&nbsp;&nbsp;Preschool: N<br>&nbsp;&nbsp;&nbsp;&nbsp;Grade 1 - Age 12: N<br>
973,Licensed Family,Appleseed Daycare,2710 mcgill St,,Vancouver,V5K 1H5,49.288409,-123.0489,604-215-4623,,,N,N,N,N,N,N,N,N,N,N,N,N,N,N,N,N,N,,,N,N,N,N,N,N,N,N,N,N,N,2026-05-16,https://inspections.vcha.ca/ChildCare/Table,N,Y,N,Appleseed Daycare<br>Licensed Family<br>604-215-4623<br><br>Vacancy:<br>&nbsp;&nbsp;&nbsp;&nbsp;<36 months: N<br>&nbsp;&nbsp;&nbsp;&nbsp;30 months -- 5 years: N<br>&nbsp;&nbsp;&nbsp;&nbsp;Preschool: N<br>&nbsp;&nbsp;&nbsp;&nbsp;Grade 1 - Age 12: N<br>
974,Licensed Family,Sweetpea Daycare,146 Cleland Dr,,Penticton,V2A 7G9,49.484605,-119.553105,778-476-3684,,,N,N,N,N,N,N,N,N,N,N,N,N,N,N,N,N,N,,,N,N,N,N,N,N,N,N,N,N,N,2026-04-27,https://hedgehogportal.interiorhealth.ca/ChildCare/Map,N,Y,N,Sweetpea Daycare<br>Licensed Family<br>778-476-3684<br><br>Vacancy:<br>&nbsp;&nbsp;&nbsp;&nbsp;<36 months: N<br>&nbsp;&nbsp;&nbsp;&nbsp;30 months -- 5 years: N<br>&nbsp;&nbsp;&nbsp;&nbsp;Preschool: N<br>&nbsp;&nbsp;&nbsp;&nbsp;Grade 1 - Age 12: N<br>
975,Licensed Family,Jungle Trail Child Care,3228 48Th Ave E,,Vancouver,V5S 1H5,49.225247,-123.03776,778-881-2772,,,N,N,N,N,N,N,N,N,N,N,N,N,N,N,N,N,N,,,N,N,N,N,N,N,N,N,N,N,N,2026-05-15,https://inspections.vcha.ca/ChildCare/Table,N,Y,N,Jungle Trail Child Care<br>Licensed Family<br>778-881-2772<br><br>Vacancy:<br>&nbsp;&nbsp;&nbsp;&nbsp;<36 months: N<br>&nbsp;&nbsp;&nbsp;&nbsp;30 months -- 5 years: N<br>&nbsp;&nbsp;&nbsp;&nbsp;Preschool: N<br>&nbsp;&nbsp;&nbsp;&nbsp;Grade 1 - Age 12: N<br>
976,Licensed Group,The Learning Journey Child Care Centre,3650 Happy Valley Rd,,Victoria,V9C 3X1,48.411213,-123.538363,250-812-0865,,,N,N,N,N,N,N,N,N,N,N,N,N,N,N,N,N,N,,,N,N,N,N,N,N,N,N,Y,N,N,2026-05-08,https://www.healthspace.ca/clients/viha/viha_website.nsf/CCFL-Main?OpenView,N,Y,N,The Learning Journey Child Care Centre<br>Licensed Group<br>250-812-0865<br><br>Vacancy:<br>&nbsp;&nbsp;&nbsp;&nbsp;<36 months: N<br>&nbsp;&nbsp;&nbsp;&nbsp;30 months -- 5 years: Y<br>&nbsp;&nbsp;&nbsp;&nbsp;Preschool: N<br>&nbsp;&nbsp;&nbsp;&nbsp;Grade 1 - Age 12: N<br>
977,Licensed Group,Hope Valley Childcare Centre,104-7093 King George Blvd,,Surrey,V3W 5A2,49.131003,-122.845986,604-593-8833,,,N,N,N,N,N,N,N,N,N,N,N,N,N,N,N,N,N,,,N,N,N,N,N,N,N,Y,N,N,N,2026-05-06,http://www.healthspace.ca/fha/childcare,N,Y,N,Hope Valley Childcare Centre<br>Licensed Group<br>604-593-8833<br><br>Vacancy:<br>&nbsp;&nbsp;&nbsp;&nbsp;<36 months: Y<br>&nbsp;&nbsp;&nbsp;&nbsp;30 months -- 5 years: N<br>&nbsp;&nbsp;&nbsp;&nbsp;Preschool: N<br>&nbsp;&nbsp;&nbsp;&nbsp;Grade 1 - Age 12: N<br>
978,Licensed Group,Two Peas In A Pod Childcare Centre,410 Wiltse Blvd,,Penticton,V2A 7V8,49.4712,-119.570764,250-493-6236,,,N,N,N,N,N,N,N,N,N,N,N,N,N,N,N,N,N,,,N,N,N,N,N,N,N,N,N,N,N,2026-05-19,https://hedgehogportal.interiorhealth.ca/ChildCare/Map,N,Y,N,Two Peas In A Pod Childcare Centre<br>Licensed Group<br>250-493-6236<br><br>Vacancy:<br>&nbsp;&nbsp;&nbsp;&nbsp;<36 months: N<br>&nbsp;&nbsp;&nbsp;&nbsp;30 months -- 5 years: N<br>&nbsp;&nbsp;&nbsp;&nbsp;Preschool: N<br>&nbsp;&nbsp;&nbsp;&nbsp;Grade 1 - Age 12: N<br>
979,Licensed Family,Forever Growing Multi-Age Child Care,19331 121B Ave,,Pitt Meadows,V3Y 1J5,49.224432,-122.685735,604-790-8122,,,N,N,N,N,N,N,N,N,N,N,N,N,N,N,N,N,N,,,N,N,N,N,N,N,N,N,N,N,N,2026-04-30,http://www.healthspace.ca/fha/childcare,N,Y,N,Forever Growing Multi-Age Child Care<br>Licensed Family<br>604-790-8122<br><br>Vacancy:<br>&nbsp;&nbsp;&nbsp;&nbsp;<36 months: N<br>&nbsp;&nbsp;&nbsp;&nbsp;30 months -- 5 years: N<br>&nbsp;&nbsp;&nbsp;&nbsp;Preschool: N<br>&nbsp;&nbsp;&nbsp;&nbsp;Grade 1 - Age 12: N<br>
980,Licensed Group,Cefa South Delta,202 4890 Canoe Pass Way,,Tsawwassen,V4M 0B1,49.039637,-123.089052,604-382-4274,,,N,N,N,N,N,N,N,N,N,N,N,N,N,N,N,N,N,,,N,N,N,N,N,N,N,N,Y,N,N,2026-05-15,http://www.healthspace.ca/fha/childcare,N,Y,N,Cefa South Delta<br>Licensed Group<br>604-382-4274<br><br>Vacancy:<br>&nbsp;&nbsp;&nbsp;&nbsp;<36 months: N<br>&nbsp;&nbsp;&nbsp;&nbsp;30 months -- 5 years: Y<br>&nbsp;&nbsp;&nbsp;&nbsp;Preschool: N<br>&nbsp;&nbsp;&nbsp;&nbsp;Grade 1 - Age 12: N<br>
981,Licensed Family,Smileykins,2125 Ensign Quay Lane,,West Kelowna,V4T 2Z4,49.850733,-119.604158,250-215-7000,,,N,N,N,N,N,N,N,N,N,N,N,N,N,N,N,N,N,,,N,N,N,N,N,N,N,N,N,N,N,2026-05-19,https://hedgehogportal.interiorhealth.ca/ChildCare/Map,N,Y,N,Smileykins<br>Licensed Family<br>250-215-7000<br><br>Vacancy:<br>&nbsp;&nbsp;&nbsp;&nbsp;<36 months: N<br>&nbsp;&nbsp;&nbsp;&nbsp;30 months -- 5 years: N<br>&nbsp;&nbsp;&nbsp;&nbsp;Preschool: N<br>&nbsp;&nbsp;&nbsp;&nbsp;Grade 1 - Age 12: N<br>
982,Licensed Family,After School Adventures With Gemma,15974 Prospect Cres,,White Rock,V4B 5B3,49.02531,-122.78023,604-355-4472,,,,,,,,,,,,,,,,,,,,,,,,,,,,,,,,,,,Y,N,N,After School Adventures With Gemma<br>Licensed Family<br>604-355-4472<br><br>Vacancy:<br>&nbsp;&nbsp;&nbsp;&nbsp;<36 months: None<br>&nbsp;&nbsp;&nbsp;&nbsp;30 months -- 5 years: None<br>&nbsp;&nbsp;&nbsp;&nbsp;Preschool: None<br>&nbsp;&nbsp;&nbsp;&nbsp;Grade 1 - Age 12: None<br>
983,Licensed Family,Fav's Kangaroos Family Home Daycare,3250 Samuels Crt,,Coquitlam,V3E 1C8,49.28778,-122.77506,604-346-8066,,,N,N,N,N,N,N,N,N,N,N,N,N,N,N,N,N,N,,,N,N,N,N,N,N,N,N,N,N,Y,2026-05-16,http://www.healthspace.ca/fha/childcare,N,Y,N,Fav's Kangaroos Family Home Daycare<br>Licensed Family<br>604-346-8066<br><br>Vacancy:<br>&nbsp;&nbsp;&nbsp;&nbsp;<36 months: N<br>&nbsp;&nbsp;&nbsp;&nbsp;30 months -- 5 years: N<br>&nbsp;&nbsp;&nbsp;&nbsp;Preschool: N<br>&nbsp;&nbsp;&nbsp;&nbsp;Grade 1 - Age 12: Y<br>
984,Licensed Family,Puddle Jumpers Childcare Services,1561 India Ave,,Prince Rupert,V8J 2Y1,54.322983,-130.290345,778-884-2560,,,N,N,N,N,N,N,N,N,N,N,N,N,N,N,N,N,N,,,N,N,N,N,N,N,N,N,Y,N,N,2026-05-11,https://www.healthspace.ca/Clients/NHA/NHA_Website.nsf/CCFL-Frameset,N,Y,N,Puddle Jumpers Childcare Services<br>Licensed Family<br>778-884-2560<br><br>Vacancy:<br>&nbsp;&nbsp;&nbsp;&nbsp;<36 months: N<br>&nbsp;&nbsp;&nbsp;&nbsp;30 months -- 5 years: Y<br>&nbsp;&nbsp;&nbsp;&nbsp;Preschool: N<br>&nbsp;&nbsp;&nbsp;&nbsp;Grade 1 - Age 12: N<br>
985,Licensed Family,Blue Sky Horizons Child Care,13-6579 Throup Rd,,Sooke,V9Z 0W5,48.383617,-123.718527,250-609-2388,,,N,N,N,N,N,N,N,N,N,N,N,N,N,N,N,N,N,,,N,N,N,N,N,N,N,N,N,N,N,2026-05-15,https://www.healthspace.ca/clients/viha/viha_website.nsf/CCFL-Main?OpenView,N,Y,N,Blue Sky Horizons Child Care<br>Licensed Family<br>250-609-2388<br><br>Vacancy:<br>&nbsp;&nbsp;&nbsp;&nbsp;<36 months: N<br>&nbsp;&nbsp;&nbsp;&nbsp;30 months -- 5 years: N<br>&nbsp;&nbsp;&nbsp;&nbsp;Preschool: N<br>&nbsp;&nbsp;&nbsp;&nbsp;Grade 1 - Age 12: N<br>
986,Licensed Family,Happy Pony House Daycare,3988 Michener Crt,,North Vancouver,V7K 3C7,49.346341,-123.048841,778-340-4333,,,N,N,N,N,N,N,N,N,N,N,N,N,N,N,N,N,N,,,N,N,N,N,N,N,N,Y,Y,N,N,2026-05-15,https://inspections.vcha.ca/ChildCare/Table,N,Y,N,Happy Pony House Daycare<br>Licensed Family<br>778-340-4333<br><br>Vacancy:<br>&nbsp;&nbsp;&nbsp;&nbsp;<36 months: Y<br>&nbsp;&nbsp;&nbsp;&nbsp;30 months -- 5 years: Y<br>&nbsp;&nbsp;&nbsp;&nbsp;Preschool: N<br>&nbsp;&nbsp;&nbsp;&nbsp;Grade 1 - Age 12: N<br>
987,Licensed Group,Bgc South Vancouver Island - Crystal View Club,2662 Silverstone Way,,Victoria,V9B 6A6,48.452911,-123.477875,250-580-0695,,,N,N,N,N,N,N,N,N,N,N,N,N,N,N,N,N,N,,,N,N,N,N,N,N,N,N,N,N,N,2026-05-06,https://www.healthspace.ca/clients/viha/viha_website.nsf/CCFL-Main?OpenView,N,Y,N,Bgc South Vancouver Island - Crystal View Club<br>Licensed Group<br>250-580-0695<br><br>Vacancy:<br>&nbsp;&nbsp;&nbsp;&nbsp;<36 months: N<br>&nbsp;&nbsp;&nbsp;&nbsp;30 months -- 5 years: N<br>&nbsp;&nbsp;&nbsp;&nbsp;Preschool: N<br>&nbsp;&nbsp;&nbsp;&nbsp;Grade 1 - Age 12: N<br>
988,Licensed Family,Mother Nature's Daycare,45647 Kipp Ave,,Chilliwack,V2P 1Y9,49.171904,-121.961183,604-799-6002,,,N,N,N,N,N,N,N,N,N,N,N,N,N,N,N,N,N,,,N,N,N,N,N,N,N,Y,Y,N,Y,2026-05-15,http://www.healthspace.ca/fha/childcare,N,Y,N,Mother Nature's Daycare<br>Licensed Family<br>604-799-6002<br><br>Vacancy:<br>&nbsp;&nbsp;&nbsp;&nbsp;<36 months: Y<br>&nbsp;&nbsp;&nbsp;&nbsp;30 months -- 5 years: Y<br>&nbsp;&nbsp;&nbsp;&nbsp;Preschool: N<br>&nbsp;&nbsp;&nbsp;&nbsp;Grade 1 - Age 12: Y<br>
989,Licensed Group,Peach Blossom Childcare Centre,1196 21St St W,,North Vancouver,V7P 2C8,49.328863,-123.107296,778-885-9091,,,N,N,N,N,N,N,N,N,N,N,N,N,N,N,N,N,N,,,N,N,N,N,N,N,N,N,N,N,N,2026-05-19,https://inspections.vcha.ca/ChildCare/Table,N,Y,N,Peach Blossom Childcare Centre<br>Licensed Group<br>778-885-9091<br><br>Vacancy:<br>&nbsp;&nbsp;&nbsp;&nbsp;<36 months: N<br>&nbsp;&nbsp;&nbsp;&nbsp;30 months -- 5 years: N<br>&nbsp;&nbsp;&nbsp;&nbsp;Preschool: N<br>&nbsp;&nbsp;&nbsp;&nbsp;Grade 1 - Age 12: N<br>
990,Licensed Group,Learn N' Play Abbotsford,100-2525 mccallum Rd,,Abbotsford,V2S 3R1,49.04795,-122.294295,604-288-8271,,,N,N,N,N,N,N,N,N,N,N,N,N,N,N,N,N,N,,,N,N,N,N,N,N,N,Y,Y,N,N,2026-05-15,http://www.healthspace.ca/fha/childcare,N,Y,N,Learn N' Play Abbotsford<br>Licensed Group<br>604-288-8271<br><br>Vacancy:<br>&nbsp;&nbsp;&nbsp;&nbsp;<36 months: Y<br>&nbsp;&nbsp;&nbsp;&nbsp;30 months -- 5 years: Y<br>&nbsp;&nbsp;&nbsp;&nbsp;Preschool: N<br>&nbsp;&nbsp;&nbsp;&nbsp;Grade 1 - Age 12: N<br>
991,Licensed Family,Little Folks Family Child Care,2695 12Th Ave W,,Vancouver,V6K 2P4,49.261601,-123.166122,604-321-3375,,,N,N,N,N,N,N,N,N,N,N,N,N,N,N,N,N,N,,,N,N,N,N,N,N,N,N,N,N,N,2026-05-13,https://inspections.vcha.ca/ChildCare/Table,N,Y,N,Little Folks Family Child Care<br>Licensed Family<br>604-321-3375<br><br>Vacancy:<br>&nbsp;&nbsp;&nbsp;&nbsp;<36 months: N<br>&nbsp;&nbsp;&nbsp;&nbsp;30 months -- 5 years: N<br>&nbsp;&nbsp;&nbsp;&nbsp;Preschool: N<br>&nbsp;&nbsp;&nbsp;&nbsp;Grade 1 - Age 12: N<br>
992,Licensed Group,Jessie's Tots Educare Centre B,4630 Northlawn Dr,,Burnaby,V5C 3S1,49.271945,-122.99736,778-928-9995,,,N,N,N,N,N,N,N,N,N,N,N,N,N,N,N,N,N,,,N,N,N,N,N,N,N,N,N,N,N,2026-05-14,http://www.healthspace.ca/fha/childcare,N,Y,N,Jessie's Tots Educare Centre B<br>Licensed Group<br>778-928-9995<br><br>Vacancy:<br>&nbsp;&nbsp;&nbsp;&nbsp;<36 months: N<br>&nbsp;&nbsp;&nbsp;&nbsp;30 months -- 5 years: N<br>&nbsp;&nbsp;&nbsp;&nbsp;Preschool: N<br>&nbsp;&nbsp;&nbsp;&nbsp;Grade 1 - Age 12: N<br>
993,Licensed Family,Baby Steps Licensed Daycare,4823 Sunset Dr,,Terrace,V8G 4T7,54.508061,-128.60478,250-615-7138,,,N,N,N,N,N,N,N,N,N,N,N,N,N,N,N,N,N,,,N,N,N,N,N,N,N,N,Y,N,N,2026-05-14,https://www.healthspace.ca/Clients/NHA/NHA_Website.nsf/CCFL-Frameset,N,Y,N,Baby Steps Licensed Daycare<br>Licensed Family<br>250-615-7138<br><br>Vacancy:<br>&nbsp;&nbsp;&nbsp;&nbsp;<36 months: N<br>&nbsp;&nbsp;&nbsp;&nbsp;30 months -- 5 years: Y<br>&nbsp;&nbsp;&nbsp;&nbsp;Preschool: N<br>&nbsp;&nbsp;&nbsp;&nbsp;Grade 1 - Age 12: N<br>
994,Licensed Family,Blue Moon Child Care,1548 Moody Ave,,North Vancouver,V7L 3T7,49.322679,-123.059716,778-888-4930,,,N,N,N,N,N,N,N,N,N,N,N,N,N,N,N,N,N,,,N,N,N,N,N,N,N,N,N,N,N,2026-05-16,https://inspections.vcha.ca/ChildCare/Table,N,Y,N,Blue Moon Child Care<br>Licensed Family<br>778-888-4930<br><br>Vacancy:<br>&nbsp;&nbsp;&nbsp;&nbsp;<36 months: N<br>&nbsp;&nbsp;&nbsp;&nbsp;30 months -- 5 years: N<br>&nbsp;&nbsp;&nbsp;&nbsp;Preschool: N<br>&nbsp;&nbsp;&nbsp;&nbsp;Grade 1 - Age 12: N<br>
995,Licensed Group,Pals Autism Society,101 Third St,,New Westminster,V3L 2P9,49.208618,-122.907247,604-251-1627,,,N,N,N,N,N,N,N,N,N,N,N,N,N,N,N,N,N,,,N,N,N,N,N,N,N,N,N,N,N,2026-05-01,http://www.healthspace.ca/fha/childcare,N,Y,N,Pals Autism Society<br>Licensed Group<br>604-251-1627<br><br>Vacancy:<br>&nbsp;&nbsp;&nbsp;&nbsp;<36 months: N<br>&nbsp;&nbsp;&nbsp;&nbsp;30 months -- 5 years: N<br>&nbsp;&nbsp;&nbsp;&nbsp;Preschool: N<br>&nbsp;&nbsp;&nbsp;&nbsp;Grade 1 - Age 12: N<br>
996,Licensed Family,Curious Cubs,417 Moss St,,Revelstoke,V0E 2S1,50.990033,-118.184934,250-814-8919,,,N,N,N,N,N,N,N,N,N,N,N,N,N,N,N,N,N,,,N,N,N,N,N,N,N,N,N,N,N,2026-05-15,https://hedgehogportal.interiorhealth.ca/ChildCare/Map,N,Y,N,Curious Cubs<br>Licensed Family<br>250-814-8919<br><br>Vacancy:<br>&nbsp;&nbsp;&nbsp;&nbsp;<36 months: N<br>&nbsp;&nbsp;&nbsp;&nbsp;30 months -- 5 years: N<br>&nbsp;&nbsp;&nbsp;&nbsp;Preschool: N<br>&nbsp;&nbsp;&nbsp;&nbsp;Grade 1 - Age 12: N<br>
997,Licensed Group,Kids & Company North Vancouver Esplanade,70-221 Esplanade W,,North Vancouver,V7M 3N7,49.3123,-123.083534,604-770-4380,,,N,N,N,N,N,N,N,N,N,N,N,N,N,N,N,N,N,Not offered,Not offered,N,N,N,N,N,N,N,Y,N,N,N,2026-05-10,https://inspections.vcha.ca/ChildCare/Table,N,Y,Y,Kids & Company North Vancouver Esplanade<br>Licensed Group<br>604-770-4380<br><br>Vacancy:<br>&nbsp;&nbsp;&nbsp;&nbsp;<36 months: Y<br>&nbsp;&nbsp;&nbsp;&nbsp;30 months -- 5 years: N<br>&nbsp;&nbsp;&nbsp;&nbsp;Preschool: N<br>&nbsp;&nbsp;&nbsp;&nbsp;Grade 1 - Age 12: N<br>
998,Licensed Group,Kids & Company North Vancouver Esplanade,70-221 Esplanade W,,North Vancouver,V7M 3N7,49.3123,-123.083534,604-770-4380,,,N,N,N,N,N,N,N,N,N,N,N,N,N,N,N,N,N,Not offered,Not offered,N,N,N,N,N,N,N,N,Y,N,N,2026-05-10,https://inspections.vcha.ca/ChildCare/Table,N,Y,Y,Kids & Company North Vancouver Esplanade<br>Licensed Group<br>604-770-4380<br><br>Vacancy:<br>&nbsp;&nbsp;&nbsp;&nbsp;<36 months: N<br>&nbsp;&nbsp;&nbsp;&nbsp;30 months -- 5 years: Y<br>&nbsp;&nbsp;&nbsp;&nbsp;Preschool: N<br>&nbsp;&nbsp;&nbsp;&nbsp;Grade 1 - Age 12: N<br>
999,Licensed Family,Treetops Day Care Ltd,9476 153A St,,Surrey,V3R 9W5,49.174703,-122.796804,778-855-7629,,,N,N,N,N,N,N,N,N,N,N,N,N,N,N,N,N,N,,,N,N,N,N,N,N,N,N,N,N,N,2026-05-15,http://www.healthspace.ca/fha/childcare,N,Y,N,Treetops Day Care Ltd<br>Licensed Family<br>778-855-7629<br><br>Vacancy:<br>&nbsp;&nbsp;&nbsp;&nbsp;<36 months: N<br>&nbsp;&nbsp;&nbsp;&nbsp;30 months -- 5 years: N<br>&nbsp;&nbsp;&nbsp;&nbsp;Preschool: N<br>&nbsp;&nbsp;&nbsp;&nbsp;Grade 1 - Age 12: N<br>
1000,Licensed Family,Ton Of Love Family Daycare,6305 Lanark St,,Chilliwack,V2R 2M7,49.116624,-121.972191,778-938-3166,,,N,N,N,N,N,N,N,N,N,N,N,N,N,N,N,N,N,,,N,N,N,N,N,N,N,Y,Y,N,N,2026-05-15,http://www.healthspace.ca/fha/childcare,N,Y,N,Ton Of Love Family Daycare<br>Licensed Family<br>778-938-3166<br><br>Vacancy:<br>&nbsp;&nbsp;&nbsp;&nbsp;<36 months: Y<br>&nbsp;&nbsp;&nbsp;&nbsp;30 months -- 5 years: Y<br>&nbsp;&nbsp;&nbsp;&nbsp;Preschool: N<br>&nbsp;&nbsp;&nbsp;&nbsp;Grade 1 - Age 12: N<br>
1001,Licensed Group,Blue Heron Montessori Preschool Ltd.,205 Simcoe St,,Victoria,V8V 1K6,48.418646,-123.381386,250-667-2277,,,N,N,N,N,N,N,N,N,N,N,N,N,N,N,N,N,N,,,N,N,N,N,N,N,N,N,Y,N,N,2026-05-15,https://www.healthspace.ca/clients/viha/viha_website.nsf/CCFL-Main?OpenView,N,Y,N,Blue Heron Montessori Preschool Ltd.<br>Licensed Group<br>250-667-2277<br><br>Vacancy:<br>&nbsp;&nbsp;&nbsp;&nbsp;<36 months: N<br>&nbsp;&nbsp;&nbsp;&nbsp;30 months -- 5 years: Y<br>&nbsp;&nbsp;&nbsp;&nbsp;Preschool: N<br>&nbsp;&nbsp;&nbsp;&nbsp;Grade 1 - Age 12: N<br>
1002,Licensed Group,Wiggles And Giggles Group Daycare 102 Street,9903 102 St,,Fort St. John,V1J 4B4,56.245621,-120.850658,250-785-5438,,,N,N,N,N,N,N,N,N,N,N,N,N,N,N,N,N,N,,,N,N,N,N,N,N,N,N,N,N,N,2026-05-15,https://www.healthspace.ca/Clients/NHA/NHA_Website.nsf/CCFL-Frameset,N,Y,N,Wiggles And Giggles Group Daycare 102 Street<br>Licensed Group<br>250-785-5438<br><br>Vacancy:<br>&nbsp;&nbsp;&nbsp;&nbsp;<36 months: N<br>&nbsp;&nbsp;&nbsp;&nbsp;30 months -- 5 years: N<br>&nbsp;&nbsp;&nbsp;&nbsp;Preschool: N<br>&nbsp;&nbsp;&nbsp;&nbsp;Grade 1 - Age 12: N<br>
1003,Licensed Family,Mgp Mother Goose Playschool,18878 53A Ave,,Surrey,V3S 7C3,49.099126,-122.699338,604-655-3538,,,N,N,N,N,N,N,N,N,N,N,N,N,N,N,N,N,N,,,N,N,N,N,N,N,N,Y,Y,N,Y,2026-05-15,http://www.healthspace.ca/fha/childcare,N,Y,N,Mgp Mother Goose Playschool<br>Licensed Family<br>604-655-3538<br><br>Vacancy:<br>&nbsp;&nbsp;&nbsp;&nbsp;<36 months: Y<br>&nbsp;&nbsp;&nbsp;&nbsp;30 months -- 5 years: Y<br>&nbsp;&nbsp;&nbsp;&nbsp;Preschool: N<br>&nbsp;&nbsp;&nbsp;&nbsp;Grade 1 - Age 12: Y<br>
1004,Licensed Family,The Lil' Cottage Educational Daycare,1398 Mcinnes Ave,,Kelowna,V1Y 5V9,49.878959,-119.469003,250-681-4474,WWW.LILCOTTAGEDAYCARE.CA,,N,N,N,N,N,N,N,N,N,N,N,N,N,N,N,N,N,,,N,N,N,N,N,N,N,N,Y,N,N,2026-05-20,https://hedgehogportal.interiorhealth.ca/ChildCare/Map,N,Y,N,The Lil' Cottage Educational Daycare<br>Licensed Family<br>250-681-4474<br><br>Vacancy:<br>&nbsp;&nbsp;&nbsp;&nbsp;<36 months: N<br>&nbsp;&nbsp;&nbsp;&nbsp;30 months -- 5 years: Y<br>&nbsp;&nbsp;&nbsp;&nbsp;Preschool: N<br>&nbsp;&nbsp;&nbsp;&nbsp;Grade 1 - Age 12: N<br>
1005,Licensed Group,Early Learning Childcare Centre,6619 Brantford Ave,,Burnaby,V5E 2R9,49.223953,-122.968219,778-898-9593,,,N,N,N,N,N,N,N,N,N,N,N,N,N,N,N,N,N,,,N,N,N,N,N,N,N,N,N,N,N,2026-05-15,http://www.healthspace.ca/fha/childcare,N,Y,N,Early Learning Childcare Centre<br>Licensed Group<br>778-898-9593<br><br>Vacancy:<br>&nbsp;&nbsp;&nbsp;&nbsp;<36 months: N<br>&nbsp;&nbsp;&nbsp;&nbsp;30 months -- 5 years: N<br>&nbsp;&nbsp;&nbsp;&nbsp;Preschool: N<br>&nbsp;&nbsp;&nbsp;&nbsp;Grade 1 - Age 12: N<br>
1006,Licensed Group,Milezero Academy,1300 104 Ave,,Dawson Creek,V1G 2J6,55.758467,-120.238244,250-782-0844,,,N,N,N,N,N,N,N,N,N,N,N,N,N,N,N,N,N,,,N,N,N,N,N,N,N,N,N,N,Y,2026-05-15,https://www.healthspace.ca/Clients/NHA/NHA_Website.nsf/CCFL-Frameset,N,Y,N,Milezero Academy<br>Licensed Group<br>250-782-0844<br><br>Vacancy:<br>&nbsp;&nbsp;&nbsp;&nbsp;<36 months: N<br>&nbsp;&nbsp;&nbsp;&nbsp;30 months -- 5 years: N<br>&nbsp;&nbsp;&nbsp;&nbsp;Preschool: N<br>&nbsp;&nbsp;&nbsp;&nbsp;Grade 1 - Age 12: Y<br>
1007,Licensed Family,Flying Kites Childcare Center (Location #2),8890 Harvie Rd,,Surrey,V4N 4B8,49.164548,-122.696051,604-308-1446,,,N,N,N,N,N,N,N,N,N,N,N,N,N,N,N,N,N,,,N,N,N,N,N,N,N,Y,Y,N,N,2026-05-04,http://www.healthspace.ca/fha/childcare,N,Y,N,Flying Kites Childcare Center (Location #2)<br>Licensed Family<br>604-308-1446<br><br>Vacancy:<br>&nbsp;&nbsp;&nbsp;&nbsp;<36 months: Y<br>&nbsp;&nbsp;&nbsp;&nbsp;30 months -- 5 years: Y<br>&nbsp;&nbsp;&nbsp;&nbsp;Preschool: N<br>&nbsp;&nbsp;&nbsp;&nbsp;Grade 1 - Age 12: N<br>
1008,Licensed Family,Mel's Monsters,408 Davis Rd,,Ladysmith,V9G 1V3,48.975154,-123.806192,250-924-4664,,,N,N,N,N,N,N,N,N,N,N,N,N,N,N,N,N,N,,,N,N,N,N,N,N,N,N,N,N,N,2026-05-14,https://www.healthspace.ca/clients/viha/viha_website.nsf/CCFL-Main?OpenView,N,Y,N,Mel's Monsters<br>Licensed Family<br>250-924-4664<br><br>Vacancy:<br>&nbsp;&nbsp;&nbsp;&nbsp;<36 months: N<br>&nbsp;&nbsp;&nbsp;&nbsp;30 months -- 5 years: N<br>&nbsp;&nbsp;&nbsp;&nbsp;Preschool: N<br>&nbsp;&nbsp;&nbsp;&nbsp;Grade 1 - Age 12: N<br>
1009,Licensed Group,Aim Smart Childcare Centre,7153 King George Blvd,,Surrey,V3W 5A4,49.132641,-122.845916,778-513-7153,,,N,N,N,N,N,N,N,N,N,N,N,N,N,N,N,N,N,,,N,N,N,N,N,N,N,N,Y,N,N,2026-05-21,http://www.healthspace.ca/fha/childcare,N,Y,N,Aim Smart Childcare Centre<br>Licensed Group<br>778-513-7153<br><br>Vacancy:<br>&nbsp;&nbsp;&nbsp;&nbsp;<36 months: N<br>&nbsp;&nbsp;&nbsp;&nbsp;30 months -- 5 years: Y<br>&nbsp;&nbsp;&nbsp;&nbsp;Preschool: N<br>&nbsp;&nbsp;&nbsp;&nbsp;Grade 1 - Age 12: N<br>
1010,Licensed Group,Wonder Years Daycare - Aldergrove,27330 28 Ave,,Aldergrove,V4W 3K1,49.052343,-122.466258,604-612-0439,,,N,N,N,N,N,N,N,N,N,N,N,N,N,N,N,N,N,,,N,N,N,N,N,N,N,Y,Y,Y,Y,2026-05-15,http://www.healthspace.ca/fha/childcare,N,Y,N,Wonder Years Daycare - Aldergrove<br>Licensed Group<br>604-612-0439<br><br>Vacancy:<br>&nbsp;&nbsp;&nbsp;&nbsp;<36 months: Y<br>&nbsp;&nbsp;&nbsp;&nbsp;30 months -- 5 years: Y<br>&nbsp;&nbsp;&nbsp;&nbsp;Preschool: Y<br>&nbsp;&nbsp;&nbsp;&nbsp;Grade 1 - Age 12: Y<br>
1011,Licensed Family,Buzzy Bee Child Care,447 Regency Pl,,Victoria,V9C 0H9,48.412221,-123.497147,250-818-5114,,,N,N,N,N,N,N,N,N,N,N,N,N,N,N,N,N,N,,,N,N,N,N,N,N,N,N,N,N,N,2026-05-21,https://www.healthspace.ca/clients/viha/viha_website.nsf/CCFL-Main?OpenView,N,Y,N,Buzzy Bee Child Care<br>Licensed Family<br>250-818-5114<br><br>Vacancy:<br>&nbsp;&nbsp;&nbsp;&nbsp;<36 months: N<br>&nbsp;&nbsp;&nbsp;&nbsp;30 months -- 5 years: N<br>&nbsp;&nbsp;&nbsp;&nbsp;Preschool: N<br>&nbsp;&nbsp;&nbsp;&nbsp;Grade 1 - Age 12: N<br>
1012,Licensed Group,Outdoor Adventurers,628 15Th St E,,North Vancouver,V7L 2S2,49.322173,-123.055016,778-340-1021,,,N,N,N,N,N,N,N,N,N,N,N,N,N,N,N,N,N,,,N,N,N,N,N,N,N,N,N,N,N,2026-05-07,https://inspections.vcha.ca/ChildCare/Table,N,Y,N,Outdoor Adventurers<br>Licensed Group<br>778-340-1021<br><br>Vacancy:<br>&nbsp;&nbsp;&nbsp;&nbsp;<36 months: N<br>&nbsp;&nbsp;&nbsp;&nbsp;30 months -- 5 years: N<br>&nbsp;&nbsp;&nbsp;&nbsp;Preschool: N<br>&nbsp;&nbsp;&nbsp;&nbsp;Grade 1 - Age 12: N<br>
1013,Licensed Group,Bella Vita- Lake Country,10303 Bottom Wood Lake Rd,,Lake Country,V4V 1T9,50.033064,-119.402234,250-766-0399,,,N,N,N,N,N,N,N,N,N,N,N,N,N,N,N,N,N,,,N,N,N,N,N,N,N,Y,Y,N,N,2026-05-19,https://hedgehogportal.interiorhealth.ca/ChildCare/Map,N,Y,N,Bella Vita- Lake Country<br>Licensed Group<br>250-766-0399<br><br>Vacancy:<br>&nbsp;&nbsp;&nbsp;&nbsp;<36 months: Y<br>&nbsp;&nbsp;&nbsp;&nbsp;30 months -- 5 years: Y<br>&nbsp;&nbsp;&nbsp;&nbsp;Preschool: N<br>&nbsp;&nbsp;&nbsp;&nbsp;Grade 1 - Age 12: N<br>
1014,Licensed Group,Cefa Early Learning,243-610 Sixth St,,New Westminster,V3L 3C2,49.213484,-122.921773,778-326-2332,,,N,N,N,N,N,N,N,N,N,N,N,N,N,N,N,N,N,,,N,N,N,N,N,N,N,N,N,N,N,2026-05-15,http://www.healthspace.ca/fha/childcare,N,Y,N,Cefa Early Learning<br>Licensed Group<br>778-326-2332<br><br>Vacancy:<br>&nbsp;&nbsp;&nbsp;&nbsp;<36 months: N<br>&nbsp;&nbsp;&nbsp;&nbsp;30 months -- 5 years: N<br>&nbsp;&nbsp;&nbsp;&nbsp;Preschool: N<br>&nbsp;&nbsp;&nbsp;&nbsp;Grade 1 - Age 12: N<br>
1015,Licensed Group,Forest City Children's Centre,5855 Imperial St,,Burnaby,V5J 1G4,49.222485,-122.978802,604-433-2324,,,N,N,N,N,N,N,N,N,N,N,N,N,N,N,N,N,N,,,N,N,N,N,N,N,N,N,N,N,N,2026-05-20,http://www.healthspace.ca/fha/childcare,N,Y,N,Forest City Children's Centre<br>Licensed Group<br>604-433-2324<br><br>Vacancy:<br>&nbsp;&nbsp;&nbsp;&nbsp;<36 months: N<br>&nbsp;&nbsp;&nbsp;&nbsp;30 months -- 5 years: N<br>&nbsp;&nbsp;&nbsp;&nbsp;Preschool: N<br>&nbsp;&nbsp;&nbsp;&nbsp;Grade 1 - Age 12: N<br>
1016,Licensed Group,Ilm - 3Rd Ave.,730 3Rd Ave,,Ladysmith,V9G 1B2,48.99314,-123.822864,250-924-7774,,,N,N,N,N,N,N,N,N,N,N,N,N,N,N,N,N,N,,,N,N,N,N,N,N,N,Y,N,N,N,2026-05-15,https://www.healthspace.ca/clients/viha/viha_website.nsf/CCFL-Main?OpenView,N,Y,N,Ilm - 3Rd Ave.<br>Licensed Group<br>250-924-7774<br><br>Vacancy:<br>&nbsp;&nbsp;&nbsp;&nbsp;<36 months: Y<br>&nbsp;&nbsp;&nbsp;&nbsp;30 months -- 5 years: N<br>&nbsp;&nbsp;&nbsp;&nbsp;Preschool: N<br>&nbsp;&nbsp;&nbsp;&nbsp;Grade 1 - Age 12: N<br>
1017,Licensed Group,We Wai Kai Childcare And Education Centre,680 Seahawk Dr,,Campbell River,V9H 1V8,50.021579,-125.287331,250-286-4242,,,,,,,,,,,,,,,,,,,,,,,,,,,,,,,,,,,Y,Y,N,We Wai Kai Childcare And Education Centre<br>Licensed Group<br>250-286-4242<br><br>Vacancy:<br>&nbsp;&nbsp;&nbsp;&nbsp;<36 months: None<br>&nbsp;&nbsp;&nbsp;&nbsp;30 months -- 5 years: None<br>&nbsp;&nbsp;&nbsp;&nbsp;Preschool: None<br>&nbsp;&nbsp;&nbsp;&nbsp;Grade 1 - Age 12: None<br>
1018,Licensed Family,Cobble Hill Kids,3045 Miner Rd,,Cobble Hill,V0R 1L6,48.666889,-123.647108,250-885-8669,,,N,N,N,N,N,N,N,N,N,N,N,N,N,N,N,N,N,,,N,N,N,N,N,N,N,N,N,N,N,2026-05-15,https://www.healthspace.ca/clients/viha/viha_website.nsf/CCFL-Main?OpenView,N,Y,N,Cobble Hill Kids<br>Licensed Family<br>250-885-8669<br><br>Vacancy:<br>&nbsp;&nbsp;&nbsp;&nbsp;<36 months: N<br>&nbsp;&nbsp;&nbsp;&nbsp;30 months -- 5 years: N<br>&nbsp;&nbsp;&nbsp;&nbsp;Preschool: N<br>&nbsp;&nbsp;&nbsp;&nbsp;Grade 1 - Age 12: N<br>
1019,Licensed Family,Broadway Childcare Centre,8781 Broadway,,Chilliwack,V2P 5V8,49.1614,-121.935564,778-847-3898,,,N,N,N,N,N,N,N,N,N,N,N,N,N,N,N,N,N,,,N,N,N,N,N,N,N,Y,Y,N,N,2026-05-20,http://www.healthspace.ca/fha/childcare,N,Y,N,Broadway Childcare Centre<br>Licensed Family<br>778-847-3898<br><br>Vacancy:<br>&nbsp;&nbsp;&nbsp;&nbsp;<36 months: Y<br>&nbsp;&nbsp;&nbsp;&nbsp;30 months -- 5 years: Y<br>&nbsp;&nbsp;&nbsp;&nbsp;Preschool: N<br>&nbsp;&nbsp;&nbsp;&nbsp;Grade 1 - Age 12: N<br>
1020,Licensed Group,Little Cactus Daycare,9311 Kirkmond Cres,,Richmond,V7E 1M7,49.142519,-123.186517,778-882-8317,,,N,N,N,N,N,N,N,N,N,N,N,N,N,N,N,N,N,,,N,N,N,N,N,N,N,N,N,N,N,2026-05-15,https://inspections.vcha.ca/ChildCare/Table,N,Y,N,Little Cactus Daycare<br>Licensed Group<br>778-882-8317<br><br>Vacancy:<br>&nbsp;&nbsp;&nbsp;&nbsp;<36 months: N<br>&nbsp;&nbsp;&nbsp;&nbsp;30 months -- 5 years: N<br>&nbsp;&nbsp;&nbsp;&nbsp;Preschool: N<br>&nbsp;&nbsp;&nbsp;&nbsp;Grade 1 - Age 12: N<br>
1021,Licensed Family,Happy Angels Daycare,1090 Ridgewood Dr,,North Vancouver,V7R 1H8,49.339597,-123.103859,778-927-7024,,,N,N,N,N,N,N,N,N,N,N,N,N,N,N,N,N,N,,,N,N,N,N,N,N,N,Y,Y,N,N,2026-05-17,https://inspections.vcha.ca/ChildCare/Table,N,Y,N,Happy Angels Daycare<br>Licensed Family<br>778-927-7024<br><br>Vacancy:<br>&nbsp;&nbsp;&nbsp;&nbsp;<36 months: Y<br>&nbsp;&nbsp;&nbsp;&nbsp;30 months -- 5 years: Y<br>&nbsp;&nbsp;&nbsp;&nbsp;Preschool: N<br>&nbsp;&nbsp;&nbsp;&nbsp;Grade 1 - Age 12: N<br>
1022,Licensed Family,Frolick Around Daycare,18131 Claytonwood Cres,,Surrey,V3S 7T5,49.121379,-122.720323,236-234-1544,,,N,N,N,N,N,N,N,N,N,N,N,N,N,N,N,N,N,,,N,N,N,N,N,N,N,N,N,N,N,2026-04-15,http://www.healthspace.ca/fha/childcare,N,Y,N,Frolick Around Daycare<br>Licensed Family<br>236-234-1544<br><br>Vacancy:<br>&nbsp;&nbsp;&nbsp;&nbsp;<36 months: N<br>&nbsp;&nbsp;&nbsp;&nbsp;30 months -- 5 years: N<br>&nbsp;&nbsp;&nbsp;&nbsp;Preschool: N<br>&nbsp;&nbsp;&nbsp;&nbsp;Grade 1 - Age 12: N<br>
1023,Licensed Family,Mom's Lap Daycare,8813 113 Ave,,Fort St. John,V1J 0E2,56.258082,-120.825784,250-262-2006,,,N,N,N,N,N,N,N,N,N,N,N,N,N,N,N,N,N,,,N,N,N,N,N,N,N,N,Y,N,N,2026-05-15,https://www.healthspace.ca/Clients/NHA/NHA_Website.nsf/CCFL-Frameset,N,Y,N,Mom's Lap Daycare<br>Licensed Family<br>250-262-2006<br><br>Vacancy:<br>&nbsp;&nbsp;&nbsp;&nbsp;<36 months: N<br>&nbsp;&nbsp;&nbsp;&nbsp;30 months -- 5 years: Y<br>&nbsp;&nbsp;&nbsp;&nbsp;Preschool: N<br>&nbsp;&nbsp;&nbsp;&nbsp;Grade 1 - Age 12: N<br>
1024,Licensed Group,Brilliant Kids Montessori Childcare Centre,11706 96Th Ave,,Delta,V4C 3W7,49.177102,-122.898249,604-498-2128,,,N,N,N,N,N,N,N,N,N,N,N,N,N,N,N,N,N,,,N,N,N,N,N,N,N,Y,Y,N,N,2026-04-19,http://www.healthspace.ca/fha/childcare,N,Y,N,Brilliant Kids Montessori Childcare Centre<br>Licensed Group<br>604-498-2128<br><br>Vacancy:<br>&nbsp;&nbsp;&nbsp;&nbsp;<36 months: Y<br>&nbsp;&nbsp;&nbsp;&nbsp;30 months -- 5 years: Y<br>&nbsp;&nbsp;&nbsp;&nbsp;Preschool: N<br>&nbsp;&nbsp;&nbsp;&nbsp;Grade 1 - Age 12: N<br>
1025,Licensed Group,Nature Dreams Daycare,426-2440 Old Okanagan Hwy,,Westbank,V4T 1X6,49.844501,-119.622767,778-583-7868,,,N,N,N,N,N,N,N,N,N,N,N,N,N,N,N,N,N,,,N,N,N,N,N,N,N,N,N,N,N,2026-05-15,https://hedgehogportal.interiorhealth.ca/ChildCare/Map,N,Y,N,Nature Dreams Daycare<br>Licensed Group<br>778-583-7868<br><br>Vacancy:<br>&nbsp;&nbsp;&nbsp;&nbsp;<36 months: N<br>&nbsp;&nbsp;&nbsp;&nbsp;30 months -- 5 years: N<br>&nbsp;&nbsp;&nbsp;&nbsp;Preschool: N<br>&nbsp;&nbsp;&nbsp;&nbsp;Grade 1 - Age 12: N<br>
1026,Licensed Group,Growing Hands Childcare Centre,1188 Eighth Ave,,New Westminster,V3M 2R6,49.210486,-122.933527,778-899-1797,,,N,N,N,N,N,N,N,N,N,N,N,N,N,N,N,N,N,,,N,N,N,N,N,N,N,N,N,N,N,2026-05-20,http://www.healthspace.ca/fha/childcare,N,Y,N,Growing Hands Childcare Centre<br>Licensed Group<br>778-899-1797<br><br>Vacancy:<br>&nbsp;&nbsp;&nbsp;&nbsp;<36 months: N<br>&nbsp;&nbsp;&nbsp;&nbsp;30 months -- 5 years: N<br>&nbsp;&nbsp;&nbsp;&nbsp;Preschool: N<br>&nbsp;&nbsp;&nbsp;&nbsp;Grade 1 - Age 12: N<br>
1027,Licensed Group,Khalsa Childcare Centre (Ksn),6933 124 St,,Surrey,V3W 3W6,49.129605,-122.879276,604-897-0954,,,N,N,N,N,N,N,N,N,N,N,N,N,N,N,N,N,N,,,N,N,N,N,N,N,N,N,N,N,Y,2026-05-07,http://www.healthspace.ca/fha/childcare,N,Y,N,Khalsa Childcare Centre (Ksn)<br>Licensed Group<br>604-897-0954<br><br>Vacancy:<br>&nbsp;&nbsp;&nbsp;&nbsp;<36 months: N<br>&nbsp;&nbsp;&nbsp;&nbsp;30 months -- 5 years: N<br>&nbsp;&nbsp;&nbsp;&nbsp;Preschool: N<br>&nbsp;&nbsp;&nbsp;&nbsp;Grade 1 - Age 12: Y<br>
1028,Licensed Family,Barefoot Beginnings Preschool,2338 Morland Rd,,Nanaimo,V9X 1Y2,49.102317,-123.846623,250-713-4356,,,N,N,N,N,N,N,N,N,N,N,N,N,N,N,N,N,N,,,N,N,N,N,N,N,N,N,Y,N,N,2026-04-22,https://www.healthspace.ca/clients/viha/viha_website.nsf/CCFL-Main?OpenView,N,Y,N,Barefoot Beginnings Preschool<br>Licensed Family<br>250-713-4356<br><br>Vacancy:<br>&nbsp;&nbsp;&nbsp;&nbsp;<36 months: N<br>&nbsp;&nbsp;&nbsp;&nbsp;30 months -- 5 years: Y<br>&nbsp;&nbsp;&nbsp;&nbsp;Preschool: N<br>&nbsp;&nbsp;&nbsp;&nbsp;Grade 1 - Age 12: N<br>
1029,Licensed Group,Creative Kids Learning Centers - Chilliwack,200 6640 Vedder Rd,,Chilliwack,V2R 4E1,49.123831,-121.959052,604-560-5002,,,N,N,N,N,N,N,N,N,N,N,N,N,N,N,N,N,N,,,N,N,N,N,N,N,N,Y,Y,N,N,2026-05-19,http://www.healthspace.ca/fha/childcare,N,Y,N,Creative Kids Learning Centers - Chilliwack<br>Licensed Group<br>604-560-5002<br><br>Vacancy:<br>&nbsp;&nbsp;&nbsp;&nbsp;<36 months: Y<br>&nbsp;&nbsp;&nbsp;&nbsp;30 months -- 5 years: Y<br>&nbsp;&nbsp;&nbsp;&nbsp;Preschool: N<br>&nbsp;&nbsp;&nbsp;&nbsp;Grade 1 - Age 12: N<br>
1030,Licensed Group,Mongio Early Learning Center,600 Royal Ave,,New Westminster,V3M 1J3,49.20521,-122.910959,604-553-8988,,,N,N,N,N,N,N,N,N,N,N,N,N,N,N,N,N,N,,,N,N,N,N,N,N,N,Y,Y,Y,N,2026-05-21,http://www.healthspace.ca/fha/childcare,N,Y,N,Mongio Early Learning Center<br>Licensed Group<br>604-553-8988<br><br>Vacancy:<br>&nbsp;&nbsp;&nbsp;&nbsp;<36 months: Y<br>&nbsp;&nbsp;&nbsp;&nbsp;30 months -- 5 years: Y<br>&nbsp;&nbsp;&nbsp;&nbsp;Preschool: Y<br>&nbsp;&nbsp;&nbsp;&nbsp;Grade 1 - Age 12: N<br>
1031,Licensed Family,Happy Kids World Home Childcare,2617 St. George St,,Port Moody,V3H 2G8,49.275362,-122.853279,778-231-5645,,,N,N,N,N,N,N,N,N,N,N,N,N,N,N,N,N,N,,,N,N,N,N,N,N,N,N,N,N,N,2026-05-18,http://www.healthspace.ca/fha/childcare,N,Y,N,Happy Kids World Home Childcare<br>Licensed Family<br>778-231-5645<br><br>Vacancy:<br>&nbsp;&nbsp;&nbsp;&nbsp;<36 months: N<br>&nbsp;&nbsp;&nbsp;&nbsp;30 months -- 5 years: N<br>&nbsp;&nbsp;&nbsp;&nbsp;Preschool: N<br>&nbsp;&nbsp;&nbsp;&nbsp;Grade 1 - Age 12: N<br>
1032,Licensed Group,Inglis Early Learning,2137 Comox Ave,,Comox,V9M 1P2,49.673884,-124.941422,250-941-0070,,,N,N,N,N,N,N,N,N,N,N,N,N,N,N,N,N,N,,,N,N,N,N,N,N,N,N,Y,Y,N,2026-04-10,https://www.healthspace.ca/clients/viha/viha_website.nsf/CCFL-Main?OpenView,N,Y,N,Inglis Early Learning<br>Licensed Group<br>250-941-0070<br><br>Vacancy:<br>&nbsp;&nbsp;&nbsp;&nbsp;<36 months: N<br>&nbsp;&nbsp;&nbsp;&nbsp;30 months -- 5 years: Y<br>&nbsp;&nbsp;&nbsp;&nbsp;Preschool: Y<br>&nbsp;&nbsp;&nbsp;&nbsp;Grade 1 - Age 12: N<br>
1033,Licensed Group,"Beanstalk Daycare, The",44411 Sherry Dr,,Chilliwack,V2R 0R6,49.102922,-121.99545,604-845-1050,,,N,N,N,N,N,N,N,N,N,N,N,N,N,N,N,N,N,,,N,N,N,N,N,N,N,N,N,N,N,2026-05-15,http://www.healthspace.ca/fha/childcare,N,Y,N,"Beanstalk Daycare, The<br>Licensed Group<br>604-845-1050<br><br>Vacancy:<br>&nbsp;&nbsp;&nbsp;&nbsp;<36 months: N<br>&nbsp;&nbsp;&nbsp;&nbsp;30 months -- 5 years: N<br>&nbsp;&nbsp;&nbsp;&nbsp;Preschool: N<br>&nbsp;&nbsp;&nbsp;&nbsp;Grade 1 - Age 12: N<br>"
1034,Licensed Group,Rain Or Shine Child Care Centre,3289 Matapan Cres,,Vancouver,V5M 4A9,49.255892,-123.029945,604-258-6593,,,N,N,N,N,N,N,N,N,N,N,N,N,N,N,N,N,N,,,N,N,N,N,N,N,N,N,N,N,N,2026-05-19,https://inspections.vcha.ca/ChildCare/Table,N,Y,N,Rain Or Shine Child Care Centre<br>Licensed Group<br>604-258-6593<br><br>Vacancy:<br>&nbsp;&nbsp;&nbsp;&nbsp;<36 months: N<br>&nbsp;&nbsp;&nbsp;&nbsp;30 months -- 5 years: N<br>&nbsp;&nbsp;&nbsp;&nbsp;Preschool: N<br>&nbsp;&nbsp;&nbsp;&nbsp;Grade 1 - Age 12: N<br>
1035,Licensed Group,Let's Play Infant And Toddler Centre,9350 Granville St,,Port Hardy,V0N 2P0,50.724704,-127.507274,250-949-8323,,,N,N,N,N,N,N,N,N,N,N,N,N,N,N,N,N,N,,,N,N,N,N,N,N,N,N,Y,N,N,2026-05-14,https://www.healthspace.ca/clients/viha/viha_website.nsf/CCFL-Main?OpenView,N,Y,N,Let's Play Infant And Toddler Centre<br>Licensed Group<br>250-949-8323<br><br>Vacancy:<br>&nbsp;&nbsp;&nbsp;&nbsp;<36 months: N<br>&nbsp;&nbsp;&nbsp;&nbsp;30 months -- 5 years: Y<br>&nbsp;&nbsp;&nbsp;&nbsp;Preschool: N<br>&nbsp;&nbsp;&nbsp;&nbsp;Grade 1 - Age 12: N<br>
1036,Licensed Group,St. Patrick's School After School Care,2850 Quebec St,,Vancouver,V5T 3A9,49.259773,-123.103062,604-879-4411,,,N,N,N,N,N,N,N,N,N,N,N,N,N,N,N,N,N,,,N,N,N,N,N,N,N,N,Y,N,Y,2026-05-19,https://inspections.vcha.ca/ChildCare/Table,N,Y,N,St. Patrick's School After School Care<br>Licensed Group<br>604-879-4411<br><br>Vacancy:<br>&nbsp;&nbsp;&nbsp;&nbsp;<36 months: N<br>&nbsp;&nbsp;&nbsp;&nbsp;30 months -- 5 years: Y<br>&nbsp;&nbsp;&nbsp;&nbsp;Preschool: N<br>&nbsp;&nbsp;&nbsp;&nbsp;Grade 1 - Age 12: Y<br>
1037,Licensed Group,Alphabet Playhouse Childcare Centre,2025 Berkshire Pl,,Nanaimo,V9T 5R3,49.206784,-123.986495,250-758-5889,,,N,N,N,N,N,N,N,N,N,N,N,N,N,N,N,N,N,,,N,N,N,N,N,N,N,N,N,N,N,2026-05-15,https://www.healthspace.ca/clients/viha/viha_website.nsf/CCFL-Main?OpenView,N,Y,N,Alphabet Playhouse Childcare Centre<br>Licensed Group<br>250-758-5889<br><br>Vacancy:<br>&nbsp;&nbsp;&nbsp;&nbsp;<36 months: N<br>&nbsp;&nbsp;&nbsp;&nbsp;30 months -- 5 years: N<br>&nbsp;&nbsp;&nbsp;&nbsp;Preschool: N<br>&nbsp;&nbsp;&nbsp;&nbsp;Grade 1 - Age 12: N<br>
1038,Licensed Family,Spring Childcare,7050 Broadway,,Burnaby,V5A 1R8,49.261458,-122.957745,778-798-0907,http://www.springchildcare.ca/,,N,N,N,N,N,N,N,N,N,N,N,N,N,N,N,N,N,,,N,N,N,N,N,N,N,N,N,N,N,2026-04-26,http://www.healthspace.ca/fha/childcare,N,Y,N,Spring Childcare<br>Licensed Family<br>778-798-0907<br><br>Vacancy:<br>&nbsp;&nbsp;&nbsp;&nbsp;<36 months: N<br>&nbsp;&nbsp;&nbsp;&nbsp;30 months -- 5 years: N<br>&nbsp;&nbsp;&nbsp;&nbsp;Preschool: N<br>&nbsp;&nbsp;&nbsp;&nbsp;Grade 1 - Age 12: N<br>
1039,Licensed Group,Gillybird Nature Academy 3,1661 Burton Ave,,Victoria,V8T 2N5,48.447435,-123.338107,250-704-6607,,,N,N,N,N,N,N,N,N,N,N,N,N,N,N,N,N,N,,,N,N,N,N,N,N,N,N,Y,N,N,2026-05-20,https://www.healthspace.ca/clients/viha/viha_website.nsf/CCFL-Main?OpenView,N,Y,N,Gillybird Nature Academy 3<br>Licensed Group<br>250-704-6607<br><br>Vacancy:<br>&nbsp;&nbsp;&nbsp;&nbsp;<36 months: N<br>&nbsp;&nbsp;&nbsp;&nbsp;30 months -- 5 years: Y<br>&nbsp;&nbsp;&nbsp;&nbsp;Preschool: N<br>&nbsp;&nbsp;&nbsp;&nbsp;Grade 1 - Age 12: N<br>
1040,Licensed Family,Cometas Childcare Centre,2707 Neyland Rd,,Nanaimo,V9T 4E1,49.204459,-123.990244,250-739-1324,,,N,N,N,N,N,N,N,N,N,N,N,N,N,N,N,N,N,,,N,N,N,N,N,N,N,N,N,N,N,2026-05-16,https://www.healthspace.ca/clients/viha/viha_website.nsf/CCFL-Main?OpenView,N,Y,N,Cometas Childcare Centre<br>Licensed Family<br>250-739-1324<br><br>Vacancy:<br>&nbsp;&nbsp;&nbsp;&nbsp;<36 months: N<br>&nbsp;&nbsp;&nbsp;&nbsp;30 months -- 5 years: N<br>&nbsp;&nbsp;&nbsp;&nbsp;Preschool: N<br>&nbsp;&nbsp;&nbsp;&nbsp;Grade 1 - Age 12: N<br>
1041,Licensed Family,Smiles 4 Miles,31105 Heron Ave,,Abbotsford,V2T 5K5,49.05873,-122.36249,778-551-3260,,,N,N,N,N,N,N,N,N,N,N,N,N,N,N,N,N,N,,,N,N,N,N,N,N,N,Y,Y,N,Y,2026-05-12,http://www.healthspace.ca/fha/childcare,N,Y,N,Smiles 4 Miles<br>Licensed Family<br>778-551-3260<br><br>Vacancy:<br>&nbsp;&nbsp;&nbsp;&nbsp;<36 months: Y<br>&nbsp;&nbsp;&nbsp;&nbsp;30 months -- 5 years: Y<br>&nbsp;&nbsp;&nbsp;&nbsp;Preschool: N<br>&nbsp;&nbsp;&nbsp;&nbsp;Grade 1 - Age 12: Y<br>
1042,Licensed Group,Parasol - Early Years Learning 2,352 Seymour St,,Kamloops,V2C 2G2,50.675123,-120.332879,236-425-4545,,,N,N,N,N,N,N,N,N,N,N,N,N,N,N,N,N,N,,,N,N,N,N,N,N,N,N,Y,N,N,2026-04-18,https://hedgehogportal.interiorhealth.ca/ChildCare/Map,N,Y,N,Parasol - Early Years Learning 2<br>Licensed Group<br>236-425-4545<br><br>Vacancy:<br>&nbsp;&nbsp;&nbsp;&nbsp;<36 months: N<br>&nbsp;&nbsp;&nbsp;&nbsp;30 months -- 5 years: Y<br>&nbsp;&nbsp;&nbsp;&nbsp;Preschool: N<br>&nbsp;&nbsp;&nbsp;&nbsp;Grade 1 - Age 12: N<br>
1043,Licensed Group,Little Wild Early Learning Inc.,5-230 Menzies St,,Victoria,V8V 2G7,48.41586,-123.374148,250-588-7360,,,N,N,N,N,N,N,N,N,N,N,N,N,N,N,N,N,N,,,N,N,N,N,N,N,N,N,N,N,N,2026-05-15,https://www.healthspace.ca/clients/viha/viha_website.nsf/CCFL-Main?OpenView,N,Y,N,Little Wild Early Learning Inc.<br>Licensed Group<br>250-588-7360<br><br>Vacancy:<br>&nbsp;&nbsp;&nbsp;&nbsp;<36 months: N<br>&nbsp;&nbsp;&nbsp;&nbsp;30 months -- 5 years: N<br>&nbsp;&nbsp;&nbsp;&nbsp;Preschool: N<br>&nbsp;&nbsp;&nbsp;&nbsp;Grade 1 - Age 12: N<br>
1044,Licensed Family,Happy Lane Childcare,17234 2 Ave,,Surrey,V3Z 9P9,49.005417,-122.745474,604-312-7996,,,N,N,N,N,N,N,N,N,N,N,N,N,N,N,N,N,N,,,N,N,N,N,N,N,N,N,N,N,N,2026-05-15,http://www.healthspace.ca/fha/childcare,N,Y,N,Happy Lane Childcare<br>Licensed Family<br>604-312-7996<br><br>Vacancy:<br>&nbsp;&nbsp;&nbsp;&nbsp;<36 months: N<br>&nbsp;&nbsp;&nbsp;&nbsp;30 months -- 5 years: N<br>&nbsp;&nbsp;&nbsp;&nbsp;Preschool: N<br>&nbsp;&nbsp;&nbsp;&nbsp;Grade 1 - Age 12: N<br>
1045,Licensed Group,Lingo Rainbow Childcare Centre,6020 Dover Rd,,Richmond,V7C 3L1,49.16983,-123.161324,604-727-6758,,,N,N,N,N,N,N,N,N,N,N,N,N,N,N,N,N,N,,,N,N,N,N,N,N,N,N,N,N,N,2026-05-01,https://inspections.vcha.ca/ChildCare/Table,N,Y,N,Lingo Rainbow Childcare Centre<br>Licensed Group<br>604-727-6758<br><br>Vacancy:<br>&nbsp;&nbsp;&nbsp;&nbsp;<36 months: N<br>&nbsp;&nbsp;&nbsp;&nbsp;30 months -- 5 years: N<br>&nbsp;&nbsp;&nbsp;&nbsp;Preschool: N<br>&nbsp;&nbsp;&nbsp;&nbsp;Grade 1 - Age 12: N<br>
1046,Licensed Group,Swetexel Preschool & Daycare,949 3Rd Ave Hope,Bldg 2,Hope,V0X 1L0,49.3778,-121.43915,604-206-9553,,,N,N,N,N,N,N,N,N,N,N,N,N,N,N,N,N,N,,,N,N,N,N,N,N,N,Y,N,Y,N,2026-05-19,http://www.healthspace.ca/fha/childcare,N,Y,N,Swetexel Preschool & Daycare<br>Licensed Group<br>604-206-9553<br><br>Vacancy:<br>&nbsp;&nbsp;&nbsp;&nbsp;<36 months: Y<br>&nbsp;&nbsp;&nbsp;&nbsp;30 months -- 5 years: N<br>&nbsp;&nbsp;&nbsp;&nbsp;Preschool: Y<br>&nbsp;&nbsp;&nbsp;&nbsp;Grade 1 - Age 12: N<br>
1047,Licensed Family,Candy's Kiddie Korner,7652 Moncton Cres,,Prince George,V2N 3M1,53.856339,-122.762399,250-617-3081,,,N,N,N,N,N,N,N,N,N,N,N,N,N,N,N,N,N,,,N,N,N,N,N,N,N,N,N,N,N,2026-05-15,https://www.healthspace.ca/Clients/NHA/NHA_Website.nsf/CCFL-Frameset,N,Y,N,Candy's Kiddie Korner<br>Licensed Family<br>250-617-3081<br><br>Vacancy:<br>&nbsp;&nbsp;&nbsp;&nbsp;<36 months: N<br>&nbsp;&nbsp;&nbsp;&nbsp;30 months -- 5 years: N<br>&nbsp;&nbsp;&nbsp;&nbsp;Preschool: N<br>&nbsp;&nbsp;&nbsp;&nbsp;Grade 1 - Age 12: N<br>
1048,Licensed Family,Cozy Days Childcare,282 Holly Ave,,Kamloops,V2B 1M3,50.69611,-120.353258,250-457-1272,,,N,N,N,N,N,N,N,N,N,N,N,N,N,N,N,N,N,,,N,N,N,N,N,N,N,N,N,N,N,2026-05-20,https://hedgehogportal.interiorhealth.ca/ChildCare/Map,N,Y,N,Cozy Days Childcare<br>Licensed Family<br>250-457-1272<br><br>Vacancy:<br>&nbsp;&nbsp;&nbsp;&nbsp;<36 months: N<br>&nbsp;&nbsp;&nbsp;&nbsp;30 months -- 5 years: N<br>&nbsp;&nbsp;&nbsp;&nbsp;Preschool: N<br>&nbsp;&nbsp;&nbsp;&nbsp;Grade 1 - Age 12: N<br>
1049,Licensed Family,Parker James,5770 Grant St,,Burnaby,V5B 2K4,49.270452,-122.980006,604-657-4850,,,N,N,N,N,N,N,N,N,N,N,N,N,N,N,N,N,N,,,N,N,N,N,N,N,N,N,N,N,N,2026-05-15,http://www.healthspace.ca/fha/childcare,N,Y,N,Parker James<br>Licensed Family<br>604-657-4850<br><br>Vacancy:<br>&nbsp;&nbsp;&nbsp;&nbsp;<36 months: N<br>&nbsp;&nbsp;&nbsp;&nbsp;30 months -- 5 years: N<br>&nbsp;&nbsp;&nbsp;&nbsp;Preschool: N<br>&nbsp;&nbsp;&nbsp;&nbsp;Grade 1 - Age 12: N<br>
1050,Licensed Group,Discovery Time Day Care Centre,15115 Roper Ave,,White Rock,V4B 2E8,49.026043,-122.803516,778-828-8267,,,N,N,N,N,N,N,N,N,N,N,N,N,N,N,N,N,N,,,N,N,N,N,N,N,N,Y,Y,N,N,2026-05-14,http://www.healthspace.ca/fha/childcare,N,Y,N,Discovery Time Day Care Centre<br>Licensed Group<br>778-828-8267<br><br>Vacancy:<br>&nbsp;&nbsp;&nbsp;&nbsp;<36 months: Y<br>&nbsp;&nbsp;&nbsp;&nbsp;30 months -- 5 years: Y<br>&nbsp;&nbsp;&nbsp;&nbsp;Preschool: N<br>&nbsp;&nbsp;&nbsp;&nbsp;Grade 1 - Age 12: N<br>
1051,Licensed Group,Little Willows Sunshine,7521 Briskham St,,Mission,V2V 3L8,49.138781,-122.321055,604-820-7575,,,N,N,N,N,N,N,N,N,N,N,N,N,N,N,N,N,N,,,N,N,N,N,N,N,N,N,Y,Y,Y,2026-04-06,http://www.healthspace.ca/fha/childcare,N,Y,N,Little Willows Sunshine<br>Licensed Group<br>604-820-7575<br><br>Vacancy:<br>&nbsp;&nbsp;&nbsp;&nbsp;<36 months: N<br>&nbsp;&nbsp;&nbsp;&nbsp;30 months -- 5 years: Y<br>&nbsp;&nbsp;&nbsp;&nbsp;Preschool: Y<br>&nbsp;&nbsp;&nbsp;&nbsp;Grade 1 - Age 12: Y<br>
1052,Licensed Group,Sprouting Tigers Out Of School Care Ltd.,3741 Departure Bay Rd,,Nanaimo,V9T 1C5,49.209907,-123.99223,250-802-6050,,,N,N,N,N,N,N,N,N,N,N,N,N,N,N,N,N,N,,,N,N,N,N,N,N,N,N,N,N,N,2026-05-19,https://www.healthspace.ca/clients/viha/viha_website.nsf/CCFL-Main?OpenView,N,Y,N,Sprouting Tigers Out Of School Care Ltd.<br>Licensed Group<br>250-802-6050<br><br>Vacancy:<br>&nbsp;&nbsp;&nbsp;&nbsp;<36 months: N<br>&nbsp;&nbsp;&nbsp;&nbsp;30 months -- 5 years: N<br>&nbsp;&nbsp;&nbsp;&nbsp;Preschool: N<br>&nbsp;&nbsp;&nbsp;&nbsp;Grade 1 - Age 12: N<br>
1053,Licensed Group,Little Blossom Daycare - I/T Program,7128 Nelson Ave,,Burnaby,V5J 4C1,49.21881,-122.993659,604-433-5156,,,N,N,N,N,N,N,N,N,N,N,N,N,N,N,N,N,N,,,N,N,N,N,N,N,N,N,N,N,N,2026-05-15,,N,Y,N,Little Blossom Daycare - I/T Program<br>Licensed Group<br>604-433-5156<br><br>Vacancy:<br>&nbsp;&nbsp;&nbsp;&nbsp;<36 months: N<br>&nbsp;&nbsp;&nbsp;&nbsp;30 months -- 5 years: N<br>&nbsp;&nbsp;&nbsp;&nbsp;Preschool: N<br>&nbsp;&nbsp;&nbsp;&nbsp;Grade 1 - Age 12: N<br>
1054,Licensed Family,Studio Play Toddler Centre,6987 Dickinson Rd,,Lantzville,V0R 2H0,49.248973,-124.063488,250-390-0666,,,N,N,N,N,N,N,N,N,N,N,N,N,N,N,N,N,N,,,N,N,N,N,N,N,N,N,N,N,N,2026-05-15,https://www.healthspace.ca/clients/viha/viha_website.nsf/CCFL-Main?OpenView,N,Y,N,Studio Play Toddler Centre<br>Licensed Family<br>250-390-0666<br><br>Vacancy:<br>&nbsp;&nbsp;&nbsp;&nbsp;<36 months: N<br>&nbsp;&nbsp;&nbsp;&nbsp;30 months -- 5 years: N<br>&nbsp;&nbsp;&nbsp;&nbsp;Preschool: N<br>&nbsp;&nbsp;&nbsp;&nbsp;Grade 1 - Age 12: N<br>
1055,Licensed Group,Kids Zone Child Care Centre Ltd,1115 51A St,,Delta,V4M 2Y2,49.023056,-123.080711,604-580-6151,,,N,N,N,N,N,N,N,N,N,N,N,N,N,N,N,N,N,,,N,N,N,N,N,N,N,N,N,N,N,2026-04-19,http://www.healthspace.ca/fha/childcare,N,Y,N,Kids Zone Child Care Centre Ltd<br>Licensed Group<br>604-580-6151<br><br>Vacancy:<br>&nbsp;&nbsp;&nbsp;&nbsp;<36 months: N<br>&nbsp;&nbsp;&nbsp;&nbsp;30 months -- 5 years: N<br>&nbsp;&nbsp;&nbsp;&nbsp;Preschool: N<br>&nbsp;&nbsp;&nbsp;&nbsp;Grade 1 - Age 12: N<br>
1056,Licensed Family,Right Choice Daycare Centre,7450 116 St,,Delta,V4C 5T2,49.13856,-122.901066,604-813-0980,,,N,N,N,N,N,N,N,N,N,N,N,N,N,N,N,N,N,,,N,N,N,N,N,N,N,Y,Y,N,N,2026-04-07,http://www.healthspace.ca/fha/childcare,N,Y,N,Right Choice Daycare Centre<br>Licensed Family<br>604-813-0980<br><br>Vacancy:<br>&nbsp;&nbsp;&nbsp;&nbsp;<36 months: Y<br>&nbsp;&nbsp;&nbsp;&nbsp;30 months -- 5 years: Y<br>&nbsp;&nbsp;&nbsp;&nbsp;Preschool: N<br>&nbsp;&nbsp;&nbsp;&nbsp;Grade 1 - Age 12: N<br>
1057,Licensed Family,Balaang Banay Childcare,9508 98A Ave,,Fort St. John,V1J 1R6,56.244883,-120.839068,250-271-7082,,,N,N,N,N,N,N,N,N,N,N,N,N,N,N,N,N,N,,,N,N,N,N,N,N,N,Y,Y,N,Y,2026-05-02,,N,Y,N,Balaang Banay Childcare<br>Licensed Family<br>250-271-7082<br><br>Vacancy:<br>&nbsp;&nbsp;&nbsp;&nbsp;<36 months: Y<br>&nbsp;&nbsp;&nbsp;&nbsp;30 months -- 5 years: Y<br>&nbsp;&nbsp;&nbsp;&nbsp;Preschool: N<br>&nbsp;&nbsp;&nbsp;&nbsp;Grade 1 - Age 12: Y<br>
1058,Licensed Group,Uplands Park Before And After Care Ltd.,3821 Stronach Dr,,Nanaimo,V9T 3X4,49.218093,-124.010232,250-713-7826,,,N,N,N,N,N,N,N,N,N,N,N,N,N,N,N,N,N,,,N,N,N,N,N,N,N,N,N,N,N,2026-03-19,https://www.healthspace.ca/clients/viha/viha_website.nsf/CCFL-Main?OpenView,N,Y,N,Uplands Park Before And After Care Ltd.<br>Licensed Group<br>250-713-7826<br><br>Vacancy:<br>&nbsp;&nbsp;&nbsp;&nbsp;<36 months: N<br>&nbsp;&nbsp;&nbsp;&nbsp;30 months -- 5 years: N<br>&nbsp;&nbsp;&nbsp;&nbsp;Preschool: N<br>&nbsp;&nbsp;&nbsp;&nbsp;Grade 1 - Age 12: N<br>
1059,Licensed Group,Cefa Early Learning,103-3030 Merchant Way,,Victoria,V9B 0X1,48.438312,-123.511383,778-288-2466,,,N,N,N,N,N,N,N,N,N,N,N,N,N,N,N,N,N,,,N,N,N,N,N,N,N,N,Y,N,N,2026-04-15,https://www.healthspace.ca/clients/viha/viha_website.nsf/CCFL-Main?OpenView,N,Y,N,Cefa Early Learning<br>Licensed Group<br>778-288-2466<br><br>Vacancy:<br>&nbsp;&nbsp;&nbsp;&nbsp;<36 months: N<br>&nbsp;&nbsp;&nbsp;&nbsp;30 months -- 5 years: Y<br>&nbsp;&nbsp;&nbsp;&nbsp;Preschool: N<br>&nbsp;&nbsp;&nbsp;&nbsp;Grade 1 - Age 12: N<br>
1060,Licensed Group,Garderie Les Etoiles De Mer,1951 Estevan Rd,,Nanaimo,V9S 3Y9,49.18882,-123.961595,604-736-5056,,,N,N,N,N,N,N,N,N,N,N,N,N,N,N,N,N,N,Not offered,Not offered,N,N,N,N,N,N,N,Y,Y,N,Y,2026-04-30,https://www.healthspace.ca/clients/viha/viha_website.nsf/CCFL-Main?OpenView,N,Y,N,Garderie Les Etoiles De Mer<br>Licensed Group<br>604-736-5056<br><br>Vacancy:<br>&nbsp;&nbsp;&nbsp;&nbsp;<36 months: Y<br>&nbsp;&nbsp;&nbsp;&nbsp;30 months -- 5 years: Y<br>&nbsp;&nbsp;&nbsp;&nbsp;Preschool: N<br>&nbsp;&nbsp;&nbsp;&nbsp;Grade 1 - Age 12: Y<br>
1061,Licensed Group,Daycare For Multiple Intelligences,17209 62A Ave,,Surrey,V3S 6V6,49.116608,-122.745712,778-871-7145,,,N,N,N,N,N,N,N,N,N,N,N,N,N,N,N,N,N,,,N,N,N,N,N,N,N,N,N,N,N,2026-05-06,http://www.healthspace.ca/fha/childcare,N,Y,N,Daycare For Multiple Intelligences<br>Licensed Group<br>778-871-7145<br><br>Vacancy:<br>&nbsp;&nbsp;&nbsp;&nbsp;<36 months: N<br>&nbsp;&nbsp;&nbsp;&nbsp;30 months -- 5 years: N<br>&nbsp;&nbsp;&nbsp;&nbsp;Preschool: N<br>&nbsp;&nbsp;&nbsp;&nbsp;Grade 1 - Age 12: N<br>
1062,Licensed Group,Milky Way Childcare Centre,9483 134 St,,Surrey,V3V 5S3,49.174959,-122.851629,778-707-0072,,,N,N,N,N,N,N,N,N,N,N,N,N,N,N,N,N,N,,,N,N,N,N,N,N,N,Y,N,N,N,2026-05-18,http://www.healthspace.ca/fha/childcare,N,Y,N,Milky Way Childcare Centre<br>Licensed Group<br>778-707-0072<br><br>Vacancy:<br>&nbsp;&nbsp;&nbsp;&nbsp;<36 months: Y<br>&nbsp;&nbsp;&nbsp;&nbsp;30 months -- 5 years: N<br>&nbsp;&nbsp;&nbsp;&nbsp;Preschool: N<br>&nbsp;&nbsp;&nbsp;&nbsp;Grade 1 - Age 12: N<br>
1063,Licensed Group,Bright Owlets Childcare And Learning Centre 2,322 E 43Rd Ave,,Vancouver,V5W 1T3,49.231098,-123.098892,604-225-9240,,,Y,N,N,N,N,N,Y,N,N,N,N,N,N,N,N,N,N,Included in fee,Not offered,N,N,N,N,N,Y,N,N,N,N,N,2026-05-18,https://inspections.vcha.ca/ChildCare/Table,N,Y,N,Bright Owlets Childcare And Learning Centre 2<br>Licensed Group<br>604-225-9240<br><br>Vacancy:<br>&nbsp;&nbsp;&nbsp;&nbsp;<36 months: N<br>&nbsp;&nbsp;&nbsp;&nbsp;30 months -- 5 years: N<br>&nbsp;&nbsp;&nbsp;&nbsp;Preschool: N<br>&nbsp;&nbsp;&nbsp;&nbsp;Grade 1 - Age 12: N<br>
1064,Licensed Family,Helping Hands Child Care,656 59Th Ave E,,Vancouver,V5X 1Y3,49.216309,-123.091964,604-365-6550,helpinghandschildcare.ca,,N,N,N,N,N,N,N,N,N,N,N,N,N,N,N,N,N,,,N,N,N,N,N,N,N,N,N,N,N,2026-05-15,https://inspections.vcha.ca/ChildCare/Table,N,Y,N,Helping Hands Child Care<br>Licensed Family<br>604-365-6550<br><br>Vacancy:<br>&nbsp;&nbsp;&nbsp;&nbsp;<36 months: N<br>&nbsp;&nbsp;&nbsp;&nbsp;30 months -- 5 years: N<br>&nbsp;&nbsp;&nbsp;&nbsp;Preschool: N<br>&nbsp;&nbsp;&nbsp;&nbsp;Grade 1 - Age 12: N<br>
1065,Licensed Group,Sakura Childcare The Third,6776 Gilley Ave,,Burnaby,V5H 3W9,49.222283,-122.971595,778-858-7216,,,N,N,N,N,N,N,N,N,N,N,N,N,N,N,N,N,N,,,N,N,N,N,N,N,N,N,N,N,N,2026-05-01,http://www.healthspace.ca/fha/childcare,N,Y,N,Sakura Childcare The Third<br>Licensed Group<br>778-858-7216<br><br>Vacancy:<br>&nbsp;&nbsp;&nbsp;&nbsp;<36 months: N<br>&nbsp;&nbsp;&nbsp;&nbsp;30 months -- 5 years: N<br>&nbsp;&nbsp;&nbsp;&nbsp;Preschool: N<br>&nbsp;&nbsp;&nbsp;&nbsp;Grade 1 - Age 12: N<br>
1066,Licensed Group,West Coast Early Learning Centre,201-14016 32 Ave,,Surrey,V4P 2J2,49.060105,-122.833465,778-984-3057,,,N,N,N,N,N,N,N,N,N,N,N,N,N,N,N,N,N,,,N,N,N,N,N,N,N,N,Y,N,N,2026-05-19,http://www.healthspace.ca/fha/childcare,N,Y,N,West Coast Early Learning Centre<br>Licensed Group<br>778-984-3057<br><br>Vacancy:<br>&nbsp;&nbsp;&nbsp;&nbsp;<36 months: N<br>&nbsp;&nbsp;&nbsp;&nbsp;30 months -- 5 years: Y<br>&nbsp;&nbsp;&nbsp;&nbsp;Preschool: N<br>&nbsp;&nbsp;&nbsp;&nbsp;Grade 1 - Age 12: N<br>
1067,Licensed Group,Victoria West Community Association-Victoria West Elementary,750 Front St,,Victoria,V9A 3Y4,48.434457,-123.388054,250-590-8922,,,N,N,N,N,N,N,N,N,N,N,N,N,N,N,N,N,N,,,N,N,N,N,N,N,N,N,N,N,Y,2026-04-22,https://www.healthspace.ca/clients/viha/viha_website.nsf/CCFL-Main?OpenView,N,Y,N,Victoria West Community Association-Victoria West Elementary<br>Licensed Group<br>250-590-8922<br><br>Vacancy:<br>&nbsp;&nbsp;&nbsp;&nbsp;<36 months: N<br>&nbsp;&nbsp;&nbsp;&nbsp;30 months -- 5 years: N<br>&nbsp;&nbsp;&nbsp;&nbsp;Preschool: N<br>&nbsp;&nbsp;&nbsp;&nbsp;Grade 1 - Age 12: Y<br>
1068,Licensed Group,Little Willows Stave Falls,30204 Brackley Ave,,Mission,V4S 1C2,49.222505,-122.386872,604-462-1433,,,N,N,N,N,N,N,N,N,N,N,N,N,N,N,N,N,N,,,N,N,N,N,N,N,N,Y,Y,N,Y,2026-04-06,http://www.healthspace.ca/fha/childcare,N,Y,N,Little Willows Stave Falls<br>Licensed Group<br>604-462-1433<br><br>Vacancy:<br>&nbsp;&nbsp;&nbsp;&nbsp;<36 months: Y<br>&nbsp;&nbsp;&nbsp;&nbsp;30 months -- 5 years: Y<br>&nbsp;&nbsp;&nbsp;&nbsp;Preschool: N<br>&nbsp;&nbsp;&nbsp;&nbsp;Grade 1 - Age 12: Y<br>
1069,Licensed Group,Colour My World Childcare,1579 Collingwood Dr,,Kamloops,V2B 6C3,50.712971,-120.363967,250-554-4333,,,N,N,N,N,N,N,N,N,N,N,N,N,N,N,N,N,N,,,N,N,N,N,N,N,N,N,N,N,N,2026-05-20,https://hedgehogportal.interiorhealth.ca/ChildCare/Map,N,Y,N,Colour My World Childcare<br>Licensed Group<br>250-554-4333<br><br>Vacancy:<br>&nbsp;&nbsp;&nbsp;&nbsp;<36 months: N<br>&nbsp;&nbsp;&nbsp;&nbsp;30 months -- 5 years: N<br>&nbsp;&nbsp;&nbsp;&nbsp;Preschool: N<br>&nbsp;&nbsp;&nbsp;&nbsp;Grade 1 - Age 12: N<br>
1070,Licensed Family,Amy's Childcare,2515 Martin Ridge,,Victoria,V9B 0K1,48.460204,-123.508687,250-661-3258,,,N,N,N,N,N,N,N,N,N,N,N,N,N,N,N,N,N,,,N,N,N,N,N,N,N,N,N,N,N,2026-05-15,https://www.healthspace.ca/clients/viha/viha_website.nsf/CCFL-Main?OpenView,N,Y,N,Amy's Childcare<br>Licensed Family<br>250-661-3258<br><br>Vacancy:<br>&nbsp;&nbsp;&nbsp;&nbsp;<36 months: N<br>&nbsp;&nbsp;&nbsp;&nbsp;30 months -- 5 years: N<br>&nbsp;&nbsp;&nbsp;&nbsp;Preschool: N<br>&nbsp;&nbsp;&nbsp;&nbsp;Grade 1 - Age 12: N<br>
1071,Licensed Family,Akasha's Littlest Explorers Daycare,208A Archery Cres,,Courtenay,V9N 8Y1,49.682789,-125.027258,250-898-9771,,,N,N,N,N,N,N,N,N,N,N,N,N,N,N,N,N,N,,,N,N,N,N,N,N,N,N,N,N,N,2026-05-18,https://www.healthspace.ca/clients/viha/viha_website.nsf/CCFL-Main?OpenView,N,Y,N,Akasha's Littlest Explorers Daycare<br>Licensed Family<br>250-898-9771<br><br>Vacancy:<br>&nbsp;&nbsp;&nbsp;&nbsp;<36 months: N<br>&nbsp;&nbsp;&nbsp;&nbsp;30 months -- 5 years: N<br>&nbsp;&nbsp;&nbsp;&nbsp;Preschool: N<br>&nbsp;&nbsp;&nbsp;&nbsp;Grade 1 - Age 12: N<br>
1072,Licensed Group,Kids Zone Child Care Centre #3,9440 120Th St,,Surrey,V3V 4B9,49.174433,-122.889939,604-765-2075,,,N,N,N,N,N,N,N,N,N,N,N,N,N,N,N,N,N,,,N,N,N,N,N,N,N,N,N,N,N,2026-05-13,http://www.healthspace.ca/fha/childcare,N,Y,N,Kids Zone Child Care Centre #3<br>Licensed Group<br>604-765-2075<br><br>Vacancy:<br>&nbsp;&nbsp;&nbsp;&nbsp;<36 months: N<br>&nbsp;&nbsp;&nbsp;&nbsp;30 months -- 5 years: N<br>&nbsp;&nbsp;&nbsp;&nbsp;Preschool: N<br>&nbsp;&nbsp;&nbsp;&nbsp;Grade 1 - Age 12: N<br>
1073,Licensed Family,Home Away From Home,935 Avrill Rd,,Victoria,V9B 2N6,48.439533,-123.513124,250-507-0477,,,N,N,N,N,N,N,N,N,N,N,N,N,N,N,N,N,N,,,N,N,N,N,N,N,N,N,N,N,N,2026-04-22,https://www.healthspace.ca/clients/viha/viha_website.nsf/CCFL-Main?OpenView,N,Y,N,Home Away From Home<br>Licensed Family<br>250-507-0477<br><br>Vacancy:<br>&nbsp;&nbsp;&nbsp;&nbsp;<36 months: N<br>&nbsp;&nbsp;&nbsp;&nbsp;30 months -- 5 years: N<br>&nbsp;&nbsp;&nbsp;&nbsp;Preschool: N<br>&nbsp;&nbsp;&nbsp;&nbsp;Grade 1 - Age 12: N<br>
1074,Licensed Group,Little Otters Preschool,5370 248Th St,Room 12,Langley,V4W 1A7,49.09979,-122.535445,604-857-7550,,,N,N,N,N,N,N,N,N,N,N,N,N,N,N,N,N,N,,,N,N,N,N,N,N,N,N,N,Y,N,2026-05-07,http://www.healthspace.ca/fha/childcare,N,Y,N,Little Otters Preschool<br>Licensed Group<br>604-857-7550<br><br>Vacancy:<br>&nbsp;&nbsp;&nbsp;&nbsp;<36 months: N<br>&nbsp;&nbsp;&nbsp;&nbsp;30 months -- 5 years: N<br>&nbsp;&nbsp;&nbsp;&nbsp;Preschool: Y<br>&nbsp;&nbsp;&nbsp;&nbsp;Grade 1 - Age 12: N<br>
1075,Licensed Group,Savona Early Learning Center,600 Tingley St,,Savona,V0K 2J0,50.754,-120.84016,250-819-6008,,,N,N,N,N,N,N,N,N,N,N,N,N,N,N,N,N,N,,,N,N,N,N,N,N,N,N,N,N,N,2026-05-14,https://hedgehogportal.interiorhealth.ca/ChildCare/Map,N,Y,N,Savona Early Learning Center<br>Licensed Group<br>250-819-6008<br><br>Vacancy:<br>&nbsp;&nbsp;&nbsp;&nbsp;<36 months: N<br>&nbsp;&nbsp;&nbsp;&nbsp;30 months -- 5 years: N<br>&nbsp;&nbsp;&nbsp;&nbsp;Preschool: N<br>&nbsp;&nbsp;&nbsp;&nbsp;Grade 1 - Age 12: N<br>
1076,Licensed Group,Rainbow Angels Infant Toddler Centre,5364 Opal Pl,,Richmond,V7C 5B4,49.166118,-123.166102,604-365-8128,,,N,N,N,N,N,N,N,N,N,N,N,N,N,N,N,N,N,,,N,N,N,N,N,N,N,Y,N,N,N,2026-05-15,https://inspections.vcha.ca/ChildCare/Table,N,Y,N,Rainbow Angels Infant Toddler Centre<br>Licensed Group<br>604-365-8128<br><br>Vacancy:<br>&nbsp;&nbsp;&nbsp;&nbsp;<36 months: Y<br>&nbsp;&nbsp;&nbsp;&nbsp;30 months -- 5 years: N<br>&nbsp;&nbsp;&nbsp;&nbsp;Preschool: N<br>&nbsp;&nbsp;&nbsp;&nbsp;Grade 1 - Age 12: N<br>
1077,Licensed Group,Brightpath Maple Ridge Meadows,11918 207Th St,,Maple Ridge,V2X 1X7,49.21945,-122.647834,604-380-0336,,,N,N,N,N,N,N,N,N,N,N,N,N,N,N,N,N,N,,,N,N,N,N,N,N,N,N,N,N,N,2026-05-05,http://www.healthspace.ca/fha/childcare,N,Y,N,Brightpath Maple Ridge Meadows<br>Licensed Group<br>604-380-0336<br><br>Vacancy:<br>&nbsp;&nbsp;&nbsp;&nbsp;<36 months: N<br>&nbsp;&nbsp;&nbsp;&nbsp;30 months -- 5 years: N<br>&nbsp;&nbsp;&nbsp;&nbsp;Preschool: N<br>&nbsp;&nbsp;&nbsp;&nbsp;Grade 1 - Age 12: N<br>
1078,Licensed Group,Henderson ymca Kids Club,451 53Rd Ave E,,Vancouver,V5X 1J3,49.222735,-123.095089,604-363-7406,,,N,N,N,N,N,N,N,N,N,N,N,N,N,N,N,N,N,,,N,N,N,N,N,N,N,N,N,N,N,2026-05-14,https://inspections.vcha.ca/ChildCare/Table,N,Y,N,Henderson ymca Kids Club<br>Licensed Group<br>604-363-7406<br><br>Vacancy:<br>&nbsp;&nbsp;&nbsp;&nbsp;<36 months: N<br>&nbsp;&nbsp;&nbsp;&nbsp;30 months -- 5 years: N<br>&nbsp;&nbsp;&nbsp;&nbsp;Preschool: N<br>&nbsp;&nbsp;&nbsp;&nbsp;Grade 1 - Age 12: N<br>
1079,Licensed Group,Strong Foundations Learning South Surrey,301-15336 31 Ave,,Surrey,V3Z 0X2,49.057921,-122.796925,778-688-7861,,,N,N,N,N,N,N,N,N,N,N,N,N,N,N,N,N,N,,,N,N,N,N,N,N,N,N,N,N,N,2026-05-14,http://www.healthspace.ca/fha/childcare,N,Y,N,Strong Foundations Learning South Surrey<br>Licensed Group<br>778-688-7861<br><br>Vacancy:<br>&nbsp;&nbsp;&nbsp;&nbsp;<36 months: N<br>&nbsp;&nbsp;&nbsp;&nbsp;30 months -- 5 years: N<br>&nbsp;&nbsp;&nbsp;&nbsp;Preschool: N<br>&nbsp;&nbsp;&nbsp;&nbsp;Grade 1 - Age 12: N<br>
1080,Licensed Group,Gleneagles Saplings,6262 Marine Dr,,West Vancouver,V7W 2S5,49.364695,-123.277504,226-978-5527,,,N,N,N,N,N,N,N,N,N,N,N,N,N,N,N,N,N,,,N,N,N,N,N,N,N,Y,Y,N,N,2026-05-19,https://inspections.vcha.ca/ChildCare/Table,N,Y,Y,Gleneagles Saplings<br>Licensed Group<br>226-978-5527<br><br>Vacancy:<br>&nbsp;&nbsp;&nbsp;&nbsp;<36 months: Y<br>&nbsp;&nbsp;&nbsp;&nbsp;30 months -- 5 years: Y<br>&nbsp;&nbsp;&nbsp;&nbsp;Preschool: N<br>&nbsp;&nbsp;&nbsp;&nbsp;Grade 1 - Age 12: N<br>
1081,Licensed Group,Lions Bay Saplings,250 Bayview Rd,,Lions Bay,V0N 2E0,49.464215,-123.236636,226-978-5527,,,N,N,N,N,N,N,N,N,N,N,N,N,N,N,N,N,N,,,N,N,N,N,N,N,N,N,N,N,Y,2026-05-19,,N,Y,Y,Lions Bay Saplings<br>Licensed Group<br>226-978-5527<br><br>Vacancy:<br>&nbsp;&nbsp;&nbsp;&nbsp;<36 months: N<br>&nbsp;&nbsp;&nbsp;&nbsp;30 months -- 5 years: N<br>&nbsp;&nbsp;&nbsp;&nbsp;Preschool: N<br>&nbsp;&nbsp;&nbsp;&nbsp;Grade 1 - Age 12: Y<br>
1082,Licensed Group,Lions Bay Saplings,250 Bayview Rd,,Lions Bay,V0N 2E0,49.464215,-123.236636,778-838-0335,,,N,N,N,N,N,N,N,N,N,N,N,N,N,N,N,N,N,,,N,N,N,N,N,N,N,Y,Y,N,N,2026-05-19,https://inspections.vcha.ca/ChildCare/Table,N,Y,Y,Lions Bay Saplings<br>Licensed Group<br>778-838-0335<br><br>Vacancy:<br>&nbsp;&nbsp;&nbsp;&nbsp;<36 months: Y<br>&nbsp;&nbsp;&nbsp;&nbsp;30 months -- 5 years: Y<br>&nbsp;&nbsp;&nbsp;&nbsp;Preschool: N<br>&nbsp;&nbsp;&nbsp;&nbsp;Grade 1 - Age 12: N<br>
1083,Licensed Group,Lions Bay Saplings,250 Bayview Rd,,Lions Bay,V0N 2E0,49.464215,-123.236636,778-838-0335,,,N,N,N,N,N,N,N,N,N,N,N,N,N,N,N,N,N,,,N,N,N,N,N,N,N,Y,Y,N,N,2026-05-19,https://inspections.vcha.ca/ChildCare/Table,N,Y,Y,Lions Bay Saplings<br>Licensed Group<br>778-838-0335<br><br>Vacancy:<br>&nbsp;&nbsp;&nbsp;&nbsp;<36 months: Y<br>&nbsp;&nbsp;&nbsp;&nbsp;30 months -- 5 years: Y<br>&nbsp;&nbsp;&nbsp;&nbsp;Preschool: N<br>&nbsp;&nbsp;&nbsp;&nbsp;Grade 1 - Age 12: N<br>
1084,Licensed Group,The Friendly Port Childcare Centre,5401 Island Highway South,,Union Bay,V0R 3B0,49.589495,-124.888559,250-465-9128,,,N,N,N,N,N,N,N,N,N,N,N,N,N,N,N,N,N,,,N,N,N,N,N,N,N,N,N,N,N,2026-05-15,https://www.healthspace.ca/clients/viha/viha_website.nsf/CCFL-Main?OpenView,N,Y,N,The Friendly Port Childcare Centre<br>Licensed Group<br>250-465-9128<br><br>Vacancy:<br>&nbsp;&nbsp;&nbsp;&nbsp;<36 months: N<br>&nbsp;&nbsp;&nbsp;&nbsp;30 months -- 5 years: N<br>&nbsp;&nbsp;&nbsp;&nbsp;Preschool: N<br>&nbsp;&nbsp;&nbsp;&nbsp;Grade 1 - Age 12: N<br>
1085,Licensed Family,Sprouts And Blossoms,1304 Dunbar Dr,,Kamloops,V1S 0C6,50.6388,-120.377,250-851-6633,,,N,N,N,N,N,N,N,N,N,N,N,N,N,N,N,N,N,,,N,N,N,N,N,N,N,N,Y,N,N,2026-04-28,https://hedgehogportal.interiorhealth.ca/ChildCare/Map,N,Y,N,Sprouts And Blossoms<br>Licensed Family<br>250-851-6633<br><br>Vacancy:<br>&nbsp;&nbsp;&nbsp;&nbsp;<36 months: N<br>&nbsp;&nbsp;&nbsp;&nbsp;30 months -- 5 years: Y<br>&nbsp;&nbsp;&nbsp;&nbsp;Preschool: N<br>&nbsp;&nbsp;&nbsp;&nbsp;Grade 1 - Age 12: N<br>
1086,Licensed Family,Beddies Babies,985 Westridge Dr,,Invermere,V0A 1K4,50.501926,-116.045613,250-688-0093,,,N,N,N,N,N,N,N,N,N,N,N,N,N,N,N,N,N,,,N,N,N,N,N,N,N,N,N,N,N,2026-04-26,https://hedgehogportal.interiorhealth.ca/ChildCare/Map,N,Y,N,Beddies Babies<br>Licensed Family<br>250-688-0093<br><br>Vacancy:<br>&nbsp;&nbsp;&nbsp;&nbsp;<36 months: N<br>&nbsp;&nbsp;&nbsp;&nbsp;30 months -- 5 years: N<br>&nbsp;&nbsp;&nbsp;&nbsp;Preschool: N<br>&nbsp;&nbsp;&nbsp;&nbsp;Grade 1 - Age 12: N<br>
1087,Licensed Group,Little Fish Daycare,2319 17Th Ave E,,Vancouver,V5N 4Y1,49.255118,-123.057335,604-336-9730,,,N,N,N,N,N,N,N,N,N,N,N,N,N,N,N,N,N,,,N,N,N,N,N,N,N,N,N,N,N,2026-05-20,https://inspections.vcha.ca/ChildCare/Table,N,Y,N,Little Fish Daycare<br>Licensed Group<br>604-336-9730<br><br>Vacancy:<br>&nbsp;&nbsp;&nbsp;&nbsp;<36 months: N<br>&nbsp;&nbsp;&nbsp;&nbsp;30 months -- 5 years: N<br>&nbsp;&nbsp;&nbsp;&nbsp;Preschool: N<br>&nbsp;&nbsp;&nbsp;&nbsp;Grade 1 - Age 12: N<br>
1088,Licensed Group,Barish Child Care Out-Of-School,2835 (B) Revelstoke Ct,,Vancouver,V6T 1N8,49.26062,-123.234833,604-837-9232,,,N,N,N,N,N,N,N,N,N,N,N,N,N,N,N,N,N,,,N,N,N,N,N,N,N,N,N,N,N,2026-04-24,https://inspections.vcha.ca/ChildCare/Table,N,Y,N,Barish Child Care Out-Of-School<br>Licensed Group<br>604-837-9232<br><br>Vacancy:<br>&nbsp;&nbsp;&nbsp;&nbsp;<36 months: N<br>&nbsp;&nbsp;&nbsp;&nbsp;30 months -- 5 years: N<br>&nbsp;&nbsp;&nbsp;&nbsp;Preschool: N<br>&nbsp;&nbsp;&nbsp;&nbsp;Grade 1 - Age 12: N<br>
1089,Licensed Group,Pacific Spirit Out-Of-School Child Care Centre,5580 Osoyoos Cres,,Vancouver,V6T 1X7,49.260326,-123.233718,604-837-9232,,,N,N,N,N,N,N,N,N,N,N,N,N,N,N,N,N,N,,,N,N,N,N,N,N,N,N,N,N,N,2026-04-24,https://inspections.vcha.ca/ChildCare/Table,N,Y,N,Pacific Spirit Out-Of-School Child Care Centre<br>Licensed Group<br>604-837-9232<br><br>Vacancy:<br>&nbsp;&nbsp;&nbsp;&nbsp;<36 months: N<br>&nbsp;&nbsp;&nbsp;&nbsp;30 months -- 5 years: N<br>&nbsp;&nbsp;&nbsp;&nbsp;Preschool: N<br>&nbsp;&nbsp;&nbsp;&nbsp;Grade 1 - Age 12: N<br>
1090,Licensed Group,Kids Zone Child Care Centre #4,1730 142 St,,Surrey,V4A 6G7,49.033834,-122.82791,604-580-6151,,,N,N,N,N,N,N,N,N,N,N,N,N,N,N,N,N,N,,,N,N,N,N,N,N,N,N,N,N,N,2026-04-19,http://www.healthspace.ca/fha/childcare,N,Y,N,Kids Zone Child Care Centre #4<br>Licensed Group<br>604-580-6151<br><br>Vacancy:<br>&nbsp;&nbsp;&nbsp;&nbsp;<36 months: N<br>&nbsp;&nbsp;&nbsp;&nbsp;30 months -- 5 years: N<br>&nbsp;&nbsp;&nbsp;&nbsp;Preschool: N<br>&nbsp;&nbsp;&nbsp;&nbsp;Grade 1 - Age 12: N<br>
1091,Licensed Group,Skyridge Montessori - Group Child Care (30 Months To School),41273 Horizon Dr,,Squamish,V8B 0Y7,49.756695,-123.129414,604-390-0031,,,N,N,N,N,N,N,N,N,N,N,N,N,N,N,N,N,N,,,N,N,N,N,N,N,N,N,N,N,N,2026-05-05,https://inspections.vcha.ca/ChildCare/Table,N,Y,N,Skyridge Montessori - Group Child Care (30 Months To School)<br>Licensed Group<br>604-390-0031<br><br>Vacancy:<br>&nbsp;&nbsp;&nbsp;&nbsp;<36 months: N<br>&nbsp;&nbsp;&nbsp;&nbsp;30 months -- 5 years: N<br>&nbsp;&nbsp;&nbsp;&nbsp;Preschool: N<br>&nbsp;&nbsp;&nbsp;&nbsp;Grade 1 - Age 12: N<br>
1092,Licensed Group,Little Willows Harry Hooge,12280 230Th St,,Maple Ridge,V2X 0P6,49.225339,-122.583198,778-245-8742,,,N,N,N,N,N,N,N,N,N,N,N,N,N,N,N,N,N,,,N,N,N,N,N,N,N,N,N,Y,Y,2026-04-06,http://www.healthspace.ca/fha/childcare,N,Y,N,Little Willows Harry Hooge<br>Licensed Group<br>778-245-8742<br><br>Vacancy:<br>&nbsp;&nbsp;&nbsp;&nbsp;<36 months: N<br>&nbsp;&nbsp;&nbsp;&nbsp;30 months -- 5 years: N<br>&nbsp;&nbsp;&nbsp;&nbsp;Preschool: Y<br>&nbsp;&nbsp;&nbsp;&nbsp;Grade 1 - Age 12: Y<br>
1093,Licensed Group,Little Willows Alouette,22155 Issac Cres,,Maple Ridge,V2X 0V9,49.229676,-122.608956,778-245-8743,,,N,N,N,N,N,N,N,N,N,N,N,N,N,N,N,N,N,,,N,N,N,N,N,N,N,N,N,Y,Y,2026-04-06,http://www.healthspace.ca/fha/childcare,N,Y,N,Little Willows Alouette<br>Licensed Group<br>778-245-8743<br><br>Vacancy:<br>&nbsp;&nbsp;&nbsp;&nbsp;<36 months: N<br>&nbsp;&nbsp;&nbsp;&nbsp;30 months -- 5 years: N<br>&nbsp;&nbsp;&nbsp;&nbsp;Preschool: Y<br>&nbsp;&nbsp;&nbsp;&nbsp;Grade 1 - Age 12: Y<br>
1094,Licensed Family,Victoria Home Daycare,667 Admirals Rd,,Esquimalt,V9A 2N6,48.433018,-123.416649,236-508-5914,,,N,N,N,N,N,N,N,N,N,N,N,N,N,N,N,N,N,,,N,N,N,N,N,N,N,Y,Y,N,N,2026-05-15,https://www.healthspace.ca/clients/viha/viha_website.nsf/CCFL-Main?OpenView,N,Y,N,Victoria Home Daycare<br>Licensed Family<br>236-508-5914<br><br>Vacancy:<br>&nbsp;&nbsp;&nbsp;&nbsp;<36 months: Y<br>&nbsp;&nbsp;&nbsp;&nbsp;30 months -- 5 years: Y<br>&nbsp;&nbsp;&nbsp;&nbsp;Preschool: N<br>&nbsp;&nbsp;&nbsp;&nbsp;Grade 1 - Age 12: N<br>
1095,Licensed Family,Doran Family Child Care,3780 Mountain Hwy,,North Vancouver,V7K 2J1,49.344445,-123.037751,604-446-9464,,,N,N,N,N,N,N,N,N,N,N,N,N,N,N,N,N,N,,,N,N,N,N,N,N,N,N,N,N,N,2026-05-19,https://inspections.vcha.ca/ChildCare/Table,N,Y,N,Doran Family Child Care<br>Licensed Family<br>604-446-9464<br><br>Vacancy:<br>&nbsp;&nbsp;&nbsp;&nbsp;<36 months: N<br>&nbsp;&nbsp;&nbsp;&nbsp;30 months -- 5 years: N<br>&nbsp;&nbsp;&nbsp;&nbsp;Preschool: N<br>&nbsp;&nbsp;&nbsp;&nbsp;Grade 1 - Age 12: N<br>
1096,Licensed Group,Little Dreamers,31150 Blueridge Dr,,Abbotsford,V2T 5R2,49.066706,-122.361634,604-614-5308,,,,,,,,,,,,,,,,,,,,,,,,,,,,,,,,,,,Y,Y,N,Little Dreamers<br>Licensed Group<br>604-614-5308<br><br>Vacancy:<br>&nbsp;&nbsp;&nbsp;&nbsp;<36 months: None<br>&nbsp;&nbsp;&nbsp;&nbsp;30 months -- 5 years: None<br>&nbsp;&nbsp;&nbsp;&nbsp;Preschool: None<br>&nbsp;&nbsp;&nbsp;&nbsp;Grade 1 - Age 12: None<br>
1097,Licensed Family,Little Gems Daycare,1708 84 Ave,,Dawson Creek,V1G 0E1,55.779873,-120.253199,250-784-7010,,,Y,Y,Y,N,Y,Y,Y,Y,N,Y,Y,N,N,N,N,N,N,Extra fee,Extra fee,N,N,N,N,N,N,N,N,N,N,N,2026-04-30,https://www.healthspace.ca/Clients/NHA/NHA_Website.nsf/CCFL-Frameset,N,Y,N,Little Gems Daycare<br>Licensed Family<br>250-784-7010<br><br>Vacancy:<br>&nbsp;&nbsp;&nbsp;&nbsp;<36 months: N<br>&nbsp;&nbsp;&nbsp;&nbsp;30 months -- 5 years: N<br>&nbsp;&nbsp;&nbsp;&nbsp;Preschool: N<br>&nbsp;&nbsp;&nbsp;&nbsp;Grade 1 - Age 12: N<br>
1098,Licensed Group,Gummy Bears Child Care,6288 Service St,,Burnaby,V5H 1V8,49.228624,-122.97225,778-927-8133,,,N,N,N,N,N,N,N,N,N,N,N,N,N,N,N,N,N,,,N,N,N,N,N,N,N,Y,N,N,N,2026-05-18,http://www.healthspace.ca/fha/childcare,N,Y,N,Gummy Bears Child Care<br>Licensed Group<br>778-927-8133<br><br>Vacancy:<br>&nbsp;&nbsp;&nbsp;&nbsp;<36 months: Y<br>&nbsp;&nbsp;&nbsp;&nbsp;30 months -- 5 years: N<br>&nbsp;&nbsp;&nbsp;&nbsp;Preschool: N<br>&nbsp;&nbsp;&nbsp;&nbsp;Grade 1 - Age 12: N<br>
1099,Licensed Group,Bumble And Bean Out Of School Program,3550 Westsyde Rd,,Kamloops,V2B 7H4,50.773889,-120.341316,250-319-2013,,,N,N,N,N,N,N,N,N,N,N,N,N,N,N,N,N,N,,,N,N,N,N,N,N,N,N,Y,N,Y,2026-05-19,https://hedgehogportal.interiorhealth.ca/ChildCare/Map,N,Y,N,Bumble And Bean Out Of School Program<br>Licensed Group<br>250-319-2013<br><br>Vacancy:<br>&nbsp;&nbsp;&nbsp;&nbsp;<36 months: N<br>&nbsp;&nbsp;&nbsp;&nbsp;30 months -- 5 years: Y<br>&nbsp;&nbsp;&nbsp;&nbsp;Preschool: N<br>&nbsp;&nbsp;&nbsp;&nbsp;Grade 1 - Age 12: Y<br>
1100,Licensed Group,Bumble And Bean Out-Of-School Program,3255 Overlander Dr,,Kamloops,V2B 0A5,50.770954,-120.34136,250-319-2013,,,N,N,N,N,N,N,N,N,N,N,N,N,N,N,N,N,N,,,N,N,N,N,N,N,N,N,Y,N,Y,2026-05-19,https://hedgehogportal.interiorhealth.ca/ChildCare/Map,N,Y,N,Bumble And Bean Out-Of-School Program<br>Licensed Group<br>250-319-2013<br><br>Vacancy:<br>&nbsp;&nbsp;&nbsp;&nbsp;<36 months: N<br>&nbsp;&nbsp;&nbsp;&nbsp;30 months -- 5 years: Y<br>&nbsp;&nbsp;&nbsp;&nbsp;Preschool: N<br>&nbsp;&nbsp;&nbsp;&nbsp;Grade 1 - Age 12: Y<br>
1101,Licensed Group,Wind And Tide Preschool - Sardis,46078 Higginson Rd,,Chilliwack,V2R 2A9,49.12499,-121.949173,604-575-0549,,,N,N,N,N,N,N,N,N,N,N,N,N,N,N,N,N,N,,,N,N,N,N,N,N,N,N,N,Y,N,2026-05-15,http://www.healthspace.ca/fha/childcare,N,Y,N,Wind And Tide Preschool - Sardis<br>Licensed Group<br>604-575-0549<br><br>Vacancy:<br>&nbsp;&nbsp;&nbsp;&nbsp;<36 months: N<br>&nbsp;&nbsp;&nbsp;&nbsp;30 months -- 5 years: N<br>&nbsp;&nbsp;&nbsp;&nbsp;Preschool: Y<br>&nbsp;&nbsp;&nbsp;&nbsp;Grade 1 - Age 12: N<br>
1102,Licensed Group,Monarch Montessori School,4405 8Th Ave W,,Vancouver,V6R 2A3,49.266064,-123.206476,604-563-9511,,,N,N,N,N,N,N,N,N,N,N,N,N,N,N,N,N,N,,,N,N,N,N,N,N,N,N,N,N,N,2026-05-10,https://inspections.vcha.ca/ChildCare/Table,N,N,N,Monarch Montessori School<br>Licensed Group<br>604-563-9511<br><br>Vacancy:<br>&nbsp;&nbsp;&nbsp;&nbsp;<36 months: N<br>&nbsp;&nbsp;&nbsp;&nbsp;30 months -- 5 years: N<br>&nbsp;&nbsp;&nbsp;&nbsp;Preschool: N<br>&nbsp;&nbsp;&nbsp;&nbsp;Grade 1 - Age 12: N<br>
1103,Licensed Group,Creo Kids,1253 Johnston Rd,,White Rock,V4B 3Y9,49.025265,-122.801356,604-833-4096,,,N,N,N,N,N,N,N,N,N,N,N,N,N,N,N,N,N,,,N,N,N,N,N,N,N,N,N,N,N,2026-05-19,http://www.healthspace.ca/fha/childcare,N,Y,N,Creo Kids<br>Licensed Group<br>604-833-4096<br><br>Vacancy:<br>&nbsp;&nbsp;&nbsp;&nbsp;<36 months: N<br>&nbsp;&nbsp;&nbsp;&nbsp;30 months -- 5 years: N<br>&nbsp;&nbsp;&nbsp;&nbsp;Preschool: N<br>&nbsp;&nbsp;&nbsp;&nbsp;Grade 1 - Age 12: N<br>
1104,Licensed Family,Rose Cottage,4617 Russell Rd,,Duncan,V9L 6N2,48.432317,-123.387178,250-732-4620,,,N,N,N,N,N,N,N,N,N,N,N,N,N,N,N,N,N,,,N,N,N,N,N,N,N,N,N,N,N,2026-05-11,https://www.healthspace.ca/clients/viha/viha_website.nsf/CCFL-Main?OpenView,N,Y,N,Rose Cottage<br>Licensed Family<br>250-732-4620<br><br>Vacancy:<br>&nbsp;&nbsp;&nbsp;&nbsp;<36 months: N<br>&nbsp;&nbsp;&nbsp;&nbsp;30 months -- 5 years: N<br>&nbsp;&nbsp;&nbsp;&nbsp;Preschool: N<br>&nbsp;&nbsp;&nbsp;&nbsp;Grade 1 - Age 12: N<br>
1105,Licensed Group,Tiger Stripes Learning Center,2451 Ross Rd,,Abbotsford,V4X 1J3,49.04746,-122.403968,778-772-6289,,,,,,,,,,,,,,,,,,,,,,,,,,,,,,,,,,,Y,Y,N,Tiger Stripes Learning Center<br>Licensed Group<br>778-772-6289<br><br>Vacancy:<br>&nbsp;&nbsp;&nbsp;&nbsp;<36 months: None<br>&nbsp;&nbsp;&nbsp;&nbsp;30 months -- 5 years: None<br>&nbsp;&nbsp;&nbsp;&nbsp;Preschool: None<br>&nbsp;&nbsp;&nbsp;&nbsp;Grade 1 - Age 12: None<br>
1106,Licensed Family,Monkey Tree Learning Centre,2312 Towerview Cres,,Nanaimo,V9R 6T3,49.169721,-124.000553,250-668-3330,,,N,N,N,N,N,N,N,N,N,N,N,N,N,N,N,N,N,,,N,N,N,N,N,N,N,Y,Y,N,N,2026-05-21,https://www.healthspace.ca/clients/viha/viha_website.nsf/CCFL-Main?OpenView,N,Y,N,Monkey Tree Learning Centre<br>Licensed Family<br>250-668-3330<br><br>Vacancy:<br>&nbsp;&nbsp;&nbsp;&nbsp;<36 months: Y<br>&nbsp;&nbsp;&nbsp;&nbsp;30 months -- 5 years: Y<br>&nbsp;&nbsp;&nbsp;&nbsp;Preschool: N<br>&nbsp;&nbsp;&nbsp;&nbsp;Grade 1 - Age 12: N<br>
1107,Licensed Family,Giggles 'N Grins Early Childhood Centre,3544 Honeycrisp Ave,,Victoria,V9C 0K4,48.418814,-123.530772,250-888-3314,,,N,N,N,N,N,N,N,N,N,N,N,N,N,N,N,N,N,,,N,N,N,N,N,N,N,N,N,N,N,2026-05-15,https://www.healthspace.ca/clients/viha/viha_website.nsf/CCFL-Main?OpenView,N,Y,N,Giggles 'N Grins Early Childhood Centre<br>Licensed Family<br>250-888-3314<br><br>Vacancy:<br>&nbsp;&nbsp;&nbsp;&nbsp;<36 months: N<br>&nbsp;&nbsp;&nbsp;&nbsp;30 months -- 5 years: N<br>&nbsp;&nbsp;&nbsp;&nbsp;Preschool: N<br>&nbsp;&nbsp;&nbsp;&nbsp;Grade 1 - Age 12: N<br>
1108,Licensed Family,Wilkinson Learning Tree,10172 244 St,,Maple Ridge,V2W 0H5,49.186878,-122.5459,604-537-2396,,,N,N,N,N,N,N,N,N,N,N,N,N,N,N,N,N,N,,,N,N,N,N,N,N,N,N,N,N,N,2026-05-15,http://www.healthspace.ca/fha/childcare,N,Y,N,Wilkinson Learning Tree<br>Licensed Family<br>604-537-2396<br><br>Vacancy:<br>&nbsp;&nbsp;&nbsp;&nbsp;<36 months: N<br>&nbsp;&nbsp;&nbsp;&nbsp;30 months -- 5 years: N<br>&nbsp;&nbsp;&nbsp;&nbsp;Preschool: N<br>&nbsp;&nbsp;&nbsp;&nbsp;Grade 1 - Age 12: N<br>
1109,Licensed Group,I Kids Learning Centre,6966 195 St,,Surrey,V4N 5Y6,49.129502,-122.681673,778-855-1425,,,N,N,N,N,N,N,N,N,N,N,N,N,N,N,N,N,N,,,N,N,N,N,N,N,N,N,N,N,N,2026-05-01,http://www.healthspace.ca/fha/childcare,N,Y,N,I Kids Learning Centre<br>Licensed Group<br>778-855-1425<br><br>Vacancy:<br>&nbsp;&nbsp;&nbsp;&nbsp;<36 months: N<br>&nbsp;&nbsp;&nbsp;&nbsp;30 months -- 5 years: N<br>&nbsp;&nbsp;&nbsp;&nbsp;Preschool: N<br>&nbsp;&nbsp;&nbsp;&nbsp;Grade 1 - Age 12: N<br>
1110,Licensed Group,Kelowna Kids Co.,201-2750 Richter St,,Kelowna,V1Y 2R5,49.866775,-119.489585,778-392-8432,,,N,N,N,N,N,N,N,N,N,N,N,N,N,N,N,N,N,,,N,N,N,N,N,N,N,N,N,N,N,2026-05-15,https://hedgehogportal.interiorhealth.ca/ChildCare/Map,N,Y,N,Kelowna Kids Co.<br>Licensed Group<br>778-392-8432<br><br>Vacancy:<br>&nbsp;&nbsp;&nbsp;&nbsp;<36 months: N<br>&nbsp;&nbsp;&nbsp;&nbsp;30 months -- 5 years: N<br>&nbsp;&nbsp;&nbsp;&nbsp;Preschool: N<br>&nbsp;&nbsp;&nbsp;&nbsp;Grade 1 - Age 12: N<br>
1111,Licensed Group,Miller Park Kidz Clubhouse,800 Egmont Ave,,Coquitlam,V3J 4J8,49.265822,-122.878979,778-868-3017,,,N,N,N,N,N,N,N,N,N,N,N,N,N,N,N,N,N,,,N,N,N,N,N,N,N,N,Y,N,Y,2026-05-08,http://www.healthspace.ca/fha/childcare,N,Y,N,Miller Park Kidz Clubhouse<br>Licensed Group<br>778-868-3017<br><br>Vacancy:<br>&nbsp;&nbsp;&nbsp;&nbsp;<36 months: N<br>&nbsp;&nbsp;&nbsp;&nbsp;30 months -- 5 years: Y<br>&nbsp;&nbsp;&nbsp;&nbsp;Preschool: N<br>&nbsp;&nbsp;&nbsp;&nbsp;Grade 1 - Age 12: Y<br>
1112,Licensed Family,Puddle Jumpers,8-2033 Varsity Landng,,Campbell River,V9H 0B2,49.972584,-125.244923,250-202-6779,,,N,N,N,N,N,N,N,N,N,N,N,N,N,N,N,N,N,,,N,N,N,N,N,N,N,N,N,N,N,2026-05-15,https://www.healthspace.ca/clients/viha/viha_website.nsf/CCFL-Main?OpenView,N,Y,N,Puddle Jumpers<br>Licensed Family<br>250-202-6779<br><br>Vacancy:<br>&nbsp;&nbsp;&nbsp;&nbsp;<36 months: N<br>&nbsp;&nbsp;&nbsp;&nbsp;30 months -- 5 years: N<br>&nbsp;&nbsp;&nbsp;&nbsp;Preschool: N<br>&nbsp;&nbsp;&nbsp;&nbsp;Grade 1 - Age 12: N<br>
1113,Licensed Group,Twig +Owl/ Emerson,1289 Emerson Way,,North Vancouver,V7H 2B6,48.434748,-123.332944,604-929-5371,,,N,N,N,N,N,N,N,N,N,N,N,N,N,N,N,N,N,,,N,N,N,N,N,N,N,N,N,N,N,2026-04-19,https://inspections.vcha.ca/ChildCare/Table,N,Y,Y,Twig +Owl/ Emerson<br>Licensed Group<br>604-929-5371<br><br>Vacancy:<br>&nbsp;&nbsp;&nbsp;&nbsp;<36 months: N<br>&nbsp;&nbsp;&nbsp;&nbsp;30 months -- 5 years: N<br>&nbsp;&nbsp;&nbsp;&nbsp;Preschool: N<br>&nbsp;&nbsp;&nbsp;&nbsp;Grade 1 - Age 12: N<br>
1114,Licensed Group,Montessori Beginnings Preschool And Kindergarten,21746 Lougheed Hwy,,Maple Ridge,V2X 2S1,49.216415,-122.618997,604-466-3184,,,N,N,N,N,N,N,N,N,N,N,N,N,N,N,N,N,N,,,N,N,N,N,N,N,N,N,N,N,N,2026-05-21,http://www.healthspace.ca/fha/childcare,N,Y,N,Montessori Beginnings Preschool And Kindergarten<br>Licensed Group<br>604-466-3184<br><br>Vacancy:<br>&nbsp;&nbsp;&nbsp;&nbsp;<36 months: N<br>&nbsp;&nbsp;&nbsp;&nbsp;30 months -- 5 years: N<br>&nbsp;&nbsp;&nbsp;&nbsp;Preschool: N<br>&nbsp;&nbsp;&nbsp;&nbsp;Grade 1 - Age 12: N<br>
1115,Licensed Family,Jolene's Daycare,2047 Melville Dr,,Sidney,V8L 2N3,48.663581,-123.411039,250-208-0998,,,N,N,N,N,N,N,N,N,N,N,N,N,N,N,N,N,N,,,N,N,N,N,N,N,N,Y,Y,N,N,2026-05-14,https://www.healthspace.ca/clients/viha/viha_website.nsf/CCFL-Main?OpenView,N,Y,N,Jolene's Daycare<br>Licensed Family<br>250-208-0998<br><br>Vacancy:<br>&nbsp;&nbsp;&nbsp;&nbsp;<36 months: Y<br>&nbsp;&nbsp;&nbsp;&nbsp;30 months -- 5 years: Y<br>&nbsp;&nbsp;&nbsp;&nbsp;Preschool: N<br>&nbsp;&nbsp;&nbsp;&nbsp;Grade 1 - Age 12: N<br>
1116,Licensed Family,Blooming Buttercups Childcare & Learning Center,5377 188A St,,Surrey,V3S 7C3,49.099903,-122.700858,604-315-9612,,,Y,N,N,N,N,N,Y,Y,N,Y,Y,N,Y,N,Y,N,Y,Extra fee,Include in fee,N,N,N,Y,N,Y,Y,Y,Y,N,N,2026-05-19,http://www.healthspace.ca/fha/childcare,N,Y,N,Blooming Buttercups Childcare & Learning Center<br>Licensed Family<br>604-315-9612<br><br>Vacancy:<br>&nbsp;&nbsp;&nbsp;&nbsp;<36 months: Y<br>&nbsp;&nbsp;&nbsp;&nbsp;30 months -- 5 years: Y<br>&nbsp;&nbsp;&nbsp;&nbsp;Preschool: N<br>&nbsp;&nbsp;&nbsp;&nbsp;Grade 1 - Age 12: N<br>
1117,Licensed Group,Angels Academy Childcare Centre,2547 Herbert Rd,,West Kelowna,V4T 2J6,49.827956,-119.633715,250-863-0244,,,N,N,N,N,N,N,N,N,N,N,N,N,N,N,N,N,N,,,N,N,N,N,N,N,N,N,N,Y,Y,2026-05-01,https://hedgehogportal.interiorhealth.ca/ChildCare/Map,N,Y,N,Angels Academy Childcare Centre<br>Licensed Group<br>250-863-0244<br><br>Vacancy:<br>&nbsp;&nbsp;&nbsp;&nbsp;<36 months: N<br>&nbsp;&nbsp;&nbsp;&nbsp;30 months -- 5 years: N<br>&nbsp;&nbsp;&nbsp;&nbsp;Preschool: Y<br>&nbsp;&nbsp;&nbsp;&nbsp;Grade 1 - Age 12: Y<br>
1118,Licensed Group,Play N Learn Daycare,3839 Thurston St,,Burnaby,V5H 1H9,49.235028,-123.019039,604-617-8355,,,N,N,N,N,N,N,N,N,N,N,N,N,N,N,N,N,N,,,N,N,N,N,N,N,N,N,N,N,N,2026-05-15,http://www.healthspace.ca/fha/childcare,N,Y,N,Play N Learn Daycare<br>Licensed Group<br>604-617-8355<br><br>Vacancy:<br>&nbsp;&nbsp;&nbsp;&nbsp;<36 months: N<br>&nbsp;&nbsp;&nbsp;&nbsp;30 months -- 5 years: N<br>&nbsp;&nbsp;&nbsp;&nbsp;Preschool: N<br>&nbsp;&nbsp;&nbsp;&nbsp;Grade 1 - Age 12: N<br>
1119,Licensed Group,ymca 6Th Avenue School Age Child Care,1136 6Th Ave,,Kamloops,V2C 3S1,50.667549,-120.327489,250-376-4771,,,N,N,N,N,N,N,N,N,N,N,N,N,N,N,N,N,N,,,N,N,N,N,N,N,N,N,N,N,N,2026-05-14,https://hedgehogportal.interiorhealth.ca/ChildCare/Map,N,Y,N,ymca 6Th Avenue School Age Child Care<br>Licensed Group<br>250-376-4771<br><br>Vacancy:<br>&nbsp;&nbsp;&nbsp;&nbsp;<36 months: N<br>&nbsp;&nbsp;&nbsp;&nbsp;30 months -- 5 years: N<br>&nbsp;&nbsp;&nbsp;&nbsp;Preschool: N<br>&nbsp;&nbsp;&nbsp;&nbsp;Grade 1 - Age 12: N<br>
1120,Licensed Family,The Storyhouse,B-601 Richards St,,Nelson,V1L 5K4,49.483643,-117.284453,250-354-4401,,,N,N,N,N,N,N,N,N,N,N,N,N,N,N,N,N,N,,,N,N,N,N,N,N,N,N,Y,N,N,2026-05-08,https://hedgehogportal.interiorhealth.ca/ChildCare/Map,N,Y,N,The Storyhouse<br>Licensed Family<br>250-354-4401<br><br>Vacancy:<br>&nbsp;&nbsp;&nbsp;&nbsp;<36 months: N<br>&nbsp;&nbsp;&nbsp;&nbsp;30 months -- 5 years: Y<br>&nbsp;&nbsp;&nbsp;&nbsp;Preschool: N<br>&nbsp;&nbsp;&nbsp;&nbsp;Grade 1 - Age 12: N<br>
1121,Licensed Family,Little Critters Childcare Centre,7298 141A St,,Surrey,V3W 5L7,49.13551,-122.830073,604-839-6037,,,N,N,N,N,N,N,N,N,N,N,N,N,N,N,N,N,N,,,N,N,N,N,N,N,N,N,N,N,N,2026-05-15,http://www.healthspace.ca/fha/childcare,N,Y,N,Little Critters Childcare Centre<br>Licensed Family<br>604-839-6037<br><br>Vacancy:<br>&nbsp;&nbsp;&nbsp;&nbsp;<36 months: N<br>&nbsp;&nbsp;&nbsp;&nbsp;30 months -- 5 years: N<br>&nbsp;&nbsp;&nbsp;&nbsp;Preschool: N<br>&nbsp;&nbsp;&nbsp;&nbsp;Grade 1 - Age 12: N<br>
1122,Licensed Family,Shine Star Family Daycare,3794 Shane Cres,,Prince George,V2N 4N2,53.893147,-122.793425,250-981-7433,,,N,N,N,N,N,N,N,N,N,N,N,N,N,N,N,N,N,,,N,N,N,N,N,N,N,N,N,N,N,2026-04-25,https://www.healthspace.ca/Clients/NHA/NHA_Website.nsf/CCFL-Frameset,N,Y,N,Shine Star Family Daycare<br>Licensed Family<br>250-981-7433<br><br>Vacancy:<br>&nbsp;&nbsp;&nbsp;&nbsp;<36 months: N<br>&nbsp;&nbsp;&nbsp;&nbsp;30 months -- 5 years: N<br>&nbsp;&nbsp;&nbsp;&nbsp;Preschool: N<br>&nbsp;&nbsp;&nbsp;&nbsp;Grade 1 - Age 12: N<br>
1123,Licensed Group,Kids Club Child Care Centre Ltd.,46129 Princess Ave,,Chilliwack,V2P 2A8,49.17096,-121.948299,604-795-2322,,,N,N,N,N,N,N,N,N,N,N,N,N,N,N,N,N,N,,,N,N,N,N,N,N,N,Y,N,N,N,2026-04-27,http://www.healthspace.ca/fha/childcare,N,Y,N,Kids Club Child Care Centre Ltd.<br>Licensed Group<br>604-795-2322<br><br>Vacancy:<br>&nbsp;&nbsp;&nbsp;&nbsp;<36 months: Y<br>&nbsp;&nbsp;&nbsp;&nbsp;30 months -- 5 years: N<br>&nbsp;&nbsp;&nbsp;&nbsp;Preschool: N<br>&nbsp;&nbsp;&nbsp;&nbsp;Grade 1 - Age 12: N<br>
1124,Licensed Family,Sara's Family Daycare,820 16Th St E,,North Vancouver,V7L 2V4,49.323178,-123.049615,604-377-1637,,,N,N,N,N,N,N,N,N,N,N,N,N,N,N,N,N,N,,,N,N,N,N,N,N,N,N,N,N,N,2026-05-18,https://inspections.vcha.ca/ChildCare/Table,N,Y,N,Sara's Family Daycare<br>Licensed Family<br>604-377-1637<br><br>Vacancy:<br>&nbsp;&nbsp;&nbsp;&nbsp;<36 months: N<br>&nbsp;&nbsp;&nbsp;&nbsp;30 months -- 5 years: N<br>&nbsp;&nbsp;&nbsp;&nbsp;Preschool: N<br>&nbsp;&nbsp;&nbsp;&nbsp;Grade 1 - Age 12: N<br>
1125,Licensed Group,Armstrong Montessori Academy,B - 2516 Patterson Ave,,Armstrong,V0E 1B0,50.447234,-119.191775,250-307-4690,,,N,N,N,N,N,N,N,N,N,N,N,N,N,N,N,N,N,,,N,N,N,N,N,N,N,N,N,N,N,2026-05-20,https://hedgehogportal.interiorhealth.ca/ChildCare/Map,N,Y,N,Armstrong Montessori Academy<br>Licensed Group<br>250-307-4690<br><br>Vacancy:<br>&nbsp;&nbsp;&nbsp;&nbsp;<36 months: N<br>&nbsp;&nbsp;&nbsp;&nbsp;30 months -- 5 years: N<br>&nbsp;&nbsp;&nbsp;&nbsp;Preschool: N<br>&nbsp;&nbsp;&nbsp;&nbsp;Grade 1 - Age 12: N<br>
1126,Licensed Group,Cranbrook's Huddles And Cuddles Playcentre Inc.,308 10Th Ave S,,Cranbrook,V1C 2N6,49.505731,-115.767513,250-426-3069,,,N,N,N,N,N,N,N,N,N,N,N,N,N,N,N,N,N,,,N,N,N,N,N,N,N,N,N,N,N,2026-05-15,https://hedgehogportal.interiorhealth.ca/ChildCare/Map,N,Y,N,Cranbrook's Huddles And Cuddles Playcentre Inc.<br>Licensed Group<br>250-426-3069<br><br>Vacancy:<br>&nbsp;&nbsp;&nbsp;&nbsp;<36 months: N<br>&nbsp;&nbsp;&nbsp;&nbsp;30 months -- 5 years: N<br>&nbsp;&nbsp;&nbsp;&nbsp;Preschool: N<br>&nbsp;&nbsp;&nbsp;&nbsp;Grade 1 - Age 12: N<br>
1127,Licensed Group,Central Sockeye Preschool,9435 Young Rd,,Chilliwack,V2P 4S7,49.173623,-121.952952,604-792-8539,,,N,N,N,N,N,N,N,N,N,N,N,N,N,N,N,N,N,,,N,N,N,N,N,N,N,N,N,Y,N,2026-04-16,http://www.healthspace.ca/fha/childcare,N,Y,N,Central Sockeye Preschool<br>Licensed Group<br>604-792-8539<br><br>Vacancy:<br>&nbsp;&nbsp;&nbsp;&nbsp;<36 months: N<br>&nbsp;&nbsp;&nbsp;&nbsp;30 months -- 5 years: N<br>&nbsp;&nbsp;&nbsp;&nbsp;Preschool: Y<br>&nbsp;&nbsp;&nbsp;&nbsp;Grade 1 - Age 12: N<br>
1128,Licensed Group,Jumping Jacks Preschool,1714 Canyon St,,Creston,V0B 1G5,49.095789,-116.504911,250-428-6181,,,N,N,N,N,N,N,N,N,N,N,N,N,N,N,N,N,N,,,N,N,N,N,N,N,N,N,N,N,N,2026-05-04,https://hedgehogportal.interiorhealth.ca/ChildCare/Map,N,Y,N,Jumping Jacks Preschool<br>Licensed Group<br>250-428-6181<br><br>Vacancy:<br>&nbsp;&nbsp;&nbsp;&nbsp;<36 months: N<br>&nbsp;&nbsp;&nbsp;&nbsp;30 months -- 5 years: N<br>&nbsp;&nbsp;&nbsp;&nbsp;Preschool: N<br>&nbsp;&nbsp;&nbsp;&nbsp;Grade 1 - Age 12: N<br>
1129,Licensed Family,Morning Star Daycare,7099 200A St,,Langley,V2Y 2Z4,49.131861,-122.666747,778-994-8775,http://morningstardaycare.ca,,N,N,N,N,N,N,N,N,N,N,N,N,N,N,N,N,N,,,N,N,N,N,N,N,N,N,N,N,N,2026-05-08,http://www.healthspace.ca/fha/childcare,N,Y,N,Morning Star Daycare<br>Licensed Family<br>778-994-8775<br><br>Vacancy:<br>&nbsp;&nbsp;&nbsp;&nbsp;<36 months: N<br>&nbsp;&nbsp;&nbsp;&nbsp;30 months -- 5 years: N<br>&nbsp;&nbsp;&nbsp;&nbsp;Preschool: N<br>&nbsp;&nbsp;&nbsp;&nbsp;Grade 1 - Age 12: N<br>
1130,Licensed Family,Smile 'N' Play Daycare Centre Inc.,3411 Mckinley Dr,,Abbotsford,V2S 8M8,49.063838,-122.244567,604-655-5040,,,N,N,N,N,N,N,N,N,N,N,N,N,N,N,N,N,N,,,N,N,N,N,N,N,N,Y,Y,N,N,2026-05-15,http://www.healthspace.ca/fha/childcare,N,Y,N,Smile 'N' Play Daycare Centre Inc.<br>Licensed Family<br>604-655-5040<br><br>Vacancy:<br>&nbsp;&nbsp;&nbsp;&nbsp;<36 months: Y<br>&nbsp;&nbsp;&nbsp;&nbsp;30 months -- 5 years: Y<br>&nbsp;&nbsp;&nbsp;&nbsp;Preschool: N<br>&nbsp;&nbsp;&nbsp;&nbsp;Grade 1 - Age 12: N<br>
1131,Licensed Group,Chee In A Tree Childcare,938 52Nd Ave W,,Vancouver,V6P 1H3,49.223723,-123.127256,604-618-8584,,,N,N,N,N,N,N,N,N,N,N,N,N,N,N,N,N,N,,,N,N,N,N,N,N,N,N,N,N,N,2026-04-15,https://inspections.vcha.ca/ChildCare/Table,N,Y,N,Chee In A Tree Childcare<br>Licensed Group<br>604-618-8584<br><br>Vacancy:<br>&nbsp;&nbsp;&nbsp;&nbsp;<36 months: N<br>&nbsp;&nbsp;&nbsp;&nbsp;30 months -- 5 years: N<br>&nbsp;&nbsp;&nbsp;&nbsp;Preschool: N<br>&nbsp;&nbsp;&nbsp;&nbsp;Grade 1 - Age 12: N<br>
1132,Licensed Family,Chee In A Tree,6821 Fremlin St,,Vancouver,V6P 3W3,49.22357,-123.127266,604-618-8584,,,N,N,N,N,N,N,N,N,N,N,N,N,N,N,N,N,N,,,N,N,N,N,N,N,N,N,N,N,N,2026-04-15,https://inspections.vcha.ca/ChildCare/Table,N,Y,N,Chee In A Tree<br>Licensed Family<br>604-618-8584<br><br>Vacancy:<br>&nbsp;&nbsp;&nbsp;&nbsp;<36 months: N<br>&nbsp;&nbsp;&nbsp;&nbsp;30 months -- 5 years: N<br>&nbsp;&nbsp;&nbsp;&nbsp;Preschool: N<br>&nbsp;&nbsp;&nbsp;&nbsp;Grade 1 - Age 12: N<br>
1133,Licensed Group,Deer Lake Seventh-Day Adventist School,5550 Gilpin St,,Burnaby,V5G 2H6,49.241798,-122.983027,604-816-5845,,,N,N,N,N,N,N,N,N,N,N,N,N,N,N,N,N,N,Not offered,Not offered,N,N,N,N,N,N,N,N,N,N,N,2026-05-12,http://www.healthspace.ca/fha/childcare,N,Y,N,Deer Lake Seventh-Day Adventist School<br>Licensed Group<br>604-816-5845<br><br>Vacancy:<br>&nbsp;&nbsp;&nbsp;&nbsp;<36 months: N<br>&nbsp;&nbsp;&nbsp;&nbsp;30 months -- 5 years: N<br>&nbsp;&nbsp;&nbsp;&nbsp;Preschool: N<br>&nbsp;&nbsp;&nbsp;&nbsp;Grade 1 - Age 12: N<br>
1134,Licensed Family,Enchanted Forest Childcare Center Inc.,3266 Rathtrevor Crt,,Abbotsford,V3G 2X8,49.061203,-122.241139,604-789-1368,,,Y,N,N,N,N,N,Y,Y,N,Y,Y,N,N,N,N,N,N,Included in fee,Not offered,N,N,N,N,N,Y,Y,N,Y,N,N,2026-05-19,http://www.healthspace.ca/fha/childcare,N,Y,N,Enchanted Forest Childcare Center Inc.<br>Licensed Family<br>604-789-1368<br><br>Vacancy:<br>&nbsp;&nbsp;&nbsp;&nbsp;<36 months: N<br>&nbsp;&nbsp;&nbsp;&nbsp;30 months -- 5 years: Y<br>&nbsp;&nbsp;&nbsp;&nbsp;Preschool: N<br>&nbsp;&nbsp;&nbsp;&nbsp;Grade 1 - Age 12: N<br>
1135,Licensed Group,Thrive Out Of School Care - Enderby,706 Mill Ave,,Enderby,V0E 1V0,50.550881,-119.140737,250-803-8402,,,N,N,N,N,N,N,N,N,N,N,N,N,N,N,N,N,N,,,N,N,N,N,N,N,N,N,Y,N,Y,2026-05-08,https://hedgehogportal.interiorhealth.ca/ChildCare/Map,N,Y,N,Thrive Out Of School Care - Enderby<br>Licensed Group<br>250-803-8402<br><br>Vacancy:<br>&nbsp;&nbsp;&nbsp;&nbsp;<36 months: N<br>&nbsp;&nbsp;&nbsp;&nbsp;30 months -- 5 years: Y<br>&nbsp;&nbsp;&nbsp;&nbsp;Preschool: N<br>&nbsp;&nbsp;&nbsp;&nbsp;Grade 1 - Age 12: Y<br>
1136,Licensed Group,Wisdomtree Academy,105-15210 32 Ave,,Surrey,V3Z 0R8,49.061417,-122.800529,604-385-2882,,,N,N,N,N,N,N,N,N,N,N,N,N,N,N,N,N,N,,,N,N,N,N,N,N,N,N,Y,N,N,2026-05-20,http://www.healthspace.ca/fha/childcare,N,Y,N,Wisdomtree Academy<br>Licensed Group<br>604-385-2882<br><br>Vacancy:<br>&nbsp;&nbsp;&nbsp;&nbsp;<36 months: N<br>&nbsp;&nbsp;&nbsp;&nbsp;30 months -- 5 years: Y<br>&nbsp;&nbsp;&nbsp;&nbsp;Preschool: N<br>&nbsp;&nbsp;&nbsp;&nbsp;Grade 1 - Age 12: N<br>
1137,Licensed Group,A Place To Play Too,125 Centennial Square,,Sparwood,V0B 2G0,49.732561,-114.887693,250-425-9121,,,N,N,N,N,N,N,N,N,N,N,N,N,N,N,N,N,N,,,N,N,N,N,N,N,N,N,N,N,N,2026-05-16,https://hedgehogportal.interiorhealth.ca/ChildCare/Map,N,Y,N,A Place To Play Too<br>Licensed Group<br>250-425-9121<br><br>Vacancy:<br>&nbsp;&nbsp;&nbsp;&nbsp;<36 months: N<br>&nbsp;&nbsp;&nbsp;&nbsp;30 months -- 5 years: N<br>&nbsp;&nbsp;&nbsp;&nbsp;Preschool: N<br>&nbsp;&nbsp;&nbsp;&nbsp;Grade 1 - Age 12: N<br>
1138,Licensed Group,Okanagan Boys And Girls Clubs - A.S. Matheson,2090 Gordon Dr,,Kelowna,V1Y 3H9,49.875998,-119.477795,250-762-3989,,,N,N,N,N,N,N,N,N,N,N,N,N,N,N,N,N,N,,,N,N,N,N,N,N,N,N,N,N,N,2026-05-15,https://hedgehogportal.interiorhealth.ca/ChildCare/Map,N,Y,N,Okanagan Boys And Girls Clubs - A.S. Matheson<br>Licensed Group<br>250-762-3989<br><br>Vacancy:<br>&nbsp;&nbsp;&nbsp;&nbsp;<36 months: N<br>&nbsp;&nbsp;&nbsp;&nbsp;30 months -- 5 years: N<br>&nbsp;&nbsp;&nbsp;&nbsp;Preschool: N<br>&nbsp;&nbsp;&nbsp;&nbsp;Grade 1 - Age 12: N<br>
1139,Licensed Family,Tiny Treasures,1 1310 Graham Rd,,Kelowna,V1X 1J9,49.881659,-119.412926,236-795-8172,,,Y,N,N,N,N,N,Y,Y,N,Y,Y,N,N,N,N,N,Y,Extra fee,Extra fee,N,N,N,N,Y,N,Y,N,N,N,N,2026-05-15,https://hedgehogportal.interiorhealth.ca/ChildCare/Map,N,Y,N,Tiny Treasures<br>Licensed Family<br>236-795-8172<br><br>Vacancy:<br>&nbsp;&nbsp;&nbsp;&nbsp;<36 months: N<br>&nbsp;&nbsp;&nbsp;&nbsp;30 months -- 5 years: N<br>&nbsp;&nbsp;&nbsp;&nbsp;Preschool: N<br>&nbsp;&nbsp;&nbsp;&nbsp;Grade 1 - Age 12: N<br>
1140,Licensed Group,Urban Kids Montessori - Fleetwood,201/210 - 8645 160 St,,Surrey,V4N 1G4,49.159678,-122.779139,604-372-2111,,,N,N,N,N,N,N,N,N,N,N,N,N,N,N,N,N,N,,,N,N,N,N,N,N,N,N,Y,N,N,2026-05-01,http://www.healthspace.ca/fha/childcare,N,Y,N,Urban Kids Montessori - Fleetwood<br>Licensed Group<br>604-372-2111<br><br>Vacancy:<br>&nbsp;&nbsp;&nbsp;&nbsp;<36 months: N<br>&nbsp;&nbsp;&nbsp;&nbsp;30 months -- 5 years: Y<br>&nbsp;&nbsp;&nbsp;&nbsp;Preschool: N<br>&nbsp;&nbsp;&nbsp;&nbsp;Grade 1 - Age 12: N<br>
1141,Licensed Group,Polka Dot Fine Art & Education,205-800 mcbride Blvd,,New Westminster,V3L 2B8,49.222217,-122.913685,604-343-6644,,,N,N,N,N,N,N,N,N,N,N,N,N,N,N,N,N,N,,,N,N,N,N,N,N,N,N,N,N,N,2026-05-11,http://www.healthspace.ca/fha/childcare,N,Y,N,Polka Dot Fine Art & Education<br>Licensed Group<br>604-343-6644<br><br>Vacancy:<br>&nbsp;&nbsp;&nbsp;&nbsp;<36 months: N<br>&nbsp;&nbsp;&nbsp;&nbsp;30 months -- 5 years: N<br>&nbsp;&nbsp;&nbsp;&nbsp;Preschool: N<br>&nbsp;&nbsp;&nbsp;&nbsp;Grade 1 - Age 12: N<br>
1142,Licensed Family,Tender Blossoms Childcare Ltd,21756 Donovan Ave,,Maple Ridge,V2X 3A7,49.218878,-122.618339,778-552-7073,,,N,N,N,N,N,N,N,N,N,N,N,N,N,N,N,N,N,,,N,N,N,N,N,N,N,N,N,N,N,2026-05-15,http://www.healthspace.ca/fha/childcare,N,Y,N,Tender Blossoms Childcare Ltd<br>Licensed Family<br>778-552-7073<br><br>Vacancy:<br>&nbsp;&nbsp;&nbsp;&nbsp;<36 months: N<br>&nbsp;&nbsp;&nbsp;&nbsp;30 months -- 5 years: N<br>&nbsp;&nbsp;&nbsp;&nbsp;Preschool: N<br>&nbsp;&nbsp;&nbsp;&nbsp;Grade 1 - Age 12: N<br>
1143,Licensed Group,Pinetree Childcare Centre,19083 69A Ave,,Surrey,V4N 0A5,49.129322,-122.693963,778-321-7819,,,N,N,N,N,N,N,N,N,N,N,N,N,N,N,N,N,N,,,N,N,N,N,N,N,N,N,N,N,N,2026-05-17,,N,Y,N,Pinetree Childcare Centre<br>Licensed Group<br>778-321-7819<br><br>Vacancy:<br>&nbsp;&nbsp;&nbsp;&nbsp;<36 months: N<br>&nbsp;&nbsp;&nbsp;&nbsp;30 months -- 5 years: N<br>&nbsp;&nbsp;&nbsp;&nbsp;Preschool: N<br>&nbsp;&nbsp;&nbsp;&nbsp;Grade 1 - Age 12: N<br>
1144,Licensed Group,Cathy's Early Years Center,977 Esket Dr,,Alkali Lake,V0L 1B0,51.788346,-122.241893,250-440-5611,,,Y,N,N,N,N,N,Y,Y,N,N,N,N,N,N,N,N,Y,Included in fee,Not offered,N,N,N,Y,Y,Y,Y,Y,Y,N,N,2026-04-07,https://hedgehogportal.interiorhealth.ca/ChildCare/Map,N,N,N,Cathy's Early Years Center<br>Licensed Group<br>250-440-5611<br><br>Vacancy:<br>&nbsp;&nbsp;&nbsp;&nbsp;<36 months: Y<br>&nbsp;&nbsp;&nbsp;&nbsp;30 months -- 5 years: Y<br>&nbsp;&nbsp;&nbsp;&nbsp;Preschool: N<br>&nbsp;&nbsp;&nbsp;&nbsp;Grade 1 - Age 12: N<br>
1145,Licensed Group,Maple Tree Children's Centre (Phoenix),846 Phoenix St,,Esquimalt,V9A 5T7,48.439168,-123.397376,250-588-0512,,,Y,N,N,N,N,N,Y,Y,N,N,N,N,N,N,N,N,N,Not offered,Not offered,N,N,N,N,N,N,N,N,Y,N,N,2026-05-21,https://www.healthspace.ca/clients/viha/viha_website.nsf/CCFL-Main?OpenView,N,Y,N,Maple Tree Children's Centre (Phoenix)<br>Licensed Group<br>250-588-0512<br><br>Vacancy:<br>&nbsp;&nbsp;&nbsp;&nbsp;<36 months: N<br>&nbsp;&nbsp;&nbsp;&nbsp;30 months -- 5 years: Y<br>&nbsp;&nbsp;&nbsp;&nbsp;Preschool: N<br>&nbsp;&nbsp;&nbsp;&nbsp;Grade 1 - Age 12: N<br>
1146,Licensed Family,Wild Flower Child Care,4852 Kitwanga Dr,,108 Mile Ranch,V0K 2Z0,51.737849,-121.36942,250-644-2240,,,N,N,N,N,N,N,N,N,N,N,N,N,N,N,N,N,N,,,N,N,N,N,N,N,N,N,N,N,N,2026-05-15,https://hedgehogportal.interiorhealth.ca/ChildCare/Map,N,Y,N,Wild Flower Child Care<br>Licensed Family<br>250-644-2240<br><br>Vacancy:<br>&nbsp;&nbsp;&nbsp;&nbsp;<36 months: N<br>&nbsp;&nbsp;&nbsp;&nbsp;30 months -- 5 years: N<br>&nbsp;&nbsp;&nbsp;&nbsp;Preschool: N<br>&nbsp;&nbsp;&nbsp;&nbsp;Grade 1 - Age 12: N<br>
1147,Licensed Group,Lil' Bloomers Childcare,215 Shepherd Rd,,Kelowna,V1X 5V6,49.890283,-119.388999,250-868-7259,,,N,N,N,N,N,N,N,N,N,N,N,N,N,N,N,N,N,,,N,N,N,N,N,N,N,N,N,N,N,2026-05-19,https://hedgehogportal.interiorhealth.ca/ChildCare/Map,N,Y,N,Lil' Bloomers Childcare<br>Licensed Group<br>250-868-7259<br><br>Vacancy:<br>&nbsp;&nbsp;&nbsp;&nbsp;<36 months: N<br>&nbsp;&nbsp;&nbsp;&nbsp;30 months -- 5 years: N<br>&nbsp;&nbsp;&nbsp;&nbsp;Preschool: N<br>&nbsp;&nbsp;&nbsp;&nbsp;Grade 1 - Age 12: N<br>
1148,Licensed Group,Simply Kids Childcare Centre,20211 66Th Ave,,Langley,V2Y 0L4,49.123041,-122.663926,604-593-2266,,,N,N,N,N,N,N,N,N,N,N,N,N,N,N,N,N,N,,,N,N,N,N,N,N,N,N,N,N,N,2026-04-20,http://www.healthspace.ca/fha/childcare,N,Y,N,Simply Kids Childcare Centre<br>Licensed Group<br>604-593-2266<br><br>Vacancy:<br>&nbsp;&nbsp;&nbsp;&nbsp;<36 months: N<br>&nbsp;&nbsp;&nbsp;&nbsp;30 months -- 5 years: N<br>&nbsp;&nbsp;&nbsp;&nbsp;Preschool: N<br>&nbsp;&nbsp;&nbsp;&nbsp;Grade 1 - Age 12: N<br>
1149,Licensed Group,Lulu's Kids Corporation,9824 Fourth St,,Sidney,V8L 2Z3,48.649659,-123.399414,250-884-1557,,,N,N,N,N,N,N,N,N,N,N,N,N,N,N,N,N,N,,,N,N,N,N,N,N,N,Y,Y,N,N,2026-05-15,https://www.healthspace.ca/clients/viha/viha_website.nsf/CCFL-Main?OpenView,N,Y,N,Lulu's Kids Corporation<br>Licensed Group<br>250-884-1557<br><br>Vacancy:<br>&nbsp;&nbsp;&nbsp;&nbsp;<36 months: Y<br>&nbsp;&nbsp;&nbsp;&nbsp;30 months -- 5 years: Y<br>&nbsp;&nbsp;&nbsp;&nbsp;Preschool: N<br>&nbsp;&nbsp;&nbsp;&nbsp;Grade 1 - Age 12: N<br>
1150,Licensed Group,Simply Fun Mckenzie Twin,1713 Garnet Rd,,Victoria,V8P 3C9,48.467048,-123.327711,250-881-3958,,,N,N,N,N,N,N,N,N,N,N,N,N,N,N,N,N,N,,,N,N,N,N,N,N,N,N,Y,N,N,2026-04-29,https://www.healthspace.ca/clients/viha/viha_website.nsf/CCFL-Main?OpenView,N,Y,N,Simply Fun Mckenzie Twin<br>Licensed Group<br>250-881-3958<br><br>Vacancy:<br>&nbsp;&nbsp;&nbsp;&nbsp;<36 months: N<br>&nbsp;&nbsp;&nbsp;&nbsp;30 months -- 5 years: Y<br>&nbsp;&nbsp;&nbsp;&nbsp;Preschool: N<br>&nbsp;&nbsp;&nbsp;&nbsp;Grade 1 - Age 12: N<br>
1151,Licensed Group,Simply Fun Hillside,3365 Kingsley Pl,,Victoria,V8P 4K2,48.453339,-123.331551,250-881-3958,,,N,N,N,N,N,N,N,N,N,N,N,N,N,N,N,N,N,,,N,N,N,N,N,N,N,Y,N,N,N,2026-05-06,https://www.healthspace.ca/clients/viha/viha_website.nsf/CCFL-Main?OpenView,N,Y,N,Simply Fun Hillside<br>Licensed Group<br>250-881-3958<br><br>Vacancy:<br>&nbsp;&nbsp;&nbsp;&nbsp;<36 months: Y<br>&nbsp;&nbsp;&nbsp;&nbsp;30 months -- 5 years: N<br>&nbsp;&nbsp;&nbsp;&nbsp;Preschool: N<br>&nbsp;&nbsp;&nbsp;&nbsp;Grade 1 - Age 12: N<br>
1152,Licensed Group,Coal Harbour Kids Care,480 Broughton St,,Vancouver,V6G 3H4,49.290164,-123.125971,604-718-8229,,,N,N,N,N,N,N,N,N,N,N,N,N,N,N,N,N,N,,,N,N,N,N,N,N,N,N,N,N,Y,2026-04-11,https://inspections.vcha.ca/ChildCare/Table,N,Y,N,Coal Harbour Kids Care<br>Licensed Group<br>604-718-8229<br><br>Vacancy:<br>&nbsp;&nbsp;&nbsp;&nbsp;<36 months: N<br>&nbsp;&nbsp;&nbsp;&nbsp;30 months -- 5 years: N<br>&nbsp;&nbsp;&nbsp;&nbsp;Preschool: N<br>&nbsp;&nbsp;&nbsp;&nbsp;Grade 1 - Age 12: Y<br>
1153,Licensed Family,Sycamore Child Care Centre,824 Sicamore Dr,,Kamloops,V2B 6R9,50.773072,-120.343497,604-819-7646,,,Y,N,N,N,N,N,Y,Y,N,Y,Y,N,N,N,N,N,N,Included in fee,Include in fee,N,N,N,N,N,N,N,N,N,N,N,2026-05-14,https://hedgehogportal.interiorhealth.ca/ChildCare/Map,N,Y,N,Sycamore Child Care Centre<br>Licensed Family<br>604-819-7646<br><br>Vacancy:<br>&nbsp;&nbsp;&nbsp;&nbsp;<36 months: N<br>&nbsp;&nbsp;&nbsp;&nbsp;30 months -- 5 years: N<br>&nbsp;&nbsp;&nbsp;&nbsp;Preschool: N<br>&nbsp;&nbsp;&nbsp;&nbsp;Grade 1 - Age 12: N<br>
1154,Licensed Group,Projectkids,2465 Crown St,,Vancouver,V6R 3V9,49.264072,-123.195204,236-518-1663,,,N,N,N,N,N,N,N,N,N,N,N,N,N,N,N,N,N,,,N,N,N,N,N,N,N,N,Y,N,Y,2026-05-15,https://inspections.vcha.ca/ChildCare/Table,N,Y,N,Projectkids<br>Licensed Group<br>236-518-1663<br><br>Vacancy:<br>&nbsp;&nbsp;&nbsp;&nbsp;<36 months: N<br>&nbsp;&nbsp;&nbsp;&nbsp;30 months -- 5 years: Y<br>&nbsp;&nbsp;&nbsp;&nbsp;Preschool: N<br>&nbsp;&nbsp;&nbsp;&nbsp;Grade 1 - Age 12: Y<br>
1155,Licensed Group,Kidsland Childcare Centre,443 5Th St E,,North Vancouver,V7L 1M3,49.310269,-123.064079,604-338-7551,,,N,N,N,N,N,N,N,N,N,N,N,N,N,N,N,N,N,,,N,N,N,N,N,N,N,N,N,N,N,2026-05-15,https://inspections.vcha.ca/ChildCare/Table,N,Y,Y,Kidsland Childcare Centre<br>Licensed Group<br>604-338-7551<br><br>Vacancy:<br>&nbsp;&nbsp;&nbsp;&nbsp;<36 months: N<br>&nbsp;&nbsp;&nbsp;&nbsp;30 months -- 5 years: N<br>&nbsp;&nbsp;&nbsp;&nbsp;Preschool: N<br>&nbsp;&nbsp;&nbsp;&nbsp;Grade 1 - Age 12: N<br>
1156,Licensed Group,Lil Scholars Childcare,750 Cottonwood Ave,,Kamloops,V2B 3X2,50.696747,-120.368694,250-320-8391,,,N,N,N,N,N,N,N,N,N,N,N,N,N,N,N,N,N,,,N,N,N,N,N,N,N,N,N,N,N,2026-05-15,https://hedgehogportal.interiorhealth.ca/ChildCare/Map,N,Y,N,Lil Scholars Childcare<br>Licensed Group<br>250-320-8391<br><br>Vacancy:<br>&nbsp;&nbsp;&nbsp;&nbsp;<36 months: N<br>&nbsp;&nbsp;&nbsp;&nbsp;30 months -- 5 years: N<br>&nbsp;&nbsp;&nbsp;&nbsp;Preschool: N<br>&nbsp;&nbsp;&nbsp;&nbsp;Grade 1 - Age 12: N<br>
1157,Licensed Family,Olympic View Daycare,521 Dumeresq St,,Victoria,V8Z 1X3,48.461337,-123.392361,778-866-7401,,,N,N,N,N,N,N,N,N,N,N,N,N,N,N,N,N,N,,,N,N,N,N,N,N,N,N,Y,N,Y,2026-05-16,https://www.healthspace.ca/clients/viha/viha_website.nsf/CCFL-Main?OpenView,N,Y,N,Olympic View Daycare<br>Licensed Family<br>778-866-7401<br><br>Vacancy:<br>&nbsp;&nbsp;&nbsp;&nbsp;<36 months: N<br>&nbsp;&nbsp;&nbsp;&nbsp;30 months -- 5 years: Y<br>&nbsp;&nbsp;&nbsp;&nbsp;Preschool: N<br>&nbsp;&nbsp;&nbsp;&nbsp;Grade 1 - Age 12: Y<br>
1158,Licensed Family,Sunshine Love Daycare,37984 5 Ave,,Squamish,V8B 0B7,49.699688,-123.158305,604-815-7697,,,N,N,N,N,N,N,N,N,N,N,N,N,N,N,N,N,N,,,N,N,N,N,N,N,N,N,N,N,N,2026-05-16,https://inspections.vcha.ca/ChildCare/Table,N,Y,N,Sunshine Love Daycare<br>Licensed Family<br>604-815-7697<br><br>Vacancy:<br>&nbsp;&nbsp;&nbsp;&nbsp;<36 months: N<br>&nbsp;&nbsp;&nbsp;&nbsp;30 months -- 5 years: N<br>&nbsp;&nbsp;&nbsp;&nbsp;Preschool: N<br>&nbsp;&nbsp;&nbsp;&nbsp;Grade 1 - Age 12: N<br>
1159,Licensed Group,Happy Honeybees Child Care,750 Cottonwood Ave,,Kamloops,V2B 3X2,50.696747,-120.368694,250-319-2240,,,N,N,N,N,N,N,N,N,N,N,N,N,N,N,N,N,N,,,N,N,N,N,N,N,N,N,N,N,N,2026-05-21,https://hedgehogportal.interiorhealth.ca/ChildCare/Map,N,Y,N,Happy Honeybees Child Care<br>Licensed Group<br>250-319-2240<br><br>Vacancy:<br>&nbsp;&nbsp;&nbsp;&nbsp;<36 months: N<br>&nbsp;&nbsp;&nbsp;&nbsp;30 months -- 5 years: N<br>&nbsp;&nbsp;&nbsp;&nbsp;Preschool: N<br>&nbsp;&nbsp;&nbsp;&nbsp;Grade 1 - Age 12: N<br>
1160,Licensed Group,Hope Infant Toddler Group Daycare Ii,9691 mcburney Dr,,Richmond,V6Y 3C5,49.153326,-123.116913,778-628-3783,,,N,N,N,N,N,N,N,N,N,N,N,N,N,N,N,N,N,,,N,N,N,N,N,N,N,N,N,N,N,2026-05-16,https://inspections.vcha.ca/ChildCare/Table,N,Y,N,Hope Infant Toddler Group Daycare Ii<br>Licensed Group<br>778-628-3783<br><br>Vacancy:<br>&nbsp;&nbsp;&nbsp;&nbsp;<36 months: N<br>&nbsp;&nbsp;&nbsp;&nbsp;30 months -- 5 years: N<br>&nbsp;&nbsp;&nbsp;&nbsp;Preschool: N<br>&nbsp;&nbsp;&nbsp;&nbsp;Grade 1 - Age 12: N<br>
1161,Licensed Family,Bagicha Childcare Centre,12544 113 Ave,,Surrey,V3V 7S7,49.207885,-122.874676,604-930-9998,,,N,N,N,N,N,N,N,N,N,N,N,N,N,N,N,N,N,,,N,N,N,N,N,N,N,N,Y,N,N,2026-04-28,http://www.healthspace.ca/fha/childcare,N,Y,N,Bagicha Childcare Centre<br>Licensed Family<br>604-930-9998<br><br>Vacancy:<br>&nbsp;&nbsp;&nbsp;&nbsp;<36 months: N<br>&nbsp;&nbsp;&nbsp;&nbsp;30 months -- 5 years: Y<br>&nbsp;&nbsp;&nbsp;&nbsp;Preschool: N<br>&nbsp;&nbsp;&nbsp;&nbsp;Grade 1 - Age 12: N<br>
1162,Licensed Group,Eagle View Child Development Inc. Infant / Toddler Care,38073 Second Ave,,Squamish,V8B 0B4,49.700137,-123.154117,604-815-3550,,,N,N,N,N,N,N,N,N,N,N,N,N,N,N,N,N,N,,,N,N,N,N,N,N,N,N,N,N,N,2026-04-21,https://inspections.vcha.ca/ChildCare/Table,N,Y,N,Eagle View Child Development Inc. Infant / Toddler Care<br>Licensed Group<br>604-815-3550<br><br>Vacancy:<br>&nbsp;&nbsp;&nbsp;&nbsp;<36 months: N<br>&nbsp;&nbsp;&nbsp;&nbsp;30 months -- 5 years: N<br>&nbsp;&nbsp;&nbsp;&nbsp;Preschool: N<br>&nbsp;&nbsp;&nbsp;&nbsp;Grade 1 - Age 12: N<br>
1163,Licensed Group,Eagle View Child Development Preschool Age Care,38073 Second Ave,,Squamish,V8B 0B4,49.700137,-123.154117,604-567-5558,,,N,N,N,N,N,N,N,N,N,N,N,N,N,N,N,N,N,,,N,N,N,N,N,N,N,Y,Y,N,N,2026-04-21,https://inspections.vcha.ca/ChildCare/Table,N,Y,N,Eagle View Child Development Preschool Age Care<br>Licensed Group<br>604-567-5558<br><br>Vacancy:<br>&nbsp;&nbsp;&nbsp;&nbsp;<36 months: Y<br>&nbsp;&nbsp;&nbsp;&nbsp;30 months -- 5 years: Y<br>&nbsp;&nbsp;&nbsp;&nbsp;Preschool: N<br>&nbsp;&nbsp;&nbsp;&nbsp;Grade 1 - Age 12: N<br>
1164,Licensed Family,Little Blessings Early Learning Centre,46685 Ramona Dr,,Chilliwack,V2P 7W6,49.165694,-121.93228,604-845-9954,,,N,N,N,N,N,N,N,N,N,N,N,N,N,N,N,N,N,,,N,N,N,N,N,N,N,N,N,N,N,2026-05-19,http://www.healthspace.ca/fha/childcare,N,Y,N,Little Blessings Early Learning Centre<br>Licensed Family<br>604-845-9954<br><br>Vacancy:<br>&nbsp;&nbsp;&nbsp;&nbsp;<36 months: N<br>&nbsp;&nbsp;&nbsp;&nbsp;30 months -- 5 years: N<br>&nbsp;&nbsp;&nbsp;&nbsp;Preschool: N<br>&nbsp;&nbsp;&nbsp;&nbsp;Grade 1 - Age 12: N<br>
1165,Licensed Group,Abc Academy-Children's Learning Center Ltd-Uptown New West,201-615 Eighth St,,New Westminster,V3M 3S3,49.211861,-122.924241,604-805-2402,,,N,N,N,N,N,N,N,N,N,N,N,N,N,N,N,N,N,,,N,N,N,N,N,N,N,N,N,N,N,2026-05-20,http://www.healthspace.ca/fha/childcare,N,Y,N,Abc Academy-Children's Learning Center Ltd-Uptown New West<br>Licensed Group<br>604-805-2402<br><br>Vacancy:<br>&nbsp;&nbsp;&nbsp;&nbsp;<36 months: N<br>&nbsp;&nbsp;&nbsp;&nbsp;30 months -- 5 years: N<br>&nbsp;&nbsp;&nbsp;&nbsp;Preschool: N<br>&nbsp;&nbsp;&nbsp;&nbsp;Grade 1 - Age 12: N<br>
1166,Licensed Family,A Loving Hart Daycare,6386 Dawson Rd,,Prince George,V2K 4X8,53.987821,-122.776356,250-981-2716,,,N,N,N,N,N,N,N,N,N,N,N,N,N,N,N,N,N,,,N,N,N,N,N,N,N,N,N,N,N,2026-05-15,https://www.healthspace.ca/Clients/NHA/NHA_Website.nsf/CCFL-Frameset,N,Y,N,A Loving Hart Daycare<br>Licensed Family<br>250-981-2716<br><br>Vacancy:<br>&nbsp;&nbsp;&nbsp;&nbsp;<36 months: N<br>&nbsp;&nbsp;&nbsp;&nbsp;30 months -- 5 years: N<br>&nbsp;&nbsp;&nbsp;&nbsp;Preschool: N<br>&nbsp;&nbsp;&nbsp;&nbsp;Grade 1 - Age 12: N<br>
1167,Licensed Group,Toma's Montessori Childcare,7870 6Th St,,Burnaby,V3N 3N3,49.219576,-122.927848,778-773-8507,,,N,N,N,N,N,N,N,N,N,N,N,N,N,N,N,N,N,,,N,N,N,N,N,N,N,N,N,N,N,2026-05-18,http://www.healthspace.ca/fha/childcare,N,Y,N,Toma's Montessori Childcare<br>Licensed Group<br>778-773-8507<br><br>Vacancy:<br>&nbsp;&nbsp;&nbsp;&nbsp;<36 months: N<br>&nbsp;&nbsp;&nbsp;&nbsp;30 months -- 5 years: N<br>&nbsp;&nbsp;&nbsp;&nbsp;Preschool: N<br>&nbsp;&nbsp;&nbsp;&nbsp;Grade 1 - Age 12: N<br>
1168,Licensed Group,Tiny Hoppers Early Learning Centre,160-7951 Alderbridge Way,,Richmond,V6X 2A4,49.177332,-123.138252,604-279-1199,,,N,N,N,N,N,N,N,N,N,N,N,N,N,N,N,N,N,,,N,N,N,N,N,N,N,N,Y,N,N,2026-05-19,https://inspections.vcha.ca/ChildCare/Table,N,Y,Y,Tiny Hoppers Early Learning Centre<br>Licensed Group<br>604-279-1199<br><br>Vacancy:<br>&nbsp;&nbsp;&nbsp;&nbsp;<36 months: N<br>&nbsp;&nbsp;&nbsp;&nbsp;30 months -- 5 years: Y<br>&nbsp;&nbsp;&nbsp;&nbsp;Preschool: N<br>&nbsp;&nbsp;&nbsp;&nbsp;Grade 1 - Age 12: N<br>
1169,Licensed Group,Tiny Hoppers Early Learning Centre,160-7951 Alderbridge Way,,Richmond,V6X 2A4,49.177332,-123.138252,604-279-1199,,,N,N,N,N,N,N,N,N,N,N,N,N,N,N,N,N,N,,,N,N,N,N,N,N,N,N,N,N,N,2026-05-19,https://inspections.vcha.ca/ChildCare/Table,N,Y,Y,Tiny Hoppers Early Learning Centre<br>Licensed Group<br>604-279-1199<br><br>Vacancy:<br>&nbsp;&nbsp;&nbsp;&nbsp;<36 months: N<br>&nbsp;&nbsp;&nbsp;&nbsp;30 months -- 5 years: N<br>&nbsp;&nbsp;&nbsp;&nbsp;Preschool: N<br>&nbsp;&nbsp;&nbsp;&nbsp;Grade 1 - Age 12: N<br>
1170,Licensed Family,Kiddie College,3496 Princeton Ave,,Coquitlam,V3E 0K2,49.296967,-122.744862,778-926-7121,www.kiddiecollege.ca,,N,N,N,N,N,N,N,N,N,N,N,N,N,N,N,N,N,,,N,N,N,N,N,N,N,Y,Y,N,N,2026-05-12,http://www.healthspace.ca/fha/childcare,N,Y,N,Kiddie College<br>Licensed Family<br>778-926-7121<br><br>Vacancy:<br>&nbsp;&nbsp;&nbsp;&nbsp;<36 months: Y<br>&nbsp;&nbsp;&nbsp;&nbsp;30 months -- 5 years: Y<br>&nbsp;&nbsp;&nbsp;&nbsp;Preschool: N<br>&nbsp;&nbsp;&nbsp;&nbsp;Grade 1 - Age 12: N<br>
1171,Licensed Family,The Place To Grow,24272 102B Ave,,Maple Ridge,V2W 1Y1,49.188696,-122.55,778-927-4204,,,N,N,N,N,N,N,N,N,N,N,N,N,N,N,N,N,N,,,N,N,N,N,N,N,N,N,N,N,N,2026-05-05,http://www.healthspace.ca/fha/childcare,N,Y,N,The Place To Grow<br>Licensed Family<br>778-927-4204<br><br>Vacancy:<br>&nbsp;&nbsp;&nbsp;&nbsp;<36 months: N<br>&nbsp;&nbsp;&nbsp;&nbsp;30 months -- 5 years: N<br>&nbsp;&nbsp;&nbsp;&nbsp;Preschool: N<br>&nbsp;&nbsp;&nbsp;&nbsp;Grade 1 - Age 12: N<br>
1172,Licensed Family,Skills For Life Child Care,3527 Grenadier Rd,,Victoria,V9C 0M6,48.418971,-123.527667,250-514-4624,https://www.skillsforlifechildcare.com/,,N,N,N,N,N,N,N,N,N,N,N,N,N,N,N,N,N,,,N,N,N,N,N,N,N,Y,Y,N,N,2026-05-12,https://www.healthspace.ca/clients/viha/viha_website.nsf/CCFL-Main?OpenView,N,Y,N,Skills For Life Child Care<br>Licensed Family<br>250-514-4624<br><br>Vacancy:<br>&nbsp;&nbsp;&nbsp;&nbsp;<36 months: Y<br>&nbsp;&nbsp;&nbsp;&nbsp;30 months -- 5 years: Y<br>&nbsp;&nbsp;&nbsp;&nbsp;Preschool: N<br>&nbsp;&nbsp;&nbsp;&nbsp;Grade 1 - Age 12: N<br>
1173,Licensed Family,Mini Me Montessori Child Care,8425 167 St,,Surrey,V4N 4W1,49.155993,-122.75964,236-450-0690,http://www.minimemontessorichildcare.com/,,N,N,N,N,N,N,N,N,N,N,N,N,N,N,N,N,N,,,N,N,N,N,N,N,N,N,N,N,N,2026-05-15,http://www.healthspace.ca/fha/childcare,N,Y,N,Mini Me Montessori Child Care<br>Licensed Family<br>236-450-0690<br><br>Vacancy:<br>&nbsp;&nbsp;&nbsp;&nbsp;<36 months: N<br>&nbsp;&nbsp;&nbsp;&nbsp;30 months -- 5 years: N<br>&nbsp;&nbsp;&nbsp;&nbsp;Preschool: N<br>&nbsp;&nbsp;&nbsp;&nbsp;Grade 1 - Age 12: N<br>
1174,Licensed Group,Saw-Whet Out-Of-School Child Care Centre,2850 A Salmo Ct,,Vancouver,V6T 1N8,49.259987,-123.236814,604-837-9232,,,N,N,N,N,N,N,N,N,N,N,N,N,N,N,N,N,N,,,N,N,N,N,N,N,N,N,N,N,N,2026-04-24,https://inspections.vcha.ca/ChildCare/Table,N,Y,N,Saw-Whet Out-Of-School Child Care Centre<br>Licensed Group<br>604-837-9232<br><br>Vacancy:<br>&nbsp;&nbsp;&nbsp;&nbsp;<36 months: N<br>&nbsp;&nbsp;&nbsp;&nbsp;30 months -- 5 years: N<br>&nbsp;&nbsp;&nbsp;&nbsp;Preschool: N<br>&nbsp;&nbsp;&nbsp;&nbsp;Grade 1 - Age 12: N<br>
1175,Licensed Family,Ishwar Family Child Care,3807 Grace Cres,,Prince George,V2N 4N5,53.892644,-122.795418,250-649-3488,,,N,N,N,N,N,N,N,N,N,N,N,N,N,N,N,N,N,,,N,N,N,N,N,N,N,N,N,N,Y,2026-05-01,https://www.healthspace.ca/Clients/NHA/NHA_Website.nsf/CCFL-Frameset,N,Y,N,Ishwar Family Child Care<br>Licensed Family<br>250-649-3488<br><br>Vacancy:<br>&nbsp;&nbsp;&nbsp;&nbsp;<36 months: N<br>&nbsp;&nbsp;&nbsp;&nbsp;30 months -- 5 years: N<br>&nbsp;&nbsp;&nbsp;&nbsp;Preschool: N<br>&nbsp;&nbsp;&nbsp;&nbsp;Grade 1 - Age 12: Y<br>
1176,Licensed Family,Wonderland Plateau Daycare,3066 Sienna Crt,,Coquitlam,V3E 3N7,49.306592,-122.791635,604-318-1479,,,N,N,N,N,N,N,N,N,N,N,N,N,N,N,N,N,N,,,N,N,N,N,N,N,N,Y,Y,N,N,2026-05-18,http://www.healthspace.ca/fha/childcare,N,Y,N,Wonderland Plateau Daycare<br>Licensed Family<br>604-318-1479<br><br>Vacancy:<br>&nbsp;&nbsp;&nbsp;&nbsp;<36 months: Y<br>&nbsp;&nbsp;&nbsp;&nbsp;30 months -- 5 years: Y<br>&nbsp;&nbsp;&nbsp;&nbsp;Preschool: N<br>&nbsp;&nbsp;&nbsp;&nbsp;Grade 1 - Age 12: N<br>
1177,Licensed Family,Fun Days,826 13Th St E,,North Vancouver,V7L 2M9,49.320035,-123.050929,604-338-6949,www.fundays-daycare.com,,N,N,N,N,N,N,N,N,N,N,N,N,N,N,N,N,N,,,N,N,N,N,N,N,N,N,N,N,N,2026-03-17,https://inspections.vcha.ca/ChildCare/Table,N,Y,N,Fun Days<br>Licensed Family<br>604-338-6949<br><br>Vacancy:<br>&nbsp;&nbsp;&nbsp;&nbsp;<36 months: N<br>&nbsp;&nbsp;&nbsp;&nbsp;30 months -- 5 years: N<br>&nbsp;&nbsp;&nbsp;&nbsp;Preschool: N<br>&nbsp;&nbsp;&nbsp;&nbsp;Grade 1 - Age 12: N<br>
1178,Licensed Group,Mini Miracles Toddler Centre,913 Madore Ave,,Coquitlam,V3K 3B4,49.246495,-122.871773,778-776-2351,,,N,N,N,N,N,N,N,N,N,N,N,N,N,N,N,N,N,,,N,N,N,N,N,N,N,N,N,N,N,2026-05-16,http://www.healthspace.ca/fha/childcare,N,Y,N,Mini Miracles Toddler Centre<br>Licensed Group<br>778-776-2351<br><br>Vacancy:<br>&nbsp;&nbsp;&nbsp;&nbsp;<36 months: N<br>&nbsp;&nbsp;&nbsp;&nbsp;30 months -- 5 years: N<br>&nbsp;&nbsp;&nbsp;&nbsp;Preschool: N<br>&nbsp;&nbsp;&nbsp;&nbsp;Grade 1 - Age 12: N<br>
1179,Licensed Group,Next Level Childcare Valley Fair,200-22709 Lougheed Hwy,,Maple Ridge,V2X 2V5,49.217542,-122.591941,604-380-4060,,,N,N,N,N,N,N,N,N,N,N,N,N,N,N,N,N,N,,,N,N,N,N,N,N,N,N,N,N,N,2026-05-15,http://www.healthspace.ca/fha/childcare,N,Y,N,Next Level Childcare Valley Fair<br>Licensed Group<br>604-380-4060<br><br>Vacancy:<br>&nbsp;&nbsp;&nbsp;&nbsp;<36 months: N<br>&nbsp;&nbsp;&nbsp;&nbsp;30 months -- 5 years: N<br>&nbsp;&nbsp;&nbsp;&nbsp;Preschool: N<br>&nbsp;&nbsp;&nbsp;&nbsp;Grade 1 - Age 12: N<br>
1180,Licensed Family,The Wonder Path,15470 27A Ave,,Surrey,V4P 1E9,49.0518,-122.793844,604-802-1875,,,N,N,N,N,N,N,N,N,N,N,N,N,N,N,N,N,N,,,N,N,N,N,N,N,N,N,N,N,N,2026-05-19,http://www.healthspace.ca/fha/childcare,N,Y,N,The Wonder Path<br>Licensed Family<br>604-802-1875<br><br>Vacancy:<br>&nbsp;&nbsp;&nbsp;&nbsp;<36 months: N<br>&nbsp;&nbsp;&nbsp;&nbsp;30 months -- 5 years: N<br>&nbsp;&nbsp;&nbsp;&nbsp;Preschool: N<br>&nbsp;&nbsp;&nbsp;&nbsp;Grade 1 - Age 12: N<br>
1181,Licensed Family,Baby Bear Rainbow Adventure Daycare,1324 92 Ave,,Dawson Creek,V1G 1C3,55.770898,-120.239786,778-964-0174,,,N,N,N,N,N,N,N,N,N,N,N,N,N,N,N,N,N,,,N,N,N,N,N,N,N,Y,N,N,N,2026-05-06,https://www.healthspace.ca/Clients/NHA/NHA_Website.nsf/CCFL-Frameset,N,Y,N,Baby Bear Rainbow Adventure Daycare<br>Licensed Family<br>778-964-0174<br><br>Vacancy:<br>&nbsp;&nbsp;&nbsp;&nbsp;<36 months: Y<br>&nbsp;&nbsp;&nbsp;&nbsp;30 months -- 5 years: N<br>&nbsp;&nbsp;&nbsp;&nbsp;Preschool: N<br>&nbsp;&nbsp;&nbsp;&nbsp;Grade 1 - Age 12: N<br>
1182,Licensed Group,Kids R Us Early Learning Center,11600 Aztec St,,Richmond,V6X 1H8,49.181269,-123.096077,604-767-0439,,,N,N,N,N,N,N,N,N,N,N,N,N,N,N,N,N,N,,,N,N,N,N,N,N,N,N,N,N,N,2026-05-18,https://inspections.vcha.ca/ChildCare/Table,N,Y,N,Kids R Us Early Learning Center<br>Licensed Group<br>604-767-0439<br><br>Vacancy:<br>&nbsp;&nbsp;&nbsp;&nbsp;<36 months: N<br>&nbsp;&nbsp;&nbsp;&nbsp;30 months -- 5 years: N<br>&nbsp;&nbsp;&nbsp;&nbsp;Preschool: N<br>&nbsp;&nbsp;&nbsp;&nbsp;Grade 1 - Age 12: N<br>
1183,Licensed Group,Sandpiper,5955 17A Ave,,Delta,V4L 1J7,49.035748,-123.058439,236-883-1234,,,N,N,N,N,N,N,N,N,N,N,N,N,N,N,N,N,N,,,N,N,N,N,N,N,N,N,N,N,N,2026-05-19,http://www.healthspace.ca/fha/childcare,N,Y,N,Sandpiper<br>Licensed Group<br>236-883-1234<br><br>Vacancy:<br>&nbsp;&nbsp;&nbsp;&nbsp;<36 months: N<br>&nbsp;&nbsp;&nbsp;&nbsp;30 months -- 5 years: N<br>&nbsp;&nbsp;&nbsp;&nbsp;Preschool: N<br>&nbsp;&nbsp;&nbsp;&nbsp;Grade 1 - Age 12: N<br>
1184,Licensed Family,Happy Home Childcare,2231 Birch St,,Creston,V0B 1G5,49.090474,-116.498259,250-688-8155,,,N,N,N,N,N,N,N,N,N,N,N,N,N,N,N,N,N,,,N,N,N,N,N,N,N,N,N,N,N,2026-05-13,https://hedgehogportal.interiorhealth.ca/ChildCare/Map,N,Y,N,Happy Home Childcare<br>Licensed Family<br>250-688-8155<br><br>Vacancy:<br>&nbsp;&nbsp;&nbsp;&nbsp;<36 months: N<br>&nbsp;&nbsp;&nbsp;&nbsp;30 months -- 5 years: N<br>&nbsp;&nbsp;&nbsp;&nbsp;Preschool: N<br>&nbsp;&nbsp;&nbsp;&nbsp;Grade 1 - Age 12: N<br>
1185,Licensed Family,Leanne's Lil Rugrats,162 Lakehill Rd,,Kaleden,V0H 1K0,49.392205,-119.602515,250-488-2874,,,N,N,N,N,N,N,N,N,N,N,N,N,N,N,N,N,N,,,N,N,N,N,N,N,N,N,Y,N,N,2026-05-14,https://hedgehogportal.interiorhealth.ca/ChildCare/Map,N,Y,N,Leanne's Lil Rugrats<br>Licensed Family<br>250-488-2874<br><br>Vacancy:<br>&nbsp;&nbsp;&nbsp;&nbsp;<36 months: N<br>&nbsp;&nbsp;&nbsp;&nbsp;30 months -- 5 years: Y<br>&nbsp;&nbsp;&nbsp;&nbsp;Preschool: N<br>&nbsp;&nbsp;&nbsp;&nbsp;Grade 1 - Age 12: N<br>
1186,Licensed Group,Next Prep Academy,4838 Hastings St,,Burnaby,V5C 0J7,49.280674,-122.99337,604-653-6398,,,,,,,,,,,,,,,,,,,,,,,,,,,,,,,,,,,Y,Y,N,Next Prep Academy<br>Licensed Group<br>604-653-6398<br><br>Vacancy:<br>&nbsp;&nbsp;&nbsp;&nbsp;<36 months: None<br>&nbsp;&nbsp;&nbsp;&nbsp;30 months -- 5 years: None<br>&nbsp;&nbsp;&nbsp;&nbsp;Preschool: None<br>&nbsp;&nbsp;&nbsp;&nbsp;Grade 1 - Age 12: None<br>
1187,Licensed Group,Core Education And Fine Arts - Kitsilano,500-2025 Broadway W,,Vancouver,V6J 1Z6,49.264091,-123.151202,604-306-1415,,,N,N,N,N,N,N,N,N,N,N,N,N,N,N,N,N,N,,,N,N,N,N,N,N,N,N,N,N,N,2026-05-15,https://inspections.vcha.ca/ChildCare/Table,N,Y,Y,Core Education And Fine Arts - Kitsilano<br>Licensed Group<br>604-306-1415<br><br>Vacancy:<br>&nbsp;&nbsp;&nbsp;&nbsp;<36 months: N<br>&nbsp;&nbsp;&nbsp;&nbsp;30 months -- 5 years: N<br>&nbsp;&nbsp;&nbsp;&nbsp;Preschool: N<br>&nbsp;&nbsp;&nbsp;&nbsp;Grade 1 - Age 12: N<br>
1188,Licensed Group,Core Education And Fine Arts - Kitsilano,500-2025 Broadway W,,Vancouver,V6J 1Z6,49.264091,-123.151202,604-306-1415,,,N,N,N,N,N,N,N,N,N,N,N,N,N,N,N,N,N,,,N,N,N,N,N,N,N,N,N,N,N,2026-05-15,https://inspections.vcha.ca/ChildCare/Table,N,Y,Y,Core Education And Fine Arts - Kitsilano<br>Licensed Group<br>604-306-1415<br><br>Vacancy:<br>&nbsp;&nbsp;&nbsp;&nbsp;<36 months: N<br>&nbsp;&nbsp;&nbsp;&nbsp;30 months -- 5 years: N<br>&nbsp;&nbsp;&nbsp;&nbsp;Preschool: N<br>&nbsp;&nbsp;&nbsp;&nbsp;Grade 1 - Age 12: N<br>
1189,Licensed Family,Mystic Kids Daycare,5473 Cook Cres,,Prince George,V2K 1V3,53.978369,-122.779784,250-962-7149,,,N,N,N,N,N,N,N,N,N,N,N,N,N,N,N,N,N,,,N,N,N,N,N,N,N,N,N,N,N,2026-04-24,https://www.healthspace.ca/Clients/NHA/NHA_Website.nsf/CCFL-Frameset,N,Y,N,Mystic Kids Daycare<br>Licensed Family<br>250-962-7149<br><br>Vacancy:<br>&nbsp;&nbsp;&nbsp;&nbsp;<36 months: N<br>&nbsp;&nbsp;&nbsp;&nbsp;30 months -- 5 years: N<br>&nbsp;&nbsp;&nbsp;&nbsp;Preschool: N<br>&nbsp;&nbsp;&nbsp;&nbsp;Grade 1 - Age 12: N<br>
1190,Licensed Group,Cefa (Core Education And Fine Arts),1815 Bowen Rd,,Nanaimo,V9S 1H1,49.182931,-123.981702,778-322-4685,,,Y,N,N,N,N,N,Y,Y,N,N,N,Y,Y,Y,Y,Y,Y,Included in fee,Extra fee,Y,Y,Y,Y,Y,Y,Y,N,N,N,N,2026-05-15,https://www.healthspace.ca/clients/viha/viha_website.nsf/CCFL-Main?OpenView,N,Y,N,Cefa (Core Education And Fine Arts)<br>Licensed Group<br>778-322-4685<br><br>Vacancy:<br>&nbsp;&nbsp;&nbsp;&nbsp;<36 months: N<br>&nbsp;&nbsp;&nbsp;&nbsp;30 months -- 5 years: N<br>&nbsp;&nbsp;&nbsp;&nbsp;Preschool: N<br>&nbsp;&nbsp;&nbsp;&nbsp;Grade 1 - Age 12: N<br>
1191,Licensed Group,Silver Ridge Montessori #2,18357 67A Ave,,Surrey,V3S 1E5,49.12487,-122.714542,604-366-8570,,,N,N,N,N,N,N,N,N,N,N,N,N,N,N,N,N,N,,,N,N,N,N,N,N,N,Y,Y,N,N,2026-05-14,http://www.healthspace.ca/fha/childcare,N,Y,N,Silver Ridge Montessori #2<br>Licensed Group<br>604-366-8570<br><br>Vacancy:<br>&nbsp;&nbsp;&nbsp;&nbsp;<36 months: Y<br>&nbsp;&nbsp;&nbsp;&nbsp;30 months -- 5 years: Y<br>&nbsp;&nbsp;&nbsp;&nbsp;Preschool: N<br>&nbsp;&nbsp;&nbsp;&nbsp;Grade 1 - Age 12: N<br>
1192,Licensed Group,Little Hugs Daycare,110-28040 Fraser Hwy,,Abbotsford,V4X 0C1,49.056611,-122.447819,604-561-0444,,,N,N,N,N,N,N,N,N,N,N,N,N,N,N,N,N,N,,,N,N,N,N,N,N,N,N,N,N,N,2026-05-15,http://www.healthspace.ca/fha/childcare,N,Y,N,Little Hugs Daycare<br>Licensed Group<br>604-561-0444<br><br>Vacancy:<br>&nbsp;&nbsp;&nbsp;&nbsp;<36 months: N<br>&nbsp;&nbsp;&nbsp;&nbsp;30 months -- 5 years: N<br>&nbsp;&nbsp;&nbsp;&nbsp;Preschool: N<br>&nbsp;&nbsp;&nbsp;&nbsp;Grade 1 - Age 12: N<br>
1193,Licensed Family,Happy Lil' Hearts,425 Robertson Ave,,Quesnel,V2J 3L3,52.967609,-122.513072,250-255-2401,,,N,N,N,N,N,N,N,N,N,N,N,N,N,N,N,N,N,,,N,N,N,N,N,N,N,Y,Y,N,N,2026-05-18,https://www.healthspace.ca/Clients/NHA/NHA_Website.nsf/CCFL-Frameset,N,Y,N,Happy Lil' Hearts<br>Licensed Family<br>250-255-2401<br><br>Vacancy:<br>&nbsp;&nbsp;&nbsp;&nbsp;<36 months: Y<br>&nbsp;&nbsp;&nbsp;&nbsp;30 months -- 5 years: Y<br>&nbsp;&nbsp;&nbsp;&nbsp;Preschool: N<br>&nbsp;&nbsp;&nbsp;&nbsp;Grade 1 - Age 12: N<br>
1194,Licensed Group,Oliver Elementary School Seamless Day Kindergarten,809 School Ave,,Oliver,V0H 1T0,49.182455,-119.556441,250-489-3468,,,,,,,,,,,,,,,,,,,,,,,,,,,,,,,,,,,Y,Y,N,Oliver Elementary School Seamless Day Kindergarten<br>Licensed Group<br>250-489-3468<br><br>Vacancy:<br>&nbsp;&nbsp;&nbsp;&nbsp;<36 months: None<br>&nbsp;&nbsp;&nbsp;&nbsp;30 months -- 5 years: None<br>&nbsp;&nbsp;&nbsp;&nbsp;Preschool: None<br>&nbsp;&nbsp;&nbsp;&nbsp;Grade 1 - Age 12: None<br>
1195,Licensed Group,Creative Moments Childcare Centre,102-7015 128 St,,Surrey,V3W 4E1,49.130011,-122.868152,604-417-1135,,,N,N,N,N,N,N,N,N,N,N,N,N,N,N,N,N,N,,,N,N,N,N,N,N,N,N,N,N,N,2026-05-20,http://www.healthspace.ca/fha/childcare,N,Y,N,Creative Moments Childcare Centre<br>Licensed Group<br>604-417-1135<br><br>Vacancy:<br>&nbsp;&nbsp;&nbsp;&nbsp;<36 months: N<br>&nbsp;&nbsp;&nbsp;&nbsp;30 months -- 5 years: N<br>&nbsp;&nbsp;&nbsp;&nbsp;Preschool: N<br>&nbsp;&nbsp;&nbsp;&nbsp;Grade 1 - Age 12: N<br>
1196,Licensed Family,Queensbury Childcare,1260 Queensbury Ave,,Victoria,V8P 2E2,48.460958,-123.349822,250-634-3511,,,N,N,N,N,N,N,N,N,N,N,N,N,N,N,N,N,N,,,N,N,N,N,N,N,N,N,N,N,N,2026-05-10,https://www.healthspace.ca/clients/viha/viha_website.nsf/CCFL-Main?OpenView,N,Y,N,Queensbury Childcare<br>Licensed Family<br>250-634-3511<br><br>Vacancy:<br>&nbsp;&nbsp;&nbsp;&nbsp;<36 months: N<br>&nbsp;&nbsp;&nbsp;&nbsp;30 months -- 5 years: N<br>&nbsp;&nbsp;&nbsp;&nbsp;Preschool: N<br>&nbsp;&nbsp;&nbsp;&nbsp;Grade 1 - Age 12: N<br>
1197,Licensed Group,Gleneagles Saplings,6262 Marine Dr,,West Vancouver,V7W 2S5,49.364695,-123.277504,778-838-0335,,,N,N,N,N,N,N,N,N,N,N,N,N,N,N,N,N,N,,,N,N,N,N,N,N,N,N,N,N,N,2026-05-19,https://inspections.vcha.ca/ChildCare/Table,N,Y,Y,Gleneagles Saplings<br>Licensed Group<br>778-838-0335<br><br>Vacancy:<br>&nbsp;&nbsp;&nbsp;&nbsp;<36 months: N<br>&nbsp;&nbsp;&nbsp;&nbsp;30 months -- 5 years: N<br>&nbsp;&nbsp;&nbsp;&nbsp;Preschool: N<br>&nbsp;&nbsp;&nbsp;&nbsp;Grade 1 - Age 12: N<br>
1198,Licensed Group,West Bay Saplings,3175 Thompson Pl,,West Vancouver,V7V 3E3,49.343953,-123.203288,778-838-0335,,,N,N,N,N,N,N,N,N,N,N,N,N,N,N,N,N,N,,,N,N,N,N,N,N,N,N,N,N,Y,2026-05-19,https://inspections.vcha.ca/ChildCare/Table,N,Y,N,West Bay Saplings<br>Licensed Group<br>778-838-0335<br><br>Vacancy:<br>&nbsp;&nbsp;&nbsp;&nbsp;<36 months: N<br>&nbsp;&nbsp;&nbsp;&nbsp;30 months -- 5 years: N<br>&nbsp;&nbsp;&nbsp;&nbsp;Preschool: N<br>&nbsp;&nbsp;&nbsp;&nbsp;Grade 1 - Age 12: Y<br>
1199,Licensed Family,High Five Family Childcare,206-228 7Th Ave E,,Vancouver,V5T 0A1,49.264318,-123.10022,778-875-2052,,,Y,Y,N,Y,N,N,Y,Y,N,N,N,N,N,Y,N,N,N,Extra fee,Extra fee,N,N,N,N,N,N,N,N,N,N,N,2026-05-14,https://inspections.vcha.ca/ChildCare/Table,N,Y,N,High Five Family Childcare<br>Licensed Family<br>778-875-2052<br><br>Vacancy:<br>&nbsp;&nbsp;&nbsp;&nbsp;<36 months: N<br>&nbsp;&nbsp;&nbsp;&nbsp;30 months -- 5 years: N<br>&nbsp;&nbsp;&nbsp;&nbsp;Preschool: N<br>&nbsp;&nbsp;&nbsp;&nbsp;Grade 1 - Age 12: N<br>
1200,Licensed Group,River City Early Learning Centre,30-945 Columbia St W,,Kamloops,V2C 1L5,50.66795,-120.352218,778-471-1011,,,N,N,N,N,N,N,N,N,N,N,N,N,N,N,N,N,N,,,N,N,N,N,N,N,N,Y,N,N,N,2026-05-18,https://hedgehogportal.interiorhealth.ca/ChildCare/Map,N,Y,N,River City Early Learning Centre<br>Licensed Group<br>778-471-1011<br><br>Vacancy:<br>&nbsp;&nbsp;&nbsp;&nbsp;<36 months: Y<br>&nbsp;&nbsp;&nbsp;&nbsp;30 months -- 5 years: N<br>&nbsp;&nbsp;&nbsp;&nbsp;Preschool: N<br>&nbsp;&nbsp;&nbsp;&nbsp;Grade 1 - Age 12: N<br>
1201,Licensed Family,Mother Heart Childcare,12445 188A St,,Pitt Meadows,V3Y 2H5,49.228819,-122.699798,778-998-5508,,,N,N,N,N,N,N,N,N,N,N,N,N,N,N,N,N,N,,,N,N,N,N,N,N,N,N,Y,N,N,2026-05-15,http://www.healthspace.ca/fha/childcare,N,Y,N,Mother Heart Childcare<br>Licensed Family<br>778-998-5508<br><br>Vacancy:<br>&nbsp;&nbsp;&nbsp;&nbsp;<36 months: N<br>&nbsp;&nbsp;&nbsp;&nbsp;30 months -- 5 years: Y<br>&nbsp;&nbsp;&nbsp;&nbsp;Preschool: N<br>&nbsp;&nbsp;&nbsp;&nbsp;Grade 1 - Age 12: N<br>
1202,Licensed Family,Kid's Garden Family Daycare,15762 92A Ave,,Surrey,V4N 3C2,49.170938,-122.785682,604-716-6473,,,N,N,N,N,N,N,N,N,N,N,N,N,N,N,N,N,N,,,N,N,N,N,N,N,N,N,N,N,N,2026-05-15,http://www.healthspace.ca/fha/childcare,N,Y,N,Kid's Garden Family Daycare<br>Licensed Family<br>604-716-6473<br><br>Vacancy:<br>&nbsp;&nbsp;&nbsp;&nbsp;<36 months: N<br>&nbsp;&nbsp;&nbsp;&nbsp;30 months -- 5 years: N<br>&nbsp;&nbsp;&nbsp;&nbsp;Preschool: N<br>&nbsp;&nbsp;&nbsp;&nbsp;Grade 1 - Age 12: N<br>
1203,Licensed Family,Inspirefly Child Care Center,4510 Allison Rd,,Lake Country,V4V 2B8,50.087523,-119.373268,604-319-5232,,,N,N,N,N,N,N,N,N,N,N,N,N,N,N,N,N,N,,,N,N,N,N,N,N,N,N,N,N,N,2026-05-01,,N,Y,N,Inspirefly Child Care Center<br>Licensed Family<br>604-319-5232<br><br>Vacancy:<br>&nbsp;&nbsp;&nbsp;&nbsp;<36 months: N<br>&nbsp;&nbsp;&nbsp;&nbsp;30 months -- 5 years: N<br>&nbsp;&nbsp;&nbsp;&nbsp;Preschool: N<br>&nbsp;&nbsp;&nbsp;&nbsp;Grade 1 - Age 12: N<br>
1204,Licensed Family,Cedar Tree Child Care,5996 Tweedsmuir Cres,,Nanaimo,V9T 5Y7,49.232759,-124.030764,250-667-3337,,,Y,N,N,N,N,N,Y,Y,N,N,N,N,N,N,N,N,N,Not offered,Not offered,N,N,N,N,N,Y,Y,N,N,N,N,2026-05-13,https://www.healthspace.ca/clients/viha/viha_website.nsf/CCFL-Main?OpenView,N,Y,N,Cedar Tree Child Care<br>Licensed Family<br>250-667-3337<br><br>Vacancy:<br>&nbsp;&nbsp;&nbsp;&nbsp;<36 months: N<br>&nbsp;&nbsp;&nbsp;&nbsp;30 months -- 5 years: N<br>&nbsp;&nbsp;&nbsp;&nbsp;Preschool: N<br>&nbsp;&nbsp;&nbsp;&nbsp;Grade 1 - Age 12: N<br>
1205,Licensed Family,Sunshine House Family Childcare,1211 Kathleen Dr,,Duncan,V9L 5R7,48.806099,-123.625,778-212-5715,,,N,N,N,N,N,N,N,N,N,N,N,N,N,N,N,N,N,,,N,N,N,N,N,N,N,N,N,N,N,2026-05-20,https://www.healthspace.ca/clients/viha/viha_website.nsf/CCFL-Main?OpenView,N,Y,N,Sunshine House Family Childcare<br>Licensed Family<br>778-212-5715<br><br>Vacancy:<br>&nbsp;&nbsp;&nbsp;&nbsp;<36 months: N<br>&nbsp;&nbsp;&nbsp;&nbsp;30 months -- 5 years: N<br>&nbsp;&nbsp;&nbsp;&nbsp;Preschool: N<br>&nbsp;&nbsp;&nbsp;&nbsp;Grade 1 - Age 12: N<br>
1206,Licensed Group,Kinderheart Montessori Lakeview,865 Anders Rd,,West Kelowna,V1Z 1V9,49.860205,-119.551393,604-460-8558,,,N,N,N,N,N,N,N,N,N,N,N,N,N,N,N,N,N,,,N,N,N,N,N,N,N,N,N,Y,N,2026-04-13,https://hedgehogportal.interiorhealth.ca/ChildCare/Map,N,Y,N,Kinderheart Montessori Lakeview<br>Licensed Group<br>604-460-8558<br><br>Vacancy:<br>&nbsp;&nbsp;&nbsp;&nbsp;<36 months: N<br>&nbsp;&nbsp;&nbsp;&nbsp;30 months -- 5 years: N<br>&nbsp;&nbsp;&nbsp;&nbsp;Preschool: Y<br>&nbsp;&nbsp;&nbsp;&nbsp;Grade 1 - Age 12: N<br>
1207,Licensed Group,Les Agneaux De Saute-Mouton,670 Lampson St,,Victoria,V9A 6A4,48.4323,-123.405244,250-220-6015,,,Y,N,N,N,N,N,Y,Y,N,N,N,N,N,N,Y,N,N,Not offered,Not offered,N,N,N,N,Y,Y,Y,N,N,N,N,2026-04-24,https://www.healthspace.ca/clients/viha/viha_website.nsf/CCFL-Main?OpenView,N,Y,N,Les Agneaux De Saute-Mouton<br>Licensed Group<br>250-220-6015<br><br>Vacancy:<br>&nbsp;&nbsp;&nbsp;&nbsp;<36 months: N<br>&nbsp;&nbsp;&nbsp;&nbsp;30 months -- 5 years: N<br>&nbsp;&nbsp;&nbsp;&nbsp;Preschool: N<br>&nbsp;&nbsp;&nbsp;&nbsp;Grade 1 - Age 12: N<br>
1208,Licensed Group,Stellers Jay Academy,8280 Ross St,,Vancouver,V5X 4C6,49.209675,-123.08346,604-325-1300,,,N,N,N,N,N,N,N,N,N,N,N,N,N,N,N,N,N,,,N,N,N,N,N,N,N,Y,Y,N,N,2026-04-27,https://inspections.vcha.ca/ChildCare/Table,N,Y,Y,Stellers Jay Academy<br>Licensed Group<br>604-325-1300<br><br>Vacancy:<br>&nbsp;&nbsp;&nbsp;&nbsp;<36 months: Y<br>&nbsp;&nbsp;&nbsp;&nbsp;30 months -- 5 years: Y<br>&nbsp;&nbsp;&nbsp;&nbsp;Preschool: N<br>&nbsp;&nbsp;&nbsp;&nbsp;Grade 1 - Age 12: N<br>
1209,Licensed Group,Stellers Jay Academy,8280 Ross St,,Vancouver,V5X 4C6,49.209675,-123.08346,604-325-1300,,,N,N,N,N,N,N,N,N,N,N,N,N,N,N,N,N,N,,,N,N,N,N,N,N,N,Y,Y,N,N,2026-05-12,https://inspections.vcha.ca/ChildCare/Table,N,Y,Y,Stellers Jay Academy<br>Licensed Group<br>604-325-1300<br><br>Vacancy:<br>&nbsp;&nbsp;&nbsp;&nbsp;<36 months: Y<br>&nbsp;&nbsp;&nbsp;&nbsp;30 months -- 5 years: Y<br>&nbsp;&nbsp;&nbsp;&nbsp;Preschool: N<br>&nbsp;&nbsp;&nbsp;&nbsp;Grade 1 - Age 12: N<br>
1210,Licensed Group,Stepping Stones (Roy Wilcox) Child Care Centre,7 Carlson St,,Kitimat,V8C 1A9,54.066039,-128.644138,778-631-2071,,,N,N,N,N,N,N,N,N,N,N,N,N,N,N,N,N,N,,,N,N,N,N,N,N,N,N,N,N,N,2026-05-21,https://www.healthspace.ca/Clients/NHA/NHA_Website.nsf/CCFL-Frameset,N,Y,N,Stepping Stones (Roy Wilcox) Child Care Centre<br>Licensed Group<br>778-631-2071<br><br>Vacancy:<br>&nbsp;&nbsp;&nbsp;&nbsp;<36 months: N<br>&nbsp;&nbsp;&nbsp;&nbsp;30 months -- 5 years: N<br>&nbsp;&nbsp;&nbsp;&nbsp;Preschool: N<br>&nbsp;&nbsp;&nbsp;&nbsp;Grade 1 - Age 12: N<br>
1211,Licensed Family,Milestones Childcare,1284 Rockcrest Ave,,Esquimalt,V9A 4W2,48.434837,-123.414213,778-533-6797,,,N,N,N,N,N,N,N,N,N,N,N,N,N,N,N,N,N,,,N,N,N,N,N,N,N,N,N,N,N,2026-05-20,https://www.healthspace.ca/clients/viha/viha_website.nsf/CCFL-Main?OpenView,N,Y,N,Milestones Childcare<br>Licensed Family<br>778-533-6797<br><br>Vacancy:<br>&nbsp;&nbsp;&nbsp;&nbsp;<36 months: N<br>&nbsp;&nbsp;&nbsp;&nbsp;30 months -- 5 years: N<br>&nbsp;&nbsp;&nbsp;&nbsp;Preschool: N<br>&nbsp;&nbsp;&nbsp;&nbsp;Grade 1 - Age 12: N<br>
1212,Licensed Group,The Otta Daycare,1255 Ottaburn Rd,,West Vancouver,V7S 2J7,49.341456,-123.149071,778-863-8963,,,,,,,,,,,,,,,,,,,,,,,,,,,,,,,,,,,Y,Y,N,The Otta Daycare<br>Licensed Group<br>778-863-8963<br><br>Vacancy:<br>&nbsp;&nbsp;&nbsp;&nbsp;<36 months: None<br>&nbsp;&nbsp;&nbsp;&nbsp;30 months -- 5 years: None<br>&nbsp;&nbsp;&nbsp;&nbsp;Preschool: None<br>&nbsp;&nbsp;&nbsp;&nbsp;Grade 1 - Age 12: None<br>
1213,Licensed Group,Ironwood Montessori Academy,11191 Coppersmith Pl,,Richmond,V7A 5H1,49.131286,-123.09736,604-275-5844,,,N,N,N,N,N,N,N,N,N,N,N,N,N,N,N,N,N,,,N,N,N,N,N,N,N,N,N,N,N,2026-05-19,https://inspections.vcha.ca/ChildCare/Table,N,Y,Y,Ironwood Montessori Academy<br>Licensed Group<br>604-275-5844<br><br>Vacancy:<br>&nbsp;&nbsp;&nbsp;&nbsp;<36 months: N<br>&nbsp;&nbsp;&nbsp;&nbsp;30 months -- 5 years: N<br>&nbsp;&nbsp;&nbsp;&nbsp;Preschool: N<br>&nbsp;&nbsp;&nbsp;&nbsp;Grade 1 - Age 12: N<br>
1214,Licensed Group,Ironwood Montessori Academy,11191 Coppersmith Pl,,Richmond,V7A 5H1,49.131287,-123.097374,604-275-5844,,,N,N,N,N,N,N,N,N,N,N,N,N,N,N,N,N,N,,,N,N,N,N,N,N,N,N,N,N,N,2026-05-19,https://inspections.vcha.ca/ChildCare/Table,N,Y,Y,Ironwood Montessori Academy<br>Licensed Group<br>604-275-5844<br><br>Vacancy:<br>&nbsp;&nbsp;&nbsp;&nbsp;<36 months: N<br>&nbsp;&nbsp;&nbsp;&nbsp;30 months -- 5 years: N<br>&nbsp;&nbsp;&nbsp;&nbsp;Preschool: N<br>&nbsp;&nbsp;&nbsp;&nbsp;Grade 1 - Age 12: N<br>
1215,Licensed Group,Beyond Elements Childcare Ltd.,5673 200Th St,,Langley,V3A 1M7,49.105892,-122.669456,778-863-4641,,,Y,N,N,N,N,N,Y,Y,N,N,N,N,Y,Y,N,Y,N,Not offered,Not offered,N,N,N,N,Y,Y,Y,Y,Y,N,N,2026-05-21,http://www.healthspace.ca/fha/childcare,N,Y,N,Beyond Elements Childcare Ltd.<br>Licensed Group<br>778-863-4641<br><br>Vacancy:<br>&nbsp;&nbsp;&nbsp;&nbsp;<36 months: Y<br>&nbsp;&nbsp;&nbsp;&nbsp;30 months -- 5 years: Y<br>&nbsp;&nbsp;&nbsp;&nbsp;Preschool: N<br>&nbsp;&nbsp;&nbsp;&nbsp;Grade 1 - Age 12: N<br>
1216,Licensed Group,Nsnh - Jbcc Kids' Club,145 1St St W,,North Vancouver,V7L 1C4,49.312281,-123.080496,604-723-8880,,,N,N,N,N,N,N,N,N,N,N,N,N,N,N,N,N,N,,,N,N,N,N,N,N,N,N,N,N,N,2026-05-11,https://inspections.vcha.ca/ChildCare/Table,N,Y,N,Nsnh - Jbcc Kids' Club<br>Licensed Group<br>604-723-8880<br><br>Vacancy:<br>&nbsp;&nbsp;&nbsp;&nbsp;<36 months: N<br>&nbsp;&nbsp;&nbsp;&nbsp;30 months -- 5 years: N<br>&nbsp;&nbsp;&nbsp;&nbsp;Preschool: N<br>&nbsp;&nbsp;&nbsp;&nbsp;Grade 1 - Age 12: N<br>
1217,Licensed Group,Tree Of Life Nature Playschool,15-1182 Colville Rd,,Esquimalt,V9A 4P7,48.438523,-123.410408,250-813-3050,,,N,N,N,N,N,N,N,N,N,N,N,N,N,N,N,N,N,,,N,N,N,N,N,N,N,N,N,N,N,2026-04-30,https://www.healthspace.ca/clients/viha/viha_website.nsf/CCFL-Main?OpenView,N,Y,N,Tree Of Life Nature Playschool<br>Licensed Group<br>250-813-3050<br><br>Vacancy:<br>&nbsp;&nbsp;&nbsp;&nbsp;<36 months: N<br>&nbsp;&nbsp;&nbsp;&nbsp;30 months -- 5 years: N<br>&nbsp;&nbsp;&nbsp;&nbsp;Preschool: N<br>&nbsp;&nbsp;&nbsp;&nbsp;Grade 1 - Age 12: N<br>
1218,Licensed Group,Cathedral School Childcare & Junior Kindergarten,1806 San Juan Ave,,Victoria,V8N 2H9,48.483222,-123.320757,250-383-5125,,,N,N,N,N,N,N,N,N,N,N,N,N,N,N,N,N,N,,,N,N,N,N,N,N,N,Y,Y,N,N,2026-05-13,https://www.healthspace.ca/clients/viha/viha_website.nsf/CCFL-Main?OpenView,N,Y,N,Cathedral School Childcare & Junior Kindergarten<br>Licensed Group<br>250-383-5125<br><br>Vacancy:<br>&nbsp;&nbsp;&nbsp;&nbsp;<36 months: Y<br>&nbsp;&nbsp;&nbsp;&nbsp;30 months -- 5 years: Y<br>&nbsp;&nbsp;&nbsp;&nbsp;Preschool: N<br>&nbsp;&nbsp;&nbsp;&nbsp;Grade 1 - Age 12: N<br>
1219,Licensed Group,Whistler Waldorf School Early Years Centre,1519 Springcreek Dr,,Whistler,V8E 0A2,50.08667,-123.0195,604-932-1885,,,N,N,N,N,N,N,N,N,N,N,N,N,N,N,N,N,N,,,N,N,N,N,N,N,N,N,N,N,N,2026-05-13,https://inspections.vcha.ca/ChildCare/Table,N,Y,N,Whistler Waldorf School Early Years Centre<br>Licensed Group<br>604-932-1885<br><br>Vacancy:<br>&nbsp;&nbsp;&nbsp;&nbsp;<36 months: N<br>&nbsp;&nbsp;&nbsp;&nbsp;30 months -- 5 years: N<br>&nbsp;&nbsp;&nbsp;&nbsp;Preschool: N<br>&nbsp;&nbsp;&nbsp;&nbsp;Grade 1 - Age 12: N<br>
1220,Licensed Group,Hagensborg Early Learning Centre,1961 Highway 20,,Hagensborg,V0T 1H0,52.387164,-126.539939,250-982-2193,,,N,N,N,N,N,N,N,N,N,N,N,N,N,N,N,N,N,,,N,N,N,N,N,N,N,Y,Y,N,N,2026-05-04,https://inspections.vcha.ca/ChildCare/Table,N,Y,N,Hagensborg Early Learning Centre<br>Licensed Group<br>250-982-2193<br><br>Vacancy:<br>&nbsp;&nbsp;&nbsp;&nbsp;<36 months: Y<br>&nbsp;&nbsp;&nbsp;&nbsp;30 months -- 5 years: Y<br>&nbsp;&nbsp;&nbsp;&nbsp;Preschool: N<br>&nbsp;&nbsp;&nbsp;&nbsp;Grade 1 - Age 12: N<br>
1221,Licensed Group,Hagensborg Daycare Centre,1961 Highway 20,,Hagensborg,V0T 1H0,52.387164,-126.539939,250-982-2193,,,N,N,N,N,N,N,N,N,N,N,N,N,N,N,N,N,N,,,N,N,N,N,N,N,N,N,N,N,N,2026-05-04,https://inspections.vcha.ca/ChildCare/Table,N,Y,N,Hagensborg Daycare Centre<br>Licensed Group<br>250-982-2193<br><br>Vacancy:<br>&nbsp;&nbsp;&nbsp;&nbsp;<36 months: N<br>&nbsp;&nbsp;&nbsp;&nbsp;30 months -- 5 years: N<br>&nbsp;&nbsp;&nbsp;&nbsp;Preschool: N<br>&nbsp;&nbsp;&nbsp;&nbsp;Grade 1 - Age 12: N<br>
1222,Licensed Group,Treehouse Forest Preschool,4711 Raymer Rd,,Kelowna,V1W 1J9,49.811273,-119.471116,250-860-4393,,,N,N,N,N,N,N,N,N,N,N,N,N,N,N,N,N,N,,,N,N,N,N,N,N,N,N,N,N,N,2026-05-11,https://hedgehogportal.interiorhealth.ca/ChildCare/Map,N,Y,N,Treehouse Forest Preschool<br>Licensed Group<br>250-860-4393<br><br>Vacancy:<br>&nbsp;&nbsp;&nbsp;&nbsp;<36 months: N<br>&nbsp;&nbsp;&nbsp;&nbsp;30 months -- 5 years: N<br>&nbsp;&nbsp;&nbsp;&nbsp;Preschool: N<br>&nbsp;&nbsp;&nbsp;&nbsp;Grade 1 - Age 12: N<br>
1223,Licensed Family,Golden Rainbow Childcare Centre,32225 Golden Ave,,Abbotsford,V2T 5C5,49.065049,-122.331996,778-344-2642,,,N,N,N,N,N,N,N,N,N,N,N,N,N,N,N,N,N,,,N,N,N,N,N,N,N,N,Y,N,N,2026-05-15,http://www.healthspace.ca/fha/childcare,N,Y,N,Golden Rainbow Childcare Centre<br>Licensed Family<br>778-344-2642<br><br>Vacancy:<br>&nbsp;&nbsp;&nbsp;&nbsp;<36 months: N<br>&nbsp;&nbsp;&nbsp;&nbsp;30 months -- 5 years: Y<br>&nbsp;&nbsp;&nbsp;&nbsp;Preschool: N<br>&nbsp;&nbsp;&nbsp;&nbsp;Grade 1 - Age 12: N<br>
1224,Licensed Group,Inner Smile Montessori 3Rd Street,343 3Rd St,,Courtenay,V9N 1E3,49.692307,-125.000592,250-898-1035,,,N,N,N,N,N,N,N,N,N,N,N,N,N,N,N,N,N,,,N,N,N,N,N,N,N,N,N,N,N,2026-05-17,https://www.healthspace.ca/clients/viha/viha_website.nsf/CCFL-Main?OpenView,N,Y,N,Inner Smile Montessori 3Rd Street<br>Licensed Group<br>250-898-1035<br><br>Vacancy:<br>&nbsp;&nbsp;&nbsp;&nbsp;<36 months: N<br>&nbsp;&nbsp;&nbsp;&nbsp;30 months -- 5 years: N<br>&nbsp;&nbsp;&nbsp;&nbsp;Preschool: N<br>&nbsp;&nbsp;&nbsp;&nbsp;Grade 1 - Age 12: N<br>
1225,Licensed Family,Bubblegum Tree Daycare,2260 Amherst Ave,,Sidney,V8L 2G7,48.658157,-123.406307,250-880-5539,,,N,N,N,N,N,N,N,N,N,N,N,N,N,N,N,N,N,,,N,N,N,N,N,N,N,N,N,N,N,2026-05-20,https://www.healthspace.ca/clients/viha/viha_website.nsf/CCFL-Main?OpenView,N,Y,N,Bubblegum Tree Daycare<br>Licensed Family<br>250-880-5539<br><br>Vacancy:<br>&nbsp;&nbsp;&nbsp;&nbsp;<36 months: N<br>&nbsp;&nbsp;&nbsp;&nbsp;30 months -- 5 years: N<br>&nbsp;&nbsp;&nbsp;&nbsp;Preschool: N<br>&nbsp;&nbsp;&nbsp;&nbsp;Grade 1 - Age 12: N<br>
1226,Licensed Family,Nahar Family Day Care,6329 Chester St,,Vancouver,V5W 3C4,49.227041,-123.089727,604-620-5125,,,N,N,N,N,N,N,N,N,N,N,N,N,N,N,N,N,N,,,N,N,N,N,N,N,N,N,N,N,N,2026-05-19,https://inspections.vcha.ca/ChildCare/Table,N,Y,N,Nahar Family Day Care<br>Licensed Family<br>604-620-5125<br><br>Vacancy:<br>&nbsp;&nbsp;&nbsp;&nbsp;<36 months: N<br>&nbsp;&nbsp;&nbsp;&nbsp;30 months -- 5 years: N<br>&nbsp;&nbsp;&nbsp;&nbsp;Preschool: N<br>&nbsp;&nbsp;&nbsp;&nbsp;Grade 1 - Age 12: N<br>
1227,Licensed Group,Growing Minds Childcare,425 Cottonwood St,,Chase,V0E 1M0,50.815959,-119.689247,778-347-1405,,,N,N,N,N,N,N,N,N,N,N,N,N,N,N,N,N,N,,,N,N,N,N,N,N,N,N,N,N,N,2026-05-19,https://hedgehogportal.interiorhealth.ca/ChildCare/Map,N,Y,N,Growing Minds Childcare<br>Licensed Group<br>778-347-1405<br><br>Vacancy:<br>&nbsp;&nbsp;&nbsp;&nbsp;<36 months: N<br>&nbsp;&nbsp;&nbsp;&nbsp;30 months -- 5 years: N<br>&nbsp;&nbsp;&nbsp;&nbsp;Preschool: N<br>&nbsp;&nbsp;&nbsp;&nbsp;Grade 1 - Age 12: N<br>
1228,Licensed Family,Unicorn Family Childcare,2090 Spike Rd,,Courtenay,V9J 1N5,49.78418,-125.11724,250-337-1810,http://unicornfamilychildcare.com/?utm_source=gmb&utm_medium=referral,,N,N,N,N,N,N,N,N,N,N,N,N,N,N,N,N,N,,,N,N,N,N,N,N,N,N,N,N,N,2026-05-15,https://www.healthspace.ca/clients/viha/viha_website.nsf/CCFL-Main?OpenView,N,Y,N,Unicorn Family Childcare<br>Licensed Family<br>250-337-1810<br><br>Vacancy:<br>&nbsp;&nbsp;&nbsp;&nbsp;<36 months: N<br>&nbsp;&nbsp;&nbsp;&nbsp;30 months -- 5 years: N<br>&nbsp;&nbsp;&nbsp;&nbsp;Preschool: N<br>&nbsp;&nbsp;&nbsp;&nbsp;Grade 1 - Age 12: N<br>
1229,Licensed Family,Happy Sky Daycare Centre,11670 Miller St,,Maple Ridge,V2X 9M6,49.214364,-122.650928,778-822-5228,,,N,N,N,N,N,N,N,N,N,N,N,N,N,N,N,N,N,,,N,N,N,N,N,N,N,Y,Y,N,N,2026-03-19,http://www.healthspace.ca/fha/childcare,N,Y,N,Happy Sky Daycare Centre<br>Licensed Family<br>778-822-5228<br><br>Vacancy:<br>&nbsp;&nbsp;&nbsp;&nbsp;<36 months: Y<br>&nbsp;&nbsp;&nbsp;&nbsp;30 months -- 5 years: Y<br>&nbsp;&nbsp;&nbsp;&nbsp;Preschool: N<br>&nbsp;&nbsp;&nbsp;&nbsp;Grade 1 - Age 12: N<br>
1230,Licensed Family,Happy Treehouse Family Daycare,8017 19Th Ave,,Burnaby,V3N 1G2,49.227902,-122.932967,604-515-0444,,,N,N,N,N,N,N,N,N,N,N,N,N,N,N,N,N,N,,,N,N,N,N,N,N,N,N,Y,N,N,2026-04-26,http://www.healthspace.ca/fha/childcare,N,Y,N,Happy Treehouse Family Daycare<br>Licensed Family<br>604-515-0444<br><br>Vacancy:<br>&nbsp;&nbsp;&nbsp;&nbsp;<36 months: N<br>&nbsp;&nbsp;&nbsp;&nbsp;30 months -- 5 years: Y<br>&nbsp;&nbsp;&nbsp;&nbsp;Preschool: N<br>&nbsp;&nbsp;&nbsp;&nbsp;Grade 1 - Age 12: N<br>
1231,Licensed Group,Little Cabineers Childcare,6290 Highway 6,,Coldstream,V1B 3C7,50.236081,-119.106832,778-318-6000,,,N,N,N,N,N,N,N,N,N,N,N,N,N,N,N,N,N,,,N,N,N,N,N,N,N,N,N,N,N,2026-05-14,https://hedgehogportal.interiorhealth.ca/ChildCare/Map,N,Y,N,Little Cabineers Childcare<br>Licensed Group<br>778-318-6000<br><br>Vacancy:<br>&nbsp;&nbsp;&nbsp;&nbsp;<36 months: N<br>&nbsp;&nbsp;&nbsp;&nbsp;30 months -- 5 years: N<br>&nbsp;&nbsp;&nbsp;&nbsp;Preschool: N<br>&nbsp;&nbsp;&nbsp;&nbsp;Grade 1 - Age 12: N<br>
1232,Licensed Group,Seafair Education Centre,4071 Francis Rd,,Richmond,V7C 1J8,49.148763,-123.180356,778-927-7210,,,N,N,N,N,N,N,N,N,N,N,N,N,N,N,N,N,N,,,N,N,N,N,N,N,N,N,Y,N,Y,2026-04-17,https://inspections.vcha.ca/ChildCare/Table,N,Y,N,Seafair Education Centre<br>Licensed Group<br>778-927-7210<br><br>Vacancy:<br>&nbsp;&nbsp;&nbsp;&nbsp;<36 months: N<br>&nbsp;&nbsp;&nbsp;&nbsp;30 months -- 5 years: Y<br>&nbsp;&nbsp;&nbsp;&nbsp;Preschool: N<br>&nbsp;&nbsp;&nbsp;&nbsp;Grade 1 - Age 12: Y<br>
1233,Licensed Family,Shooting Star Play Centre,2020 Starview Pl,,Garibaldi Highlands,V8B 0N2,49.74356,-123.13143,604-848-4554,,,N,N,N,N,N,N,N,N,N,N,N,N,N,N,N,N,N,,,N,N,N,N,N,N,N,N,N,N,N,2026-05-01,https://inspections.vcha.ca/ChildCare/Table,N,Y,N,Shooting Star Play Centre<br>Licensed Family<br>604-848-4554<br><br>Vacancy:<br>&nbsp;&nbsp;&nbsp;&nbsp;<36 months: N<br>&nbsp;&nbsp;&nbsp;&nbsp;30 months -- 5 years: N<br>&nbsp;&nbsp;&nbsp;&nbsp;Preschool: N<br>&nbsp;&nbsp;&nbsp;&nbsp;Grade 1 - Age 12: N<br>
1234,Licensed Group,Cambie Community Centre Out Of School,12360 Cambie Rd,,Richmond,V6V 1G4,49.183465,-123.086655,604-238-8399,,,N,N,N,N,N,N,N,N,N,N,N,N,N,N,N,N,N,,,N,N,N,N,N,N,N,N,N,N,N,2026-05-20,https://inspections.vcha.ca/ChildCare/Table,N,Y,N,Cambie Community Centre Out Of School<br>Licensed Group<br>604-238-8399<br><br>Vacancy:<br>&nbsp;&nbsp;&nbsp;&nbsp;<36 months: N<br>&nbsp;&nbsp;&nbsp;&nbsp;30 months -- 5 years: N<br>&nbsp;&nbsp;&nbsp;&nbsp;Preschool: N<br>&nbsp;&nbsp;&nbsp;&nbsp;Grade 1 - Age 12: N<br>
1235,Licensed Family,Early Exployers Daycare,9621 98 St,,Fort St. John,V1J 3T2,56.243192,-120.843683,250-793-9907,,,N,N,N,N,N,N,N,N,N,N,N,N,N,N,N,N,N,,,N,N,N,N,N,N,N,N,N,N,N,2026-05-11,https://www.healthspace.ca/Clients/NHA/NHA_Website.nsf/CCFL-Frameset,N,Y,N,Early Exployers Daycare<br>Licensed Family<br>250-793-9907<br><br>Vacancy:<br>&nbsp;&nbsp;&nbsp;&nbsp;<36 months: N<br>&nbsp;&nbsp;&nbsp;&nbsp;30 months -- 5 years: N<br>&nbsp;&nbsp;&nbsp;&nbsp;Preschool: N<br>&nbsp;&nbsp;&nbsp;&nbsp;Grade 1 - Age 12: N<br>
1236,Licensed Group,Wiseways Childcare,1790 Feltham Rd,,Victoria,V8N 2A5,48.476077,-123.323806,250-477-1312,,,N,N,N,N,N,N,N,N,N,N,N,N,N,N,N,N,N,,,N,N,N,N,N,N,N,N,N,N,N,2026-04-30,https://www.healthspace.ca/clients/viha/viha_website.nsf/CCFL-Main?OpenView,N,Y,N,Wiseways Childcare<br>Licensed Group<br>250-477-1312<br><br>Vacancy:<br>&nbsp;&nbsp;&nbsp;&nbsp;<36 months: N<br>&nbsp;&nbsp;&nbsp;&nbsp;30 months -- 5 years: N<br>&nbsp;&nbsp;&nbsp;&nbsp;Preschool: N<br>&nbsp;&nbsp;&nbsp;&nbsp;Grade 1 - Age 12: N<br>
1237,Licensed Group,Bluebirds Early Learning Childcare Inc,22580 Lougheed Hwy,,Maple Ridge,V2X 2V1,49.216803,-122.596772,604-479-2255,,,N,N,N,N,N,N,N,N,N,N,N,N,N,N,N,N,N,,,N,N,N,N,N,N,N,N,N,N,N,2026-05-15,http://www.healthspace.ca/fha/childcare,N,Y,N,Bluebirds Early Learning Childcare Inc<br>Licensed Group<br>604-479-2255<br><br>Vacancy:<br>&nbsp;&nbsp;&nbsp;&nbsp;<36 months: N<br>&nbsp;&nbsp;&nbsp;&nbsp;30 months -- 5 years: N<br>&nbsp;&nbsp;&nbsp;&nbsp;Preschool: N<br>&nbsp;&nbsp;&nbsp;&nbsp;Grade 1 - Age 12: N<br>
1238,Licensed Family,Megans Puddle Jumpers,519 Acland Ave,,Victoria,V9C 2N5,48.420915,-123.496066,250-893-9944,,,N,N,N,N,N,N,N,N,N,N,N,N,N,N,N,N,N,,,N,N,N,N,N,N,N,N,N,N,N,2026-05-16,https://www.healthspace.ca/clients/viha/viha_website.nsf/CCFL-Main?OpenView,N,Y,N,Megans Puddle Jumpers<br>Licensed Family<br>250-893-9944<br><br>Vacancy:<br>&nbsp;&nbsp;&nbsp;&nbsp;<36 months: N<br>&nbsp;&nbsp;&nbsp;&nbsp;30 months -- 5 years: N<br>&nbsp;&nbsp;&nbsp;&nbsp;Preschool: N<br>&nbsp;&nbsp;&nbsp;&nbsp;Grade 1 - Age 12: N<br>
1239,Licensed Family,Happy Grace Child Care Centre,966 Crystal Crt,,Coquitlam,V3C 5X5,49.268645,-122.802217,778-836-8659,,,N,N,N,N,N,N,N,N,N,N,N,N,N,N,N,N,N,,,N,N,N,N,N,N,N,N,N,N,N,2026-05-15,http://www.healthspace.ca/fha/childcare,N,Y,N,Happy Grace Child Care Centre<br>Licensed Family<br>778-836-8659<br><br>Vacancy:<br>&nbsp;&nbsp;&nbsp;&nbsp;<36 months: N<br>&nbsp;&nbsp;&nbsp;&nbsp;30 months -- 5 years: N<br>&nbsp;&nbsp;&nbsp;&nbsp;Preschool: N<br>&nbsp;&nbsp;&nbsp;&nbsp;Grade 1 - Age 12: N<br>
1240,Licensed Group,Bee Haven Child Care - Kids Club,700 7Th St E,,North Vancouver,V7L 1S6,49.312764,-123.056797,778-996-2075,,,N,N,N,N,N,N,N,N,N,N,N,N,N,N,N,N,N,,,N,N,N,N,N,N,N,N,N,N,N,2026-05-14,https://inspections.vcha.ca/ChildCare/Table,N,Y,N,Bee Haven Child Care - Kids Club<br>Licensed Group<br>778-996-2075<br><br>Vacancy:<br>&nbsp;&nbsp;&nbsp;&nbsp;<36 months: N<br>&nbsp;&nbsp;&nbsp;&nbsp;30 months -- 5 years: N<br>&nbsp;&nbsp;&nbsp;&nbsp;Preschool: N<br>&nbsp;&nbsp;&nbsp;&nbsp;Grade 1 - Age 12: N<br>
1241,Licensed Family,Kids At Play,3996 Bernard Ave,,Quesnel,V2J 6W2,53.023016,-122.476421,450-577-4505,,,Y,N,N,N,N,N,Y,Y,N,N,N,N,N,N,Y,N,N,Included in fee,Include in fee,N,N,N,N,Y,Y,Y,N,N,N,N,2026-05-21,https://www.healthspace.ca/Clients/NHA/NHA_Website.nsf/CCFL-Frameset,N,Y,N,Kids At Play<br>Licensed Family<br>450-577-4505<br><br>Vacancy:<br>&nbsp;&nbsp;&nbsp;&nbsp;<36 months: N<br>&nbsp;&nbsp;&nbsp;&nbsp;30 months -- 5 years: N<br>&nbsp;&nbsp;&nbsp;&nbsp;Preschool: N<br>&nbsp;&nbsp;&nbsp;&nbsp;Grade 1 - Age 12: N<br>
1242,Licensed Group,Green Tree Montessori Children's Centre,26489 Fraser Hwy,,Aldergrove,V4W 3E2,49.059721,-122.490301,604-625-4733,,,N,N,N,N,N,N,N,N,N,N,N,N,N,N,N,N,N,,,N,N,N,N,N,N,N,Y,Y,N,N,2026-05-20,http://www.healthspace.ca/fha/childcare,N,Y,N,Green Tree Montessori Children's Centre<br>Licensed Group<br>604-625-4733<br><br>Vacancy:<br>&nbsp;&nbsp;&nbsp;&nbsp;<36 months: Y<br>&nbsp;&nbsp;&nbsp;&nbsp;30 months -- 5 years: Y<br>&nbsp;&nbsp;&nbsp;&nbsp;Preschool: N<br>&nbsp;&nbsp;&nbsp;&nbsp;Grade 1 - Age 12: N<br>
1243,Licensed Group,Galactic 1,3606 Allsop Rd,,Nanaimo,V9R 6X3,49.192433,-124.048281,250-618-2401,,,N,N,N,N,N,N,N,N,N,N,N,N,N,N,N,N,N,,,N,N,N,N,N,N,N,N,N,N,Y,2026-05-13,https://www.healthspace.ca/clients/viha/viha_website.nsf/CCFL-Main?OpenView,N,Y,N,Galactic 1<br>Licensed Group<br>250-618-2401<br><br>Vacancy:<br>&nbsp;&nbsp;&nbsp;&nbsp;<36 months: N<br>&nbsp;&nbsp;&nbsp;&nbsp;30 months -- 5 years: N<br>&nbsp;&nbsp;&nbsp;&nbsp;Preschool: N<br>&nbsp;&nbsp;&nbsp;&nbsp;Grade 1 - Age 12: Y<br>
1244,Licensed Family,Tots & Tikes Family Daycare,10215 106 Ave,,Fort St. John,V1J 4Z8,56.251759,-120.85225,250-785-1136,,,N,N,N,N,N,N,N,N,N,N,N,N,N,N,N,N,N,,,N,N,N,N,N,N,N,N,Y,N,N,2026-05-15,https://www.healthspace.ca/Clients/NHA/NHA_Website.nsf/CCFL-Frameset,N,Y,N,Tots & Tikes Family Daycare<br>Licensed Family<br>250-785-1136<br><br>Vacancy:<br>&nbsp;&nbsp;&nbsp;&nbsp;<36 months: N<br>&nbsp;&nbsp;&nbsp;&nbsp;30 months -- 5 years: Y<br>&nbsp;&nbsp;&nbsp;&nbsp;Preschool: N<br>&nbsp;&nbsp;&nbsp;&nbsp;Grade 1 - Age 12: N<br>
1245,Licensed Family,Gran's Little Paradise,2881 Hamm Rd,,Black Creek,V9J 1B4,49.837644,-125.175237,778-348-0420,,,N,N,N,N,N,N,N,N,N,N,N,N,N,N,N,N,N,,,N,N,N,N,N,N,N,Y,Y,N,N,2026-05-15,https://www.healthspace.ca/clients/viha/viha_website.nsf/CCFL-Main?OpenView,N,Y,N,Gran's Little Paradise<br>Licensed Family<br>778-348-0420<br><br>Vacancy:<br>&nbsp;&nbsp;&nbsp;&nbsp;<36 months: Y<br>&nbsp;&nbsp;&nbsp;&nbsp;30 months -- 5 years: Y<br>&nbsp;&nbsp;&nbsp;&nbsp;Preschool: N<br>&nbsp;&nbsp;&nbsp;&nbsp;Grade 1 - Age 12: N<br>
1246,Licensed Group,Tiny Sprouts Daycare Ltd,2606 Kingsway Ave,,Port Coquitlam,V3C 1T6,49.265413,-122.787105,604-725-3608,,,,,,,,,,,,,,,,,,,,,,,,,,,,,,,,,,,Y,N,N,Tiny Sprouts Daycare Ltd<br>Licensed Group<br>604-725-3608<br><br>Vacancy:<br>&nbsp;&nbsp;&nbsp;&nbsp;<36 months: None<br>&nbsp;&nbsp;&nbsp;&nbsp;30 months -- 5 years: None<br>&nbsp;&nbsp;&nbsp;&nbsp;Preschool: None<br>&nbsp;&nbsp;&nbsp;&nbsp;Grade 1 - Age 12: None<br>
1247,Licensed Group,Bumble And Bean Daycare,3125 Serle Ct,,Kamloops,V2B 8T1,50.763055,-120.351025,250-319-2013,,,N,N,N,N,N,N,N,N,N,N,N,N,N,N,N,N,N,,,N,N,N,N,N,N,N,Y,N,N,N,2026-05-19,https://hedgehogportal.interiorhealth.ca/ChildCare/Map,N,Y,N,Bumble And Bean Daycare<br>Licensed Group<br>250-319-2013<br><br>Vacancy:<br>&nbsp;&nbsp;&nbsp;&nbsp;<36 months: Y<br>&nbsp;&nbsp;&nbsp;&nbsp;30 months -- 5 years: N<br>&nbsp;&nbsp;&nbsp;&nbsp;Preschool: N<br>&nbsp;&nbsp;&nbsp;&nbsp;Grade 1 - Age 12: N<br>
1248,Licensed Group,Little Koala Montessori Academy Delta,5267 Ladner Trunk Rd,,Delta,V4K 1W4,49.090297,-123.078551,778-999-9229,,,N,N,N,N,N,N,N,N,N,N,N,N,N,N,N,N,N,,,N,N,N,N,N,N,N,Y,Y,N,N,2026-05-15,http://www.healthspace.ca/fha/childcare,N,Y,N,Little Koala Montessori Academy Delta<br>Licensed Group<br>778-999-9229<br><br>Vacancy:<br>&nbsp;&nbsp;&nbsp;&nbsp;<36 months: Y<br>&nbsp;&nbsp;&nbsp;&nbsp;30 months -- 5 years: Y<br>&nbsp;&nbsp;&nbsp;&nbsp;Preschool: N<br>&nbsp;&nbsp;&nbsp;&nbsp;Grade 1 - Age 12: N<br>
1249,Licensed Group,ymca Ron Brent After School Care,1401 17Th Ave,,Prince George,V2L 3Z2,53.908284,-122.75244,250-961-7046,,,N,N,N,N,N,N,N,N,N,N,N,N,N,N,N,N,N,,,N,N,N,N,N,N,N,N,N,N,N,2026-05-14,https://www.healthspace.ca/Clients/NHA/NHA_Website.nsf/CCFL-Frameset,N,Y,N,ymca Ron Brent After School Care<br>Licensed Group<br>250-961-7046<br><br>Vacancy:<br>&nbsp;&nbsp;&nbsp;&nbsp;<36 months: N<br>&nbsp;&nbsp;&nbsp;&nbsp;30 months -- 5 years: N<br>&nbsp;&nbsp;&nbsp;&nbsp;Preschool: N<br>&nbsp;&nbsp;&nbsp;&nbsp;Grade 1 - Age 12: N<br>
1250,Licensed Group,Kuddles Early Infant Stimulation Centre Ltd.,1396 Marine Dr,,North Vancouver,V7P 1T4,49.324088,-123.112972,604-729-6538,,,N,N,N,N,N,N,N,N,N,N,N,N,N,N,N,N,N,,,N,N,N,N,N,N,N,N,N,N,N,2026-04-30,https://inspections.vcha.ca/ChildCare/Table,N,Y,Y,Kuddles Early Infant Stimulation Centre Ltd.<br>Licensed Group<br>604-729-6538<br><br>Vacancy:<br>&nbsp;&nbsp;&nbsp;&nbsp;<36 months: N<br>&nbsp;&nbsp;&nbsp;&nbsp;30 months -- 5 years: N<br>&nbsp;&nbsp;&nbsp;&nbsp;Preschool: N<br>&nbsp;&nbsp;&nbsp;&nbsp;Grade 1 - Age 12: N<br>
1251,Licensed Group,Kuddles Early Infant Stimulation Centre Ltd.,1396 Marine Dr,,North Vancouver,V7P 1T4,49.324088,-123.112972,604-729-6538,,,N,N,N,N,N,N,N,N,N,N,N,N,N,N,N,N,N,,,N,N,N,N,N,N,N,N,N,N,N,2026-04-30,https://inspections.vcha.ca/ChildCare/Table,N,Y,Y,Kuddles Early Infant Stimulation Centre Ltd.<br>Licensed Group<br>604-729-6538<br><br>Vacancy:<br>&nbsp;&nbsp;&nbsp;&nbsp;<36 months: N<br>&nbsp;&nbsp;&nbsp;&nbsp;30 months -- 5 years: N<br>&nbsp;&nbsp;&nbsp;&nbsp;Preschool: N<br>&nbsp;&nbsp;&nbsp;&nbsp;Grade 1 - Age 12: N<br>
1252,Licensed Group,Pl Appletree,1204 30 Ave,,Vernon,V1T 1Z5,50.263469,-119.247799,250-550-4471,,,N,N,N,N,N,N,N,N,N,N,N,N,N,N,N,N,N,,,N,N,N,N,N,N,N,N,N,N,N,2026-05-14,,N,Y,N,Pl Appletree<br>Licensed Group<br>250-550-4471<br><br>Vacancy:<br>&nbsp;&nbsp;&nbsp;&nbsp;<36 months: N<br>&nbsp;&nbsp;&nbsp;&nbsp;30 months -- 5 years: N<br>&nbsp;&nbsp;&nbsp;&nbsp;Preschool: N<br>&nbsp;&nbsp;&nbsp;&nbsp;Grade 1 - Age 12: N<br>
1253,Licensed Family,Happy Feet Child Care,7922 123A St,,Surrey,V3W 3W2,49.146979,-122.880276,604-773-3245,,,N,N,N,N,N,N,N,N,N,N,N,N,N,N,N,N,N,,,N,N,N,N,N,N,N,N,N,N,N,2026-05-19,http://www.healthspace.ca/fha/childcare,N,Y,N,Happy Feet Child Care<br>Licensed Family<br>604-773-3245<br><br>Vacancy:<br>&nbsp;&nbsp;&nbsp;&nbsp;<36 months: N<br>&nbsp;&nbsp;&nbsp;&nbsp;30 months -- 5 years: N<br>&nbsp;&nbsp;&nbsp;&nbsp;Preschool: N<br>&nbsp;&nbsp;&nbsp;&nbsp;Grade 1 - Age 12: N<br>
1254,Licensed Family,Happy Vibes Daycare,618 Sumac Dr,,Qualicum Beach,V9K 1A8,49.351089,-124.41751,250-752-9641,,,N,N,N,N,N,N,N,N,N,N,N,N,N,N,N,N,N,,,N,N,N,N,N,N,N,N,N,N,N,2026-05-02,https://www.healthspace.ca/clients/viha/viha_website.nsf/CCFL-Main?OpenView,N,Y,N,Happy Vibes Daycare<br>Licensed Family<br>250-752-9641<br><br>Vacancy:<br>&nbsp;&nbsp;&nbsp;&nbsp;<36 months: N<br>&nbsp;&nbsp;&nbsp;&nbsp;30 months -- 5 years: N<br>&nbsp;&nbsp;&nbsp;&nbsp;Preschool: N<br>&nbsp;&nbsp;&nbsp;&nbsp;Grade 1 - Age 12: N<br>
1255,Licensed Family,Laugh And Learn Family Childcare,3138 267A St,,Aldergrove,V4W 3E3,49.059116,-122.482301,604-499-9510,,,N,N,N,N,N,N,N,N,N,N,N,N,N,N,N,N,N,,,N,N,N,N,N,N,N,N,N,N,N,2026-05-15,http://www.healthspace.ca/fha/childcare,N,Y,N,Laugh And Learn Family Childcare<br>Licensed Family<br>604-499-9510<br><br>Vacancy:<br>&nbsp;&nbsp;&nbsp;&nbsp;<36 months: N<br>&nbsp;&nbsp;&nbsp;&nbsp;30 months -- 5 years: N<br>&nbsp;&nbsp;&nbsp;&nbsp;Preschool: N<br>&nbsp;&nbsp;&nbsp;&nbsp;Grade 1 - Age 12: N<br>
1256,Licensed Group,Lift Early Learning Centre,2485 20Th Ave W,,Vancouver,V6L 1G6,49.2548,-123.162334,604-738-7880,,,N,N,N,N,N,N,N,N,N,N,N,N,N,N,N,N,N,,,N,N,N,N,N,N,N,N,N,N,N,2026-05-20,https://inspections.vcha.ca/ChildCare/Table,N,Y,N,Lift Early Learning Centre<br>Licensed Group<br>604-738-7880<br><br>Vacancy:<br>&nbsp;&nbsp;&nbsp;&nbsp;<36 months: N<br>&nbsp;&nbsp;&nbsp;&nbsp;30 months -- 5 years: N<br>&nbsp;&nbsp;&nbsp;&nbsp;Preschool: N<br>&nbsp;&nbsp;&nbsp;&nbsp;Grade 1 - Age 12: N<br>
1257,Licensed Family,Borrowed Blessings,924 90 Ave,,Dawson Creek,V1G 5B5,55.774196,-120.228568,250-719-1308,,,Y,N,N,N,N,N,Y,Y,N,N,N,N,N,N,N,N,N,Extra fee,Not offered,N,N,N,N,N,N,N,N,N,N,N,2026-05-19,,N,Y,N,Borrowed Blessings<br>Licensed Family<br>250-719-1308<br><br>Vacancy:<br>&nbsp;&nbsp;&nbsp;&nbsp;<36 months: N<br>&nbsp;&nbsp;&nbsp;&nbsp;30 months -- 5 years: N<br>&nbsp;&nbsp;&nbsp;&nbsp;Preschool: N<br>&nbsp;&nbsp;&nbsp;&nbsp;Grade 1 - Age 12: N<br>
1258,Licensed Group,"Grand Kids Care, The (Tgk)",35431 mckee Rd,,Abbotsford,V3G 3E4,49.065662,-122.243599,778-536-5423,,,N,N,N,N,N,N,N,N,N,N,N,N,N,N,N,N,N,,,N,N,N,N,N,N,N,Y,N,N,N,2026-05-04,http://www.healthspace.ca/fha/childcare,N,Y,N,"Grand Kids Care, The (Tgk)<br>Licensed Group<br>778-536-5423<br><br>Vacancy:<br>&nbsp;&nbsp;&nbsp;&nbsp;<36 months: Y<br>&nbsp;&nbsp;&nbsp;&nbsp;30 months -- 5 years: N<br>&nbsp;&nbsp;&nbsp;&nbsp;Preschool: N<br>&nbsp;&nbsp;&nbsp;&nbsp;Grade 1 - Age 12: N<br>"
1259,Licensed Group,Children's Discovery Centre,699 Claymore Rd,,Nanaimo,V9K 1S7,49.351677,-124.472169,250-752-4343,,,N,N,N,N,N,N,N,N,N,N,N,N,N,N,N,N,N,,,N,N,N,N,N,N,N,N,N,Y,N,2026-05-15,https://www.healthspace.ca/clients/viha/viha_website.nsf/CCFL-Main?OpenView,N,Y,N,Children's Discovery Centre<br>Licensed Group<br>250-752-4343<br><br>Vacancy:<br>&nbsp;&nbsp;&nbsp;&nbsp;<36 months: N<br>&nbsp;&nbsp;&nbsp;&nbsp;30 months -- 5 years: N<br>&nbsp;&nbsp;&nbsp;&nbsp;Preschool: Y<br>&nbsp;&nbsp;&nbsp;&nbsp;Grade 1 - Age 12: N<br>
1260,Licensed Family,Sweet Feet Child Care,1209 Sycamore Rd,,Sparwood,V0B 2G2,49.746005,-114.90077,778-518-2121,Sweetfeetchildcare.ca,,N,N,N,N,N,N,N,N,N,N,N,N,N,N,N,N,N,,,N,N,N,N,N,N,N,N,Y,N,Y,2026-05-16,https://hedgehogportal.interiorhealth.ca/ChildCare/Map,N,Y,N,Sweet Feet Child Care<br>Licensed Family<br>778-518-2121<br><br>Vacancy:<br>&nbsp;&nbsp;&nbsp;&nbsp;<36 months: N<br>&nbsp;&nbsp;&nbsp;&nbsp;30 months -- 5 years: Y<br>&nbsp;&nbsp;&nbsp;&nbsp;Preschool: N<br>&nbsp;&nbsp;&nbsp;&nbsp;Grade 1 - Age 12: Y<br>
1261,Licensed Group,Westbridge Montessori Academy Ltd.,2490 W 37Th Ave,,Vancouver,V6M 1P5,49.238121,-123.162091,778-887-1061,,,N,N,N,N,N,N,N,N,N,N,N,N,N,N,N,N,N,,,N,N,N,N,N,N,N,N,N,N,N,2026-05-21,https://inspections.vcha.ca/ChildCare/Table,N,Y,N,Westbridge Montessori Academy Ltd.<br>Licensed Group<br>778-887-1061<br><br>Vacancy:<br>&nbsp;&nbsp;&nbsp;&nbsp;<36 months: N<br>&nbsp;&nbsp;&nbsp;&nbsp;30 months -- 5 years: N<br>&nbsp;&nbsp;&nbsp;&nbsp;Preschool: N<br>&nbsp;&nbsp;&nbsp;&nbsp;Grade 1 - Age 12: N<br>
1262,Licensed Family,Buttercups,17312 2 Ave,,Surrey,V3Z 9P9,49.005409,-122.743438,778-231-6346,,,N,N,N,N,N,N,N,N,N,N,N,N,N,N,N,N,N,,,N,N,N,N,N,N,N,N,Y,N,N,2026-05-12,http://www.healthspace.ca/fha/childcare,N,Y,N,Buttercups<br>Licensed Family<br>778-231-6346<br><br>Vacancy:<br>&nbsp;&nbsp;&nbsp;&nbsp;<36 months: N<br>&nbsp;&nbsp;&nbsp;&nbsp;30 months -- 5 years: Y<br>&nbsp;&nbsp;&nbsp;&nbsp;Preschool: N<br>&nbsp;&nbsp;&nbsp;&nbsp;Grade 1 - Age 12: N<br>
1263,Licensed Group,Contemporary Kids Learning Centre Inc.,2621 Montrose Ave,,Abbotsford,V2S 3T5,49.049548,-122.290369,604-839-0511,,,N,N,N,N,N,N,N,N,N,N,N,N,N,N,N,N,N,,,N,N,N,N,N,N,N,Y,Y,N,N,2026-05-01,http://www.healthspace.ca/fha/childcare,N,Y,N,Contemporary Kids Learning Centre Inc.<br>Licensed Group<br>604-839-0511<br><br>Vacancy:<br>&nbsp;&nbsp;&nbsp;&nbsp;<36 months: Y<br>&nbsp;&nbsp;&nbsp;&nbsp;30 months -- 5 years: Y<br>&nbsp;&nbsp;&nbsp;&nbsp;Preschool: N<br>&nbsp;&nbsp;&nbsp;&nbsp;Grade 1 - Age 12: N<br>
1264,Licensed Group,Just Kiddies Childcare,103-2591 Panorama Dr,,Coquitlam,V3E 2Y6,49.300409,-122.820171,604-618-9876,,,N,N,N,N,N,N,N,N,N,N,N,N,N,N,N,N,N,,,N,N,N,N,N,N,N,N,N,N,N,2026-05-16,http://www.healthspace.ca/fha/childcare,N,Y,N,Just Kiddies Childcare<br>Licensed Group<br>604-618-9876<br><br>Vacancy:<br>&nbsp;&nbsp;&nbsp;&nbsp;<36 months: N<br>&nbsp;&nbsp;&nbsp;&nbsp;30 months -- 5 years: N<br>&nbsp;&nbsp;&nbsp;&nbsp;Preschool: N<br>&nbsp;&nbsp;&nbsp;&nbsp;Grade 1 - Age 12: N<br>
1265,Licensed Family,Children's Garden,523 10Th St E,,North Vancouver,V7L 2E7,49.316428,-123.059026,604-910-3471,,,N,N,N,N,N,N,N,N,N,N,N,N,N,N,N,N,N,,,N,N,N,N,N,N,N,N,Y,N,Y,2026-05-01,https://inspections.vcha.ca/ChildCare/Table,N,Y,N,Children's Garden<br>Licensed Family<br>604-910-3471<br><br>Vacancy:<br>&nbsp;&nbsp;&nbsp;&nbsp;<36 months: N<br>&nbsp;&nbsp;&nbsp;&nbsp;30 months -- 5 years: Y<br>&nbsp;&nbsp;&nbsp;&nbsp;Preschool: N<br>&nbsp;&nbsp;&nbsp;&nbsp;Grade 1 - Age 12: Y<br>
1266,Licensed Group,Pi Academy Child Care,3440 Jervis St,,Port Coquitlam,V3B 4P3,49.273616,-122.783953,778-688-8320,,,N,N,N,N,N,N,N,N,N,N,N,N,N,N,N,N,N,,,N,N,N,N,N,N,N,N,N,N,N,2026-05-18,http://www.healthspace.ca/fha/childcare,N,Y,N,Pi Academy Child Care<br>Licensed Group<br>778-688-8320<br><br>Vacancy:<br>&nbsp;&nbsp;&nbsp;&nbsp;<36 months: N<br>&nbsp;&nbsp;&nbsp;&nbsp;30 months -- 5 years: N<br>&nbsp;&nbsp;&nbsp;&nbsp;Preschool: N<br>&nbsp;&nbsp;&nbsp;&nbsp;Grade 1 - Age 12: N<br>
1267,Licensed Group,Beyond School Inc,6-15531 24 Ave,,Surrey,V4A 2J4,49.046564,-122.792029,604-773-7597,,,N,N,N,N,N,N,N,N,N,N,N,N,N,N,N,N,N,,,N,N,N,N,N,N,N,N,N,N,Y,2026-05-14,http://www.healthspace.ca/fha/childcare,N,Y,N,Beyond School Inc<br>Licensed Group<br>604-773-7597<br><br>Vacancy:<br>&nbsp;&nbsp;&nbsp;&nbsp;<36 months: N<br>&nbsp;&nbsp;&nbsp;&nbsp;30 months -- 5 years: N<br>&nbsp;&nbsp;&nbsp;&nbsp;Preschool: N<br>&nbsp;&nbsp;&nbsp;&nbsp;Grade 1 - Age 12: Y<br>
1268,Licensed Family,Jen's Place,546 Hall Rd,,Qualicum Beach,V9K 1B7,49.351591,-124.424783,604-209-8134,,,N,N,N,N,N,N,N,N,N,N,N,N,N,N,N,N,N,,,N,N,N,N,N,N,N,N,N,N,N,2026-04-27,https://www.healthspace.ca/clients/viha/viha_website.nsf/CCFL-Main?OpenView,N,Y,N,Jen's Place<br>Licensed Family<br>604-209-8134<br><br>Vacancy:<br>&nbsp;&nbsp;&nbsp;&nbsp;<36 months: N<br>&nbsp;&nbsp;&nbsp;&nbsp;30 months -- 5 years: N<br>&nbsp;&nbsp;&nbsp;&nbsp;Preschool: N<br>&nbsp;&nbsp;&nbsp;&nbsp;Grade 1 - Age 12: N<br>
1269,Licensed Family,Precious Miracles Childcare,47247 Vista Pl,,Chilliwack,V2R 0R9,49.108312,-121.917043,604-307-3427,,,N,N,N,N,N,N,N,N,N,N,N,N,N,N,N,N,N,,,N,N,N,N,N,N,N,Y,N,N,N,2026-05-15,http://www.healthspace.ca/fha/childcare,N,Y,N,Precious Miracles Childcare<br>Licensed Family<br>604-307-3427<br><br>Vacancy:<br>&nbsp;&nbsp;&nbsp;&nbsp;<36 months: Y<br>&nbsp;&nbsp;&nbsp;&nbsp;30 months -- 5 years: N<br>&nbsp;&nbsp;&nbsp;&nbsp;Preschool: N<br>&nbsp;&nbsp;&nbsp;&nbsp;Grade 1 - Age 12: N<br>
1270,Licensed Family,Dudes & Dolls Daycare Ltd,11419 89 Ave,,Delta,V4C 3G4,49.165346,-122.906054,604-762-2244,,,N,N,N,N,N,N,N,N,N,N,N,N,N,N,N,N,N,,,N,N,N,N,N,N,N,N,N,N,N,2026-05-15,http://www.healthspace.ca/fha/childcare,N,Y,N,Dudes & Dolls Daycare Ltd<br>Licensed Family<br>604-762-2244<br><br>Vacancy:<br>&nbsp;&nbsp;&nbsp;&nbsp;<36 months: N<br>&nbsp;&nbsp;&nbsp;&nbsp;30 months -- 5 years: N<br>&nbsp;&nbsp;&nbsp;&nbsp;Preschool: N<br>&nbsp;&nbsp;&nbsp;&nbsp;Grade 1 - Age 12: N<br>
1271,Licensed Group,Jericho Kids' Club 2 (General Gordon Schoolhouse),2268 Bayswater St,,Vancouver,V6K 4P5,49.265983,-123.170402,604-736-4080,,,N,N,N,N,N,N,N,N,N,N,N,N,N,N,N,N,N,,,N,N,N,N,N,N,N,N,N,N,N,2026-05-21,https://inspections.vcha.ca/ChildCare/Table,N,Y,N,Jericho Kids' Club 2 (General Gordon Schoolhouse)<br>Licensed Group<br>604-736-4080<br><br>Vacancy:<br>&nbsp;&nbsp;&nbsp;&nbsp;<36 months: N<br>&nbsp;&nbsp;&nbsp;&nbsp;30 months -- 5 years: N<br>&nbsp;&nbsp;&nbsp;&nbsp;Preschool: N<br>&nbsp;&nbsp;&nbsp;&nbsp;Grade 1 - Age 12: N<br>
1272,Licensed Group,Block 8 Academy - Moody Street,110 Moody St,,Port Moody,V3H 2B9,49.276342,-122.849818,778-893-9706,,,N,N,N,N,N,N,N,N,N,N,N,N,N,N,N,N,N,Not offered,Not offered,N,N,N,N,N,N,N,N,Y,N,Y,2026-05-13,http://www.healthspace.ca/fha/childcare,N,Y,N,Block 8 Academy - Moody Street<br>Licensed Group<br>778-893-9706<br><br>Vacancy:<br>&nbsp;&nbsp;&nbsp;&nbsp;<36 months: N<br>&nbsp;&nbsp;&nbsp;&nbsp;30 months -- 5 years: Y<br>&nbsp;&nbsp;&nbsp;&nbsp;Preschool: N<br>&nbsp;&nbsp;&nbsp;&nbsp;Grade 1 - Age 12: Y<br>
1273,Licensed Family,Kidlogic Daycare,4529 Gray Dr,,Prince George,V2K 4Y4,53.994104,-122.80213,250-981-9851,,,Y,N,Y,N,N,N,Y,Y,N,Y,Y,N,N,N,N,N,N,Extra fee,Extra fee,N,N,N,N,N,N,N,N,N,N,N,2026-05-15,https://www.healthspace.ca/Clients/NHA/NHA_Website.nsf/CCFL-Frameset,N,Y,N,Kidlogic Daycare<br>Licensed Family<br>250-981-9851<br><br>Vacancy:<br>&nbsp;&nbsp;&nbsp;&nbsp;<36 months: N<br>&nbsp;&nbsp;&nbsp;&nbsp;30 months -- 5 years: N<br>&nbsp;&nbsp;&nbsp;&nbsp;Preschool: N<br>&nbsp;&nbsp;&nbsp;&nbsp;Grade 1 - Age 12: N<br>
1274,Licensed Group,Creative Corner Early Childhood Learning Centre,810 Sicamore Dr,,Kamloops,V2B 6R9,50.772778,-120.342139,250-819-5444,,,N,N,N,N,N,N,N,N,N,N,N,N,N,N,N,N,N,,,N,N,N,N,N,N,N,N,N,N,N,2026-05-14,https://hedgehogportal.interiorhealth.ca/ChildCare/Map,N,Y,N,Creative Corner Early Childhood Learning Centre<br>Licensed Group<br>250-819-5444<br><br>Vacancy:<br>&nbsp;&nbsp;&nbsp;&nbsp;<36 months: N<br>&nbsp;&nbsp;&nbsp;&nbsp;30 months -- 5 years: N<br>&nbsp;&nbsp;&nbsp;&nbsp;Preschool: N<br>&nbsp;&nbsp;&nbsp;&nbsp;Grade 1 - Age 12: N<br>
1275,Licensed Group,Baby Acorns,17399 2Nd Ave,,Surrey,V3S 6R9,49.005701,-122.740302,778-871-3043,,,N,N,N,N,N,N,N,N,N,N,N,N,N,N,N,N,N,,,N,N,N,N,N,N,N,N,N,N,N,2026-05-15,http://www.healthspace.ca/fha/childcare,N,Y,N,Baby Acorns<br>Licensed Group<br>778-871-3043<br><br>Vacancy:<br>&nbsp;&nbsp;&nbsp;&nbsp;<36 months: N<br>&nbsp;&nbsp;&nbsp;&nbsp;30 months -- 5 years: N<br>&nbsp;&nbsp;&nbsp;&nbsp;Preschool: N<br>&nbsp;&nbsp;&nbsp;&nbsp;Grade 1 - Age 12: N<br>
1276,Licensed Group,Little Cactus Central Daycare,6580 Bouchard Ct,,Richmond,V7C 5H4,49.167149,-123.159761,604-780-6018,,,N,N,N,N,N,N,N,N,N,N,N,N,N,N,N,N,N,,,N,N,N,N,N,N,N,N,N,N,N,2026-05-15,https://inspections.vcha.ca/ChildCare/Table,N,Y,N,Little Cactus Central Daycare<br>Licensed Group<br>604-780-6018<br><br>Vacancy:<br>&nbsp;&nbsp;&nbsp;&nbsp;<36 months: N<br>&nbsp;&nbsp;&nbsp;&nbsp;30 months -- 5 years: N<br>&nbsp;&nbsp;&nbsp;&nbsp;Preschool: N<br>&nbsp;&nbsp;&nbsp;&nbsp;Grade 1 - Age 12: N<br>
1277,Licensed Group,Kidzville Learning Center - Morgan Crossing,101-2388 156 St,,Surrey,V4A 4V4,49.045189,-122.78973,604-861-7861,,,N,N,N,N,N,N,N,N,N,N,N,N,N,N,N,N,N,Not offered,Not offered,N,N,N,N,N,N,N,Y,Y,N,N,2026-04-28,http://www.healthspace.ca/fha/childcare,N,Y,N,Kidzville Learning Center - Morgan Crossing<br>Licensed Group<br>604-861-7861<br><br>Vacancy:<br>&nbsp;&nbsp;&nbsp;&nbsp;<36 months: Y<br>&nbsp;&nbsp;&nbsp;&nbsp;30 months -- 5 years: Y<br>&nbsp;&nbsp;&nbsp;&nbsp;Preschool: N<br>&nbsp;&nbsp;&nbsp;&nbsp;Grade 1 - Age 12: N<br>
1278,Licensed Family,Jax And Friends Playcare Daycare,2283 Stanwood Ave,,Coquitlam,V3K 3A7,49.246168,-122.83033,778-891-1517,,,N,N,N,N,N,N,N,N,N,N,N,N,N,N,N,N,N,,,N,N,N,N,N,N,N,N,N,N,N,2026-04-30,,N,Y,N,Jax And Friends Playcare Daycare<br>Licensed Family<br>778-891-1517<br><br>Vacancy:<br>&nbsp;&nbsp;&nbsp;&nbsp;<36 months: N<br>&nbsp;&nbsp;&nbsp;&nbsp;30 months -- 5 years: N<br>&nbsp;&nbsp;&nbsp;&nbsp;Preschool: N<br>&nbsp;&nbsp;&nbsp;&nbsp;Grade 1 - Age 12: N<br>
1279,Licensed Group,Pure Play Child Care,5824 Riverside St,,Abbotsford,V4X 1V1,49.107785,-122.29386,604-226-3714,,,N,N,N,N,N,N,N,N,N,N,N,N,N,N,N,N,N,,,N,N,N,N,N,N,N,Y,Y,N,Y,2026-05-06,http://www.healthspace.ca/fha/childcare,N,Y,N,Pure Play Child Care<br>Licensed Group<br>604-226-3714<br><br>Vacancy:<br>&nbsp;&nbsp;&nbsp;&nbsp;<36 months: Y<br>&nbsp;&nbsp;&nbsp;&nbsp;30 months -- 5 years: Y<br>&nbsp;&nbsp;&nbsp;&nbsp;Preschool: N<br>&nbsp;&nbsp;&nbsp;&nbsp;Grade 1 - Age 12: Y<br>
1280,Licensed Family,Everyday Sunshine Childcare,6226 175B St,,Surrey,V3S 0P9,49.115708,-122.735653,604-401-6404,,,Y,Y,Y,N,Y,Y,Y,Y,N,Y,Y,N,Y,N,N,N,Y,Extra fee,Extra fee,N,N,N,N,N,N,N,Y,Y,N,N,2026-04-15,http://www.healthspace.ca/fha/childcare,N,Y,N,Everyday Sunshine Childcare<br>Licensed Family<br>604-401-6404<br><br>Vacancy:<br>&nbsp;&nbsp;&nbsp;&nbsp;<36 months: Y<br>&nbsp;&nbsp;&nbsp;&nbsp;30 months -- 5 years: Y<br>&nbsp;&nbsp;&nbsp;&nbsp;Preschool: N<br>&nbsp;&nbsp;&nbsp;&nbsp;Grade 1 - Age 12: N<br>
1281,Licensed Family,Little Beans Daycare,8021 Sykes St,,Mission,V2V 3W3,49.147814,-122.30741,604-751-1869,,,N,N,N,N,N,N,N,N,N,N,N,N,N,N,N,N,N,,,N,N,N,N,N,N,N,N,N,N,N,2026-04-23,,N,Y,N,Little Beans Daycare<br>Licensed Family<br>604-751-1869<br><br>Vacancy:<br>&nbsp;&nbsp;&nbsp;&nbsp;<36 months: N<br>&nbsp;&nbsp;&nbsp;&nbsp;30 months -- 5 years: N<br>&nbsp;&nbsp;&nbsp;&nbsp;Preschool: N<br>&nbsp;&nbsp;&nbsp;&nbsp;Grade 1 - Age 12: N<br>
1282,Licensed Group,Kingcrest Learning Academy,1346 Kingsway,,Vancouver,V5V 3E4,49.250396,-123.07733,604-829-1346,,,Y,N,N,N,N,N,Y,Y,N,Y,Y,Y,Y,Y,Y,Y,Y,Extra fee,Extra fee,Y,Y,Y,N,Y,Y,Y,N,N,N,N,2026-05-20,https://inspections.vcha.ca/ChildCare/Table,N,Y,Y,Kingcrest Learning Academy<br>Licensed Group<br>604-829-1346<br><br>Vacancy:<br>&nbsp;&nbsp;&nbsp;&nbsp;<36 months: N<br>&nbsp;&nbsp;&nbsp;&nbsp;30 months -- 5 years: N<br>&nbsp;&nbsp;&nbsp;&nbsp;Preschool: N<br>&nbsp;&nbsp;&nbsp;&nbsp;Grade 1 - Age 12: N<br>
1283,Licensed Family,Woodland Family Daycare,331 Chestnut Ave,,Harrison Hot Springs,V0M 1K0,49.295776,-121.780856,604-240-0299,,,N,N,N,N,N,N,N,N,N,N,N,N,N,N,N,N,N,,,N,N,N,N,N,N,N,N,Y,N,Y,2026-05-18,http://www.healthspace.ca/fha/childcare,N,Y,N,Woodland Family Daycare<br>Licensed Family<br>604-240-0299<br><br>Vacancy:<br>&nbsp;&nbsp;&nbsp;&nbsp;<36 months: N<br>&nbsp;&nbsp;&nbsp;&nbsp;30 months -- 5 years: Y<br>&nbsp;&nbsp;&nbsp;&nbsp;Preschool: N<br>&nbsp;&nbsp;&nbsp;&nbsp;Grade 1 - Age 12: Y<br>
1284,Licensed Family,Pari Family Day Care,8353 168 St,,Surrey,V4N 3H5,49.154588,-122.756982,604-307-9992,,,Y,Y,Y,Y,Y,Y,Y,Y,N,Y,Y,N,N,N,N,N,N,Included in fee,Include in fee,N,N,N,N,N,N,N,Y,Y,N,N,2026-04-21,http://www.healthspace.ca/fha/childcare,N,Y,N,Pari Family Day Care<br>Licensed Family<br>604-307-9992<br><br>Vacancy:<br>&nbsp;&nbsp;&nbsp;&nbsp;<36 months: Y<br>&nbsp;&nbsp;&nbsp;&nbsp;30 months -- 5 years: Y<br>&nbsp;&nbsp;&nbsp;&nbsp;Preschool: N<br>&nbsp;&nbsp;&nbsp;&nbsp;Grade 1 - Age 12: N<br>
1285,Licensed Family,Foccus Kids Family Child Care,47-6670 Rumble St,,Burnaby,V5E 4L4,49.213859,-122.96487,778-866-0721,,,N,N,N,N,N,N,N,N,N,N,N,N,N,N,N,N,N,,,N,N,N,N,N,N,N,N,Y,N,Y,2026-05-20,http://www.healthspace.ca/fha/childcare,N,Y,N,Foccus Kids Family Child Care<br>Licensed Family<br>778-866-0721<br><br>Vacancy:<br>&nbsp;&nbsp;&nbsp;&nbsp;<36 months: N<br>&nbsp;&nbsp;&nbsp;&nbsp;30 months -- 5 years: Y<br>&nbsp;&nbsp;&nbsp;&nbsp;Preschool: N<br>&nbsp;&nbsp;&nbsp;&nbsp;Grade 1 - Age 12: Y<br>
1286,Licensed Group,East Village Kids Group Child Care,19 N Renfrew St,,Vancouver,V5K 3N6,49.285163,-123.044155,604-215-0839,,,N,N,N,N,N,N,N,N,N,N,N,N,N,N,N,N,N,,,N,N,N,N,N,N,N,N,N,N,N,2026-04-24,https://inspections.vcha.ca/ChildCare/Table,N,Y,Y,East Village Kids Group Child Care<br>Licensed Group<br>604-215-0839<br><br>Vacancy:<br>&nbsp;&nbsp;&nbsp;&nbsp;<36 months: N<br>&nbsp;&nbsp;&nbsp;&nbsp;30 months -- 5 years: N<br>&nbsp;&nbsp;&nbsp;&nbsp;Preschool: N<br>&nbsp;&nbsp;&nbsp;&nbsp;Grade 1 - Age 12: N<br>
1287,Licensed Group,East Village Kids Group Child Care,19 N Renfrew St,,Vancouver,V5K 3N6,49.285163,-123.044155,604-215-0839,,,N,N,N,N,N,N,N,N,N,N,N,N,N,N,N,N,N,,,N,N,N,N,N,N,N,N,N,Y,N,2026-04-24,https://inspections.vcha.ca/ChildCare/Table,N,Y,Y,East Village Kids Group Child Care<br>Licensed Group<br>604-215-0839<br><br>Vacancy:<br>&nbsp;&nbsp;&nbsp;&nbsp;<36 months: N<br>&nbsp;&nbsp;&nbsp;&nbsp;30 months -- 5 years: N<br>&nbsp;&nbsp;&nbsp;&nbsp;Preschool: Y<br>&nbsp;&nbsp;&nbsp;&nbsp;Grade 1 - Age 12: N<br>
1288,Licensed Group,Metrotown Daycare,7250 Dow Ave,,Burnaby,V5J 3X4,49.217879,-123.0026,778-872-1239,,,N,N,N,N,N,N,N,N,N,N,N,N,N,N,N,N,N,,,N,N,N,N,N,N,N,Y,Y,N,N,2026-05-03,http://www.healthspace.ca/fha/childcare,N,Y,N,Metrotown Daycare<br>Licensed Group<br>778-872-1239<br><br>Vacancy:<br>&nbsp;&nbsp;&nbsp;&nbsp;<36 months: Y<br>&nbsp;&nbsp;&nbsp;&nbsp;30 months -- 5 years: Y<br>&nbsp;&nbsp;&nbsp;&nbsp;Preschool: N<br>&nbsp;&nbsp;&nbsp;&nbsp;Grade 1 - Age 12: N<br>
1289,Licensed Group,Rothewood Academy White Rock,106-1715 152 St,,Surrey,V4A 4N3,49.033243,-122.801655,604-710-7510,,,N,N,N,N,N,N,N,N,N,N,N,N,N,N,N,N,N,,,N,N,N,N,N,N,N,Y,Y,N,N,2026-05-21,http://www.healthspace.ca/fha/childcare,N,Y,N,Rothewood Academy White Rock<br>Licensed Group<br>604-710-7510<br><br>Vacancy:<br>&nbsp;&nbsp;&nbsp;&nbsp;<36 months: Y<br>&nbsp;&nbsp;&nbsp;&nbsp;30 months -- 5 years: Y<br>&nbsp;&nbsp;&nbsp;&nbsp;Preschool: N<br>&nbsp;&nbsp;&nbsp;&nbsp;Grade 1 - Age 12: N<br>
1290,Licensed Family,Marble Hill Childcare,7105B Tahoma Pl,,Chilliwack,V4Z 0E1,49.131184,-121.834882,778-240-1578,,,N,N,N,N,N,N,N,N,N,N,N,N,N,N,N,N,N,,,N,N,N,N,N,N,N,N,Y,N,N,2026-04-29,http://www.healthspace.ca/fha/childcare,N,Y,N,Marble Hill Childcare<br>Licensed Family<br>778-240-1578<br><br>Vacancy:<br>&nbsp;&nbsp;&nbsp;&nbsp;<36 months: N<br>&nbsp;&nbsp;&nbsp;&nbsp;30 months -- 5 years: Y<br>&nbsp;&nbsp;&nbsp;&nbsp;Preschool: N<br>&nbsp;&nbsp;&nbsp;&nbsp;Grade 1 - Age 12: N<br>
1291,Licensed Group,Bgc South Vancouver Island - Metchosin Club,3900 Metchosin Rd,,Victoria,V9C 4A5,48.396344,-123.514517,250-661-7438,,,N,N,N,N,N,N,N,N,N,N,N,N,N,N,N,N,N,,,N,N,N,N,N,N,N,N,N,N,N,2026-05-06,https://www.healthspace.ca/clients/viha/viha_website.nsf/CCFL-Main?OpenView,N,Y,N,Bgc South Vancouver Island - Metchosin Club<br>Licensed Group<br>250-661-7438<br><br>Vacancy:<br>&nbsp;&nbsp;&nbsp;&nbsp;<36 months: N<br>&nbsp;&nbsp;&nbsp;&nbsp;30 months -- 5 years: N<br>&nbsp;&nbsp;&nbsp;&nbsp;Preschool: N<br>&nbsp;&nbsp;&nbsp;&nbsp;Grade 1 - Age 12: N<br>
1292,Licensed Family,Little Stars Daycare,14235 61A Ave,,Surrey,V3X 0E5,49.114346,-122.827734,604-593-3998,,,Y,N,N,N,N,N,Y,Y,N,Y,Y,N,Y,N,N,N,Y,Not offered,Include in fee,N,N,N,N,N,N,N,N,Y,N,N,2026-05-15,http://www.healthspace.ca/fha/childcare,N,Y,N,Little Stars Daycare<br>Licensed Family<br>604-593-3998<br><br>Vacancy:<br>&nbsp;&nbsp;&nbsp;&nbsp;<36 months: N<br>&nbsp;&nbsp;&nbsp;&nbsp;30 months -- 5 years: Y<br>&nbsp;&nbsp;&nbsp;&nbsp;Preschool: N<br>&nbsp;&nbsp;&nbsp;&nbsp;Grade 1 - Age 12: N<br>
1293,Licensed Group,A & Z Daycare Ltd.,14242 61A Ave,,Surrey,V3X 0E5,49.11416,-122.827528,604-512-0289,,,N,N,N,N,N,N,N,N,N,N,N,N,N,N,N,N,N,,,N,N,N,N,N,N,N,N,N,N,Y,2026-05-15,http://www.healthspace.ca/fha/childcare,N,Y,N,A & Z Daycare Ltd.<br>Licensed Group<br>604-512-0289<br><br>Vacancy:<br>&nbsp;&nbsp;&nbsp;&nbsp;<36 months: N<br>&nbsp;&nbsp;&nbsp;&nbsp;30 months -- 5 years: N<br>&nbsp;&nbsp;&nbsp;&nbsp;Preschool: N<br>&nbsp;&nbsp;&nbsp;&nbsp;Grade 1 - Age 12: Y<br>
1294,Licensed Family,Cub Club Childcare,5861 Parkway Dr,,Nanaimo,V9V 1E7,49.235699,-124.016792,250-668-9984,,,N,N,N,N,N,N,N,N,N,N,N,N,N,N,N,N,N,,,N,N,N,N,N,N,N,N,N,N,N,2026-05-15,https://www.healthspace.ca/clients/viha/viha_website.nsf/CCFL-Main?OpenView,N,Y,N,Cub Club Childcare<br>Licensed Family<br>250-668-9984<br><br>Vacancy:<br>&nbsp;&nbsp;&nbsp;&nbsp;<36 months: N<br>&nbsp;&nbsp;&nbsp;&nbsp;30 months -- 5 years: N<br>&nbsp;&nbsp;&nbsp;&nbsp;Preschool: N<br>&nbsp;&nbsp;&nbsp;&nbsp;Grade 1 - Age 12: N<br>
1295,Licensed Family,Bon Debut Family Child Care,6593 Wales St,,Vancouver,V5S 2R4,49.22334,-123.052967,778-379-9046,,,N,N,N,N,N,N,N,N,N,N,N,N,N,N,N,N,N,,,N,N,N,N,N,N,N,N,N,N,N,2026-04-30,,N,Y,N,Bon Debut Family Child Care<br>Licensed Family<br>778-379-9046<br><br>Vacancy:<br>&nbsp;&nbsp;&nbsp;&nbsp;<36 months: N<br>&nbsp;&nbsp;&nbsp;&nbsp;30 months -- 5 years: N<br>&nbsp;&nbsp;&nbsp;&nbsp;Preschool: N<br>&nbsp;&nbsp;&nbsp;&nbsp;Grade 1 - Age 12: N<br>
1296,Licensed Group,Casa Mia Childcare,629 Battle St,,Kamloops,V2C 2M4,50.672982,-120.326219,250-828-6675,,,N,N,N,N,N,N,N,N,N,N,N,N,N,N,N,N,N,,,N,N,N,N,N,N,N,N,N,N,N,2026-04-30,https://hedgehogportal.interiorhealth.ca/ChildCare/Map,N,Y,N,Casa Mia Childcare<br>Licensed Group<br>250-828-6675<br><br>Vacancy:<br>&nbsp;&nbsp;&nbsp;&nbsp;<36 months: N<br>&nbsp;&nbsp;&nbsp;&nbsp;30 months -- 5 years: N<br>&nbsp;&nbsp;&nbsp;&nbsp;Preschool: N<br>&nbsp;&nbsp;&nbsp;&nbsp;Grade 1 - Age 12: N<br>
1297,Licensed Family,Parkridge Early Learning Centre,5264 Park Dr,,Prince George,V2N 5M8,53.847139,-122.814219,250-565-7543,,,N,N,N,N,N,N,N,N,N,N,N,N,N,N,N,N,N,,,N,N,N,N,N,N,N,N,N,N,N,2026-05-15,https://www.healthspace.ca/Clients/NHA/NHA_Website.nsf/CCFL-Frameset,N,Y,N,Parkridge Early Learning Centre<br>Licensed Family<br>250-565-7543<br><br>Vacancy:<br>&nbsp;&nbsp;&nbsp;&nbsp;<36 months: N<br>&nbsp;&nbsp;&nbsp;&nbsp;30 months -- 5 years: N<br>&nbsp;&nbsp;&nbsp;&nbsp;Preschool: N<br>&nbsp;&nbsp;&nbsp;&nbsp;Grade 1 - Age 12: N<br>
1298,Licensed Group,Learn N' Play North Langley,2-9497 201 St,,Langley,V1M 4A5,49.175086,-122.665183,604-389-2049,,,N,N,N,N,N,N,N,N,N,N,N,N,N,N,N,N,N,,,N,N,N,N,N,N,N,N,N,N,N,2026-05-13,http://www.healthspace.ca/fha/childcare,N,Y,N,Learn N' Play North Langley<br>Licensed Group<br>604-389-2049<br><br>Vacancy:<br>&nbsp;&nbsp;&nbsp;&nbsp;<36 months: N<br>&nbsp;&nbsp;&nbsp;&nbsp;30 months -- 5 years: N<br>&nbsp;&nbsp;&nbsp;&nbsp;Preschool: N<br>&nbsp;&nbsp;&nbsp;&nbsp;Grade 1 - Age 12: N<br>
1299,Licensed Family,Just For Kids,19648 Cedar Lane,,Pitt Meadows,V3Y 2E4,49.223239,-122.676841,778-928-8099,,,N,N,N,N,N,N,N,N,N,N,N,N,N,N,N,N,N,,,N,N,N,N,N,N,N,N,N,N,N,2026-05-15,http://www.healthspace.ca/fha/childcare,N,Y,N,Just For Kids<br>Licensed Family<br>778-928-8099<br><br>Vacancy:<br>&nbsp;&nbsp;&nbsp;&nbsp;<36 months: N<br>&nbsp;&nbsp;&nbsp;&nbsp;30 months -- 5 years: N<br>&nbsp;&nbsp;&nbsp;&nbsp;Preschool: N<br>&nbsp;&nbsp;&nbsp;&nbsp;Grade 1 - Age 12: N<br>
1300,Licensed Family,Keep Smiling Childcare,2120 Boxwood Rd,,Nanaimo,V9S 5J1,49.190312,-123.996463,250-616-2923,,,N,N,N,N,N,N,N,N,N,N,N,N,N,N,N,N,N,,,N,N,N,N,N,N,N,N,N,N,N,2026-05-15,https://www.healthspace.ca/clients/viha/viha_website.nsf/CCFL-Main?OpenView,N,Y,N,Keep Smiling Childcare<br>Licensed Family<br>250-616-2923<br><br>Vacancy:<br>&nbsp;&nbsp;&nbsp;&nbsp;<36 months: N<br>&nbsp;&nbsp;&nbsp;&nbsp;30 months -- 5 years: N<br>&nbsp;&nbsp;&nbsp;&nbsp;Preschool: N<br>&nbsp;&nbsp;&nbsp;&nbsp;Grade 1 - Age 12: N<br>
1301,Licensed Group,Tulip Childcare Center,427 E Columbia St,,New Westminster,V3L 3X4,49.22951,-122.893142,604-360-5556,,,N,N,N,N,N,N,N,N,N,N,N,N,N,N,N,N,N,,,N,N,N,N,N,N,N,N,Y,N,N,2026-05-14,http://www.healthspace.ca/fha/childcare,N,Y,N,Tulip Childcare Center<br>Licensed Group<br>604-360-5556<br><br>Vacancy:<br>&nbsp;&nbsp;&nbsp;&nbsp;<36 months: N<br>&nbsp;&nbsp;&nbsp;&nbsp;30 months -- 5 years: Y<br>&nbsp;&nbsp;&nbsp;&nbsp;Preschool: N<br>&nbsp;&nbsp;&nbsp;&nbsp;Grade 1 - Age 12: N<br>
1302,Licensed Group,Organic Early Learning,7535 Sixth St,,Burnaby,V4N 3M2,49.223231,-122.93344,604-765-9982,,,N,N,N,N,N,N,N,N,N,N,N,N,N,N,N,N,N,,,N,N,N,N,N,N,N,Y,Y,N,N,2026-05-20,http://www.healthspace.ca/fha/childcare,N,Y,N,Organic Early Learning<br>Licensed Group<br>604-765-9982<br><br>Vacancy:<br>&nbsp;&nbsp;&nbsp;&nbsp;<36 months: Y<br>&nbsp;&nbsp;&nbsp;&nbsp;30 months -- 5 years: Y<br>&nbsp;&nbsp;&nbsp;&nbsp;Preschool: N<br>&nbsp;&nbsp;&nbsp;&nbsp;Grade 1 - Age 12: N<br>
1303,Licensed Group,Lil' Grownups Daycare,947 Blue Mountain St,,Coquitlam,V3J 4S9,49.267472,-122.868174,778-960-8652,,,N,N,N,N,N,N,N,N,N,N,N,N,N,N,N,N,N,,,N,N,N,N,N,N,N,N,N,N,N,2026-05-15,http://www.healthspace.ca/fha/childcare,N,Y,N,Lil' Grownups Daycare<br>Licensed Group<br>778-960-8652<br><br>Vacancy:<br>&nbsp;&nbsp;&nbsp;&nbsp;<36 months: N<br>&nbsp;&nbsp;&nbsp;&nbsp;30 months -- 5 years: N<br>&nbsp;&nbsp;&nbsp;&nbsp;Preschool: N<br>&nbsp;&nbsp;&nbsp;&nbsp;Grade 1 - Age 12: N<br>
1304,Licensed Family,Aida's Daycare,1010 Windsor Pl,,Garibaldi Highlands,V0N 1T0,49.74575,-123.12988,604-898-3234,,,N,N,N,N,N,N,N,N,N,N,N,N,N,N,N,N,N,,,N,N,N,N,N,N,N,N,N,N,N,2026-05-15,https://inspections.vcha.ca/ChildCare/Table,N,Y,N,Aida's Daycare<br>Licensed Family<br>604-898-3234<br><br>Vacancy:<br>&nbsp;&nbsp;&nbsp;&nbsp;<36 months: N<br>&nbsp;&nbsp;&nbsp;&nbsp;30 months -- 5 years: N<br>&nbsp;&nbsp;&nbsp;&nbsp;Preschool: N<br>&nbsp;&nbsp;&nbsp;&nbsp;Grade 1 - Age 12: N<br>
1305,Licensed Group,Little Dandelions Childcare Centre Ltd.,10507 101 Ave,,Fort St. John,V1J 2B7,56.247244,-120.85615,250-794-0652,,,N,N,N,N,N,N,N,N,N,N,N,N,N,N,N,N,N,,,N,N,N,N,N,N,N,N,N,N,N,2026-05-15,https://www.healthspace.ca/Clients/NHA/NHA_Website.nsf/CCFL-Frameset,N,Y,N,Little Dandelions Childcare Centre Ltd.<br>Licensed Group<br>250-794-0652<br><br>Vacancy:<br>&nbsp;&nbsp;&nbsp;&nbsp;<36 months: N<br>&nbsp;&nbsp;&nbsp;&nbsp;30 months -- 5 years: N<br>&nbsp;&nbsp;&nbsp;&nbsp;Preschool: N<br>&nbsp;&nbsp;&nbsp;&nbsp;Grade 1 - Age 12: N<br>
1306,Licensed Group,Silver Ridge Montessori,8376 170Th St,,Surrey,V4N 4V2,49.15488,-122.751122,604-315-1085,,,N,N,N,N,N,N,N,N,N,N,N,N,N,N,N,N,N,,,N,N,N,N,N,N,N,Y,Y,N,N,2026-05-14,http://www.healthspace.ca/fha/childcare,N,Y,N,Silver Ridge Montessori<br>Licensed Group<br>604-315-1085<br><br>Vacancy:<br>&nbsp;&nbsp;&nbsp;&nbsp;<36 months: Y<br>&nbsp;&nbsp;&nbsp;&nbsp;30 months -- 5 years: Y<br>&nbsp;&nbsp;&nbsp;&nbsp;Preschool: N<br>&nbsp;&nbsp;&nbsp;&nbsp;Grade 1 - Age 12: N<br>
1307,Licensed Group,Almosthome Seaside,5229 Sooke Rd,,Sooke,V9Z 1J6,48.388234,-123.643235,250-590-7666,,,N,N,N,N,N,N,N,N,N,N,N,N,N,N,N,N,N,,,N,N,N,N,N,N,N,N,N,N,N,2026-04-29,https://www.healthspace.ca/clients/viha/viha_website.nsf/CCFL-Main?OpenView,N,Y,N,Almosthome Seaside<br>Licensed Group<br>250-590-7666<br><br>Vacancy:<br>&nbsp;&nbsp;&nbsp;&nbsp;<36 months: N<br>&nbsp;&nbsp;&nbsp;&nbsp;30 months -- 5 years: N<br>&nbsp;&nbsp;&nbsp;&nbsp;Preschool: N<br>&nbsp;&nbsp;&nbsp;&nbsp;Grade 1 - Age 12: N<br>
1308,Licensed Group,Creek Angels Daycare Inc.,14006 92Nd Ave,,Surrey,V3V 1J5,49.169954,-122.834279,236-978-1424,,,N,N,N,N,N,N,N,N,N,N,N,N,N,N,N,N,N,Extra fee,Extra fee,N,N,N,N,N,N,N,Y,Y,N,Y,2026-05-15,http://www.healthspace.ca/fha/childcare,N,Y,N,Creek Angels Daycare Inc.<br>Licensed Group<br>236-978-1424<br><br>Vacancy:<br>&nbsp;&nbsp;&nbsp;&nbsp;<36 months: Y<br>&nbsp;&nbsp;&nbsp;&nbsp;30 months -- 5 years: Y<br>&nbsp;&nbsp;&nbsp;&nbsp;Preschool: N<br>&nbsp;&nbsp;&nbsp;&nbsp;Grade 1 - Age 12: Y<br>
1309,Licensed Group,Bee Yourself Childcare,20555 56Th Ave,,Langley,V3A 3Y9,49.105239,-122.652507,604-619-9711,,,N,N,N,N,N,N,N,N,N,N,N,N,N,N,N,N,N,,,N,N,N,N,N,N,N,N,N,N,N,2026-05-14,http://www.healthspace.ca/fha/childcare,N,Y,N,Bee Yourself Childcare<br>Licensed Group<br>604-619-9711<br><br>Vacancy:<br>&nbsp;&nbsp;&nbsp;&nbsp;<36 months: N<br>&nbsp;&nbsp;&nbsp;&nbsp;30 months -- 5 years: N<br>&nbsp;&nbsp;&nbsp;&nbsp;Preschool: N<br>&nbsp;&nbsp;&nbsp;&nbsp;Grade 1 - Age 12: N<br>
1310,Licensed Family,Mission Stars Childcare Centre,32222 14Th Ave,,Mission,V2V 2N7,49.147166,-122.332196,778-246-1539,https://ishmavi.wixsite.com/missionstarschildcar,,N,N,N,N,N,N,N,N,N,N,N,N,N,N,N,N,N,,,N,N,N,N,N,N,N,Y,Y,N,N,2026-05-19,http://www.healthspace.ca/fha/childcare,N,Y,N,Mission Stars Childcare Centre<br>Licensed Family<br>778-246-1539<br><br>Vacancy:<br>&nbsp;&nbsp;&nbsp;&nbsp;<36 months: Y<br>&nbsp;&nbsp;&nbsp;&nbsp;30 months -- 5 years: Y<br>&nbsp;&nbsp;&nbsp;&nbsp;Preschool: N<br>&nbsp;&nbsp;&nbsp;&nbsp;Grade 1 - Age 12: N<br>
1311,Licensed Group,Qas Out Of School Care,821 Fairfax St,,Coquitlam,V3J 5K7,49.264637,-122.854734,604-939-1741,,,N,N,N,N,N,N,N,N,N,N,N,N,N,N,N,N,N,,,N,N,N,N,N,N,N,N,N,N,N,2026-05-04,http://www.healthspace.ca/fha/childcare,N,N,N,Qas Out Of School Care<br>Licensed Group<br>604-939-1741<br><br>Vacancy:<br>&nbsp;&nbsp;&nbsp;&nbsp;<36 months: N<br>&nbsp;&nbsp;&nbsp;&nbsp;30 months -- 5 years: N<br>&nbsp;&nbsp;&nbsp;&nbsp;Preschool: N<br>&nbsp;&nbsp;&nbsp;&nbsp;Grade 1 - Age 12: N<br>
1312,Licensed Family,Seven Senses Nature Learning School,5431 5B Ave,,Delta,V4M 1K6,49.013183,-123.073212,778-898-0103,,,Y,N,N,N,N,N,Y,Y,N,Y,N,N,N,N,Y,N,N,Not offered,Not offered,N,N,N,N,N,Y,Y,N,Y,N,N,2026-04-26,http://www.healthspace.ca/fha/childcare,N,Y,N,Seven Senses Nature Learning School<br>Licensed Family<br>778-898-0103<br><br>Vacancy:<br>&nbsp;&nbsp;&nbsp;&nbsp;<36 months: N<br>&nbsp;&nbsp;&nbsp;&nbsp;30 months -- 5 years: Y<br>&nbsp;&nbsp;&nbsp;&nbsp;Preschool: N<br>&nbsp;&nbsp;&nbsp;&nbsp;Grade 1 - Age 12: N<br>
1313,Licensed Group,The King's Early Learning Centre,21783 76B Ave,,Langley,V2Y 2S5,49.144772,-122.617286,604-888-0969,,,N,N,N,N,N,N,N,N,N,N,N,N,N,N,N,N,N,,,N,N,N,N,N,N,N,N,N,Y,N,2026-05-01,http://www.healthspace.ca/fha/childcare,N,Y,N,The King's Early Learning Centre<br>Licensed Group<br>604-888-0969<br><br>Vacancy:<br>&nbsp;&nbsp;&nbsp;&nbsp;<36 months: N<br>&nbsp;&nbsp;&nbsp;&nbsp;30 months -- 5 years: N<br>&nbsp;&nbsp;&nbsp;&nbsp;Preschool: Y<br>&nbsp;&nbsp;&nbsp;&nbsp;Grade 1 - Age 12: N<br>
1314,Licensed Family,Natural Beginnings Childcare,310 Hillaby Ave,,Kelowna,V1X 6G2,49.906613,-119.391119,250-801-2167,,,N,N,N,N,N,N,N,N,N,N,N,N,N,N,N,N,N,,,N,N,N,N,N,N,N,Y,Y,N,N,2026-05-02,https://hedgehogportal.interiorhealth.ca/ChildCare/Map,N,Y,N,Natural Beginnings Childcare<br>Licensed Family<br>250-801-2167<br><br>Vacancy:<br>&nbsp;&nbsp;&nbsp;&nbsp;<36 months: Y<br>&nbsp;&nbsp;&nbsp;&nbsp;30 months -- 5 years: Y<br>&nbsp;&nbsp;&nbsp;&nbsp;Preschool: N<br>&nbsp;&nbsp;&nbsp;&nbsp;Grade 1 - Age 12: N<br>
1315,Licensed Family,Little Bubble's Daycare,2689 Wildwood Dr,,Langley,V2Y 1G2,49.122837,-122.668955,778-898-5100,,,N,N,N,N,N,N,N,N,N,N,N,N,N,N,N,N,N,,,N,N,N,N,N,N,N,N,Y,N,N,2026-05-14,http://www.healthspace.ca/fha/childcare,N,Y,N,Little Bubble's Daycare<br>Licensed Family<br>778-898-5100<br><br>Vacancy:<br>&nbsp;&nbsp;&nbsp;&nbsp;<36 months: N<br>&nbsp;&nbsp;&nbsp;&nbsp;30 months -- 5 years: Y<br>&nbsp;&nbsp;&nbsp;&nbsp;Preschool: N<br>&nbsp;&nbsp;&nbsp;&nbsp;Grade 1 - Age 12: N<br>
1316,Licensed Group,In The Garden Childcare Center,1660 Mills Rd,,North Saanich,V8L 5S9,48.655758,-123.430057,250-216-9358,,,N,N,N,N,N,N,N,N,N,N,N,N,N,N,N,N,N,,,N,N,N,N,N,N,N,N,N,N,N,2026-05-15,https://www.healthspace.ca/clients/viha/viha_website.nsf/CCFL-Main?OpenView,N,Y,N,In The Garden Childcare Center<br>Licensed Group<br>250-216-9358<br><br>Vacancy:<br>&nbsp;&nbsp;&nbsp;&nbsp;<36 months: N<br>&nbsp;&nbsp;&nbsp;&nbsp;30 months -- 5 years: N<br>&nbsp;&nbsp;&nbsp;&nbsp;Preschool: N<br>&nbsp;&nbsp;&nbsp;&nbsp;Grade 1 - Age 12: N<br>
1317,Licensed Family,Magnolia Early Learning Centre,4687 mclauchlin Dr,,Courtenay,V9N 6J2,49.709757,-124.983939,250-266-7423,,,N,N,N,N,N,N,N,N,N,N,N,N,N,N,N,N,N,,,N,N,N,N,N,N,N,N,N,N,N,2026-05-15,https://www.healthspace.ca/clients/viha/viha_website.nsf/CCFL-Main?OpenView,N,Y,N,Magnolia Early Learning Centre<br>Licensed Family<br>250-266-7423<br><br>Vacancy:<br>&nbsp;&nbsp;&nbsp;&nbsp;<36 months: N<br>&nbsp;&nbsp;&nbsp;&nbsp;30 months -- 5 years: N<br>&nbsp;&nbsp;&nbsp;&nbsp;Preschool: N<br>&nbsp;&nbsp;&nbsp;&nbsp;Grade 1 - Age 12: N<br>
1318,Licensed Family,Stars Of The Sky Child Care Ltd.,34790 Laburnum Ave,,Abbotsford,V2S 5N4,49.063871,-122.261002,604-854-8007,www.childcarestarsofthesky.com,,N,N,N,N,N,N,N,N,N,N,N,N,N,N,N,N,N,,,N,N,N,N,N,N,N,N,N,N,N,2026-05-15,http://www.healthspace.ca/fha/childcare,N,Y,N,Stars Of The Sky Child Care Ltd.<br>Licensed Family<br>604-854-8007<br><br>Vacancy:<br>&nbsp;&nbsp;&nbsp;&nbsp;<36 months: N<br>&nbsp;&nbsp;&nbsp;&nbsp;30 months -- 5 years: N<br>&nbsp;&nbsp;&nbsp;&nbsp;Preschool: N<br>&nbsp;&nbsp;&nbsp;&nbsp;Grade 1 - Age 12: N<br>
1319,Licensed Group,Little Peak Childcare Inc.,1534 Depot Rd,,Brackendale,V0N 1H0,49.765463,-123.143633,604-360-6214,,,N,N,N,N,N,N,N,N,N,N,N,N,N,N,N,N,N,,,N,N,N,N,N,N,N,N,N,N,N,2026-04-22,https://inspections.vcha.ca/ChildCare/Table,N,Y,N,Little Peak Childcare Inc.<br>Licensed Group<br>604-360-6214<br><br>Vacancy:<br>&nbsp;&nbsp;&nbsp;&nbsp;<36 months: N<br>&nbsp;&nbsp;&nbsp;&nbsp;30 months -- 5 years: N<br>&nbsp;&nbsp;&nbsp;&nbsp;Preschool: N<br>&nbsp;&nbsp;&nbsp;&nbsp;Grade 1 - Age 12: N<br>
1320,Licensed Group,Glenmore Little Bears Early Years Centre,1603 Sonora Dr,,Kelowna,V1Y 8Z2,49.89998,-119.463254,250-808-5216,,,N,N,N,N,N,N,N,N,N,N,N,N,N,N,N,N,N,,,N,N,N,N,N,N,N,N,N,N,N,2026-05-06,https://hedgehogportal.interiorhealth.ca/ChildCare/Map,N,Y,N,Glenmore Little Bears Early Years Centre<br>Licensed Group<br>250-808-5216<br><br>Vacancy:<br>&nbsp;&nbsp;&nbsp;&nbsp;<36 months: N<br>&nbsp;&nbsp;&nbsp;&nbsp;30 months -- 5 years: N<br>&nbsp;&nbsp;&nbsp;&nbsp;Preschool: N<br>&nbsp;&nbsp;&nbsp;&nbsp;Grade 1 - Age 12: N<br>
1321,Licensed Group,Kids Connection Uplands,145 Middle Bench Rd S,,Penticton,V2A 8S7,49.501995,-119.575732,250-488-6331,,,N,N,N,N,N,N,N,N,N,N,N,N,N,N,N,N,N,,,N,N,N,N,N,N,N,N,N,N,N,2026-05-15,https://hedgehogportal.interiorhealth.ca/ChildCare/Map,N,Y,N,Kids Connection Uplands<br>Licensed Group<br>250-488-6331<br><br>Vacancy:<br>&nbsp;&nbsp;&nbsp;&nbsp;<36 months: N<br>&nbsp;&nbsp;&nbsp;&nbsp;30 months -- 5 years: N<br>&nbsp;&nbsp;&nbsp;&nbsp;Preschool: N<br>&nbsp;&nbsp;&nbsp;&nbsp;Grade 1 - Age 12: N<br>
1322,Licensed Family,"Play, Learn And Grow Childcare",1690 La Gorda Place,,Shawnigan Lake,V0R 2W0,48.65336,-123.61694,250-514-1557,,,N,N,N,N,N,N,N,N,N,N,N,N,N,N,N,N,N,,,N,N,N,N,N,N,N,N,N,N,N,2026-05-15,https://www.healthspace.ca/clients/viha/viha_website.nsf/CCFL-Main?OpenView,N,Y,N,"Play, Learn And Grow Childcare<br>Licensed Family<br>250-514-1557<br><br>Vacancy:<br>&nbsp;&nbsp;&nbsp;&nbsp;<36 months: N<br>&nbsp;&nbsp;&nbsp;&nbsp;30 months -- 5 years: N<br>&nbsp;&nbsp;&nbsp;&nbsp;Preschool: N<br>&nbsp;&nbsp;&nbsp;&nbsp;Grade 1 - Age 12: N<br>"
1323,Licensed Family,Shining Stars Family Daycare,46706 Teton Ave,,Chilliwack,V2P 6M4,49.193089,-121.932173,604-845-1538,,,N,N,N,N,N,N,N,N,N,N,N,N,N,N,N,N,N,,,N,N,N,N,N,N,N,N,Y,N,Y,2026-05-15,http://www.healthspace.ca/fha/childcare,N,Y,N,Shining Stars Family Daycare<br>Licensed Family<br>604-845-1538<br><br>Vacancy:<br>&nbsp;&nbsp;&nbsp;&nbsp;<36 months: N<br>&nbsp;&nbsp;&nbsp;&nbsp;30 months -- 5 years: Y<br>&nbsp;&nbsp;&nbsp;&nbsp;Preschool: N<br>&nbsp;&nbsp;&nbsp;&nbsp;Grade 1 - Age 12: Y<br>
1324,Licensed Group,Little Steps Learning Centre,438 Braemar Rd E,,North Vancouver,V7N 1R1,49.344617,-123.063924,778-319-5951,,,N,N,N,N,N,N,N,N,N,N,N,N,N,N,N,N,N,,,N,N,N,N,N,N,N,N,N,N,N,2026-05-11,https://inspections.vcha.ca/ChildCare/Table,N,Y,N,Little Steps Learning Centre<br>Licensed Group<br>778-319-5951<br><br>Vacancy:<br>&nbsp;&nbsp;&nbsp;&nbsp;<36 months: N<br>&nbsp;&nbsp;&nbsp;&nbsp;30 months -- 5 years: N<br>&nbsp;&nbsp;&nbsp;&nbsp;Preschool: N<br>&nbsp;&nbsp;&nbsp;&nbsp;Grade 1 - Age 12: N<br>
1325,Licensed Group,Bumble And Bean Daycare And Out-Of-School Program,779 Franklin Rd,,Kamloops,V2B 6G7,50.751018,-120.353541,250-319-2013,,,N,N,N,N,N,N,N,N,N,N,N,N,N,N,N,N,N,,,N,N,N,N,N,N,N,N,N,N,Y,2026-05-19,https://hedgehogportal.interiorhealth.ca/ChildCare/Map,N,Y,N,Bumble And Bean Daycare And Out-Of-School Program<br>Licensed Group<br>250-319-2013<br><br>Vacancy:<br>&nbsp;&nbsp;&nbsp;&nbsp;<36 months: N<br>&nbsp;&nbsp;&nbsp;&nbsp;30 months -- 5 years: N<br>&nbsp;&nbsp;&nbsp;&nbsp;Preschool: N<br>&nbsp;&nbsp;&nbsp;&nbsp;Grade 1 - Age 12: Y<br>
1326,Licensed Family,Maggie's Multi-Age Day Home Ltd,212 Hart St,,Nelson,V1L 5N2,49.478276,-117.28636,250-551-3011,,,N,N,N,N,N,N,N,N,N,N,N,N,N,N,N,N,N,,,N,N,N,N,N,N,N,Y,Y,N,N,2026-05-01,https://hedgehogportal.interiorhealth.ca/ChildCare/Map,N,Y,N,Maggie's Multi-Age Day Home Ltd<br>Licensed Family<br>250-551-3011<br><br>Vacancy:<br>&nbsp;&nbsp;&nbsp;&nbsp;<36 months: Y<br>&nbsp;&nbsp;&nbsp;&nbsp;30 months -- 5 years: Y<br>&nbsp;&nbsp;&nbsp;&nbsp;Preschool: N<br>&nbsp;&nbsp;&nbsp;&nbsp;Grade 1 - Age 12: N<br>
1327,Licensed Family,Rainbow Bunnies,536 Amess St,,New Westminster,V3L 4A9,49.233989,-122.896659,778-836-1247,,,N,N,N,N,N,N,N,N,N,N,N,N,N,N,N,N,N,,,N,N,N,N,N,N,N,N,N,N,N,2026-05-19,http://www.healthspace.ca/fha/childcare,N,Y,N,Rainbow Bunnies<br>Licensed Family<br>778-836-1247<br><br>Vacancy:<br>&nbsp;&nbsp;&nbsp;&nbsp;<36 months: N<br>&nbsp;&nbsp;&nbsp;&nbsp;30 months -- 5 years: N<br>&nbsp;&nbsp;&nbsp;&nbsp;Preschool: N<br>&nbsp;&nbsp;&nbsp;&nbsp;Grade 1 - Age 12: N<br>
1328,Licensed Group,Hands On Playcare (Hop),4542 Park Ave,,Terrace,V8G 1V4,54.518244,-128.585439,250-631-7516,,,N,N,N,N,N,N,N,N,N,N,N,N,N,N,N,N,N,,,N,N,N,N,N,N,N,N,N,N,N,2026-05-15,https://www.healthspace.ca/Clients/NHA/NHA_Website.nsf/CCFL-Frameset,N,Y,N,Hands On Playcare (Hop)<br>Licensed Group<br>250-631-7516<br><br>Vacancy:<br>&nbsp;&nbsp;&nbsp;&nbsp;<36 months: N<br>&nbsp;&nbsp;&nbsp;&nbsp;30 months -- 5 years: N<br>&nbsp;&nbsp;&nbsp;&nbsp;Preschool: N<br>&nbsp;&nbsp;&nbsp;&nbsp;Grade 1 - Age 12: N<br>
1329,Licensed Group,Nurture Early Childhood Education Centre,1008 Russell St,,Victoria,V9A 3X9,48.435647,-123.387665,250-812-0292,,,N,N,N,N,N,N,N,N,N,N,N,N,N,N,N,N,N,,,N,N,N,N,N,N,N,N,N,N,N,2026-05-15,https://www.healthspace.ca/clients/viha/viha_website.nsf/CCFL-Main?OpenView,N,Y,N,Nurture Early Childhood Education Centre<br>Licensed Group<br>250-812-0292<br><br>Vacancy:<br>&nbsp;&nbsp;&nbsp;&nbsp;<36 months: N<br>&nbsp;&nbsp;&nbsp;&nbsp;30 months -- 5 years: N<br>&nbsp;&nbsp;&nbsp;&nbsp;Preschool: N<br>&nbsp;&nbsp;&nbsp;&nbsp;Grade 1 - Age 12: N<br>
1330,Licensed Group,Rainbow Angels Infant Toddler Learning Center,5353 Opal Pl,,Richmond,V7C 5B4,49.166382,-123.166566,604-365-8128,,,N,N,N,N,N,N,N,N,N,N,N,N,N,N,N,N,N,,,N,N,N,N,N,N,N,Y,N,N,N,2026-05-15,https://inspections.vcha.ca/ChildCare/Table,N,Y,N,Rainbow Angels Infant Toddler Learning Center<br>Licensed Group<br>604-365-8128<br><br>Vacancy:<br>&nbsp;&nbsp;&nbsp;&nbsp;<36 months: Y<br>&nbsp;&nbsp;&nbsp;&nbsp;30 months -- 5 years: N<br>&nbsp;&nbsp;&nbsp;&nbsp;Preschool: N<br>&nbsp;&nbsp;&nbsp;&nbsp;Grade 1 - Age 12: N<br>
1331,Licensed Group,Little Leaders Childcare Centre,1528 mccallum Rd,,Abbotsford,V2T 3W2,49.030729,-122.292409,604-217-1404,,,N,N,N,N,N,N,N,N,N,N,N,N,N,N,N,N,N,Not offered,Not offered,N,N,N,N,N,N,N,N,N,N,N,2026-05-04,http://www.healthspace.ca/fha/childcare,N,Y,N,Little Leaders Childcare Centre<br>Licensed Group<br>604-217-1404<br><br>Vacancy:<br>&nbsp;&nbsp;&nbsp;&nbsp;<36 months: N<br>&nbsp;&nbsp;&nbsp;&nbsp;30 months -- 5 years: N<br>&nbsp;&nbsp;&nbsp;&nbsp;Preschool: N<br>&nbsp;&nbsp;&nbsp;&nbsp;Grade 1 - Age 12: N<br>
1332,Licensed Family,Creative Path Daycare,6579 133 St,,Surrey,V3W 8E1,49.122373,-122.854666,778-707-6579,,,N,N,N,N,N,N,N,N,N,N,N,N,N,N,N,N,N,,,N,N,N,N,N,N,N,N,N,N,Y,2026-05-07,http://www.healthspace.ca/fha/childcare,N,Y,N,Creative Path Daycare<br>Licensed Family<br>778-707-6579<br><br>Vacancy:<br>&nbsp;&nbsp;&nbsp;&nbsp;<36 months: N<br>&nbsp;&nbsp;&nbsp;&nbsp;30 months -- 5 years: N<br>&nbsp;&nbsp;&nbsp;&nbsp;Preschool: N<br>&nbsp;&nbsp;&nbsp;&nbsp;Grade 1 - Age 12: Y<br>
1333,Licensed Family,Rainbow Daycare,842 Juniper Rd,,Kelowna,V1X 3R9,49.878786,-119.39705,236-338-0444,,,N,N,N,N,N,N,N,N,N,N,N,N,N,N,N,N,N,,,N,N,N,N,N,N,N,N,N,N,N,2026-05-15,https://hedgehogportal.interiorhealth.ca/ChildCare/Map,N,Y,N,Rainbow Daycare<br>Licensed Family<br>236-338-0444<br><br>Vacancy:<br>&nbsp;&nbsp;&nbsp;&nbsp;<36 months: N<br>&nbsp;&nbsp;&nbsp;&nbsp;30 months -- 5 years: N<br>&nbsp;&nbsp;&nbsp;&nbsp;Preschool: N<br>&nbsp;&nbsp;&nbsp;&nbsp;Grade 1 - Age 12: N<br>
1334,Licensed Group,Dragonfly Discovery Children's Centre,818 12Th St,,Invermere,V0A 1K0,50.50464,-116.030617,250-270-0058,,,N,N,N,N,N,N,N,N,N,N,N,N,N,N,N,N,N,,,N,N,N,N,N,N,N,N,Y,N,Y,2026-05-15,https://hedgehogportal.interiorhealth.ca/ChildCare/Map,N,Y,N,Dragonfly Discovery Children's Centre<br>Licensed Group<br>250-270-0058<br><br>Vacancy:<br>&nbsp;&nbsp;&nbsp;&nbsp;<36 months: N<br>&nbsp;&nbsp;&nbsp;&nbsp;30 months -- 5 years: Y<br>&nbsp;&nbsp;&nbsp;&nbsp;Preschool: N<br>&nbsp;&nbsp;&nbsp;&nbsp;Grade 1 - Age 12: Y<br>
1335,Licensed Group,Clever Cub Childcare,2900 Lonsdale Ave,,North Vancouver,V7N 4H9,49.335896,-123.071481,778-708-1165,,,N,N,N,N,N,N,N,N,N,N,N,N,N,N,N,N,N,,,N,N,N,N,N,N,N,Y,N,N,N,2026-05-18,https://inspections.vcha.ca/ChildCare/Table,N,Y,Y,Clever Cub Childcare<br>Licensed Group<br>778-708-1165<br><br>Vacancy:<br>&nbsp;&nbsp;&nbsp;&nbsp;<36 months: Y<br>&nbsp;&nbsp;&nbsp;&nbsp;30 months -- 5 years: N<br>&nbsp;&nbsp;&nbsp;&nbsp;Preschool: N<br>&nbsp;&nbsp;&nbsp;&nbsp;Grade 1 - Age 12: N<br>
1336,Licensed Group,Clever Cub Childcare,2900 Lonsdale Ave,,North Vancouver,V7N 4H9,49.335896,-123.071481,778-708-1165,,,N,N,N,N,N,N,N,N,N,N,N,N,N,N,N,N,N,,,N,N,N,N,N,N,N,N,N,N,N,2026-05-18,https://inspections.vcha.ca/ChildCare/Table,N,Y,Y,Clever Cub Childcare<br>Licensed Group<br>778-708-1165<br><br>Vacancy:<br>&nbsp;&nbsp;&nbsp;&nbsp;<36 months: N<br>&nbsp;&nbsp;&nbsp;&nbsp;30 months -- 5 years: N<br>&nbsp;&nbsp;&nbsp;&nbsp;Preschool: N<br>&nbsp;&nbsp;&nbsp;&nbsp;Grade 1 - Age 12: N<br>
1337,Licensed Group,Clever Cub Childcare,2900 Lonsdale Ave,,North Vancouver,V7N 4H9,49.335896,-123.071481,778-708-1165,,,N,N,N,N,N,N,N,N,N,N,N,N,N,N,N,N,N,,,N,N,N,N,N,N,N,Y,Y,N,N,2026-05-18,https://inspections.vcha.ca/ChildCare/Table,N,Y,Y,Clever Cub Childcare<br>Licensed Group<br>778-708-1165<br><br>Vacancy:<br>&nbsp;&nbsp;&nbsp;&nbsp;<36 months: Y<br>&nbsp;&nbsp;&nbsp;&nbsp;30 months -- 5 years: Y<br>&nbsp;&nbsp;&nbsp;&nbsp;Preschool: N<br>&nbsp;&nbsp;&nbsp;&nbsp;Grade 1 - Age 12: N<br>
1338,Licensed Family,Holding Hands Childcare,3230 Bank Rd,,Kamloops,V2B 7A1,50.766776,-120.343013,250-377-5707,,,N,N,N,N,N,N,N,N,N,N,N,N,N,N,N,N,N,,,N,N,N,N,N,N,N,N,N,N,N,2026-05-14,https://hedgehogportal.interiorhealth.ca/ChildCare/Map,N,Y,N,Holding Hands Childcare<br>Licensed Family<br>250-377-5707<br><br>Vacancy:<br>&nbsp;&nbsp;&nbsp;&nbsp;<36 months: N<br>&nbsp;&nbsp;&nbsp;&nbsp;30 months -- 5 years: N<br>&nbsp;&nbsp;&nbsp;&nbsp;Preschool: N<br>&nbsp;&nbsp;&nbsp;&nbsp;Grade 1 - Age 12: N<br>
1339,Licensed Group,"Busy Bear Club Preschool, The",37290 Kilgard,,Abbotsford,V3G 2H6,49.05652,-122.193287,604-852-1260,,,N,N,N,N,N,N,N,N,N,N,N,N,N,N,N,N,N,,,N,N,N,N,N,N,N,N,N,Y,N,2026-04-16,http://www.healthspace.ca/fha/childcare,N,Y,N,"Busy Bear Club Preschool, The<br>Licensed Group<br>604-852-1260<br><br>Vacancy:<br>&nbsp;&nbsp;&nbsp;&nbsp;<36 months: N<br>&nbsp;&nbsp;&nbsp;&nbsp;30 months -- 5 years: N<br>&nbsp;&nbsp;&nbsp;&nbsp;Preschool: Y<br>&nbsp;&nbsp;&nbsp;&nbsp;Grade 1 - Age 12: N<br>"
1340,Licensed Family,Happy Trails Daycare,818 Dog Creek Rd,,Williams Lake,V2G 3G3,52.104756,-122.135529,250-267-2299,,,N,N,N,N,N,N,N,N,N,N,N,N,N,N,N,N,N,,,N,N,N,N,N,N,N,N,N,N,N,2026-05-12,https://hedgehogportal.interiorhealth.ca/ChildCare/Map,N,Y,N,Happy Trails Daycare<br>Licensed Family<br>250-267-2299<br><br>Vacancy:<br>&nbsp;&nbsp;&nbsp;&nbsp;<36 months: N<br>&nbsp;&nbsp;&nbsp;&nbsp;30 months -- 5 years: N<br>&nbsp;&nbsp;&nbsp;&nbsp;Preschool: N<br>&nbsp;&nbsp;&nbsp;&nbsp;Grade 1 - Age 12: N<br>
1341,Licensed Family,Sepehr Child Care Services Co.,634 Silverdale Pl,,North Vancouver,V7N 2Z7,49.34415,-123.085959,204-619-8156,,,N,N,N,N,N,N,N,N,N,N,N,N,N,N,N,N,N,,,N,N,N,N,N,N,N,N,N,N,N,2026-04-28,https://inspections.vcha.ca/ChildCare/Table,N,Y,N,Sepehr Child Care Services Co.<br>Licensed Family<br>204-619-8156<br><br>Vacancy:<br>&nbsp;&nbsp;&nbsp;&nbsp;<36 months: N<br>&nbsp;&nbsp;&nbsp;&nbsp;30 months -- 5 years: N<br>&nbsp;&nbsp;&nbsp;&nbsp;Preschool: N<br>&nbsp;&nbsp;&nbsp;&nbsp;Grade 1 - Age 12: N<br>
1342,Licensed Group,Parasol - Early Years Learning - 4,110-206 Seymour St,,Kamloops,V2C 2E5,50.675121,-120.336373,250-819-1390,,,N,N,N,N,N,N,N,N,N,N,N,N,N,N,N,N,N,,,N,N,N,N,N,N,N,N,Y,N,N,2026-04-18,https://hedgehogportal.interiorhealth.ca/ChildCare/Map,N,Y,N,Parasol - Early Years Learning - 4<br>Licensed Group<br>250-819-1390<br><br>Vacancy:<br>&nbsp;&nbsp;&nbsp;&nbsp;<36 months: N<br>&nbsp;&nbsp;&nbsp;&nbsp;30 months -- 5 years: Y<br>&nbsp;&nbsp;&nbsp;&nbsp;Preschool: N<br>&nbsp;&nbsp;&nbsp;&nbsp;Grade 1 - Age 12: N<br>
1343,Licensed Group,Precious Early Years Childcare,733 Thirteenth St,,New Westminster,V3M 4M6,49.20959,-122.934972,604-515-2808,,,N,N,N,N,N,N,N,N,N,N,N,N,N,N,N,N,N,,,N,N,N,N,N,N,N,N,N,N,N,2026-05-15,http://www.healthspace.ca/fha/childcare,N,Y,N,Precious Early Years Childcare<br>Licensed Group<br>604-515-2808<br><br>Vacancy:<br>&nbsp;&nbsp;&nbsp;&nbsp;<36 months: N<br>&nbsp;&nbsp;&nbsp;&nbsp;30 months -- 5 years: N<br>&nbsp;&nbsp;&nbsp;&nbsp;Preschool: N<br>&nbsp;&nbsp;&nbsp;&nbsp;Grade 1 - Age 12: N<br>
1344,Licensed Group,Unisus Early Childhood Learning Centre Inc.,7808 Pierre Dr,,Summerland,V0H 1Z2,49.58004,-119.67589,250-404-3232,,,N,N,N,N,N,N,N,N,N,N,N,N,N,N,N,N,N,,,N,N,N,N,N,N,N,N,Y,N,N,2026-05-15,https://hedgehogportal.interiorhealth.ca/ChildCare/Map,N,Y,N,Unisus Early Childhood Learning Centre Inc.<br>Licensed Group<br>250-404-3232<br><br>Vacancy:<br>&nbsp;&nbsp;&nbsp;&nbsp;<36 months: N<br>&nbsp;&nbsp;&nbsp;&nbsp;30 months -- 5 years: Y<br>&nbsp;&nbsp;&nbsp;&nbsp;Preschool: N<br>&nbsp;&nbsp;&nbsp;&nbsp;Grade 1 - Age 12: N<br>
1345,Licensed Group,Happyland Early Learning Centre Cineplex,F-20090 91A Ave,,Langley,V1M 3Y9,49.16793,-122.66524,778-995-6997,,,N,N,N,N,N,N,N,N,N,N,N,N,N,N,N,N,N,,,N,N,N,N,N,N,N,N,N,N,N,2026-05-15,http://www.healthspace.ca/fha/childcare,N,Y,N,Happyland Early Learning Centre Cineplex<br>Licensed Group<br>778-995-6997<br><br>Vacancy:<br>&nbsp;&nbsp;&nbsp;&nbsp;<36 months: N<br>&nbsp;&nbsp;&nbsp;&nbsp;30 months -- 5 years: N<br>&nbsp;&nbsp;&nbsp;&nbsp;Preschool: N<br>&nbsp;&nbsp;&nbsp;&nbsp;Grade 1 - Age 12: N<br>
1346,Licensed Family,Busy Beez,511 Methuen St,,Ladysmith,V9G 1A7,48.9867,-123.81894,250-713-6344,,,N,N,N,N,N,N,N,N,N,N,N,N,N,N,N,N,N,,,N,N,N,N,N,N,N,N,Y,N,N,2026-05-14,https://www.healthspace.ca/clients/viha/viha_website.nsf/CCFL-Main?OpenView,N,Y,N,Busy Beez<br>Licensed Family<br>250-713-6344<br><br>Vacancy:<br>&nbsp;&nbsp;&nbsp;&nbsp;<36 months: N<br>&nbsp;&nbsp;&nbsp;&nbsp;30 months -- 5 years: Y<br>&nbsp;&nbsp;&nbsp;&nbsp;Preschool: N<br>&nbsp;&nbsp;&nbsp;&nbsp;Grade 1 - Age 12: N<br>
1347,Licensed Group,Beacon Education Ltd Dba Willowbrae Academy Richmond South,101-12033 Riverside Way,,Richmond,V6W 1K6,49.13125,-123.09128,604-374-2688,,,N,N,N,N,N,N,N,N,N,N,N,N,N,N,N,N,N,,,N,N,N,N,N,N,N,Y,N,N,N,2026-05-15,https://inspections.vcha.ca/ChildCare/Table,N,Y,Y,Beacon Education Ltd Dba Willowbrae Academy Richmond South<br>Licensed Group<br>604-374-2688<br><br>Vacancy:<br>&nbsp;&nbsp;&nbsp;&nbsp;<36 months: Y<br>&nbsp;&nbsp;&nbsp;&nbsp;30 months -- 5 years: N<br>&nbsp;&nbsp;&nbsp;&nbsp;Preschool: N<br>&nbsp;&nbsp;&nbsp;&nbsp;Grade 1 - Age 12: N<br>
1348,Licensed Group,Beacon Education Ltd Dba Willowbrae Academy Richmond South,101-12033 Riverside Way,,Richmond,V6W 1K6,49.13125,-123.09128,604-374-2688,,,N,N,N,N,N,N,N,N,N,N,N,N,N,N,N,N,N,,,N,N,N,N,N,N,N,N,Y,N,N,2026-05-15,https://inspections.vcha.ca/ChildCare/Table,N,Y,Y,Beacon Education Ltd Dba Willowbrae Academy Richmond South<br>Licensed Group<br>604-374-2688<br><br>Vacancy:<br>&nbsp;&nbsp;&nbsp;&nbsp;<36 months: N<br>&nbsp;&nbsp;&nbsp;&nbsp;30 months -- 5 years: Y<br>&nbsp;&nbsp;&nbsp;&nbsp;Preschool: N<br>&nbsp;&nbsp;&nbsp;&nbsp;Grade 1 - Age 12: N<br>
1349,Licensed Group,Happy Ridge Early Learning Academy,101-21755 Lougheed Hwy,,Maple Ridge,V2X 2S2,49.2174,-122.6189,604-783-3066,,,N,N,N,N,N,N,N,N,N,N,N,N,N,N,N,N,N,,,N,N,N,N,N,N,N,Y,N,N,N,2026-05-15,http://www.healthspace.ca/fha/childcare,N,Y,N,Happy Ridge Early Learning Academy<br>Licensed Group<br>604-783-3066<br><br>Vacancy:<br>&nbsp;&nbsp;&nbsp;&nbsp;<36 months: Y<br>&nbsp;&nbsp;&nbsp;&nbsp;30 months -- 5 years: N<br>&nbsp;&nbsp;&nbsp;&nbsp;Preschool: N<br>&nbsp;&nbsp;&nbsp;&nbsp;Grade 1 - Age 12: N<br>
1350,Licensed Group,Ssocc Southlands Multi-Age Daycare,6426 Dunbar St,,Vancouver,V6N 1X6,49.228359,-123.1852,604-377-8385,,,N,N,N,N,N,N,N,N,N,N,N,N,N,N,N,N,N,,,N,N,N,N,N,N,N,N,Y,N,N,2026-04-11,https://inspections.vcha.ca/ChildCare/Table,N,Y,N,Ssocc Southlands Multi-Age Daycare<br>Licensed Group<br>604-377-8385<br><br>Vacancy:<br>&nbsp;&nbsp;&nbsp;&nbsp;<36 months: N<br>&nbsp;&nbsp;&nbsp;&nbsp;30 months -- 5 years: Y<br>&nbsp;&nbsp;&nbsp;&nbsp;Preschool: N<br>&nbsp;&nbsp;&nbsp;&nbsp;Grade 1 - Age 12: N<br>
1351,Licensed Family,Kool Kidz Daycare,817 Regent Cres,,Kamloops,V1S 1X1,50.63628,-120.362988,250-309-6804,,,N,N,N,N,N,N,N,N,N,N,N,N,N,N,N,N,N,,,N,N,N,N,N,N,N,N,N,N,N,2026-05-16,https://hedgehogportal.interiorhealth.ca/ChildCare/Map,N,Y,N,Kool Kidz Daycare<br>Licensed Family<br>250-309-6804<br><br>Vacancy:<br>&nbsp;&nbsp;&nbsp;&nbsp;<36 months: N<br>&nbsp;&nbsp;&nbsp;&nbsp;30 months -- 5 years: N<br>&nbsp;&nbsp;&nbsp;&nbsp;Preschool: N<br>&nbsp;&nbsp;&nbsp;&nbsp;Grade 1 - Age 12: N<br>
1352,Licensed Family,Little Cub Daycare,3906 14 St,,Vernon,V1T 3V2,50.270966,-119.250358,250-351-4868,,,N,N,N,N,N,N,N,N,N,N,N,N,N,N,N,N,N,,,N,N,N,N,N,N,N,N,N,N,N,2026-05-08,https://hedgehogportal.interiorhealth.ca/ChildCare/Map,N,Y,N,Little Cub Daycare<br>Licensed Family<br>250-351-4868<br><br>Vacancy:<br>&nbsp;&nbsp;&nbsp;&nbsp;<36 months: N<br>&nbsp;&nbsp;&nbsp;&nbsp;30 months -- 5 years: N<br>&nbsp;&nbsp;&nbsp;&nbsp;Preschool: N<br>&nbsp;&nbsp;&nbsp;&nbsp;Grade 1 - Age 12: N<br>
1353,Licensed Group,River Run Early Care & Learning Centre,10277 River Dr,,Richmond,V6X 1Z2,49.197762,-123.107576,778-828-9930,,,N,N,N,N,N,N,N,N,N,N,N,N,N,N,N,N,N,,,N,N,N,N,N,N,N,N,N,N,N,2026-05-20,https://inspections.vcha.ca/ChildCare/Table,N,Y,N,River Run Early Care & Learning Centre<br>Licensed Group<br>778-828-9930<br><br>Vacancy:<br>&nbsp;&nbsp;&nbsp;&nbsp;<36 months: N<br>&nbsp;&nbsp;&nbsp;&nbsp;30 months -- 5 years: N<br>&nbsp;&nbsp;&nbsp;&nbsp;Preschool: N<br>&nbsp;&nbsp;&nbsp;&nbsp;Grade 1 - Age 12: N<br>
1354,Licensed Group,River Run Early Care And Learning Centre,10277 River Dr,,Richmond,V6X 1Z2,49.197762,-123.107576,778-828-9930,,,N,N,N,N,N,N,N,N,N,N,N,N,N,N,N,N,N,,,N,N,N,N,N,N,N,N,N,N,N,2026-05-20,https://inspections.vcha.ca/ChildCare/Table,N,Y,N,River Run Early Care And Learning Centre<br>Licensed Group<br>778-828-9930<br><br>Vacancy:<br>&nbsp;&nbsp;&nbsp;&nbsp;<36 months: N<br>&nbsp;&nbsp;&nbsp;&nbsp;30 months -- 5 years: N<br>&nbsp;&nbsp;&nbsp;&nbsp;Preschool: N<br>&nbsp;&nbsp;&nbsp;&nbsp;Grade 1 - Age 12: N<br>
1355,Licensed Group,Fundamentals Childcare Centre Inc,24093 104 Ave,,Maple Ridge,V2W 1J2,49.192157,-122.554244,604-786-4615,,,N,N,N,N,N,N,N,N,N,N,N,N,N,N,N,N,N,,,N,N,N,N,N,N,N,N,N,Y,N,2026-05-21,http://www.healthspace.ca/fha/childcare,N,Y,N,Fundamentals Childcare Centre Inc<br>Licensed Group<br>604-786-4615<br><br>Vacancy:<br>&nbsp;&nbsp;&nbsp;&nbsp;<36 months: N<br>&nbsp;&nbsp;&nbsp;&nbsp;30 months -- 5 years: N<br>&nbsp;&nbsp;&nbsp;&nbsp;Preschool: Y<br>&nbsp;&nbsp;&nbsp;&nbsp;Grade 1 - Age 12: N<br>
1356,Licensed Group,Little Peeps Learning Centre,45467 Stevenson Rd,,Chilliwack,V2R 2Z6,49.123005,-121.966128,604-798-7996,,,N,N,N,N,N,N,N,N,N,N,N,N,N,N,N,N,N,,,N,N,N,N,N,N,N,N,Y,N,N,2026-05-15,http://www.healthspace.ca/fha/childcare,N,Y,N,Little Peeps Learning Centre<br>Licensed Group<br>604-798-7996<br><br>Vacancy:<br>&nbsp;&nbsp;&nbsp;&nbsp;<36 months: N<br>&nbsp;&nbsp;&nbsp;&nbsp;30 months -- 5 years: Y<br>&nbsp;&nbsp;&nbsp;&nbsp;Preschool: N<br>&nbsp;&nbsp;&nbsp;&nbsp;Grade 1 - Age 12: N<br>
1357,Licensed Family,L'il Peanuts Daycare,6418 Herons Pl,,Duncan,V9L 6Z3,48.797774,-123.729864,250-597-3620,,,N,N,N,N,N,N,N,N,N,N,N,N,N,N,N,N,N,,,N,N,N,N,N,N,N,Y,Y,N,Y,2026-05-07,https://www.healthspace.ca/clients/viha/viha_website.nsf/CCFL-Main?OpenView,N,Y,N,L'il Peanuts Daycare<br>Licensed Family<br>250-597-3620<br><br>Vacancy:<br>&nbsp;&nbsp;&nbsp;&nbsp;<36 months: Y<br>&nbsp;&nbsp;&nbsp;&nbsp;30 months -- 5 years: Y<br>&nbsp;&nbsp;&nbsp;&nbsp;Preschool: N<br>&nbsp;&nbsp;&nbsp;&nbsp;Grade 1 - Age 12: Y<br>
1358,Licensed Group,Kidz Adventure Learning Centre,5165 Hardwick St,,Burnaby,V5G 1P8,49.25217,-122.98952,778-773-9997,,,N,N,N,N,N,N,N,N,N,N,N,N,N,N,N,N,N,,,N,N,N,N,N,N,N,N,N,N,N,2026-05-15,http://www.healthspace.ca/fha/childcare,N,Y,N,Kidz Adventure Learning Centre<br>Licensed Group<br>778-773-9997<br><br>Vacancy:<br>&nbsp;&nbsp;&nbsp;&nbsp;<36 months: N<br>&nbsp;&nbsp;&nbsp;&nbsp;30 months -- 5 years: N<br>&nbsp;&nbsp;&nbsp;&nbsp;Preschool: N<br>&nbsp;&nbsp;&nbsp;&nbsp;Grade 1 - Age 12: N<br>
1359,Licensed Family,Bright Minds Learn-In Centre,8570 156 St,,Surrey,V3S 3R9,49.158666,-122.789916,604-306-6647,,,N,N,N,N,N,N,N,N,N,N,N,N,N,N,N,N,N,,,N,N,N,N,N,N,N,N,N,N,N,2026-04-26,http://www.healthspace.ca/fha/childcare,N,Y,N,Bright Minds Learn-In Centre<br>Licensed Family<br>604-306-6647<br><br>Vacancy:<br>&nbsp;&nbsp;&nbsp;&nbsp;<36 months: N<br>&nbsp;&nbsp;&nbsp;&nbsp;30 months -- 5 years: N<br>&nbsp;&nbsp;&nbsp;&nbsp;Preschool: N<br>&nbsp;&nbsp;&nbsp;&nbsp;Grade 1 - Age 12: N<br>
1360,Licensed Group,Small Beginnings Preschool - Little Leaders Childcare,2975 Bradner Rd,,Abbotsford,V4X 1K6,49.056152,-122.427207,604-217-1404,,,N,N,N,N,N,N,N,N,N,N,N,N,N,N,N,N,N,Not offered,Not offered,N,N,N,N,N,N,N,N,N,Y,N,2026-05-04,http://www.healthspace.ca/fha/childcare,N,Y,N,Small Beginnings Preschool - Little Leaders Childcare<br>Licensed Group<br>604-217-1404<br><br>Vacancy:<br>&nbsp;&nbsp;&nbsp;&nbsp;<36 months: N<br>&nbsp;&nbsp;&nbsp;&nbsp;30 months -- 5 years: N<br>&nbsp;&nbsp;&nbsp;&nbsp;Preschool: Y<br>&nbsp;&nbsp;&nbsp;&nbsp;Grade 1 - Age 12: N<br>
1361,Licensed Group,River City Early Learning Centre (2),40-945 Columbia St W,,Kamloops,V2C 1L5,50.668512,-120.353695,778-471-1011,,,N,N,N,N,N,N,N,N,N,N,N,N,N,N,N,N,N,,,N,N,N,N,N,N,N,N,Y,N,N,2026-05-18,https://hedgehogportal.interiorhealth.ca/ChildCare/Map,N,Y,N,River City Early Learning Centre (2)<br>Licensed Group<br>778-471-1011<br><br>Vacancy:<br>&nbsp;&nbsp;&nbsp;&nbsp;<36 months: N<br>&nbsp;&nbsp;&nbsp;&nbsp;30 months -- 5 years: Y<br>&nbsp;&nbsp;&nbsp;&nbsp;Preschool: N<br>&nbsp;&nbsp;&nbsp;&nbsp;Grade 1 - Age 12: N<br>
1362,Licensed Group,Cefa Early Learning Spall Road,3-1745 Spall Rd,,Kelowna,V1Y 4P7,49.883461,-119.453255,236-361-5511,,,N,N,N,N,N,N,N,N,N,N,N,N,N,N,N,N,N,,,N,N,N,N,N,N,N,Y,Y,N,N,2026-05-06,https://hedgehogportal.interiorhealth.ca/ChildCare/Map,N,Y,N,Cefa Early Learning Spall Road<br>Licensed Group<br>236-361-5511<br><br>Vacancy:<br>&nbsp;&nbsp;&nbsp;&nbsp;<36 months: Y<br>&nbsp;&nbsp;&nbsp;&nbsp;30 months -- 5 years: Y<br>&nbsp;&nbsp;&nbsp;&nbsp;Preschool: N<br>&nbsp;&nbsp;&nbsp;&nbsp;Grade 1 - Age 12: N<br>
1363,Licensed Family,Mountain Bear Daycare,7240 Bryant Pl,,Chilliwack,V4Z 1K4,49.134743,-121.838321,604-745-2221,,,N,N,N,N,N,N,N,N,N,N,N,N,N,N,N,N,N,,,N,N,N,N,N,N,N,N,N,N,N,2026-05-15,http://www.healthspace.ca/fha/childcare,N,Y,N,Mountain Bear Daycare<br>Licensed Family<br>604-745-2221<br><br>Vacancy:<br>&nbsp;&nbsp;&nbsp;&nbsp;<36 months: N<br>&nbsp;&nbsp;&nbsp;&nbsp;30 months -- 5 years: N<br>&nbsp;&nbsp;&nbsp;&nbsp;Preschool: N<br>&nbsp;&nbsp;&nbsp;&nbsp;Grade 1 - Age 12: N<br>
1364,Licensed Group,Westwood Montessori Childcare (Partington),3537 Mcvicar Crt,,Coquitlam,V3E 0M6,49.296584,-122.739622,604-765-0966,,,N,N,N,N,N,N,N,N,N,N,N,N,N,N,N,N,N,,,N,N,N,N,N,N,N,N,N,Y,N,2026-05-08,http://www.healthspace.ca/fha/childcare,N,Y,N,Westwood Montessori Childcare (Partington)<br>Licensed Group<br>604-765-0966<br><br>Vacancy:<br>&nbsp;&nbsp;&nbsp;&nbsp;<36 months: N<br>&nbsp;&nbsp;&nbsp;&nbsp;30 months -- 5 years: N<br>&nbsp;&nbsp;&nbsp;&nbsp;Preschool: Y<br>&nbsp;&nbsp;&nbsp;&nbsp;Grade 1 - Age 12: N<br>
1365,Licensed Group,Newport Childcare Center,265B Newport Dr,,Port Moody,V3H 5C9,49.283075,-122.825924,604-492-3337,,,N,N,N,N,N,N,N,N,N,N,N,N,N,N,N,N,N,,,N,N,N,N,N,N,N,N,N,N,N,2026-05-15,http://www.healthspace.ca/fha/childcare,N,Y,N,Newport Childcare Center<br>Licensed Group<br>604-492-3337<br><br>Vacancy:<br>&nbsp;&nbsp;&nbsp;&nbsp;<36 months: N<br>&nbsp;&nbsp;&nbsp;&nbsp;30 months -- 5 years: N<br>&nbsp;&nbsp;&nbsp;&nbsp;Preschool: N<br>&nbsp;&nbsp;&nbsp;&nbsp;Grade 1 - Age 12: N<br>
1366,Licensed Family,Cradles To Crayons,1912 Crystal St,,Quesnel,V2J 4R8,52.94644,-122.441826,250-747-9783,,,N,N,N,N,N,N,N,N,N,N,N,N,N,N,N,N,N,,,N,N,N,N,N,N,N,N,N,N,N,2026-05-12,https://www.healthspace.ca/Clients/NHA/NHA_Website.nsf/CCFL-Frameset,N,Y,N,Cradles To Crayons<br>Licensed Family<br>250-747-9783<br><br>Vacancy:<br>&nbsp;&nbsp;&nbsp;&nbsp;<36 months: N<br>&nbsp;&nbsp;&nbsp;&nbsp;30 months -- 5 years: N<br>&nbsp;&nbsp;&nbsp;&nbsp;Preschool: N<br>&nbsp;&nbsp;&nbsp;&nbsp;Grade 1 - Age 12: N<br>
1367,Licensed Group,Maple Tree Children's Centre (Pandora),1075 Pandora Ave,,Victoria,V8V 3P6,48.4266,-123.353839,250-588-0512,,,Y,N,N,N,N,N,Y,Y,N,N,N,N,N,N,N,N,N,Not offered,Not offered,N,N,N,N,N,N,N,Y,N,N,N,2026-05-21,https://www.healthspace.ca/clients/viha/viha_website.nsf/CCFL-Main?OpenView,N,Y,N,Maple Tree Children's Centre (Pandora)<br>Licensed Group<br>250-588-0512<br><br>Vacancy:<br>&nbsp;&nbsp;&nbsp;&nbsp;<36 months: Y<br>&nbsp;&nbsp;&nbsp;&nbsp;30 months -- 5 years: N<br>&nbsp;&nbsp;&nbsp;&nbsp;Preschool: N<br>&nbsp;&nbsp;&nbsp;&nbsp;Grade 1 - Age 12: N<br>
1368,Licensed Group,Growing With Smiles Childhood Center Ltd.,27185 Fraser Hwy,,Aldergrove,V4W 3R1,49.058287,-122.471034,236-380-3772,,,N,N,N,N,N,N,N,N,N,N,N,N,N,N,N,N,N,,,N,N,N,N,N,N,N,N,Y,Y,Y,2026-05-17,http://www.healthspace.ca/fha/childcare,N,Y,N,Growing With Smiles Childhood Center Ltd.<br>Licensed Group<br>236-380-3772<br><br>Vacancy:<br>&nbsp;&nbsp;&nbsp;&nbsp;<36 months: N<br>&nbsp;&nbsp;&nbsp;&nbsp;30 months -- 5 years: Y<br>&nbsp;&nbsp;&nbsp;&nbsp;Preschool: Y<br>&nbsp;&nbsp;&nbsp;&nbsp;Grade 1 - Age 12: Y<br>
1369,Licensed Group,Deep Cove Out Of School Care,1204 Caledonia Ave,,North Vancouver,V7G 2A6,49.318,-122.951336,604-780-2769,,,,,,,,,,,,,,,,,,,,,,,,,,,,,,,,,,,Y,Y,N,Deep Cove Out Of School Care<br>Licensed Group<br>604-780-2769<br><br>Vacancy:<br>&nbsp;&nbsp;&nbsp;&nbsp;<36 months: None<br>&nbsp;&nbsp;&nbsp;&nbsp;30 months -- 5 years: None<br>&nbsp;&nbsp;&nbsp;&nbsp;Preschool: None<br>&nbsp;&nbsp;&nbsp;&nbsp;Grade 1 - Age 12: None<br>
1370,Licensed Group,B&D Montessori Learning Academy,1-2119 152 St,,Surrey,V4A 4N7,49.04041,-122.801423,236-513-8723,,,N,N,N,N,N,N,N,N,N,N,N,N,N,N,N,N,N,,,N,N,N,N,N,N,N,Y,Y,N,N,2026-04-23,http://www.healthspace.ca/fha/childcare,N,Y,N,B&D Montessori Learning Academy<br>Licensed Group<br>236-513-8723<br><br>Vacancy:<br>&nbsp;&nbsp;&nbsp;&nbsp;<36 months: Y<br>&nbsp;&nbsp;&nbsp;&nbsp;30 months -- 5 years: Y<br>&nbsp;&nbsp;&nbsp;&nbsp;Preschool: N<br>&nbsp;&nbsp;&nbsp;&nbsp;Grade 1 - Age 12: N<br>
1371,Licensed Group,Little Marines Training Center,211-403 North Rd,,Coquitlam,V3K 3V9,49.246003,-122.891818,604-492-0988,,,N,N,N,N,N,N,N,N,N,N,N,N,N,N,N,N,N,,,N,N,N,N,N,N,N,N,N,N,N,2026-05-15,http://www.healthspace.ca/fha/childcare,N,Y,N,Little Marines Training Center<br>Licensed Group<br>604-492-0988<br><br>Vacancy:<br>&nbsp;&nbsp;&nbsp;&nbsp;<36 months: N<br>&nbsp;&nbsp;&nbsp;&nbsp;30 months -- 5 years: N<br>&nbsp;&nbsp;&nbsp;&nbsp;Preschool: N<br>&nbsp;&nbsp;&nbsp;&nbsp;Grade 1 - Age 12: N<br>
1372,Licensed Group,Big Dreamers Daycare - Mac House,155 Fitzpatrick Rd,,Kelowna,V1X 6V8,49.907216,-119.388649,250-765-5777,,,N,N,N,N,N,N,N,N,N,N,N,N,N,N,N,N,N,,,N,N,N,N,N,N,N,N,N,N,N,2026-05-08,https://hedgehogportal.interiorhealth.ca/ChildCare/Map,N,Y,N,Big Dreamers Daycare - Mac House<br>Licensed Group<br>250-765-5777<br><br>Vacancy:<br>&nbsp;&nbsp;&nbsp;&nbsp;<36 months: N<br>&nbsp;&nbsp;&nbsp;&nbsp;30 months -- 5 years: N<br>&nbsp;&nbsp;&nbsp;&nbsp;Preschool: N<br>&nbsp;&nbsp;&nbsp;&nbsp;Grade 1 - Age 12: N<br>
1373,Licensed Group,Purcell International Preschool,8687 Highway 95A,,Kimberley,V1A 3M3,49.692445,-115.940744,250-427-3969,,,N,N,N,N,N,N,N,N,N,N,N,N,N,N,N,N,N,,,N,N,N,N,N,N,N,Y,N,Y,N,2026-04-27,https://hedgehogportal.interiorhealth.ca/ChildCare/Map,N,Y,N,Purcell International Preschool<br>Licensed Group<br>250-427-3969<br><br>Vacancy:<br>&nbsp;&nbsp;&nbsp;&nbsp;<36 months: Y<br>&nbsp;&nbsp;&nbsp;&nbsp;30 months -- 5 years: N<br>&nbsp;&nbsp;&nbsp;&nbsp;Preschool: Y<br>&nbsp;&nbsp;&nbsp;&nbsp;Grade 1 - Age 12: N<br>
1374,Licensed Family,Jumping Puddles Childcare,4173 Bremerton St,,Victoria,V8Z 4L9,48.478445,-123.39501,250-884-2871,,,N,N,N,N,N,N,N,N,N,N,N,N,N,N,N,N,N,,,N,N,N,N,N,N,N,N,Y,N,N,2026-05-15,https://www.healthspace.ca/clients/viha/viha_website.nsf/CCFL-Main?OpenView,N,Y,N,Jumping Puddles Childcare<br>Licensed Family<br>250-884-2871<br><br>Vacancy:<br>&nbsp;&nbsp;&nbsp;&nbsp;<36 months: N<br>&nbsp;&nbsp;&nbsp;&nbsp;30 months -- 5 years: Y<br>&nbsp;&nbsp;&nbsp;&nbsp;Preschool: N<br>&nbsp;&nbsp;&nbsp;&nbsp;Grade 1 - Age 12: N<br>
1375,Licensed Family,Footprints,4805 Riverview Dr,,Edgewater,V0A 1E0,50.696776,-116.134768,250-342-5186,,,N,N,N,N,N,N,N,N,N,N,N,N,N,N,N,N,N,,,N,N,N,N,N,N,N,N,N,N,N,2026-04-24,https://hedgehogportal.interiorhealth.ca/ChildCare/Map,N,Y,N,Footprints<br>Licensed Family<br>250-342-5186<br><br>Vacancy:<br>&nbsp;&nbsp;&nbsp;&nbsp;<36 months: N<br>&nbsp;&nbsp;&nbsp;&nbsp;30 months -- 5 years: N<br>&nbsp;&nbsp;&nbsp;&nbsp;Preschool: N<br>&nbsp;&nbsp;&nbsp;&nbsp;Grade 1 - Age 12: N<br>
1376,Licensed Family,Little Sprouts Childcare Centre,6210 128 St,,Surrey,V3X 1S8,49.115712,-122.867566,604-218-6040,,,Y,Y,N,N,N,N,Y,Y,N,Y,Y,N,Y,N,N,N,Y,Not offered,Extra fee,N,N,N,N,Y,Y,Y,N,Y,N,N,2026-05-14,http://www.healthspace.ca/fha/childcare,N,Y,N,Little Sprouts Childcare Centre<br>Licensed Family<br>604-218-6040<br><br>Vacancy:<br>&nbsp;&nbsp;&nbsp;&nbsp;<36 months: N<br>&nbsp;&nbsp;&nbsp;&nbsp;30 months -- 5 years: Y<br>&nbsp;&nbsp;&nbsp;&nbsp;Preschool: N<br>&nbsp;&nbsp;&nbsp;&nbsp;Grade 1 - Age 12: N<br>
1377,Licensed Group,Kidscool Early Learning Centre,1116 Como Lake Ave,,Coquitlam,V3J 3N8,49.263248,-122.860792,604-767-9726,,,N,N,N,N,N,N,N,N,N,N,N,N,N,N,N,N,N,,,N,N,N,N,N,N,N,N,N,N,N,2026-05-15,http://www.healthspace.ca/fha/childcare,N,Y,N,Kidscool Early Learning Centre<br>Licensed Group<br>604-767-9726<br><br>Vacancy:<br>&nbsp;&nbsp;&nbsp;&nbsp;<36 months: N<br>&nbsp;&nbsp;&nbsp;&nbsp;30 months -- 5 years: N<br>&nbsp;&nbsp;&nbsp;&nbsp;Preschool: N<br>&nbsp;&nbsp;&nbsp;&nbsp;Grade 1 - Age 12: N<br>
1378,Licensed Group,Cloudberries,6897 120Th St,,Delta,V4E 2A8,49.128334,-122.891705,604-431-6072,,,N,N,N,N,N,N,N,N,N,N,N,N,N,N,N,N,N,,,N,N,N,N,N,N,N,Y,Y,N,N,2026-05-19,http://www.healthspace.ca/fha/childcare,N,Y,N,Cloudberries<br>Licensed Group<br>604-431-6072<br><br>Vacancy:<br>&nbsp;&nbsp;&nbsp;&nbsp;<36 months: Y<br>&nbsp;&nbsp;&nbsp;&nbsp;30 months -- 5 years: Y<br>&nbsp;&nbsp;&nbsp;&nbsp;Preschool: N<br>&nbsp;&nbsp;&nbsp;&nbsp;Grade 1 - Age 12: N<br>
1379,Licensed Family,Tynehead Learning Centre,15519 98 Ave,,Surrey,V3R 7G3,49.180835,-122.792143,778-883-9765,,,N,N,N,N,N,N,N,N,N,N,N,N,N,N,N,N,N,,,N,N,N,N,N,N,N,N,N,N,N,2026-05-05,http://www.healthspace.ca/fha/childcare,N,Y,N,Tynehead Learning Centre<br>Licensed Family<br>778-883-9765<br><br>Vacancy:<br>&nbsp;&nbsp;&nbsp;&nbsp;<36 months: N<br>&nbsp;&nbsp;&nbsp;&nbsp;30 months -- 5 years: N<br>&nbsp;&nbsp;&nbsp;&nbsp;Preschool: N<br>&nbsp;&nbsp;&nbsp;&nbsp;Grade 1 - Age 12: N<br>
1380,Licensed Group,Cloud Nine Kids Childcare Centre,3714 Gordon Dr,,Kelowna,V1W 4M8,49.8499,-119.477935,778-392-8555,,,N,N,N,N,N,N,N,N,N,N,N,N,N,N,N,N,N,,,N,N,N,N,N,N,N,N,N,N,N,2026-05-15,https://hedgehogportal.interiorhealth.ca/ChildCare/Map,N,Y,N,Cloud Nine Kids Childcare Centre<br>Licensed Group<br>778-392-8555<br><br>Vacancy:<br>&nbsp;&nbsp;&nbsp;&nbsp;<36 months: N<br>&nbsp;&nbsp;&nbsp;&nbsp;30 months -- 5 years: N<br>&nbsp;&nbsp;&nbsp;&nbsp;Preschool: N<br>&nbsp;&nbsp;&nbsp;&nbsp;Grade 1 - Age 12: N<br>
1381,Licensed Family,Little Bubbles Child Care,9090 124 St,,Surrey,V3V 4S1,49.168179,-122.879004,604-760-2100,,,N,N,N,N,N,N,N,N,N,N,N,N,N,N,N,N,N,,,N,N,N,N,N,N,N,Y,Y,N,N,2026-05-16,http://www.healthspace.ca/fha/childcare,N,Y,N,Little Bubbles Child Care<br>Licensed Family<br>604-760-2100<br><br>Vacancy:<br>&nbsp;&nbsp;&nbsp;&nbsp;<36 months: Y<br>&nbsp;&nbsp;&nbsp;&nbsp;30 months -- 5 years: Y<br>&nbsp;&nbsp;&nbsp;&nbsp;Preschool: N<br>&nbsp;&nbsp;&nbsp;&nbsp;Grade 1 - Age 12: N<br>
1382,Licensed Group,Caterpillars Childcare Center,3302 Sparks St,,Terrace,V8G 2T7,54.518833,-128.592341,250-635-4884,,,N,N,N,N,N,N,N,N,N,N,N,N,N,N,N,N,N,,,N,N,N,N,N,N,N,N,Y,N,Y,2026-05-15,https://www.healthspace.ca/Clients/NHA/NHA_Website.nsf/CCFL-Frameset,N,Y,N,Caterpillars Childcare Center<br>Licensed Group<br>250-635-4884<br><br>Vacancy:<br>&nbsp;&nbsp;&nbsp;&nbsp;<36 months: N<br>&nbsp;&nbsp;&nbsp;&nbsp;30 months -- 5 years: Y<br>&nbsp;&nbsp;&nbsp;&nbsp;Preschool: N<br>&nbsp;&nbsp;&nbsp;&nbsp;Grade 1 - Age 12: Y<br>
1383,Licensed Family,Home Sweet Home Child Care Provider,4750 Lakeshore Rd Ne,,Salmon Arm,V1E 3N7,50.734413,-119.266868,250-263-7829,www.homesweethomechildcareprovider.ca,,N,N,N,N,N,N,N,N,N,N,N,N,N,N,N,N,N,,,N,N,N,N,N,N,N,N,N,N,N,2026-04-29,https://hedgehogportal.interiorhealth.ca/ChildCare/Map,N,Y,N,Home Sweet Home Child Care Provider<br>Licensed Family<br>250-263-7829<br><br>Vacancy:<br>&nbsp;&nbsp;&nbsp;&nbsp;<36 months: N<br>&nbsp;&nbsp;&nbsp;&nbsp;30 months -- 5 years: N<br>&nbsp;&nbsp;&nbsp;&nbsp;Preschool: N<br>&nbsp;&nbsp;&nbsp;&nbsp;Grade 1 - Age 12: N<br>
1384,Licensed Family,Green House Studio,737 Wilson St,,Victoria,V9A 3H4,48.432414,-123.392256,250-884-4085,,,N,N,N,N,N,N,N,N,N,N,N,N,N,N,N,N,N,,,N,N,N,N,N,N,N,N,N,N,N,2026-05-21,https://www.healthspace.ca/clients/viha/viha_website.nsf/CCFL-Main?OpenView,N,Y,N,Green House Studio<br>Licensed Family<br>250-884-4085<br><br>Vacancy:<br>&nbsp;&nbsp;&nbsp;&nbsp;<36 months: N<br>&nbsp;&nbsp;&nbsp;&nbsp;30 months -- 5 years: N<br>&nbsp;&nbsp;&nbsp;&nbsp;Preschool: N<br>&nbsp;&nbsp;&nbsp;&nbsp;Grade 1 - Age 12: N<br>
1385,Licensed Group,Little Footprints Academy (Russell),15141 Russell Ave,,White Rock,V4B 2P4,49.029626,-122.802778,604-328-2091,,,N,N,N,N,N,N,N,N,N,N,N,N,N,N,N,N,N,,,N,N,N,N,N,N,N,N,N,N,N,2026-05-13,http://www.healthspace.ca/fha/childcare,N,Y,N,Little Footprints Academy (Russell)<br>Licensed Group<br>604-328-2091<br><br>Vacancy:<br>&nbsp;&nbsp;&nbsp;&nbsp;<36 months: N<br>&nbsp;&nbsp;&nbsp;&nbsp;30 months -- 5 years: N<br>&nbsp;&nbsp;&nbsp;&nbsp;Preschool: N<br>&nbsp;&nbsp;&nbsp;&nbsp;Grade 1 - Age 12: N<br>
1386,Licensed Family,Kidzee Land Child Care,14552 88 Ave,,Surrey,V3S 2R9,49.162682,-122.819254,778-866-4132,www.kidzeeland.com,,N,N,N,N,N,N,N,N,N,N,N,N,N,N,N,N,N,,,N,N,N,N,N,N,N,N,Y,N,N,2026-04-19,http://www.healthspace.ca/fha/childcare,N,Y,N,Kidzee Land Child Care<br>Licensed Family<br>778-866-4132<br><br>Vacancy:<br>&nbsp;&nbsp;&nbsp;&nbsp;<36 months: N<br>&nbsp;&nbsp;&nbsp;&nbsp;30 months -- 5 years: Y<br>&nbsp;&nbsp;&nbsp;&nbsp;Preschool: N<br>&nbsp;&nbsp;&nbsp;&nbsp;Grade 1 - Age 12: N<br>
1387,Licensed Family,Protot House Inc.,5488 Elm St,,Vancouver,V6N 1A1,49.236758,-123.163685,604-763-3333,,,N,N,N,N,N,N,N,N,N,N,N,N,N,N,N,N,N,,,N,N,N,N,N,N,N,N,N,N,N,2026-05-20,https://inspections.vcha.ca/ChildCare/Table,N,Y,N,Protot House Inc.<br>Licensed Family<br>604-763-3333<br><br>Vacancy:<br>&nbsp;&nbsp;&nbsp;&nbsp;<36 months: N<br>&nbsp;&nbsp;&nbsp;&nbsp;30 months -- 5 years: N<br>&nbsp;&nbsp;&nbsp;&nbsp;Preschool: N<br>&nbsp;&nbsp;&nbsp;&nbsp;Grade 1 - Age 12: N<br>
1388,Licensed Group,North Star Montessori,1325 Keith Rd E,,North Vancouver,V7J 1J3,49.311694,-123.037102,604-980-1205,,,N,N,N,N,N,N,N,N,N,N,N,N,N,N,N,N,N,,,N,N,N,N,N,N,N,N,N,N,N,2026-05-05,https://inspections.vcha.ca/ChildCare/Table,N,Y,N,North Star Montessori<br>Licensed Group<br>604-980-1205<br><br>Vacancy:<br>&nbsp;&nbsp;&nbsp;&nbsp;<36 months: N<br>&nbsp;&nbsp;&nbsp;&nbsp;30 months -- 5 years: N<br>&nbsp;&nbsp;&nbsp;&nbsp;Preschool: N<br>&nbsp;&nbsp;&nbsp;&nbsp;Grade 1 - Age 12: N<br>
1389,Licensed Group,Kids Kingdom Childcare,451 Shuswap St Sw,,Salmon Arm,V1E 4H9,50.696601,-119.28576,604-217-3086,,,N,N,N,N,N,N,N,N,N,N,N,N,N,N,N,N,N,,,N,N,N,N,N,N,N,N,N,N,N,2026-05-15,https://hedgehogportal.interiorhealth.ca/ChildCare/Map,N,Y,N,Kids Kingdom Childcare<br>Licensed Group<br>604-217-3086<br><br>Vacancy:<br>&nbsp;&nbsp;&nbsp;&nbsp;<36 months: N<br>&nbsp;&nbsp;&nbsp;&nbsp;30 months -- 5 years: N<br>&nbsp;&nbsp;&nbsp;&nbsp;Preschool: N<br>&nbsp;&nbsp;&nbsp;&nbsp;Grade 1 - Age 12: N<br>
1390,Licensed Family,Little Moments Learning Centre,9308 Aberdeen Rd,,Coldstream,V1B 2K5,50.234989,-119.229501,250-307-9003,,,N,N,N,N,N,N,N,N,N,N,N,N,N,N,N,N,N,,,N,N,N,N,N,N,N,N,N,N,N,2026-05-15,https://hedgehogportal.interiorhealth.ca/ChildCare/Map,N,Y,N,Little Moments Learning Centre<br>Licensed Family<br>250-307-9003<br><br>Vacancy:<br>&nbsp;&nbsp;&nbsp;&nbsp;<36 months: N<br>&nbsp;&nbsp;&nbsp;&nbsp;30 months -- 5 years: N<br>&nbsp;&nbsp;&nbsp;&nbsp;Preschool: N<br>&nbsp;&nbsp;&nbsp;&nbsp;Grade 1 - Age 12: N<br>
1391,Licensed Family,Mimi's Family Childcare,41553 Brennan Rd,,Squamish,V0N 1T0,49.761509,-123.15696,604-898-6611,,,N,N,N,N,N,N,N,N,N,N,N,N,N,N,N,N,N,,,N,N,N,N,N,N,N,N,N,N,N,2026-05-15,https://inspections.vcha.ca/ChildCare/Table,N,Y,N,Mimi's Family Childcare<br>Licensed Family<br>604-898-6611<br><br>Vacancy:<br>&nbsp;&nbsp;&nbsp;&nbsp;<36 months: N<br>&nbsp;&nbsp;&nbsp;&nbsp;30 months -- 5 years: N<br>&nbsp;&nbsp;&nbsp;&nbsp;Preschool: N<br>&nbsp;&nbsp;&nbsp;&nbsp;Grade 1 - Age 12: N<br>
1392,Licensed Group,"Beanstalk Daycare, The",44458 Freshwater Dr,,Chilliwack,V2R 0A5,49.100986,-121.993575,604-845-1050,,,N,N,N,N,N,N,N,N,N,N,N,N,N,N,N,N,N,,,N,N,N,N,N,N,N,N,N,N,N,2026-05-15,http://www.healthspace.ca/fha/childcare,N,Y,N,"Beanstalk Daycare, The<br>Licensed Group<br>604-845-1050<br><br>Vacancy:<br>&nbsp;&nbsp;&nbsp;&nbsp;<36 months: N<br>&nbsp;&nbsp;&nbsp;&nbsp;30 months -- 5 years: N<br>&nbsp;&nbsp;&nbsp;&nbsp;Preschool: N<br>&nbsp;&nbsp;&nbsp;&nbsp;Grade 1 - Age 12: N<br>"
1393,Licensed Group,Alexandra Neighbourhood House Children's Centre At Pacific H,17148 26 Ave,,Surrey,V3Z 0A4,49.049167,-122.748219,604-535-0015,,,N,N,N,N,N,N,N,N,N,N,N,N,N,N,N,N,N,Not offered,Not offered,N,N,N,N,N,N,N,N,N,N,Y,2026-04-08,http://www.healthspace.ca/fha/childcare,N,N,N,Alexandra Neighbourhood House Children's Centre At Pacific H<br>Licensed Group<br>604-535-0015<br><br>Vacancy:<br>&nbsp;&nbsp;&nbsp;&nbsp;<36 months: N<br>&nbsp;&nbsp;&nbsp;&nbsp;30 months -- 5 years: N<br>&nbsp;&nbsp;&nbsp;&nbsp;Preschool: N<br>&nbsp;&nbsp;&nbsp;&nbsp;Grade 1 - Age 12: Y<br>
1394,Licensed Group,Kidspace Learning Centres,20084 37A Ave,,Langley,V3A 6K4,49.069886,-122.667062,604-300-7122,,,N,N,N,N,N,N,N,N,N,N,N,N,N,N,N,N,N,,,N,N,N,N,N,N,N,N,N,N,N,2026-05-15,http://www.healthspace.ca/fha/childcare,N,Y,N,Kidspace Learning Centres<br>Licensed Group<br>604-300-7122<br><br>Vacancy:<br>&nbsp;&nbsp;&nbsp;&nbsp;<36 months: N<br>&nbsp;&nbsp;&nbsp;&nbsp;30 months -- 5 years: N<br>&nbsp;&nbsp;&nbsp;&nbsp;Preschool: N<br>&nbsp;&nbsp;&nbsp;&nbsp;Grade 1 - Age 12: N<br>
1395,Licensed Group,M & B's Childcare,2060 College Dr,,Campbell River,V9H 1T8,49.972476,-125.241667,778-788-3230,,,N,N,N,N,N,N,N,N,N,N,N,N,N,N,N,N,N,,,N,N,N,N,N,N,N,N,N,N,Y,2026-05-19,https://www.healthspace.ca/clients/viha/viha_website.nsf/CCFL-Main?OpenView,N,Y,N,M & B's Childcare<br>Licensed Group<br>778-788-3230<br><br>Vacancy:<br>&nbsp;&nbsp;&nbsp;&nbsp;<36 months: N<br>&nbsp;&nbsp;&nbsp;&nbsp;30 months -- 5 years: N<br>&nbsp;&nbsp;&nbsp;&nbsp;Preschool: N<br>&nbsp;&nbsp;&nbsp;&nbsp;Grade 1 - Age 12: Y<br>
1396,Licensed Group,Tiny Hoppers Early Learning Langley City Centre,20570 56 Ave,,Langley,V3A 3Z1,49.104525,-122.652449,778-689-7799,,,N,N,N,N,N,N,N,N,N,N,N,N,N,N,N,N,N,,,N,N,N,N,N,N,N,Y,Y,N,N,2026-05-21,http://www.healthspace.ca/fha/childcare,N,Y,N,Tiny Hoppers Early Learning Langley City Centre<br>Licensed Group<br>778-689-7799<br><br>Vacancy:<br>&nbsp;&nbsp;&nbsp;&nbsp;<36 months: Y<br>&nbsp;&nbsp;&nbsp;&nbsp;30 months -- 5 years: Y<br>&nbsp;&nbsp;&nbsp;&nbsp;Preschool: N<br>&nbsp;&nbsp;&nbsp;&nbsp;Grade 1 - Age 12: N<br>
1397,Licensed Family,Inventive Minds Childcare,20622 123 Ave,,Maple Ridge,V2X 4A9,49.226052,-122.649823,778-929-9776,,,N,N,N,N,N,N,N,N,N,N,N,N,N,N,N,N,N,,,N,N,N,N,N,N,N,N,N,N,Y,2026-05-05,http://www.healthspace.ca/fha/childcare,N,Y,N,Inventive Minds Childcare<br>Licensed Family<br>778-929-9776<br><br>Vacancy:<br>&nbsp;&nbsp;&nbsp;&nbsp;<36 months: N<br>&nbsp;&nbsp;&nbsp;&nbsp;30 months -- 5 years: N<br>&nbsp;&nbsp;&nbsp;&nbsp;Preschool: N<br>&nbsp;&nbsp;&nbsp;&nbsp;Grade 1 - Age 12: Y<br>
1398,Licensed Family,Laugh & Giggles Childcare Centre,18073 68 Ave,,Surrey,V3S 9C9,49.126104,-122.721894,778-628-4565,,,N,N,N,N,N,N,N,N,N,N,N,N,N,N,N,N,N,,,N,N,N,N,N,N,N,Y,Y,N,Y,2026-05-14,http://www.healthspace.ca/fha/childcare,N,Y,N,Laugh & Giggles Childcare Centre<br>Licensed Family<br>778-628-4565<br><br>Vacancy:<br>&nbsp;&nbsp;&nbsp;&nbsp;<36 months: Y<br>&nbsp;&nbsp;&nbsp;&nbsp;30 months -- 5 years: Y<br>&nbsp;&nbsp;&nbsp;&nbsp;Preschool: N<br>&nbsp;&nbsp;&nbsp;&nbsp;Grade 1 - Age 12: Y<br>
1399,Licensed Family,Creative Steps Multi-Age Daycare Ltd,14218 61A Ave,,Surrey,V3X 0E5,49.11416,-122.828131,604-593-2711,,,N,N,N,N,N,N,N,N,N,N,N,N,N,N,N,N,N,,,N,N,N,N,N,N,N,N,N,N,N,2026-05-18,http://www.healthspace.ca/fha/childcare,N,Y,N,Creative Steps Multi-Age Daycare Ltd<br>Licensed Family<br>604-593-2711<br><br>Vacancy:<br>&nbsp;&nbsp;&nbsp;&nbsp;<36 months: N<br>&nbsp;&nbsp;&nbsp;&nbsp;30 months -- 5 years: N<br>&nbsp;&nbsp;&nbsp;&nbsp;Preschool: N<br>&nbsp;&nbsp;&nbsp;&nbsp;Grade 1 - Age 12: N<br>
1400,Licensed Group,Chinook 2,2881 Acadia Rd,,Vancouver,V6T 1S1,49.261186,-123.234091,604-837-9232,,,N,N,N,N,N,N,N,N,N,N,N,N,N,N,N,N,N,,,N,N,N,N,N,N,N,N,N,N,N,2026-04-24,https://inspections.vcha.ca/ChildCare/Table,N,Y,N,Chinook 2<br>Licensed Group<br>604-837-9232<br><br>Vacancy:<br>&nbsp;&nbsp;&nbsp;&nbsp;<36 months: N<br>&nbsp;&nbsp;&nbsp;&nbsp;30 months -- 5 years: N<br>&nbsp;&nbsp;&nbsp;&nbsp;Preschool: N<br>&nbsp;&nbsp;&nbsp;&nbsp;Grade 1 - Age 12: N<br>
1401,Licensed Group,North Delta Recreation Centre,11415 84Th Ave,,Delta,V4C 2L9,49.15688,-122.905205,604-952-3054,,,,,,,,,,,,,,,,,,,,,,,,,,,,,,,,,,,Y,Y,N,North Delta Recreation Centre<br>Licensed Group<br>604-952-3054<br><br>Vacancy:<br>&nbsp;&nbsp;&nbsp;&nbsp;<36 months: None<br>&nbsp;&nbsp;&nbsp;&nbsp;30 months -- 5 years: None<br>&nbsp;&nbsp;&nbsp;&nbsp;Preschool: None<br>&nbsp;&nbsp;&nbsp;&nbsp;Grade 1 - Age 12: None<br>
1402,Licensed Group,Enchanted Forest,2215 Kootenay St,,Nelson,V1L 5S1,49.477507,-117.284241,250-551-2542,,,N,N,N,N,N,N,N,N,N,N,N,N,N,N,N,N,N,,,N,N,N,N,N,N,N,N,N,N,N,2026-04-22,https://hedgehogportal.interiorhealth.ca/ChildCare/Map,N,Y,N,Enchanted Forest<br>Licensed Group<br>250-551-2542<br><br>Vacancy:<br>&nbsp;&nbsp;&nbsp;&nbsp;<36 months: N<br>&nbsp;&nbsp;&nbsp;&nbsp;30 months -- 5 years: N<br>&nbsp;&nbsp;&nbsp;&nbsp;Preschool: N<br>&nbsp;&nbsp;&nbsp;&nbsp;Grade 1 - Age 12: N<br>
1403,Licensed Group,Cefa Morgan Crossing,104-15350 Croydon Dr,,Surrey,V3Z 1H4,49.059797,-122.797274,778-241-7917,,,N,N,N,N,N,N,N,N,N,N,N,N,N,N,N,N,N,,,N,N,N,N,N,N,N,Y,N,N,N,2026-05-15,http://www.healthspace.ca/fha/childcare,N,Y,N,Cefa Morgan Crossing<br>Licensed Group<br>778-241-7917<br><br>Vacancy:<br>&nbsp;&nbsp;&nbsp;&nbsp;<36 months: Y<br>&nbsp;&nbsp;&nbsp;&nbsp;30 months -- 5 years: N<br>&nbsp;&nbsp;&nbsp;&nbsp;Preschool: N<br>&nbsp;&nbsp;&nbsp;&nbsp;Grade 1 - Age 12: N<br>
1404,Licensed Family,Second Home Multi-Age Childcare,46504 Gilbert Ave,,Chilliwack,V2P 3V2,49.190154,-121.93777,604-799-1238,,,N,N,N,N,N,N,N,N,N,N,N,N,N,N,N,N,N,,,N,N,N,N,N,N,N,Y,Y,N,N,2026-05-21,http://www.healthspace.ca/fha/childcare,N,Y,N,Second Home Multi-Age Childcare<br>Licensed Family<br>604-799-1238<br><br>Vacancy:<br>&nbsp;&nbsp;&nbsp;&nbsp;<36 months: Y<br>&nbsp;&nbsp;&nbsp;&nbsp;30 months -- 5 years: Y<br>&nbsp;&nbsp;&nbsp;&nbsp;Preschool: N<br>&nbsp;&nbsp;&nbsp;&nbsp;Grade 1 - Age 12: N<br>
1405,Licensed Family,Eminent Stars Daycare Ltd,3986 Rumble St,,Burnaby,V5J 1Z6,49.21456,-123.015454,778-223-2698,,,N,N,N,N,N,N,N,N,N,N,N,N,N,N,N,N,N,,,N,N,N,N,N,N,N,N,N,N,Y,2026-05-02,http://www.healthspace.ca/fha/childcare,N,Y,N,Eminent Stars Daycare Ltd<br>Licensed Family<br>778-223-2698<br><br>Vacancy:<br>&nbsp;&nbsp;&nbsp;&nbsp;<36 months: N<br>&nbsp;&nbsp;&nbsp;&nbsp;30 months -- 5 years: N<br>&nbsp;&nbsp;&nbsp;&nbsp;Preschool: N<br>&nbsp;&nbsp;&nbsp;&nbsp;Grade 1 - Age 12: Y<br>
1406,Licensed Family,Creative Discovery Early Learning,24189 103A Ave,,Maple Ridge,V2W 0E4,49.190879,-122.551471,604-790-9488,,,N,N,N,N,N,N,N,N,N,N,N,N,N,N,N,N,N,,,N,N,N,N,N,N,N,N,N,N,N,2026-04-30,http://www.healthspace.ca/fha/childcare,N,Y,N,Creative Discovery Early Learning<br>Licensed Family<br>604-790-9488<br><br>Vacancy:<br>&nbsp;&nbsp;&nbsp;&nbsp;<36 months: N<br>&nbsp;&nbsp;&nbsp;&nbsp;30 months -- 5 years: N<br>&nbsp;&nbsp;&nbsp;&nbsp;Preschool: N<br>&nbsp;&nbsp;&nbsp;&nbsp;Grade 1 - Age 12: N<br>
1407,Licensed Family,Tumblin Monkeys Daycare,4723 248 St,,Aldergrove,V4W 1C9,49.088194,-122.5378,604-856-4253,,,N,N,N,N,N,N,N,N,N,N,N,N,N,N,N,N,N,,,N,N,N,N,N,N,N,N,Y,N,N,2026-05-13,http://www.healthspace.ca/fha/childcare,N,Y,N,Tumblin Monkeys Daycare<br>Licensed Family<br>604-856-4253<br><br>Vacancy:<br>&nbsp;&nbsp;&nbsp;&nbsp;<36 months: N<br>&nbsp;&nbsp;&nbsp;&nbsp;30 months -- 5 years: Y<br>&nbsp;&nbsp;&nbsp;&nbsp;Preschool: N<br>&nbsp;&nbsp;&nbsp;&nbsp;Grade 1 - Age 12: N<br>
1408,Licensed Family,Cocoon Early Learning,2827 Commonwealth St,,Port Coquitlam,V3B 5V6,49.264125,-122.765731,778-870-0406,,,N,N,N,N,N,N,N,N,N,N,N,N,N,N,N,N,N,,,N,N,N,N,N,N,N,N,N,N,N,2026-05-15,http://www.healthspace.ca/fha/childcare,N,Y,N,Cocoon Early Learning<br>Licensed Family<br>778-870-0406<br><br>Vacancy:<br>&nbsp;&nbsp;&nbsp;&nbsp;<36 months: N<br>&nbsp;&nbsp;&nbsp;&nbsp;30 months -- 5 years: N<br>&nbsp;&nbsp;&nbsp;&nbsp;Preschool: N<br>&nbsp;&nbsp;&nbsp;&nbsp;Grade 1 - Age 12: N<br>
1409,Licensed Family,Alli's Little Rascals,9620 113 Ave,,Fort St. John,V1J 2X2,56.258657,-120.841533,250-262-7522,,,N,N,N,N,N,N,N,N,N,N,N,N,N,N,N,N,N,,,N,N,N,N,N,N,N,N,N,N,N,2026-05-15,https://www.healthspace.ca/Clients/NHA/NHA_Website.nsf/CCFL-Frameset,N,Y,N,Alli's Little Rascals<br>Licensed Family<br>250-262-7522<br><br>Vacancy:<br>&nbsp;&nbsp;&nbsp;&nbsp;<36 months: N<br>&nbsp;&nbsp;&nbsp;&nbsp;30 months -- 5 years: N<br>&nbsp;&nbsp;&nbsp;&nbsp;Preschool: N<br>&nbsp;&nbsp;&nbsp;&nbsp;Grade 1 - Age 12: N<br>
1410,Licensed Group,Angels Playhouse Infant And Toddler Childcare Centre(Rumble),5588 Rumble St,,Burnaby,V5J 2C1,49.214569,-122.983393,604-809-3868,,,N,N,N,N,N,N,N,N,N,N,N,N,N,N,N,N,N,,,N,N,N,N,N,N,N,Y,N,N,N,2026-04-30,http://www.healthspace.ca/fha/childcare,N,Y,N,Angels Playhouse Infant And Toddler Childcare Centre(Rumble)<br>Licensed Group<br>604-809-3868<br><br>Vacancy:<br>&nbsp;&nbsp;&nbsp;&nbsp;<36 months: Y<br>&nbsp;&nbsp;&nbsp;&nbsp;30 months -- 5 years: N<br>&nbsp;&nbsp;&nbsp;&nbsp;Preschool: N<br>&nbsp;&nbsp;&nbsp;&nbsp;Grade 1 - Age 12: N<br>
1411,Licensed Group,Kool Cats Kid Care And Kool Cats Preschool,6989 Gladstone Dr,,Prince George,V2N 3N7,53.858187,-122.762041,250-964-2668,,,N,N,N,N,N,N,N,N,N,N,N,N,N,N,N,N,N,,,N,N,N,N,N,N,N,N,N,Y,N,2026-05-15,https://www.healthspace.ca/Clients/NHA/NHA_Website.nsf/CCFL-Frameset,N,Y,N,Kool Cats Kid Care And Kool Cats Preschool<br>Licensed Group<br>250-964-2668<br><br>Vacancy:<br>&nbsp;&nbsp;&nbsp;&nbsp;<36 months: N<br>&nbsp;&nbsp;&nbsp;&nbsp;30 months -- 5 years: N<br>&nbsp;&nbsp;&nbsp;&nbsp;Preschool: Y<br>&nbsp;&nbsp;&nbsp;&nbsp;Grade 1 - Age 12: N<br>
1412,Licensed Group,Powell River Christian School,6960 Quesnel St,,Powell River,V8A 1J2,49.812639,-124.522217,604-485-0006,,,N,N,N,N,N,N,N,N,N,N,N,N,N,N,N,N,N,,,N,N,N,N,N,N,N,N,N,N,N,2026-05-19,https://inspections.vcha.ca/ChildCare/Table,N,Y,N,Powell River Christian School<br>Licensed Group<br>604-485-0006<br><br>Vacancy:<br>&nbsp;&nbsp;&nbsp;&nbsp;<36 months: N<br>&nbsp;&nbsp;&nbsp;&nbsp;30 months -- 5 years: N<br>&nbsp;&nbsp;&nbsp;&nbsp;Preschool: N<br>&nbsp;&nbsp;&nbsp;&nbsp;Grade 1 - Age 12: N<br>
1413,Licensed Family,Building Blocks Daycare,3071 Mccrae St,,Abbotsford,V2S 5T1,49.057462,-122.253538,778-235-3699,,,N,N,N,N,N,N,N,N,N,N,N,N,N,N,N,N,N,,,N,N,N,N,N,N,N,N,N,N,N,2026-05-15,http://www.healthspace.ca/fha/childcare,N,Y,N,Building Blocks Daycare<br>Licensed Family<br>778-235-3699<br><br>Vacancy:<br>&nbsp;&nbsp;&nbsp;&nbsp;<36 months: N<br>&nbsp;&nbsp;&nbsp;&nbsp;30 months -- 5 years: N<br>&nbsp;&nbsp;&nbsp;&nbsp;Preschool: N<br>&nbsp;&nbsp;&nbsp;&nbsp;Grade 1 - Age 12: N<br>
1414,Licensed Family,Little Blooms Family Daycare,1038 Edgewater Crescent,,Squamish,V8B 0E7,49.730764,-123.156006,604-848-4443,,,N,N,N,N,N,N,N,N,N,N,N,N,N,N,N,N,N,,,N,N,N,N,N,N,N,N,N,N,N,2026-05-15,https://inspections.vcha.ca/ChildCare/Table,N,Y,N,Little Blooms Family Daycare<br>Licensed Family<br>604-848-4443<br><br>Vacancy:<br>&nbsp;&nbsp;&nbsp;&nbsp;<36 months: N<br>&nbsp;&nbsp;&nbsp;&nbsp;30 months -- 5 years: N<br>&nbsp;&nbsp;&nbsp;&nbsp;Preschool: N<br>&nbsp;&nbsp;&nbsp;&nbsp;Grade 1 - Age 12: N<br>
1415,Licensed Group,Ymca-Pearson Out Of School Care,700 Pearson Rd,,Kelowna,V1X 5H8,49.898856,-119.399484,250-317-9120,,,N,N,N,N,N,N,N,N,N,N,N,N,N,N,N,N,N,,,N,N,N,N,N,N,N,N,N,N,N,2026-04-28,https://hedgehogportal.interiorhealth.ca/ChildCare/Map,N,N,N,Ymca-Pearson Out Of School Care<br>Licensed Group<br>250-317-9120<br><br>Vacancy:<br>&nbsp;&nbsp;&nbsp;&nbsp;<36 months: N<br>&nbsp;&nbsp;&nbsp;&nbsp;30 months -- 5 years: N<br>&nbsp;&nbsp;&nbsp;&nbsp;Preschool: N<br>&nbsp;&nbsp;&nbsp;&nbsp;Grade 1 - Age 12: N<br>
1416,Licensed Family,Kiddo & Co. Child Care,24331 104 Ave,,Maple Ridge,V2W 0G7,49.191525,-122.548295,604-218-8586,kiddoandco.ca,,N,N,N,N,N,N,N,N,N,N,N,N,N,N,N,N,N,,,N,N,N,N,N,N,N,N,N,N,Y,2026-05-17,http://www.healthspace.ca/fha/childcare,N,Y,N,Kiddo & Co. Child Care<br>Licensed Family<br>604-218-8586<br><br>Vacancy:<br>&nbsp;&nbsp;&nbsp;&nbsp;<36 months: N<br>&nbsp;&nbsp;&nbsp;&nbsp;30 months -- 5 years: N<br>&nbsp;&nbsp;&nbsp;&nbsp;Preschool: N<br>&nbsp;&nbsp;&nbsp;&nbsp;Grade 1 - Age 12: Y<br>
1417,Licensed Family,Coastal Kids Childcare,2613 Derwent Ave,,Cumberland,V0R 1S0,49.617206,-125.03592,250-898-9193,,,N,N,N,N,N,N,N,N,N,N,N,N,N,N,N,N,N,,,N,N,N,N,N,N,N,N,N,N,N,2026-04-29,https://www.healthspace.ca/clients/viha/viha_website.nsf/CCFL-Main?OpenView,N,Y,N,Coastal Kids Childcare<br>Licensed Family<br>250-898-9193<br><br>Vacancy:<br>&nbsp;&nbsp;&nbsp;&nbsp;<36 months: N<br>&nbsp;&nbsp;&nbsp;&nbsp;30 months -- 5 years: N<br>&nbsp;&nbsp;&nbsp;&nbsp;Preschool: N<br>&nbsp;&nbsp;&nbsp;&nbsp;Grade 1 - Age 12: N<br>
1418,Licensed Family,Just For Fun,8759 Cornwall Cres,,Chilliwack,V2P 7C3,49.161031,-121.940357,604-701-5805,,,N,N,N,N,N,N,N,N,N,N,N,N,N,N,N,N,N,,,N,N,N,N,N,N,N,N,Y,N,N,2026-05-15,http://www.healthspace.ca/fha/childcare,N,Y,N,Just For Fun<br>Licensed Family<br>604-701-5805<br><br>Vacancy:<br>&nbsp;&nbsp;&nbsp;&nbsp;<36 months: N<br>&nbsp;&nbsp;&nbsp;&nbsp;30 months -- 5 years: Y<br>&nbsp;&nbsp;&nbsp;&nbsp;Preschool: N<br>&nbsp;&nbsp;&nbsp;&nbsp;Grade 1 - Age 12: N<br>
1419,Licensed Family,Alphabet Childcare,1664 Birchlynn Pl,,North Vancouver,V7J 2V9,49.323216,-123.030602,604-960-0888,www.alphabetchildcare.com,,N,N,N,N,N,N,N,N,N,N,N,N,N,N,N,N,N,,,N,N,N,N,N,N,N,N,N,N,N,2026-05-01,https://inspections.vcha.ca/ChildCare/Table,N,Y,N,Alphabet Childcare<br>Licensed Family<br>604-960-0888<br><br>Vacancy:<br>&nbsp;&nbsp;&nbsp;&nbsp;<36 months: N<br>&nbsp;&nbsp;&nbsp;&nbsp;30 months -- 5 years: N<br>&nbsp;&nbsp;&nbsp;&nbsp;Preschool: N<br>&nbsp;&nbsp;&nbsp;&nbsp;Grade 1 - Age 12: N<br>
1420,Licensed Family,Allsmile Tl Childcare Centre,15086 73 Ave,,Surrey,V3S 7A7,49.134752,-122.80446,604-518-6026,allsmile TL childcare centre,,N,N,N,N,N,N,N,N,N,N,N,N,N,N,N,N,N,,,N,N,N,N,N,N,N,N,N,N,N,2026-05-15,http://www.healthspace.ca/fha/childcare,N,Y,N,Allsmile Tl Childcare Centre<br>Licensed Family<br>604-518-6026<br><br>Vacancy:<br>&nbsp;&nbsp;&nbsp;&nbsp;<36 months: N<br>&nbsp;&nbsp;&nbsp;&nbsp;30 months -- 5 years: N<br>&nbsp;&nbsp;&nbsp;&nbsp;Preschool: N<br>&nbsp;&nbsp;&nbsp;&nbsp;Grade 1 - Age 12: N<br>
1421,Licensed Group,Explore To The Core Preschool,116 June Ave,,Nanaimo,V9S 4R7,49.174952,-123.971111,250-729-1552,,,N,N,N,N,N,N,N,N,N,N,N,N,N,N,N,N,N,,,N,N,N,N,N,N,N,N,N,N,N,2026-05-13,https://www.healthspace.ca/clients/viha/viha_website.nsf/CCFL-Main?OpenView,N,Y,N,Explore To The Core Preschool<br>Licensed Group<br>250-729-1552<br><br>Vacancy:<br>&nbsp;&nbsp;&nbsp;&nbsp;<36 months: N<br>&nbsp;&nbsp;&nbsp;&nbsp;30 months -- 5 years: N<br>&nbsp;&nbsp;&nbsp;&nbsp;Preschool: N<br>&nbsp;&nbsp;&nbsp;&nbsp;Grade 1 - Age 12: N<br>
1422,Licensed Group,"Scuola D'infanzia ""L'albero Magico""",3075 Slocan St,,Vancouver,V5M 3E4,49.256973,-123.050556,604-430-3337,,,N,N,N,N,N,N,N,N,N,N,N,N,N,N,N,N,N,,,N,N,N,N,N,N,N,Y,Y,N,N,2026-05-19,https://inspections.vcha.ca/ChildCare/Table,N,Y,N,"Scuola D'infanzia ""L'albero Magico""<br>Licensed Group<br>604-430-3337<br><br>Vacancy:<br>&nbsp;&nbsp;&nbsp;&nbsp;<36 months: Y<br>&nbsp;&nbsp;&nbsp;&nbsp;30 months -- 5 years: Y<br>&nbsp;&nbsp;&nbsp;&nbsp;Preschool: N<br>&nbsp;&nbsp;&nbsp;&nbsp;Grade 1 - Age 12: N<br>"
1423,Licensed Group,Delbrook Wonderland Academy,120-3721 Delbrook Ave,,North Vancouver,V7N 3Z4,49.343255,-123.086497,778-340-9595,,,,,,,,,,,,,,,,,,,,,,,,,,,,,,,,,,,Y,Y,N,Delbrook Wonderland Academy<br>Licensed Group<br>778-340-9595<br><br>Vacancy:<br>&nbsp;&nbsp;&nbsp;&nbsp;<36 months: None<br>&nbsp;&nbsp;&nbsp;&nbsp;30 months -- 5 years: None<br>&nbsp;&nbsp;&nbsp;&nbsp;Preschool: None<br>&nbsp;&nbsp;&nbsp;&nbsp;Grade 1 - Age 12: None<br>
1424,Licensed Group,Busy Bee Montessori Children's House,5749 Elsom Ave,,Burnaby,V5H 2Z8,49.232569,-123.001184,604-603-5687,,,N,N,N,N,N,N,N,N,N,N,N,N,N,N,N,N,N,,,N,N,N,N,N,N,N,N,N,N,N,2026-05-17,http://www.healthspace.ca/fha/childcare,N,Y,N,Busy Bee Montessori Children's House<br>Licensed Group<br>604-603-5687<br><br>Vacancy:<br>&nbsp;&nbsp;&nbsp;&nbsp;<36 months: N<br>&nbsp;&nbsp;&nbsp;&nbsp;30 months -- 5 years: N<br>&nbsp;&nbsp;&nbsp;&nbsp;Preschool: N<br>&nbsp;&nbsp;&nbsp;&nbsp;Grade 1 - Age 12: N<br>
1425,Licensed Family,Ultimate Care Nest Family Child Care,11724 209 St,,Maple Ridge,V2X 7S7,49.215063,-122.641844,604-812-2482,,,N,N,N,N,N,N,N,N,N,N,N,N,N,N,N,N,N,,,N,N,N,N,N,N,N,N,N,N,N,2026-05-20,http://www.healthspace.ca/fha/childcare,N,Y,N,Ultimate Care Nest Family Child Care<br>Licensed Family<br>604-812-2482<br><br>Vacancy:<br>&nbsp;&nbsp;&nbsp;&nbsp;<36 months: N<br>&nbsp;&nbsp;&nbsp;&nbsp;30 months -- 5 years: N<br>&nbsp;&nbsp;&nbsp;&nbsp;Preschool: N<br>&nbsp;&nbsp;&nbsp;&nbsp;Grade 1 - Age 12: N<br>
1426,Licensed Group,Elowyn,9966 Pollard Rd,,Lake Country,V4V 1Z4,50.026243,-119.40607,250-766-0399,,,N,N,N,N,N,N,N,N,N,N,N,N,N,N,N,N,N,,,N,N,N,N,N,N,N,N,N,N,Y,2026-05-19,https://hedgehogportal.interiorhealth.ca/ChildCare/Map,N,Y,N,Elowyn<br>Licensed Group<br>250-766-0399<br><br>Vacancy:<br>&nbsp;&nbsp;&nbsp;&nbsp;<36 months: N<br>&nbsp;&nbsp;&nbsp;&nbsp;30 months -- 5 years: N<br>&nbsp;&nbsp;&nbsp;&nbsp;Preschool: N<br>&nbsp;&nbsp;&nbsp;&nbsp;Grade 1 - Age 12: Y<br>
1427,Licensed Group,Mini Peak - Group Child Care (Under 36 Months),38398 Hemlock Ave,,Squamish,V8B 0W8,49.702066,-123.124458,604-849-3269,,,N,N,N,N,N,N,N,N,N,N,N,N,N,N,N,N,N,,,N,N,N,N,N,N,N,N,N,N,N,2026-04-22,https://inspections.vcha.ca/ChildCare/Table,N,Y,N,Mini Peak - Group Child Care (Under 36 Months)<br>Licensed Group<br>604-849-3269<br><br>Vacancy:<br>&nbsp;&nbsp;&nbsp;&nbsp;<36 months: N<br>&nbsp;&nbsp;&nbsp;&nbsp;30 months -- 5 years: N<br>&nbsp;&nbsp;&nbsp;&nbsp;Preschool: N<br>&nbsp;&nbsp;&nbsp;&nbsp;Grade 1 - Age 12: N<br>
1428,Licensed Family,My Sky Childcare Ltd,9142 Carver Cres,,Delta,V4C 6M9,49.169563,-122.892911,778-710-4800,,,N,N,N,N,N,N,N,N,N,N,N,N,N,N,N,N,N,,,N,N,N,N,N,N,N,Y,Y,N,Y,2026-04-30,http://www.healthspace.ca/fha/childcare,N,Y,N,My Sky Childcare Ltd<br>Licensed Family<br>778-710-4800<br><br>Vacancy:<br>&nbsp;&nbsp;&nbsp;&nbsp;<36 months: Y<br>&nbsp;&nbsp;&nbsp;&nbsp;30 months -- 5 years: Y<br>&nbsp;&nbsp;&nbsp;&nbsp;Preschool: N<br>&nbsp;&nbsp;&nbsp;&nbsp;Grade 1 - Age 12: Y<br>
1429,Licensed Family,Kinder's Cove Early Learning And Discovery Centre,2680 Copper Ridge Dr,,West Kelowna,V4T 2M7,49.853919,-119.642478,250-215-9405,,,N,N,N,N,N,N,N,N,N,N,N,N,N,N,N,N,N,,,N,N,N,N,N,N,N,N,N,N,N,2026-05-15,https://hedgehogportal.interiorhealth.ca/ChildCare/Map,N,Y,N,Kinder's Cove Early Learning And Discovery Centre<br>Licensed Family<br>250-215-9405<br><br>Vacancy:<br>&nbsp;&nbsp;&nbsp;&nbsp;<36 months: N<br>&nbsp;&nbsp;&nbsp;&nbsp;30 months -- 5 years: N<br>&nbsp;&nbsp;&nbsp;&nbsp;Preschool: N<br>&nbsp;&nbsp;&nbsp;&nbsp;Grade 1 - Age 12: N<br>
1430,Licensed Group,Sunset Preschool,6810 Main St,,Vancouver,V5X 0A1,49.222795,-123.098627,604-718-6512,,,N,N,N,N,N,N,N,N,N,N,N,N,N,N,N,N,N,,,N,N,N,N,N,N,N,N,N,N,N,2026-05-11,https://inspections.vcha.ca/ChildCare/Table,N,Y,N,Sunset Preschool<br>Licensed Group<br>604-718-6512<br><br>Vacancy:<br>&nbsp;&nbsp;&nbsp;&nbsp;<36 months: N<br>&nbsp;&nbsp;&nbsp;&nbsp;30 months -- 5 years: N<br>&nbsp;&nbsp;&nbsp;&nbsp;Preschool: N<br>&nbsp;&nbsp;&nbsp;&nbsp;Grade 1 - Age 12: N<br>
1431,Licensed Group,The Acorn Tree Early Childhood Centre,345 Pym St,,Parksville,V9P 1C8,49.32621,-124.33837,250-937-8839,,,N,N,N,N,N,N,N,N,N,N,N,N,N,N,N,N,N,,,N,N,N,N,N,N,N,N,N,N,N,2026-05-15,https://www.healthspace.ca/clients/viha/viha_website.nsf/CCFL-Main?OpenView,N,Y,N,The Acorn Tree Early Childhood Centre<br>Licensed Group<br>250-937-8839<br><br>Vacancy:<br>&nbsp;&nbsp;&nbsp;&nbsp;<36 months: N<br>&nbsp;&nbsp;&nbsp;&nbsp;30 months -- 5 years: N<br>&nbsp;&nbsp;&nbsp;&nbsp;Preschool: N<br>&nbsp;&nbsp;&nbsp;&nbsp;Grade 1 - Age 12: N<br>
1432,Licensed Group,Play & Learn At Parkinson,1800 Parkinson Way,,Kelowna,V1Y 4P9,49.887409,-119.457202,250-470-0639,,,N,N,N,N,N,N,N,N,N,N,N,N,N,N,N,N,N,,,N,N,N,N,N,N,N,N,N,N,N,2026-04-28,https://hedgehogportal.interiorhealth.ca/ChildCare/Map,N,Y,N,Play & Learn At Parkinson<br>Licensed Group<br>250-470-0639<br><br>Vacancy:<br>&nbsp;&nbsp;&nbsp;&nbsp;<36 months: N<br>&nbsp;&nbsp;&nbsp;&nbsp;30 months -- 5 years: N<br>&nbsp;&nbsp;&nbsp;&nbsp;Preschool: N<br>&nbsp;&nbsp;&nbsp;&nbsp;Grade 1 - Age 12: N<br>
1433,Licensed Family,Cowbay Daycare,4367 Kingscote Rd,,Cowichan Bay,V0R 1N2,48.72446,-123.57193,250-701-2545,,,N,N,N,N,N,N,N,N,N,N,N,N,N,N,N,N,N,,,N,N,N,N,N,N,N,N,Y,N,N,2026-05-15,https://www.healthspace.ca/clients/viha/viha_website.nsf/CCFL-Main?OpenView,N,Y,N,Cowbay Daycare<br>Licensed Family<br>250-701-2545<br><br>Vacancy:<br>&nbsp;&nbsp;&nbsp;&nbsp;<36 months: N<br>&nbsp;&nbsp;&nbsp;&nbsp;30 months -- 5 years: Y<br>&nbsp;&nbsp;&nbsp;&nbsp;Preschool: N<br>&nbsp;&nbsp;&nbsp;&nbsp;Grade 1 - Age 12: N<br>
1434,Licensed Family,Exploring The North Childcare,4651 Zral Rd,,Prince George,V2K 5X9,54.01489,-122.80538,250-613-6116,,,,,,,,,,,,,,,,,,,,,,,,,,,,,,,,,,,Y,Y,N,Exploring The North Childcare<br>Licensed Family<br>250-613-6116<br><br>Vacancy:<br>&nbsp;&nbsp;&nbsp;&nbsp;<36 months: None<br>&nbsp;&nbsp;&nbsp;&nbsp;30 months -- 5 years: None<br>&nbsp;&nbsp;&nbsp;&nbsp;Preschool: None<br>&nbsp;&nbsp;&nbsp;&nbsp;Grade 1 - Age 12: None<br>
1435,Licensed Family,Abels Adventures Childcare,484 Park Ave,,Nanaimo,V9R 4H4,49.155859,-123.943434,250-716-6814,,,N,N,N,N,N,N,N,N,N,N,N,N,N,N,N,N,N,,,N,N,N,N,N,N,N,N,N,N,N,2026-05-15,https://www.healthspace.ca/clients/viha/viha_website.nsf/CCFL-Main?OpenView,N,Y,N,Abels Adventures Childcare<br>Licensed Family<br>250-716-6814<br><br>Vacancy:<br>&nbsp;&nbsp;&nbsp;&nbsp;<36 months: N<br>&nbsp;&nbsp;&nbsp;&nbsp;30 months -- 5 years: N<br>&nbsp;&nbsp;&nbsp;&nbsp;Preschool: N<br>&nbsp;&nbsp;&nbsp;&nbsp;Grade 1 - Age 12: N<br>
1436,Licensed Family,Prickly Pear Child Care,6250 Reid Rd,,Chilliwack,V2R 2M4,49.115548,-121.970187,604-339-7162,,,N,N,N,N,N,N,N,N,N,N,N,N,N,N,N,N,N,,,N,N,N,N,N,N,N,Y,N,N,N,2026-05-20,http://www.healthspace.ca/fha/childcare,N,Y,N,Prickly Pear Child Care<br>Licensed Family<br>604-339-7162<br><br>Vacancy:<br>&nbsp;&nbsp;&nbsp;&nbsp;<36 months: Y<br>&nbsp;&nbsp;&nbsp;&nbsp;30 months -- 5 years: N<br>&nbsp;&nbsp;&nbsp;&nbsp;Preschool: N<br>&nbsp;&nbsp;&nbsp;&nbsp;Grade 1 - Age 12: N<br>
1437,Licensed Group,Mother Bear Child Development Capilano,206 Lawa Ave,,West Vancouver,V7P 1N9,49.322218,-123.121326,604-319-7286,,,N,N,N,N,N,N,N,N,N,N,N,N,N,N,N,N,N,,,N,N,N,N,N,N,N,N,N,N,N,2026-05-21,https://inspections.vcha.ca/ChildCare/Table,N,Y,Y,Mother Bear Child Development Capilano<br>Licensed Group<br>604-319-7286<br><br>Vacancy:<br>&nbsp;&nbsp;&nbsp;&nbsp;<36 months: N<br>&nbsp;&nbsp;&nbsp;&nbsp;30 months -- 5 years: N<br>&nbsp;&nbsp;&nbsp;&nbsp;Preschool: N<br>&nbsp;&nbsp;&nbsp;&nbsp;Grade 1 - Age 12: N<br>
1438,Licensed Group,Mother Bear Child Development Capilano,206 Lawa Ave,,West Vancouver,V7P 1N9,49.322218,-123.121326,604-319-7286,,,N,N,N,N,N,N,N,N,N,N,N,N,N,N,N,N,N,,,N,N,N,N,N,N,N,N,N,N,N,2026-05-21,https://inspections.vcha.ca/ChildCare/Table,N,Y,Y,Mother Bear Child Development Capilano<br>Licensed Group<br>604-319-7286<br><br>Vacancy:<br>&nbsp;&nbsp;&nbsp;&nbsp;<36 months: N<br>&nbsp;&nbsp;&nbsp;&nbsp;30 months -- 5 years: N<br>&nbsp;&nbsp;&nbsp;&nbsp;Preschool: N<br>&nbsp;&nbsp;&nbsp;&nbsp;Grade 1 - Age 12: N<br>
1439,Licensed Family,Sleepy Cloud Daycare,45499 Lewis Ave,,Chilliwack,V2P 3C9,49.17791,-121.96556,604-845-8631,,,N,N,N,N,N,N,N,N,N,N,N,N,N,N,N,N,N,,,N,N,N,N,N,N,N,N,N,N,N,2026-05-15,http://www.healthspace.ca/fha/childcare,N,Y,N,Sleepy Cloud Daycare<br>Licensed Family<br>604-845-8631<br><br>Vacancy:<br>&nbsp;&nbsp;&nbsp;&nbsp;<36 months: N<br>&nbsp;&nbsp;&nbsp;&nbsp;30 months -- 5 years: N<br>&nbsp;&nbsp;&nbsp;&nbsp;Preschool: N<br>&nbsp;&nbsp;&nbsp;&nbsp;Grade 1 - Age 12: N<br>
1440,Licensed Group,We Care Childcare - Children's Learning Centre,602 12Th St,,New Westminster,V3M 4J2,49.207685,-122.930748,604-553-4064,,,N,N,N,N,N,N,N,N,N,N,N,N,N,N,N,N,N,,,N,N,N,N,N,N,N,N,N,N,N,2026-05-15,http://www.healthspace.ca/fha/childcare,N,Y,N,We Care Childcare - Children's Learning Centre<br>Licensed Group<br>604-553-4064<br><br>Vacancy:<br>&nbsp;&nbsp;&nbsp;&nbsp;<36 months: N<br>&nbsp;&nbsp;&nbsp;&nbsp;30 months -- 5 years: N<br>&nbsp;&nbsp;&nbsp;&nbsp;Preschool: N<br>&nbsp;&nbsp;&nbsp;&nbsp;Grade 1 - Age 12: N<br>
1441,Licensed Group,Fleming ymca Kids Club,6363 Lanark St,,Vancouver,V5P 2Y8,49.226477,-123.076543,604-318-9038,,,N,N,N,N,N,N,N,N,N,N,N,N,N,N,N,N,N,,,N,N,N,N,N,N,N,N,N,N,N,2026-05-14,https://inspections.vcha.ca/ChildCare/Table,N,Y,N,Fleming ymca Kids Club<br>Licensed Group<br>604-318-9038<br><br>Vacancy:<br>&nbsp;&nbsp;&nbsp;&nbsp;<36 months: N<br>&nbsp;&nbsp;&nbsp;&nbsp;30 months -- 5 years: N<br>&nbsp;&nbsp;&nbsp;&nbsp;Preschool: N<br>&nbsp;&nbsp;&nbsp;&nbsp;Grade 1 - Age 12: N<br>
1442,Licensed Group,Little River Childcare,1630 Island Highway,,Campbell River,V9W 2E5,50.03277,-125.265525,250-914-1720,,,N,N,N,N,N,N,N,N,N,N,N,N,N,N,N,N,N,,,N,N,N,N,N,N,N,N,N,N,N,2026-05-08,https://www.healthspace.ca/clients/viha/viha_website.nsf/CCFL-Main?OpenView,N,Y,N,Little River Childcare<br>Licensed Group<br>250-914-1720<br><br>Vacancy:<br>&nbsp;&nbsp;&nbsp;&nbsp;<36 months: N<br>&nbsp;&nbsp;&nbsp;&nbsp;30 months -- 5 years: N<br>&nbsp;&nbsp;&nbsp;&nbsp;Preschool: N<br>&nbsp;&nbsp;&nbsp;&nbsp;Grade 1 - Age 12: N<br>
1443,Licensed Family,Fox In Soxs Daycare,15 Wohler St,,Kitimat,V8C 1H7,54.06271,-128.628233,250-615-6806,,,N,N,N,N,N,N,N,N,N,N,N,N,N,N,N,N,N,,,N,N,N,N,N,N,N,N,Y,N,N,2026-03-16,https://www.healthspace.ca/Clients/NHA/NHA_Website.nsf/CCFL-Frameset,N,Y,N,Fox In Soxs Daycare<br>Licensed Family<br>250-615-6806<br><br>Vacancy:<br>&nbsp;&nbsp;&nbsp;&nbsp;<36 months: N<br>&nbsp;&nbsp;&nbsp;&nbsp;30 months -- 5 years: Y<br>&nbsp;&nbsp;&nbsp;&nbsp;Preschool: N<br>&nbsp;&nbsp;&nbsp;&nbsp;Grade 1 - Age 12: N<br>
1444,Licensed Group,N'quatqua Child And Family Development Centre,64 Casper Charlie Place,,Darcy,V0N 1L0,50.550366,-122.483829,604-452-3584,,,N,N,N,N,N,N,N,N,N,N,N,N,N,N,N,N,N,,,N,N,N,N,N,N,N,N,N,N,N,2026-05-15,https://inspections.vcha.ca/ChildCare/Table,N,Y,N,N'quatqua Child And Family Development Centre<br>Licensed Group<br>604-452-3584<br><br>Vacancy:<br>&nbsp;&nbsp;&nbsp;&nbsp;<36 months: N<br>&nbsp;&nbsp;&nbsp;&nbsp;30 months -- 5 years: N<br>&nbsp;&nbsp;&nbsp;&nbsp;Preschool: N<br>&nbsp;&nbsp;&nbsp;&nbsp;Grade 1 - Age 12: N<br>
1445,Licensed Group,Block 8 Academy - 106 Moody Street,106 Moody St,,Port Moody,V3H 2B9,49.276342,-122.849818,778-893-9706,,,N,N,N,N,N,N,N,N,N,N,N,N,N,N,N,N,N,Not offered,Not offered,N,N,N,N,N,N,N,N,Y,N,N,2026-05-14,http://www.healthspace.ca/fha/childcare,N,Y,N,Block 8 Academy - 106 Moody Street<br>Licensed Group<br>778-893-9706<br><br>Vacancy:<br>&nbsp;&nbsp;&nbsp;&nbsp;<36 months: N<br>&nbsp;&nbsp;&nbsp;&nbsp;30 months -- 5 years: Y<br>&nbsp;&nbsp;&nbsp;&nbsp;Preschool: N<br>&nbsp;&nbsp;&nbsp;&nbsp;Grade 1 - Age 12: N<br>
1446,Licensed Family,Mighty Munchkins,519 Arbutus St,,Chase,V0E 1M0,50.825389,-119.686188,587-988-7021,,,Y,N,N,N,N,N,Y,Y,N,N,N,N,N,N,N,N,N,Not offered,Not offered,N,N,N,Y,Y,N,Y,N,N,N,N,2026-05-15,https://hedgehogportal.interiorhealth.ca/ChildCare/Map,N,Y,N,Mighty Munchkins<br>Licensed Family<br>587-988-7021<br><br>Vacancy:<br>&nbsp;&nbsp;&nbsp;&nbsp;<36 months: N<br>&nbsp;&nbsp;&nbsp;&nbsp;30 months -- 5 years: N<br>&nbsp;&nbsp;&nbsp;&nbsp;Preschool: N<br>&nbsp;&nbsp;&nbsp;&nbsp;Grade 1 - Age 12: N<br>
1447,Licensed Family,Lil Amigos Daycare,9250 Elk Dr,,Port Hardy,V0N 2P0,50.716609,-127.505358,250-949-1329,,,N,N,N,N,N,N,N,N,N,N,N,N,N,N,N,N,N,,,N,N,N,N,N,N,N,N,N,N,N,2026-05-19,https://www.healthspace.ca/clients/viha/viha_website.nsf/CCFL-Main?OpenView,N,Y,N,Lil Amigos Daycare<br>Licensed Family<br>250-949-1329<br><br>Vacancy:<br>&nbsp;&nbsp;&nbsp;&nbsp;<36 months: N<br>&nbsp;&nbsp;&nbsp;&nbsp;30 months -- 5 years: N<br>&nbsp;&nbsp;&nbsp;&nbsp;Preschool: N<br>&nbsp;&nbsp;&nbsp;&nbsp;Grade 1 - Age 12: N<br>
1448,Licensed Family,Level Up Childcare Learning Centre,13859 Hansen Rd,,Surrey,V3R 5M4,49.205734,-122.838016,778-395-4903,,,N,N,N,N,N,N,N,N,N,N,N,N,N,N,N,N,N,,,N,N,N,N,N,N,N,Y,Y,N,N,2026-05-15,http://www.healthspace.ca/fha/childcare,N,Y,N,Level Up Childcare Learning Centre<br>Licensed Family<br>778-395-4903<br><br>Vacancy:<br>&nbsp;&nbsp;&nbsp;&nbsp;<36 months: Y<br>&nbsp;&nbsp;&nbsp;&nbsp;30 months -- 5 years: Y<br>&nbsp;&nbsp;&nbsp;&nbsp;Preschool: N<br>&nbsp;&nbsp;&nbsp;&nbsp;Grade 1 - Age 12: N<br>
1449,Licensed Family,Blooming Butterflies Daycare,4841 201A St,,Langley,V3A 0H1,49.090409,-122.664799,604-723-5508,,,N,N,N,N,N,N,N,N,N,N,N,N,N,N,N,N,N,,,N,N,N,N,N,N,N,N,N,N,N,2026-05-16,http://www.healthspace.ca/fha/childcare,N,Y,N,Blooming Butterflies Daycare<br>Licensed Family<br>604-723-5508<br><br>Vacancy:<br>&nbsp;&nbsp;&nbsp;&nbsp;<36 months: N<br>&nbsp;&nbsp;&nbsp;&nbsp;30 months -- 5 years: N<br>&nbsp;&nbsp;&nbsp;&nbsp;Preschool: N<br>&nbsp;&nbsp;&nbsp;&nbsp;Grade 1 - Age 12: N<br>
1450,Licensed Group,Mighty Mouse Daycare,8-2601 Highway 6,,Vernon,V1T 5G4,50.26055,-119.2692,250-503-0851,,,N,N,N,N,N,N,N,N,N,N,N,N,N,N,N,N,N,,,N,N,N,N,N,N,N,Y,Y,N,N,2026-05-15,https://hedgehogportal.interiorhealth.ca/ChildCare/Map,N,Y,N,Mighty Mouse Daycare<br>Licensed Group<br>250-503-0851<br><br>Vacancy:<br>&nbsp;&nbsp;&nbsp;&nbsp;<36 months: Y<br>&nbsp;&nbsp;&nbsp;&nbsp;30 months -- 5 years: Y<br>&nbsp;&nbsp;&nbsp;&nbsp;Preschool: N<br>&nbsp;&nbsp;&nbsp;&nbsp;Grade 1 - Age 12: N<br>
1451,Licensed Group,Goat Mountain Kids Centre,604 7Th Ave,,New Denver,V0G 1S0,49.99261,-117.370266,250-265-3638,,,N,N,N,N,N,N,N,N,N,N,N,N,N,N,N,N,N,,,N,N,N,N,N,N,N,N,Y,N,N,2026-05-06,https://hedgehogportal.interiorhealth.ca/ChildCare/Map,N,Y,N,Goat Mountain Kids Centre<br>Licensed Group<br>250-265-3638<br><br>Vacancy:<br>&nbsp;&nbsp;&nbsp;&nbsp;<36 months: N<br>&nbsp;&nbsp;&nbsp;&nbsp;30 months -- 5 years: Y<br>&nbsp;&nbsp;&nbsp;&nbsp;Preschool: N<br>&nbsp;&nbsp;&nbsp;&nbsp;Grade 1 - Age 12: N<br>
1452,Licensed Group,Cherryville Pre-School,158 North Fork Rd,,Cherryville,V0E 2G3,50.243029,-118.607669,250-547-8866,,,N,N,N,N,N,N,N,N,N,N,N,N,N,N,N,N,N,,,N,N,N,N,N,N,N,N,N,Y,N,2026-05-14,https://hedgehogportal.interiorhealth.ca/ChildCare/Map,N,Y,N,Cherryville Pre-School<br>Licensed Group<br>250-547-8866<br><br>Vacancy:<br>&nbsp;&nbsp;&nbsp;&nbsp;<36 months: N<br>&nbsp;&nbsp;&nbsp;&nbsp;30 months -- 5 years: N<br>&nbsp;&nbsp;&nbsp;&nbsp;Preschool: Y<br>&nbsp;&nbsp;&nbsp;&nbsp;Grade 1 - Age 12: N<br>
1453,Licensed Family,Little Minds Childcare,11250 Pretty Rd,,Lake Country,V4V 1H6,50.046037,-119.413462,250-317-5014,,,N,N,N,N,N,N,N,N,N,N,N,N,N,N,N,N,N,,,N,N,N,N,N,N,N,N,N,N,N,2026-05-11,https://hedgehogportal.interiorhealth.ca/ChildCare/Map,N,Y,N,Little Minds Childcare<br>Licensed Family<br>250-317-5014<br><br>Vacancy:<br>&nbsp;&nbsp;&nbsp;&nbsp;<36 months: N<br>&nbsp;&nbsp;&nbsp;&nbsp;30 months -- 5 years: N<br>&nbsp;&nbsp;&nbsp;&nbsp;Preschool: N<br>&nbsp;&nbsp;&nbsp;&nbsp;Grade 1 - Age 12: N<br>
1454,Licensed Family,Little Inventors Early Learning Academy,7880 139A St,,Surrey,V3W 5H5,49.146126,-122.835969,778-323-1794,,,N,N,N,N,N,N,N,N,N,N,N,N,N,N,N,N,N,,,N,N,N,N,N,N,N,N,N,N,N,2026-04-24,http://www.healthspace.ca/fha/childcare,N,Y,N,Little Inventors Early Learning Academy<br>Licensed Family<br>778-323-1794<br><br>Vacancy:<br>&nbsp;&nbsp;&nbsp;&nbsp;<36 months: N<br>&nbsp;&nbsp;&nbsp;&nbsp;30 months -- 5 years: N<br>&nbsp;&nbsp;&nbsp;&nbsp;Preschool: N<br>&nbsp;&nbsp;&nbsp;&nbsp;Grade 1 - Age 12: N<br>
1455,Licensed Family,"Linda's ""Little People"" Family Daycare",2197 Richter St,,Kelowna,V1Y 2N9,49.874585,-119.487845,250-301-6547,,,N,N,N,N,N,N,N,N,N,N,N,N,N,N,N,N,N,,,N,N,N,N,N,N,N,N,N,N,N,2026-05-15,https://hedgehogportal.interiorhealth.ca/ChildCare/Map,N,Y,N,"Linda's ""Little People"" Family Daycare<br>Licensed Family<br>250-301-6547<br><br>Vacancy:<br>&nbsp;&nbsp;&nbsp;&nbsp;<36 months: N<br>&nbsp;&nbsp;&nbsp;&nbsp;30 months -- 5 years: N<br>&nbsp;&nbsp;&nbsp;&nbsp;Preschool: N<br>&nbsp;&nbsp;&nbsp;&nbsp;Grade 1 - Age 12: N<br>"
1456,Licensed Family,Boo Boo Daycare,6209 Elgin Ave,,Burnaby,V5H 3S3,49.227653,-122.982886,778-938-8871,,,N,N,N,N,N,N,N,N,N,N,N,N,N,N,N,N,N,,,N,N,N,N,N,N,N,N,N,N,N,2026-05-17,http://www.healthspace.ca/fha/childcare,N,Y,N,Boo Boo Daycare<br>Licensed Family<br>778-938-8871<br><br>Vacancy:<br>&nbsp;&nbsp;&nbsp;&nbsp;<36 months: N<br>&nbsp;&nbsp;&nbsp;&nbsp;30 months -- 5 years: N<br>&nbsp;&nbsp;&nbsp;&nbsp;Preschool: N<br>&nbsp;&nbsp;&nbsp;&nbsp;Grade 1 - Age 12: N<br>
1457,Licensed Family,Honey Bunny Daycare,1058 Canyon Blvd,,North Vancouver,V7R 2K4,49.35738,-123.102361,604-218-7055,,,N,N,N,N,N,N,N,N,N,N,N,N,N,N,N,N,N,,,N,N,N,N,N,N,N,Y,Y,N,N,2026-05-01,https://inspections.vcha.ca/ChildCare/Table,N,Y,N,Honey Bunny Daycare<br>Licensed Family<br>604-218-7055<br><br>Vacancy:<br>&nbsp;&nbsp;&nbsp;&nbsp;<36 months: Y<br>&nbsp;&nbsp;&nbsp;&nbsp;30 months -- 5 years: Y<br>&nbsp;&nbsp;&nbsp;&nbsp;Preschool: N<br>&nbsp;&nbsp;&nbsp;&nbsp;Grade 1 - Age 12: N<br>
1458,Licensed Group,Lift Early Learning Centre,4069 40Th Ave W,,Vancouver,V6N 3B9,49.235864,-123.195975,778-952-6808,,,N,N,N,N,N,N,N,N,N,N,N,N,N,N,N,N,N,,,N,N,N,N,N,N,N,N,N,N,N,2026-05-20,https://inspections.vcha.ca/ChildCare/Table,N,Y,N,Lift Early Learning Centre<br>Licensed Group<br>778-952-6808<br><br>Vacancy:<br>&nbsp;&nbsp;&nbsp;&nbsp;<36 months: N<br>&nbsp;&nbsp;&nbsp;&nbsp;30 months -- 5 years: N<br>&nbsp;&nbsp;&nbsp;&nbsp;Preschool: N<br>&nbsp;&nbsp;&nbsp;&nbsp;Grade 1 - Age 12: N<br>
1459,Licensed Group,Blue Door Out Of School Care,2302 44 Ave,,Vernon,V1T 3M1,50.276067,-119.262749,250-306-8040,,,N,N,N,N,N,N,N,N,N,N,N,N,N,N,N,N,N,,,N,N,N,N,N,N,N,N,N,N,N,2026-05-19,https://hedgehogportal.interiorhealth.ca/ChildCare/Map,N,Y,N,Blue Door Out Of School Care<br>Licensed Group<br>250-306-8040<br><br>Vacancy:<br>&nbsp;&nbsp;&nbsp;&nbsp;<36 months: N<br>&nbsp;&nbsp;&nbsp;&nbsp;30 months -- 5 years: N<br>&nbsp;&nbsp;&nbsp;&nbsp;Preschool: N<br>&nbsp;&nbsp;&nbsp;&nbsp;Grade 1 - Age 12: N<br>
1460,Licensed Family,Bamboo House Montessori Childcare,20464 90 Cres,,Langley,V1M 1A7,49.165262,-122.655247,778-558-9097,,,N,N,N,N,N,N,N,N,N,N,N,N,N,N,N,N,N,,,N,N,N,N,N,N,N,N,N,N,N,2026-05-15,http://www.healthspace.ca/fha/childcare,N,Y,N,Bamboo House Montessori Childcare<br>Licensed Family<br>778-558-9097<br><br>Vacancy:<br>&nbsp;&nbsp;&nbsp;&nbsp;<36 months: N<br>&nbsp;&nbsp;&nbsp;&nbsp;30 months -- 5 years: N<br>&nbsp;&nbsp;&nbsp;&nbsp;Preschool: N<br>&nbsp;&nbsp;&nbsp;&nbsp;Grade 1 - Age 12: N<br>
1461,Licensed Group,Lord Tennyson Out Of School Care,2650 Maple St,,Vancouver,V6J 2B2,49.262349,-123.149372,604-733-5111,,,N,N,N,N,N,N,N,N,N,N,N,N,N,N,N,N,N,,,N,N,N,N,N,N,N,N,N,N,N,2026-04-29,https://inspections.vcha.ca/ChildCare/Table,N,Y,N,Lord Tennyson Out Of School Care<br>Licensed Group<br>604-733-5111<br><br>Vacancy:<br>&nbsp;&nbsp;&nbsp;&nbsp;<36 months: N<br>&nbsp;&nbsp;&nbsp;&nbsp;30 months -- 5 years: N<br>&nbsp;&nbsp;&nbsp;&nbsp;Preschool: N<br>&nbsp;&nbsp;&nbsp;&nbsp;Grade 1 - Age 12: N<br>
1462,Licensed Family,Little Blue Birds,46 Mills Rd,,Courtenay,V9N 9L3,49.68287,-125.036399,250-703-6017,,,N,N,N,N,N,N,N,N,N,N,N,N,N,N,N,N,N,,,N,N,N,N,N,N,N,N,N,N,N,2026-04-23,https://www.healthspace.ca/clients/viha/viha_website.nsf/CCFL-Main?OpenView,N,Y,N,Little Blue Birds<br>Licensed Family<br>250-703-6017<br><br>Vacancy:<br>&nbsp;&nbsp;&nbsp;&nbsp;<36 months: N<br>&nbsp;&nbsp;&nbsp;&nbsp;30 months -- 5 years: N<br>&nbsp;&nbsp;&nbsp;&nbsp;Preschool: N<br>&nbsp;&nbsp;&nbsp;&nbsp;Grade 1 - Age 12: N<br>
1463,Licensed Group,Little Valley 123 Childcare Centre Ltd,49190 Chilliwack Central Rd,,Chilliwack,V2P 6H3,49.161417,-121.863619,778-882-1360,,,N,N,N,N,N,N,N,N,N,N,N,N,N,N,N,N,N,,,N,N,N,N,N,N,N,N,N,N,Y,2026-05-15,http://www.healthspace.ca/fha/childcare,N,Y,N,Little Valley 123 Childcare Centre Ltd<br>Licensed Group<br>778-882-1360<br><br>Vacancy:<br>&nbsp;&nbsp;&nbsp;&nbsp;<36 months: N<br>&nbsp;&nbsp;&nbsp;&nbsp;30 months -- 5 years: N<br>&nbsp;&nbsp;&nbsp;&nbsp;Preschool: N<br>&nbsp;&nbsp;&nbsp;&nbsp;Grade 1 - Age 12: Y<br>
1464,Licensed Group,Dreamkids Childcare Ltd. (Dream Location),201A-1194 Lansdowne Dr,,Coquitlam,V3E 1J7,49.283928,-122.809356,604-809-1823,,,N,N,N,N,N,N,N,N,N,N,N,N,N,N,N,N,N,,,N,N,N,N,N,N,N,N,N,N,N,2026-05-15,http://www.healthspace.ca/fha/childcare,N,Y,N,Dreamkids Childcare Ltd. (Dream Location)<br>Licensed Group<br>604-809-1823<br><br>Vacancy:<br>&nbsp;&nbsp;&nbsp;&nbsp;<36 months: N<br>&nbsp;&nbsp;&nbsp;&nbsp;30 months -- 5 years: N<br>&nbsp;&nbsp;&nbsp;&nbsp;Preschool: N<br>&nbsp;&nbsp;&nbsp;&nbsp;Grade 1 - Age 12: N<br>
1465,Licensed Family,Blue Sky Daycare,431 Vienna Cres,,North Vancouver,V7N 3B3,49.347006,-123.080962,778-866-2028,,,N,N,N,N,N,N,N,N,N,N,N,N,N,N,N,N,N,,,N,N,N,N,N,N,N,N,N,N,N,2026-05-03,https://inspections.vcha.ca/ChildCare/Table,N,Y,N,Blue Sky Daycare<br>Licensed Family<br>778-866-2028<br><br>Vacancy:<br>&nbsp;&nbsp;&nbsp;&nbsp;<36 months: N<br>&nbsp;&nbsp;&nbsp;&nbsp;30 months -- 5 years: N<br>&nbsp;&nbsp;&nbsp;&nbsp;Preschool: N<br>&nbsp;&nbsp;&nbsp;&nbsp;Grade 1 - Age 12: N<br>
1466,Licensed Family,Swan Montessori,6252 146 St,,Surrey,V3S 3A4,49.116405,-122.817527,778-706-2000,,,N,N,N,N,N,N,N,N,N,N,N,N,N,N,N,N,N,,,N,N,N,N,N,N,N,N,N,N,N,2026-05-15,http://www.healthspace.ca/fha/childcare,N,Y,N,Swan Montessori<br>Licensed Family<br>778-706-2000<br><br>Vacancy:<br>&nbsp;&nbsp;&nbsp;&nbsp;<36 months: N<br>&nbsp;&nbsp;&nbsp;&nbsp;30 months -- 5 years: N<br>&nbsp;&nbsp;&nbsp;&nbsp;Preschool: N<br>&nbsp;&nbsp;&nbsp;&nbsp;Grade 1 - Age 12: N<br>
1467,Licensed Group,Hidamari Exploration Studio & Child Care,5178 Maureen Way,,Nanaimo,V9T 3Y2,49.212733,-124.037593,250-739-0926,,,N,N,N,N,N,N,N,N,N,N,N,N,N,N,N,N,N,,,N,N,N,N,N,N,N,N,N,N,N,2026-04-24,https://www.healthspace.ca/clients/viha/viha_website.nsf/CCFL-Main?OpenView,N,Y,N,Hidamari Exploration Studio & Child Care<br>Licensed Group<br>250-739-0926<br><br>Vacancy:<br>&nbsp;&nbsp;&nbsp;&nbsp;<36 months: N<br>&nbsp;&nbsp;&nbsp;&nbsp;30 months -- 5 years: N<br>&nbsp;&nbsp;&nbsp;&nbsp;Preschool: N<br>&nbsp;&nbsp;&nbsp;&nbsp;Grade 1 - Age 12: N<br>
1468,Licensed Group,Little Dino Childcare Centre,7929 19Th Ave,,Burnaby,V3N 1E9,49.22615,-122.935334,236-428-8878,,,N,N,N,N,N,N,N,N,N,N,N,N,N,N,N,N,N,,,N,N,N,N,N,N,N,Y,N,N,N,2026-05-15,http://www.healthspace.ca/fha/childcare,N,Y,N,Little Dino Childcare Centre<br>Licensed Group<br>236-428-8878<br><br>Vacancy:<br>&nbsp;&nbsp;&nbsp;&nbsp;<36 months: Y<br>&nbsp;&nbsp;&nbsp;&nbsp;30 months -- 5 years: N<br>&nbsp;&nbsp;&nbsp;&nbsp;Preschool: N<br>&nbsp;&nbsp;&nbsp;&nbsp;Grade 1 - Age 12: N<br>
1469,Licensed Family,Nature Bound Daycare,4165 Prospect Lake Rd,,Victoria,V9E 1J2,48.487193,-123.436137,778-874-2133,,,N,N,N,N,N,N,N,N,N,N,N,N,N,N,N,N,N,,,N,N,N,N,N,N,N,N,Y,N,N,2026-05-12,https://www.healthspace.ca/clients/viha/viha_website.nsf/CCFL-Main?OpenView,N,Y,N,Nature Bound Daycare<br>Licensed Family<br>778-874-2133<br><br>Vacancy:<br>&nbsp;&nbsp;&nbsp;&nbsp;<36 months: N<br>&nbsp;&nbsp;&nbsp;&nbsp;30 months -- 5 years: Y<br>&nbsp;&nbsp;&nbsp;&nbsp;Preschool: N<br>&nbsp;&nbsp;&nbsp;&nbsp;Grade 1 - Age 12: N<br>
1470,Licensed Family,Hope's Helpers,6575 Worthington Way,,Sooke,V9Z 0W3,48.385998,-123.721862,778-922-0083,,,N,N,N,N,N,N,N,N,N,N,N,N,N,N,N,N,N,,,N,N,N,N,N,N,N,N,N,N,N,2026-05-15,,N,Y,N,Hope's Helpers<br>Licensed Family<br>778-922-0083<br><br>Vacancy:<br>&nbsp;&nbsp;&nbsp;&nbsp;<36 months: N<br>&nbsp;&nbsp;&nbsp;&nbsp;30 months -- 5 years: N<br>&nbsp;&nbsp;&nbsp;&nbsp;Preschool: N<br>&nbsp;&nbsp;&nbsp;&nbsp;Grade 1 - Age 12: N<br>
1471,Licensed Family,Salamat Childcare Centre,15298 80A Ave,,Surrey,V3S 8N7,49.149073,-122.798487,604-928-9664,,,N,N,N,N,N,N,N,N,N,N,N,N,N,N,N,N,N,,,N,N,N,N,N,N,N,N,Y,N,Y,2026-05-20,http://www.healthspace.ca/fha/childcare,N,Y,N,Salamat Childcare Centre<br>Licensed Family<br>604-928-9664<br><br>Vacancy:<br>&nbsp;&nbsp;&nbsp;&nbsp;<36 months: N<br>&nbsp;&nbsp;&nbsp;&nbsp;30 months -- 5 years: Y<br>&nbsp;&nbsp;&nbsp;&nbsp;Preschool: N<br>&nbsp;&nbsp;&nbsp;&nbsp;Grade 1 - Age 12: Y<br>
1472,Licensed Family,Auntie's House,642 Thorneloe Rd,,Kelowna,V1W 4P6,49.813057,-119.486443,250-864-2304,,,,,,,,,,,,,,,,,,,,,,,,,,,,,,,,,,,Y,Y,N,Auntie's House<br>Licensed Family<br>250-864-2304<br><br>Vacancy:<br>&nbsp;&nbsp;&nbsp;&nbsp;<36 months: None<br>&nbsp;&nbsp;&nbsp;&nbsp;30 months -- 5 years: None<br>&nbsp;&nbsp;&nbsp;&nbsp;Preschool: None<br>&nbsp;&nbsp;&nbsp;&nbsp;Grade 1 - Age 12: None<br>
1473,Licensed Family,New Look Daycare,20816 Stoney Ave,,Maple Ridge,V2X 7T1,49.213476,-122.644993,778-988-2007,,,N,N,N,N,N,N,N,N,N,N,N,N,N,N,N,N,N,,,N,N,N,N,N,N,N,Y,N,N,N,2026-05-03,http://www.healthspace.ca/fha/childcare,N,Y,N,New Look Daycare<br>Licensed Family<br>778-988-2007<br><br>Vacancy:<br>&nbsp;&nbsp;&nbsp;&nbsp;<36 months: Y<br>&nbsp;&nbsp;&nbsp;&nbsp;30 months -- 5 years: N<br>&nbsp;&nbsp;&nbsp;&nbsp;Preschool: N<br>&nbsp;&nbsp;&nbsp;&nbsp;Grade 1 - Age 12: N<br>
1474,Licensed Family,Mini Mingos Child Care Centre,25374 130 Ave,,Maple Ridge,V4R 1C9,49.236908,-122.51837,672-513-2522,Minimingos.ca,,N,N,N,N,N,N,N,N,N,N,N,N,N,N,N,N,N,,,N,N,N,N,N,N,N,N,N,N,N,2026-05-16,http://www.healthspace.ca/fha/childcare,N,Y,N,Mini Mingos Child Care Centre<br>Licensed Family<br>672-513-2522<br><br>Vacancy:<br>&nbsp;&nbsp;&nbsp;&nbsp;<36 months: N<br>&nbsp;&nbsp;&nbsp;&nbsp;30 months -- 5 years: N<br>&nbsp;&nbsp;&nbsp;&nbsp;Preschool: N<br>&nbsp;&nbsp;&nbsp;&nbsp;Grade 1 - Age 12: N<br>
1475,Licensed Family,Little Sunshine Child Care,5371 Mayfair Rd,,Salmon Arm,V1E 2P8,50.660745,-119.202332,250-263-2080,,,N,N,N,N,N,N,N,N,N,N,N,N,N,N,N,N,N,,,N,N,N,N,N,N,N,N,Y,N,N,2026-05-16,https://hedgehogportal.interiorhealth.ca/ChildCare/Map,N,Y,N,Little Sunshine Child Care<br>Licensed Family<br>250-263-2080<br><br>Vacancy:<br>&nbsp;&nbsp;&nbsp;&nbsp;<36 months: N<br>&nbsp;&nbsp;&nbsp;&nbsp;30 months -- 5 years: Y<br>&nbsp;&nbsp;&nbsp;&nbsp;Preschool: N<br>&nbsp;&nbsp;&nbsp;&nbsp;Grade 1 - Age 12: N<br>
1476,Licensed Family,Secret Heart Academy Sullivan,5872 152 St,,Surrey,V3S 3K5,49.109201,-122.800682,778-574-4009,,,N,N,N,N,N,N,N,N,N,N,N,N,N,N,N,N,N,,,N,N,N,N,N,N,N,N,N,N,N,2026-05-03,http://www.healthspace.ca/fha/childcare,N,Y,N,Secret Heart Academy Sullivan<br>Licensed Family<br>778-574-4009<br><br>Vacancy:<br>&nbsp;&nbsp;&nbsp;&nbsp;<36 months: N<br>&nbsp;&nbsp;&nbsp;&nbsp;30 months -- 5 years: N<br>&nbsp;&nbsp;&nbsp;&nbsp;Preschool: N<br>&nbsp;&nbsp;&nbsp;&nbsp;Grade 1 - Age 12: N<br>
1477,Licensed Group,Little Owl Early Learning 2,2575 Victor St,,Victoria,V8R 4E1,48.435936,-123.337014,250-516-1338,,,N,N,N,N,N,N,N,N,N,N,N,N,N,N,N,N,N,,,N,N,N,N,N,N,N,N,N,N,N,2026-04-15,https://www.healthspace.ca/clients/viha/viha_website.nsf/CCFL-Main?OpenView,N,Y,N,Little Owl Early Learning 2<br>Licensed Group<br>250-516-1338<br><br>Vacancy:<br>&nbsp;&nbsp;&nbsp;&nbsp;<36 months: N<br>&nbsp;&nbsp;&nbsp;&nbsp;30 months -- 5 years: N<br>&nbsp;&nbsp;&nbsp;&nbsp;Preschool: N<br>&nbsp;&nbsp;&nbsp;&nbsp;Grade 1 - Age 12: N<br>
1478,Licensed Group,Kiddos Clubhouse Daycare,2225 Clarke St,,Port Moody,V3H 1Y6,49.277454,-122.862607,778-302-1932,,,N,N,N,N,N,N,N,N,N,N,N,N,N,N,N,N,N,,,N,N,N,N,N,N,N,N,N,N,N,2026-05-14,http://www.healthspace.ca/fha/childcare,N,Y,N,Kiddos Clubhouse Daycare<br>Licensed Group<br>778-302-1932<br><br>Vacancy:<br>&nbsp;&nbsp;&nbsp;&nbsp;<36 months: N<br>&nbsp;&nbsp;&nbsp;&nbsp;30 months -- 5 years: N<br>&nbsp;&nbsp;&nbsp;&nbsp;Preschool: N<br>&nbsp;&nbsp;&nbsp;&nbsp;Grade 1 - Age 12: N<br>
1479,Licensed Group,Thrive Out Of School Care - Morning Star,3031 Mciver Rd,,West Kelowna,V4T 1C4,49.832381,-119.662874,250-878-2938,,,N,N,N,N,N,N,N,N,N,N,N,N,N,N,N,N,N,,,N,N,N,N,N,N,N,N,Y,N,Y,2026-05-08,https://hedgehogportal.interiorhealth.ca/ChildCare/Map,N,Y,N,Thrive Out Of School Care - Morning Star<br>Licensed Group<br>250-878-2938<br><br>Vacancy:<br>&nbsp;&nbsp;&nbsp;&nbsp;<36 months: N<br>&nbsp;&nbsp;&nbsp;&nbsp;30 months -- 5 years: Y<br>&nbsp;&nbsp;&nbsp;&nbsp;Preschool: N<br>&nbsp;&nbsp;&nbsp;&nbsp;Grade 1 - Age 12: Y<br>
1480,Licensed Group,Woodward Hill - School Age,6082 142Nd St,,Surrey,V3X 1C1,49.113422,-122.828482,778-846-0921,,,N,N,N,N,N,N,N,N,N,N,N,N,N,N,N,N,N,,,N,N,N,N,N,N,N,N,N,N,Y,2026-04-30,http://www.healthspace.ca/fha/childcare,N,Y,N,Woodward Hill - School Age<br>Licensed Group<br>778-846-0921<br><br>Vacancy:<br>&nbsp;&nbsp;&nbsp;&nbsp;<36 months: N<br>&nbsp;&nbsp;&nbsp;&nbsp;30 months -- 5 years: N<br>&nbsp;&nbsp;&nbsp;&nbsp;Preschool: N<br>&nbsp;&nbsp;&nbsp;&nbsp;Grade 1 - Age 12: Y<br>
1481,Licensed Group,Edgewood Elementary School,16666 23Rd Ave,,Surrey,V3S 9X8,49.043606,-122.761339,604-590-7801,,,N,N,N,N,N,N,N,N,N,N,N,N,N,N,N,N,N,,,N,N,N,N,N,N,N,N,N,N,Y,2026-04-30,http://www.healthspace.ca/fha/childcare,N,Y,N,Edgewood Elementary School<br>Licensed Group<br>604-590-7801<br><br>Vacancy:<br>&nbsp;&nbsp;&nbsp;&nbsp;<36 months: N<br>&nbsp;&nbsp;&nbsp;&nbsp;30 months -- 5 years: N<br>&nbsp;&nbsp;&nbsp;&nbsp;Preschool: N<br>&nbsp;&nbsp;&nbsp;&nbsp;Grade 1 - Age 12: Y<br>
1482,Licensed Family,Grandma's House Day Care Ltd.,3855 Old Clayburn Rd,,Abbotsford,V2S 8K4,49.071864,-122.249779,778-666-7394,,,N,N,N,N,N,N,N,N,N,N,N,N,N,N,N,N,N,,,N,N,N,N,N,N,N,N,N,N,N,2026-05-19,http://www.healthspace.ca/fha/childcare,N,Y,N,Grandma's House Day Care Ltd.<br>Licensed Family<br>778-666-7394<br><br>Vacancy:<br>&nbsp;&nbsp;&nbsp;&nbsp;<36 months: N<br>&nbsp;&nbsp;&nbsp;&nbsp;30 months -- 5 years: N<br>&nbsp;&nbsp;&nbsp;&nbsp;Preschool: N<br>&nbsp;&nbsp;&nbsp;&nbsp;Grade 1 - Age 12: N<br>
1483,Licensed Family,Laurel Crescent Childcare,549 Laurel Cres,,Campbell River,V9W 6K8,49.976648,-125.240301,250-204-4547,,,N,N,N,N,N,N,N,N,N,N,N,N,N,N,N,N,N,,,N,N,N,N,N,N,N,N,N,N,N,2026-05-20,https://www.healthspace.ca/clients/viha/viha_website.nsf/CCFL-Main?OpenView,N,Y,N,Laurel Crescent Childcare<br>Licensed Family<br>250-204-4547<br><br>Vacancy:<br>&nbsp;&nbsp;&nbsp;&nbsp;<36 months: N<br>&nbsp;&nbsp;&nbsp;&nbsp;30 months -- 5 years: N<br>&nbsp;&nbsp;&nbsp;&nbsp;Preschool: N<br>&nbsp;&nbsp;&nbsp;&nbsp;Grade 1 - Age 12: N<br>
1484,Licensed Family,Begbie Bears Daycare,1958 Laforme Blvd,,Revelstoke,V0E 2S0,51.010632,-118.221288,250-200-0391,,,Y,N,N,N,N,N,Y,Y,N,N,N,N,N,N,N,N,N,Not offered,Not offered,N,N,N,N,N,N,N,N,N,N,N,2026-05-15,https://hedgehogportal.interiorhealth.ca/ChildCare/Map,N,Y,N,Begbie Bears Daycare<br>Licensed Family<br>250-200-0391<br><br>Vacancy:<br>&nbsp;&nbsp;&nbsp;&nbsp;<36 months: N<br>&nbsp;&nbsp;&nbsp;&nbsp;30 months -- 5 years: N<br>&nbsp;&nbsp;&nbsp;&nbsp;Preschool: N<br>&nbsp;&nbsp;&nbsp;&nbsp;Grade 1 - Age 12: N<br>
1485,Licensed Family,Sunny Sprouts Daycare,A - 5665 Woodlands Rd,,Sooke,V9Z 0G5,48.393025,-123.668598,250-808-4457,,,N,N,N,N,N,N,N,N,N,N,N,N,N,N,N,N,N,,,N,N,N,N,N,N,N,N,N,N,N,2026-05-14,https://www.healthspace.ca/clients/viha/viha_website.nsf/CCFL-Main?OpenView,N,Y,N,Sunny Sprouts Daycare<br>Licensed Family<br>250-808-4457<br><br>Vacancy:<br>&nbsp;&nbsp;&nbsp;&nbsp;<36 months: N<br>&nbsp;&nbsp;&nbsp;&nbsp;30 months -- 5 years: N<br>&nbsp;&nbsp;&nbsp;&nbsp;Preschool: N<br>&nbsp;&nbsp;&nbsp;&nbsp;Grade 1 - Age 12: N<br>
1486,Licensed Group,Next Level Childcare Fraser Valley Inc.,2699 West Railway St,,Abbotsford,V2S 2E7,49.05107,-122.289874,604-380-4060,,,N,N,N,N,N,N,N,N,N,N,N,N,N,N,N,N,N,,,N,N,N,N,N,N,N,N,N,N,N,2026-05-15,http://www.healthspace.ca/fha/childcare,N,Y,N,Next Level Childcare Fraser Valley Inc.<br>Licensed Group<br>604-380-4060<br><br>Vacancy:<br>&nbsp;&nbsp;&nbsp;&nbsp;<36 months: N<br>&nbsp;&nbsp;&nbsp;&nbsp;30 months -- 5 years: N<br>&nbsp;&nbsp;&nbsp;&nbsp;Preschool: N<br>&nbsp;&nbsp;&nbsp;&nbsp;Grade 1 - Age 12: N<br>
1487,Licensed Group,Stars For Life Childcare Education,1068 Inglewood Ave,,West Vancouver,V7G 2P9,49.33423,-123.14493,778-899-4686,,,N,N,N,N,N,N,N,N,N,N,N,N,N,N,N,N,N,,,N,N,N,N,N,N,N,N,N,N,N,2026-04-24,https://inspections.vcha.ca/ChildCare/Table,N,Y,Y,Stars For Life Childcare Education<br>Licensed Group<br>778-899-4686<br><br>Vacancy:<br>&nbsp;&nbsp;&nbsp;&nbsp;<36 months: N<br>&nbsp;&nbsp;&nbsp;&nbsp;30 months -- 5 years: N<br>&nbsp;&nbsp;&nbsp;&nbsp;Preschool: N<br>&nbsp;&nbsp;&nbsp;&nbsp;Grade 1 - Age 12: N<br>
1488,Licensed Group,Douglas Out Of School Care Program,17325 2Nd Ave,,Surrey,V3S 9P9,49.005684,-122.742995,604-434-9101,,,N,N,N,N,N,N,N,N,N,N,N,N,N,N,N,N,N,,,N,N,N,N,N,N,N,N,N,N,Y,2026-05-04,http://www.healthspace.ca/fha/childcare,N,Y,N,Douglas Out Of School Care Program<br>Licensed Group<br>604-434-9101<br><br>Vacancy:<br>&nbsp;&nbsp;&nbsp;&nbsp;<36 months: N<br>&nbsp;&nbsp;&nbsp;&nbsp;30 months -- 5 years: N<br>&nbsp;&nbsp;&nbsp;&nbsp;Preschool: N<br>&nbsp;&nbsp;&nbsp;&nbsp;Grade 1 - Age 12: Y<br>
1489,Licensed Group,Junior Einstein's Academy (Gateway) Ltd,13486 108Th Ave,,Surrey,V3T 2K3,49.198699,-122.848511,604-441-8781,,,N,N,N,N,N,N,N,N,N,N,N,N,N,N,N,N,N,,,N,N,N,N,N,N,N,N,N,N,N,2026-05-17,http://www.healthspace.ca/fha/childcare,N,Y,N,Junior Einstein's Academy (Gateway) Ltd<br>Licensed Group<br>604-441-8781<br><br>Vacancy:<br>&nbsp;&nbsp;&nbsp;&nbsp;<36 months: N<br>&nbsp;&nbsp;&nbsp;&nbsp;30 months -- 5 years: N<br>&nbsp;&nbsp;&nbsp;&nbsp;Preschool: N<br>&nbsp;&nbsp;&nbsp;&nbsp;Grade 1 - Age 12: N<br>
1490,Licensed Family,Happy Trails Children Centre,16371 95A Ave,,Surrey,V4N 2B9,49.176207,-122.768763,778-237-5762,,,N,N,N,N,N,N,N,N,N,N,N,N,N,N,N,N,N,,,N,N,N,N,N,N,N,N,Y,N,N,2026-05-19,http://www.healthspace.ca/fha/childcare,N,Y,N,Happy Trails Children Centre<br>Licensed Family<br>778-237-5762<br><br>Vacancy:<br>&nbsp;&nbsp;&nbsp;&nbsp;<36 months: N<br>&nbsp;&nbsp;&nbsp;&nbsp;30 months -- 5 years: Y<br>&nbsp;&nbsp;&nbsp;&nbsp;Preschool: N<br>&nbsp;&nbsp;&nbsp;&nbsp;Grade 1 - Age 12: N<br>
1491,Licensed Group,Storyoga,1080 Cypress Rd,,Sidney,V8L 5P4,48.68473,-123.455213,778-351-4483,,,N,N,N,N,N,N,N,N,N,N,N,N,N,N,N,N,N,,,N,N,N,N,N,N,N,N,N,N,N,2026-05-19,https://www.healthspace.ca/clients/viha/viha_website.nsf/CCFL-Main?OpenView,N,Y,N,Storyoga<br>Licensed Group<br>778-351-4483<br><br>Vacancy:<br>&nbsp;&nbsp;&nbsp;&nbsp;<36 months: N<br>&nbsp;&nbsp;&nbsp;&nbsp;30 months -- 5 years: N<br>&nbsp;&nbsp;&nbsp;&nbsp;Preschool: N<br>&nbsp;&nbsp;&nbsp;&nbsp;Grade 1 - Age 12: N<br>
1492,Licensed Group,Inspiring Minds Childcare,Unit K 5825 136Th St,,Surrey,V3X 1J2,49.108524,-122.845783,604-968-3888,,,N,N,N,N,N,N,N,N,N,N,N,N,N,N,N,N,N,,,N,N,N,N,N,N,N,N,Y,N,N,2026-05-19,http://www.healthspace.ca/fha/childcare,N,Y,N,Inspiring Minds Childcare<br>Licensed Group<br>604-968-3888<br><br>Vacancy:<br>&nbsp;&nbsp;&nbsp;&nbsp;<36 months: N<br>&nbsp;&nbsp;&nbsp;&nbsp;30 months -- 5 years: Y<br>&nbsp;&nbsp;&nbsp;&nbsp;Preschool: N<br>&nbsp;&nbsp;&nbsp;&nbsp;Grade 1 - Age 12: N<br>
1493,Licensed Group,Building Blocks Childcare,261 Bellos St,,Prince George,V2M 4W8,53.926379,-122.808308,250-961-1341,,,N,N,N,N,N,N,Y,Y,N,N,N,N,N,N,N,N,N,Extra fee,Extra fee,N,N,N,N,Y,Y,Y,N,N,N,N,2026-05-15,https://www.healthspace.ca/Clients/NHA/NHA_Website.nsf/CCFL-Frameset,N,Y,N,Building Blocks Childcare<br>Licensed Group<br>250-961-1341<br><br>Vacancy:<br>&nbsp;&nbsp;&nbsp;&nbsp;<36 months: N<br>&nbsp;&nbsp;&nbsp;&nbsp;30 months -- 5 years: N<br>&nbsp;&nbsp;&nbsp;&nbsp;Preschool: N<br>&nbsp;&nbsp;&nbsp;&nbsp;Grade 1 - Age 12: N<br>
1494,Licensed Group,Bgc South Vancouver Island - Central Saanich Club,1233 Clarke Rd,,Victoria,V8M 1E2,48.575392,-123.449274,250-384-9133,,,N,N,N,N,N,N,N,N,N,N,N,N,N,N,N,N,N,,,N,N,N,N,N,N,N,N,N,N,N,2026-05-06,https://www.healthspace.ca/clients/viha/viha_website.nsf/CCFL-Main?OpenView,N,Y,N,Bgc South Vancouver Island - Central Saanich Club<br>Licensed Group<br>250-384-9133<br><br>Vacancy:<br>&nbsp;&nbsp;&nbsp;&nbsp;<36 months: N<br>&nbsp;&nbsp;&nbsp;&nbsp;30 months -- 5 years: N<br>&nbsp;&nbsp;&nbsp;&nbsp;Preschool: N<br>&nbsp;&nbsp;&nbsp;&nbsp;Grade 1 - Age 12: N<br>
1495,Licensed Group,Heartland Montessori Child Care,249 Dawe St,,New Westminster,V3M 5N1,49.182437,-122.953756,604-715-0050,,,N,N,N,N,N,N,N,N,N,N,N,N,N,N,N,N,N,,,N,N,N,N,N,N,N,N,N,N,N,2026-05-15,http://www.healthspace.ca/fha/childcare,N,Y,N,Heartland Montessori Child Care<br>Licensed Group<br>604-715-0050<br><br>Vacancy:<br>&nbsp;&nbsp;&nbsp;&nbsp;<36 months: N<br>&nbsp;&nbsp;&nbsp;&nbsp;30 months -- 5 years: N<br>&nbsp;&nbsp;&nbsp;&nbsp;Preschool: N<br>&nbsp;&nbsp;&nbsp;&nbsp;Grade 1 - Age 12: N<br>
1496,Licensed Group,Pacific Heart Childcare Inc.,10990 West Saanich Rd,,North Saanich,V8L 5R9,48.680349,-123.458217,250-704-8725,,,,,,,,,,,,,,,,,,,,,,,,,,,,,,,,,,,Y,N,N,Pacific Heart Childcare Inc.<br>Licensed Group<br>250-704-8725<br><br>Vacancy:<br>&nbsp;&nbsp;&nbsp;&nbsp;<36 months: None<br>&nbsp;&nbsp;&nbsp;&nbsp;30 months -- 5 years: None<br>&nbsp;&nbsp;&nbsp;&nbsp;Preschool: None<br>&nbsp;&nbsp;&nbsp;&nbsp;Grade 1 - Age 12: None<br>
1497,Licensed Group,Puddle Splashers Childcare Society,510 Duncan Ave,,Burnaby,V4B 4L9,49.279361,-122.961408,604-802-4059,,,N,N,N,N,N,N,N,N,N,N,N,N,N,N,N,N,N,,,N,N,N,N,N,N,N,N,N,N,N,2026-05-15,http://www.healthspace.ca/fha/childcare,N,Y,N,Puddle Splashers Childcare Society<br>Licensed Group<br>604-802-4059<br><br>Vacancy:<br>&nbsp;&nbsp;&nbsp;&nbsp;<36 months: N<br>&nbsp;&nbsp;&nbsp;&nbsp;30 months -- 5 years: N<br>&nbsp;&nbsp;&nbsp;&nbsp;Preschool: N<br>&nbsp;&nbsp;&nbsp;&nbsp;Grade 1 - Age 12: N<br>
1498,Licensed Group,Little Moon Childcare Centre,100-3871 No. 3 Rd,,Richmond,V6X 2B8,49.185582,-123.136348,604-227-4166,,,N,N,N,N,N,N,N,N,N,N,N,N,N,N,N,N,N,,,N,N,N,N,N,N,N,N,N,N,N,2026-04-27,https://inspections.vcha.ca/ChildCare/Table,N,Y,Y,Little Moon Childcare Centre<br>Licensed Group<br>604-227-4166<br><br>Vacancy:<br>&nbsp;&nbsp;&nbsp;&nbsp;<36 months: N<br>&nbsp;&nbsp;&nbsp;&nbsp;30 months -- 5 years: N<br>&nbsp;&nbsp;&nbsp;&nbsp;Preschool: N<br>&nbsp;&nbsp;&nbsp;&nbsp;Grade 1 - Age 12: N<br>
1499,Licensed Family,Smiley Kids Daycare,7849 124 St,,Surrey,V3W 3X7,49.145635,-122.879311,604-866-9288,,,N,N,N,N,N,N,N,N,N,N,N,N,N,N,N,N,N,,,N,N,N,N,N,N,N,N,Y,N,N,2026-05-21,http://www.healthspace.ca/fha/childcare,N,Y,N,Smiley Kids Daycare<br>Licensed Family<br>604-866-9288<br><br>Vacancy:<br>&nbsp;&nbsp;&nbsp;&nbsp;<36 months: N<br>&nbsp;&nbsp;&nbsp;&nbsp;30 months -- 5 years: Y<br>&nbsp;&nbsp;&nbsp;&nbsp;Preschool: N<br>&nbsp;&nbsp;&nbsp;&nbsp;Grade 1 - Age 12: N<br>
1500,Licensed Group,Sunshine Learning Centre,5100 N Nechako Rd,,Prince George,V2K 4Y5,53.960229,-122.816791,250-640-6977,,,N,N,N,N,N,N,N,N,N,N,N,N,N,N,N,N,N,,,N,N,N,N,N,N,N,N,N,N,N,2026-05-15,https://www.healthspace.ca/Clients/NHA/NHA_Website.nsf/CCFL-Frameset,N,Y,N,Sunshine Learning Centre<br>Licensed Group<br>250-640-6977<br><br>Vacancy:<br>&nbsp;&nbsp;&nbsp;&nbsp;<36 months: N<br>&nbsp;&nbsp;&nbsp;&nbsp;30 months -- 5 years: N<br>&nbsp;&nbsp;&nbsp;&nbsp;Preschool: N<br>&nbsp;&nbsp;&nbsp;&nbsp;Grade 1 - Age 12: N<br>
1501,Licensed Family,2Nd Home Bilingual Child Care Center,6262 Buckingham Dr,,Burnaby,V5E 2A6,49.230914,-122.954049,778-955-7181,,,N,N,N,N,N,N,N,N,N,N,N,N,N,N,N,N,N,,,N,N,N,N,N,N,N,N,N,N,N,2026-04-30,http://www.healthspace.ca/fha/childcare,N,Y,N,2Nd Home Bilingual Child Care Center<br>Licensed Family<br>778-955-7181<br><br>Vacancy:<br>&nbsp;&nbsp;&nbsp;&nbsp;<36 months: N<br>&nbsp;&nbsp;&nbsp;&nbsp;30 months -- 5 years: N<br>&nbsp;&nbsp;&nbsp;&nbsp;Preschool: N<br>&nbsp;&nbsp;&nbsp;&nbsp;Grade 1 - Age 12: N<br>
1502,Licensed Group,Angel Wings Daycare Center,7444 Edmonds St,,Burnaby,V3N 1A8,49.220631,-122.946886,604-551-6090,,,N,N,N,N,N,N,N,N,N,N,N,N,N,N,N,N,N,,,N,N,N,N,N,N,N,N,N,N,N,2026-05-01,http://www.healthspace.ca/fha/childcare,N,Y,N,Angel Wings Daycare Center<br>Licensed Group<br>604-551-6090<br><br>Vacancy:<br>&nbsp;&nbsp;&nbsp;&nbsp;<36 months: N<br>&nbsp;&nbsp;&nbsp;&nbsp;30 months -- 5 years: N<br>&nbsp;&nbsp;&nbsp;&nbsp;Preschool: N<br>&nbsp;&nbsp;&nbsp;&nbsp;Grade 1 - Age 12: N<br>
1503,Licensed Family,Little Shakespeare Child Care Ltd.,4181 Venables St,,Burnaby,V5C 2Z7,49.276797,-123.011833,604-715-2535,,,N,N,N,N,N,N,N,N,N,N,N,N,N,N,N,N,N,,,N,N,N,N,N,N,N,N,Y,N,N,2026-05-19,http://www.healthspace.ca/fha/childcare,N,Y,N,Little Shakespeare Child Care Ltd.<br>Licensed Family<br>604-715-2535<br><br>Vacancy:<br>&nbsp;&nbsp;&nbsp;&nbsp;<36 months: N<br>&nbsp;&nbsp;&nbsp;&nbsp;30 months -- 5 years: Y<br>&nbsp;&nbsp;&nbsp;&nbsp;Preschool: N<br>&nbsp;&nbsp;&nbsp;&nbsp;Grade 1 - Age 12: N<br>
1504,Licensed Family,Sunshine Baby Family Child Care,16075 80 Ave,,Surrey,V4N 0X1,49.148367,-122.77666,778-588-1956,,,N,N,N,N,N,N,N,N,N,N,N,N,N,N,N,N,N,,,N,N,N,N,N,N,N,N,N,N,N,2026-05-18,http://www.healthspace.ca/fha/childcare,N,Y,N,Sunshine Baby Family Child Care<br>Licensed Family<br>778-588-1956<br><br>Vacancy:<br>&nbsp;&nbsp;&nbsp;&nbsp;<36 months: N<br>&nbsp;&nbsp;&nbsp;&nbsp;30 months -- 5 years: N<br>&nbsp;&nbsp;&nbsp;&nbsp;Preschool: N<br>&nbsp;&nbsp;&nbsp;&nbsp;Grade 1 - Age 12: N<br>
1505,Licensed Family,My Special Place Daycare,2840 Woodcroft Pl,,Shawnigan Lake,V0R 2W1,48.650942,-123.693559,250-216-2588,,,N,N,N,N,N,N,N,N,N,N,N,N,N,N,N,N,N,,,N,N,N,N,N,N,N,N,N,N,N,2026-05-15,https://www.healthspace.ca/clients/viha/viha_website.nsf/CCFL-Main?OpenView,N,Y,N,My Special Place Daycare<br>Licensed Family<br>250-216-2588<br><br>Vacancy:<br>&nbsp;&nbsp;&nbsp;&nbsp;<36 months: N<br>&nbsp;&nbsp;&nbsp;&nbsp;30 months -- 5 years: N<br>&nbsp;&nbsp;&nbsp;&nbsp;Preschool: N<br>&nbsp;&nbsp;&nbsp;&nbsp;Grade 1 - Age 12: N<br>
1506,Licensed Family,Justbeeyou Early Learning,2725 Woodland Dr,,Port mcneill,V0N 2R0,50.582258,-127.066322,250-801-5023,,,N,N,N,N,N,N,N,N,N,N,N,N,N,N,N,N,N,,,N,N,N,N,N,N,N,N,N,N,N,2026-05-15,https://www.healthspace.ca/clients/viha/viha_website.nsf/CCFL-Main?OpenView,N,Y,N,Justbeeyou Early Learning<br>Licensed Family<br>250-801-5023<br><br>Vacancy:<br>&nbsp;&nbsp;&nbsp;&nbsp;<36 months: N<br>&nbsp;&nbsp;&nbsp;&nbsp;30 months -- 5 years: N<br>&nbsp;&nbsp;&nbsp;&nbsp;Preschool: N<br>&nbsp;&nbsp;&nbsp;&nbsp;Grade 1 - Age 12: N<br>
1507,Licensed Group,Shreya Academic Centre Ltd.,3180 Crown Crt,,Abbotsford,V2T 4J8,49.059903,-122.340256,604-832-1880,,,N,N,N,N,N,N,N,N,N,N,N,N,N,N,N,N,N,,,N,N,N,N,N,N,N,Y,Y,N,N,2026-05-21,http://www.healthspace.ca/fha/childcare,N,Y,N,Shreya Academic Centre Ltd.<br>Licensed Group<br>604-832-1880<br><br>Vacancy:<br>&nbsp;&nbsp;&nbsp;&nbsp;<36 months: Y<br>&nbsp;&nbsp;&nbsp;&nbsp;30 months -- 5 years: Y<br>&nbsp;&nbsp;&nbsp;&nbsp;Preschool: N<br>&nbsp;&nbsp;&nbsp;&nbsp;Grade 1 - Age 12: N<br>
1508,Licensed Family,Jiji Children's Learning Centre Inc.,1132 Sprice Ave,,Coquitlam,V3J 2P4,49.256815,-122.860156,604-936-6060,,,N,N,N,N,N,N,N,N,N,N,N,N,N,N,N,N,N,,,N,N,N,N,N,N,N,Y,Y,N,N,2026-05-15,http://www.healthspace.ca/fha/childcare,N,Y,N,Jiji Children's Learning Centre Inc.<br>Licensed Family<br>604-936-6060<br><br>Vacancy:<br>&nbsp;&nbsp;&nbsp;&nbsp;<36 months: Y<br>&nbsp;&nbsp;&nbsp;&nbsp;30 months -- 5 years: Y<br>&nbsp;&nbsp;&nbsp;&nbsp;Preschool: N<br>&nbsp;&nbsp;&nbsp;&nbsp;Grade 1 - Age 12: N<br>
1509,Licensed Group,Gillybird Nature Academy 4,3703 St. Aidan's St,,Victoria,V8P 2V7,48.4611,-123.329654,250-704-6607,,,N,N,N,N,N,N,N,N,N,N,N,N,N,N,N,N,N,,,N,N,N,N,N,N,N,N,N,N,N,2026-05-20,https://www.healthspace.ca/clients/viha/viha_website.nsf/CCFL-Main?OpenView,N,Y,N,Gillybird Nature Academy 4<br>Licensed Group<br>250-704-6607<br><br>Vacancy:<br>&nbsp;&nbsp;&nbsp;&nbsp;<36 months: N<br>&nbsp;&nbsp;&nbsp;&nbsp;30 months -- 5 years: N<br>&nbsp;&nbsp;&nbsp;&nbsp;Preschool: N<br>&nbsp;&nbsp;&nbsp;&nbsp;Grade 1 - Age 12: N<br>
1510,Licensed Group,Language Arts Early Learning,8695 10Th Ave,,Burnaby,V3N 2S9,49.230986,-122.905383,236-251-6951,,,N,N,N,N,N,N,N,N,N,N,N,N,N,N,N,N,N,,,N,N,N,N,N,N,N,Y,Y,N,N,2026-05-05,http://www.healthspace.ca/fha/childcare,N,Y,N,Language Arts Early Learning<br>Licensed Group<br>236-251-6951<br><br>Vacancy:<br>&nbsp;&nbsp;&nbsp;&nbsp;<36 months: Y<br>&nbsp;&nbsp;&nbsp;&nbsp;30 months -- 5 years: Y<br>&nbsp;&nbsp;&nbsp;&nbsp;Preschool: N<br>&nbsp;&nbsp;&nbsp;&nbsp;Grade 1 - Age 12: N<br>
1511,Licensed Group,Fun Zone Childcare,8358 133A St,,Surrey,V3W 9E3,49.154542,-122.852559,778-889-0023,,,N,N,N,N,N,N,N,N,N,N,N,N,N,N,N,N,N,,,N,N,N,N,N,N,N,N,N,N,N,2026-04-22,http://www.healthspace.ca/fha/childcare,N,Y,N,Fun Zone Childcare<br>Licensed Group<br>778-889-0023<br><br>Vacancy:<br>&nbsp;&nbsp;&nbsp;&nbsp;<36 months: N<br>&nbsp;&nbsp;&nbsp;&nbsp;30 months -- 5 years: N<br>&nbsp;&nbsp;&nbsp;&nbsp;Preschool: N<br>&nbsp;&nbsp;&nbsp;&nbsp;Grade 1 - Age 12: N<br>
1512,Licensed Group,Kids Kingdom,502 Cedar St,,Sicamous,V0E 2V1,50.829853,-118.980652,604-217-3086,,,N,N,N,N,N,N,N,N,N,N,N,N,N,N,N,N,N,,,N,N,N,N,N,N,N,Y,Y,N,Y,2026-05-17,https://hedgehogportal.interiorhealth.ca/ChildCare/Map,N,Y,N,Kids Kingdom<br>Licensed Group<br>604-217-3086<br><br>Vacancy:<br>&nbsp;&nbsp;&nbsp;&nbsp;<36 months: Y<br>&nbsp;&nbsp;&nbsp;&nbsp;30 months -- 5 years: Y<br>&nbsp;&nbsp;&nbsp;&nbsp;Preschool: N<br>&nbsp;&nbsp;&nbsp;&nbsp;Grade 1 - Age 12: Y<br>
1513,Licensed Group,Golden Star's Early Learning Centre,829 15Th St W,,North Vancouver,V7P 1M5,49.322058,-123.095698,778-384-3784,,,N,N,N,N,N,N,N,N,N,N,N,N,N,N,N,N,N,,,N,N,N,N,N,N,N,Y,Y,N,N,2026-05-15,https://inspections.vcha.ca/ChildCare/Table,N,Y,Y,Golden Star's Early Learning Centre<br>Licensed Group<br>778-384-3784<br><br>Vacancy:<br>&nbsp;&nbsp;&nbsp;&nbsp;<36 months: Y<br>&nbsp;&nbsp;&nbsp;&nbsp;30 months -- 5 years: Y<br>&nbsp;&nbsp;&nbsp;&nbsp;Preschool: N<br>&nbsp;&nbsp;&nbsp;&nbsp;Grade 1 - Age 12: N<br>
1514,Licensed Group,Golden Star's Early Learning Centre,829 15Th St W,,North Vancouver,V7P 1M5,49.322058,-123.095698,778-384-3784,,,N,N,N,N,N,N,N,N,N,N,N,N,N,N,N,N,N,,,N,N,N,N,N,N,N,Y,Y,N,N,2026-05-15,https://inspections.vcha.ca/ChildCare/Table,N,Y,Y,Golden Star's Early Learning Centre<br>Licensed Group<br>778-384-3784<br><br>Vacancy:<br>&nbsp;&nbsp;&nbsp;&nbsp;<36 months: Y<br>&nbsp;&nbsp;&nbsp;&nbsp;30 months -- 5 years: Y<br>&nbsp;&nbsp;&nbsp;&nbsp;Preschool: N<br>&nbsp;&nbsp;&nbsp;&nbsp;Grade 1 - Age 12: N<br>
1515,Licensed Family,Little Bear Child Care,8180 153 St,,Surrey,V3S 9E3,49.151329,-122.798305,604-657-9900,,,N,N,N,N,N,N,N,N,N,N,N,N,N,N,N,N,N,,,N,N,N,N,N,N,N,N,Y,N,N,2026-05-15,http://www.healthspace.ca/fha/childcare,N,Y,N,Little Bear Child Care<br>Licensed Family<br>604-657-9900<br><br>Vacancy:<br>&nbsp;&nbsp;&nbsp;&nbsp;<36 months: N<br>&nbsp;&nbsp;&nbsp;&nbsp;30 months -- 5 years: Y<br>&nbsp;&nbsp;&nbsp;&nbsp;Preschool: N<br>&nbsp;&nbsp;&nbsp;&nbsp;Grade 1 - Age 12: N<br>
1516,Licensed Family,Activa's Children Studio Daycare,4-3560 Euclid Ave,,Vancouver,V5R 5W1,49.234771,-123.029147,778-898-5437,,,N,N,N,N,N,N,N,N,N,N,N,N,N,N,N,N,N,,,N,N,N,N,N,N,N,Y,Y,N,Y,2026-05-04,https://inspections.vcha.ca/ChildCare/Table,N,Y,N,Activa's Children Studio Daycare<br>Licensed Family<br>778-898-5437<br><br>Vacancy:<br>&nbsp;&nbsp;&nbsp;&nbsp;<36 months: Y<br>&nbsp;&nbsp;&nbsp;&nbsp;30 months -- 5 years: Y<br>&nbsp;&nbsp;&nbsp;&nbsp;Preschool: N<br>&nbsp;&nbsp;&nbsp;&nbsp;Grade 1 - Age 12: Y<br>
1517,Licensed Group,Tiny Hoppers Early Learning Queensborough,F120 - 805 Boyd St,,New Westminster,V3M 5G7,49.192676,-122.947543,604-873-3921,,,N,N,N,N,N,N,N,N,N,N,N,N,N,N,N,N,N,,,N,N,N,N,N,N,N,Y,N,N,N,2026-05-20,http://www.healthspace.ca/fha/childcare,N,Y,N,Tiny Hoppers Early Learning Queensborough<br>Licensed Group<br>604-873-3921<br><br>Vacancy:<br>&nbsp;&nbsp;&nbsp;&nbsp;<36 months: Y<br>&nbsp;&nbsp;&nbsp;&nbsp;30 months -- 5 years: N<br>&nbsp;&nbsp;&nbsp;&nbsp;Preschool: N<br>&nbsp;&nbsp;&nbsp;&nbsp;Grade 1 - Age 12: N<br>
1518,Licensed Group,Dawson Creek Veterinary Clinic Daycare Ltd.,233 115 Ave,,Dawson Creek,V1G 3C8,55.745555,-120.207608,250-719-4271,,,N,N,N,N,N,N,N,N,N,N,N,N,N,N,N,N,N,,,N,N,N,N,N,N,N,N,N,N,N,2026-04-29,https://www.healthspace.ca/Clients/NHA/NHA_Website.nsf/CCFL-Frameset,N,Y,N,Dawson Creek Veterinary Clinic Daycare Ltd.<br>Licensed Group<br>250-719-4271<br><br>Vacancy:<br>&nbsp;&nbsp;&nbsp;&nbsp;<36 months: N<br>&nbsp;&nbsp;&nbsp;&nbsp;30 months -- 5 years: N<br>&nbsp;&nbsp;&nbsp;&nbsp;Preschool: N<br>&nbsp;&nbsp;&nbsp;&nbsp;Grade 1 - Age 12: N<br>
1519,Licensed Group,Happy Campers - Lake Cowichan,154 South Shore Rd,,Lake Cowichan,V0R 2G0,48.822439,-124.057188,250-932-3424,,,N,N,N,N,N,N,N,N,N,N,N,N,N,N,N,N,N,,,N,N,N,N,N,N,N,N,Y,N,Y,2026-05-15,https://www.healthspace.ca/clients/viha/viha_website.nsf/CCFL-Main?OpenView,N,Y,N,Happy Campers - Lake Cowichan<br>Licensed Group<br>250-932-3424<br><br>Vacancy:<br>&nbsp;&nbsp;&nbsp;&nbsp;<36 months: N<br>&nbsp;&nbsp;&nbsp;&nbsp;30 months -- 5 years: Y<br>&nbsp;&nbsp;&nbsp;&nbsp;Preschool: N<br>&nbsp;&nbsp;&nbsp;&nbsp;Grade 1 - Age 12: Y<br>
1520,Licensed Group,Maddaugh Elementary Osc,19405 76Th Ave,,Surrey,V4N 6C6,49.141108,-122.685148,604-598-7987,,,N,N,N,N,N,N,N,N,N,N,N,N,N,N,N,N,N,,,N,N,N,N,N,N,N,N,N,N,Y,2026-04-30,http://www.healthspace.ca/fha/childcare,N,Y,N,Maddaugh Elementary Osc<br>Licensed Group<br>604-598-7987<br><br>Vacancy:<br>&nbsp;&nbsp;&nbsp;&nbsp;<36 months: N<br>&nbsp;&nbsp;&nbsp;&nbsp;30 months -- 5 years: N<br>&nbsp;&nbsp;&nbsp;&nbsp;Preschool: N<br>&nbsp;&nbsp;&nbsp;&nbsp;Grade 1 - Age 12: Y<br>
1521,Licensed Group,Cefa - Langley City Centre,20121 Willowbrook Dr,,Langley,V3A 5E6,49.116365,-122.665131,604-306-1415,,,N,N,N,N,N,N,N,N,N,N,N,N,N,N,N,N,N,,,N,N,N,N,N,N,N,N,N,N,N,2026-05-15,http://www.healthspace.ca/fha/childcare,N,Y,N,Cefa - Langley City Centre<br>Licensed Group<br>604-306-1415<br><br>Vacancy:<br>&nbsp;&nbsp;&nbsp;&nbsp;<36 months: N<br>&nbsp;&nbsp;&nbsp;&nbsp;30 months -- 5 years: N<br>&nbsp;&nbsp;&nbsp;&nbsp;Preschool: N<br>&nbsp;&nbsp;&nbsp;&nbsp;Grade 1 - Age 12: N<br>
1522,Licensed Group,Big Adventures Childcare,4951 Rutherford Rd,,Nanaimo,V9T 5P1,49.218229,-124.023505,250-751-8550,,,N,N,N,N,N,N,N,N,N,N,N,N,N,N,N,N,N,,,N,N,N,N,N,N,N,Y,Y,N,Y,2026-05-19,https://www.healthspace.ca/clients/viha/viha_website.nsf/CCFL-Main?OpenView,N,Y,N,Big Adventures Childcare<br>Licensed Group<br>250-751-8550<br><br>Vacancy:<br>&nbsp;&nbsp;&nbsp;&nbsp;<36 months: Y<br>&nbsp;&nbsp;&nbsp;&nbsp;30 months -- 5 years: Y<br>&nbsp;&nbsp;&nbsp;&nbsp;Preschool: N<br>&nbsp;&nbsp;&nbsp;&nbsp;Grade 1 - Age 12: Y<br>
1523,Licensed Group,Bert Ambrose Elementary (Little Gators),9616 115 Ave,,Fort St. John,V1J 2Y1,56.261446,-120.841182,250-264-7186,,,N,N,N,N,N,N,N,N,N,N,N,N,N,N,N,N,N,Not offered,Not offered,N,N,N,N,N,N,N,N,N,N,N,2026-05-04,https://www.healthspace.ca/Clients/NHA/NHA_Website.nsf/CCFL-Frameset,N,Y,N,Bert Ambrose Elementary (Little Gators)<br>Licensed Group<br>250-264-7186<br><br>Vacancy:<br>&nbsp;&nbsp;&nbsp;&nbsp;<36 months: N<br>&nbsp;&nbsp;&nbsp;&nbsp;30 months -- 5 years: N<br>&nbsp;&nbsp;&nbsp;&nbsp;Preschool: N<br>&nbsp;&nbsp;&nbsp;&nbsp;Grade 1 - Age 12: N<br>
1524,Licensed Group,Alwin Holland Elementary - Little Griffins Clubhouse,10615 96 St,,Fort St. John,V1J 3R3,56.252844,-120.839527,250-264-7186,,,Y,N,N,N,N,N,N,N,Y,Y,Y,N,N,N,N,N,N,Not offered,Not offered,N,N,N,N,N,N,N,N,N,N,N,2026-05-04,https://www.healthspace.ca/Clients/NHA/NHA_Website.nsf/CCFL-Frameset,N,Y,N,Alwin Holland Elementary - Little Griffins Clubhouse<br>Licensed Group<br>250-264-7186<br><br>Vacancy:<br>&nbsp;&nbsp;&nbsp;&nbsp;<36 months: N<br>&nbsp;&nbsp;&nbsp;&nbsp;30 months -- 5 years: N<br>&nbsp;&nbsp;&nbsp;&nbsp;Preschool: N<br>&nbsp;&nbsp;&nbsp;&nbsp;Grade 1 - Age 12: N<br>
1525,Licensed Group,Riverside Childcare Centre 2 Ltd,2120 Salisbury Ave,,Port Coquitlam,V3B 1Y1,49.27212,-122.770945,604-354-1180,,,N,N,N,N,N,N,N,N,N,N,N,N,N,N,N,N,N,,,N,N,N,N,N,N,N,Y,N,N,N,2026-05-15,http://www.healthspace.ca/fha/childcare,N,Y,N,Riverside Childcare Centre 2 Ltd<br>Licensed Group<br>604-354-1180<br><br>Vacancy:<br>&nbsp;&nbsp;&nbsp;&nbsp;<36 months: Y<br>&nbsp;&nbsp;&nbsp;&nbsp;30 months -- 5 years: N<br>&nbsp;&nbsp;&nbsp;&nbsp;Preschool: N<br>&nbsp;&nbsp;&nbsp;&nbsp;Grade 1 - Age 12: N<br>
1526,Licensed Family,Hanazono Daycare,587 Ravenswood Dr,,Nanaimo,V9R 0J6,49.170142,-123.964359,778-585-3173,,,N,N,N,N,N,N,N,N,N,N,N,N,N,N,N,N,N,,,N,N,N,N,N,N,N,N,N,N,N,2026-05-15,https://www.healthspace.ca/clients/viha/viha_website.nsf/CCFL-Main?OpenView,N,Y,N,Hanazono Daycare<br>Licensed Family<br>778-585-3173<br><br>Vacancy:<br>&nbsp;&nbsp;&nbsp;&nbsp;<36 months: N<br>&nbsp;&nbsp;&nbsp;&nbsp;30 months -- 5 years: N<br>&nbsp;&nbsp;&nbsp;&nbsp;Preschool: N<br>&nbsp;&nbsp;&nbsp;&nbsp;Grade 1 - Age 12: N<br>
1527,Licensed Group,Natures Way Childcare Centre #1,4620 Michigan Ave,,Powell River,V8A 2S9,49.841013,-124.523248,604-223-5174,,,N,N,N,N,N,N,N,N,N,N,N,N,N,N,N,N,N,,,N,N,N,N,N,N,N,Y,N,N,N,2026-05-21,https://inspections.vcha.ca/ChildCare/Table,N,Y,N,Natures Way Childcare Centre #1<br>Licensed Group<br>604-223-5174<br><br>Vacancy:<br>&nbsp;&nbsp;&nbsp;&nbsp;<36 months: Y<br>&nbsp;&nbsp;&nbsp;&nbsp;30 months -- 5 years: N<br>&nbsp;&nbsp;&nbsp;&nbsp;Preschool: N<br>&nbsp;&nbsp;&nbsp;&nbsp;Grade 1 - Age 12: N<br>
1528,Licensed Group,Natures Way Childcare Centre #2,4620 Michigan Ave,,Powell River,V8A 2S9,49.841013,-124.523248,604-223-5174,,,N,N,N,N,N,N,N,N,N,N,N,N,N,N,N,N,N,,,N,N,N,N,N,N,N,N,N,N,N,2026-05-21,https://inspections.vcha.ca/ChildCare/Table,N,Y,N,Natures Way Childcare Centre #2<br>Licensed Group<br>604-223-5174<br><br>Vacancy:<br>&nbsp;&nbsp;&nbsp;&nbsp;<36 months: N<br>&nbsp;&nbsp;&nbsp;&nbsp;30 months -- 5 years: N<br>&nbsp;&nbsp;&nbsp;&nbsp;Preschool: N<br>&nbsp;&nbsp;&nbsp;&nbsp;Grade 1 - Age 12: N<br>
1529,Licensed Group,Natures Way Childcare Centre #3,4620 Michigan Ave,,Powell River,V8A 2S9,49.841013,-124.523248,604-223-5174,,,N,N,N,N,N,N,N,N,N,N,N,N,N,N,N,N,N,,,N,N,N,N,N,N,N,Y,N,N,N,2026-05-21,https://inspections.vcha.ca/ChildCare/Table,N,Y,N,Natures Way Childcare Centre #3<br>Licensed Group<br>604-223-5174<br><br>Vacancy:<br>&nbsp;&nbsp;&nbsp;&nbsp;<36 months: Y<br>&nbsp;&nbsp;&nbsp;&nbsp;30 months -- 5 years: N<br>&nbsp;&nbsp;&nbsp;&nbsp;Preschool: N<br>&nbsp;&nbsp;&nbsp;&nbsp;Grade 1 - Age 12: N<br>
1530,Licensed Group,Natures Way Childcare Centre #4,4620 Michigan Ave,,Powell River,V8A 2S9,49.841013,-124.523248,604-223-5174,,,N,N,N,N,N,N,N,N,N,N,N,N,N,N,N,N,N,,,N,N,N,N,N,N,N,Y,N,N,N,2026-05-21,https://inspections.vcha.ca/ChildCare/Table,N,Y,N,Natures Way Childcare Centre #4<br>Licensed Group<br>604-223-5174<br><br>Vacancy:<br>&nbsp;&nbsp;&nbsp;&nbsp;<36 months: Y<br>&nbsp;&nbsp;&nbsp;&nbsp;30 months -- 5 years: N<br>&nbsp;&nbsp;&nbsp;&nbsp;Preschool: N<br>&nbsp;&nbsp;&nbsp;&nbsp;Grade 1 - Age 12: N<br>
1531,Licensed Family,Captain Alpha Childcare,5490 Ross St,,Vancouver,V5W 3K9,49.234835,-123.082154,778-888-8132,,,N,N,N,N,N,N,N,N,N,N,N,N,N,N,N,N,N,,,N,N,N,N,N,N,N,N,Y,N,N,2026-05-12,https://inspections.vcha.ca/ChildCare/Table,N,Y,N,Captain Alpha Childcare<br>Licensed Family<br>778-888-8132<br><br>Vacancy:<br>&nbsp;&nbsp;&nbsp;&nbsp;<36 months: N<br>&nbsp;&nbsp;&nbsp;&nbsp;30 months -- 5 years: Y<br>&nbsp;&nbsp;&nbsp;&nbsp;Preschool: N<br>&nbsp;&nbsp;&nbsp;&nbsp;Grade 1 - Age 12: N<br>
1532,Licensed Group,Willowbrae Academy Langley,100-8063 199 St,,Langley,V2Y 0E2,49.149784,-122.671645,604-618-6553,,,N,N,N,N,N,N,N,N,N,N,N,N,N,N,N,N,N,,,N,N,N,N,N,N,N,N,N,N,N,2026-05-11,http://www.healthspace.ca/fha/childcare,N,Y,N,Willowbrae Academy Langley<br>Licensed Group<br>604-618-6553<br><br>Vacancy:<br>&nbsp;&nbsp;&nbsp;&nbsp;<36 months: N<br>&nbsp;&nbsp;&nbsp;&nbsp;30 months -- 5 years: N<br>&nbsp;&nbsp;&nbsp;&nbsp;Preschool: N<br>&nbsp;&nbsp;&nbsp;&nbsp;Grade 1 - Age 12: N<br>
1533,Licensed Family,Sun Soleil Daycare Ltd,1025 Robin Way,,Anmore,V3H 5G1,49.300854,-122.836862,604-377-1007,,,,,,,,,,,,,,,,,,,,,,,,,,,,,,,,,,,Y,N,N,Sun Soleil Daycare Ltd<br>Licensed Family<br>604-377-1007<br><br>Vacancy:<br>&nbsp;&nbsp;&nbsp;&nbsp;<36 months: None<br>&nbsp;&nbsp;&nbsp;&nbsp;30 months -- 5 years: None<br>&nbsp;&nbsp;&nbsp;&nbsp;Preschool: None<br>&nbsp;&nbsp;&nbsp;&nbsp;Grade 1 - Age 12: None<br>
1534,Licensed Family,Adventure Time Childcare,14-5164 Hart Hwy,,Prince George,V2K 3A1,53.973602,-122.767518,250-614-6991,,,N,N,N,N,N,N,N,N,N,N,N,N,N,N,N,N,N,,,N,N,N,N,N,N,N,N,N,N,N,2026-05-15,https://www.healthspace.ca/Clients/NHA/NHA_Website.nsf/CCFL-Frameset,N,Y,N,Adventure Time Childcare<br>Licensed Family<br>250-614-6991<br><br>Vacancy:<br>&nbsp;&nbsp;&nbsp;&nbsp;<36 months: N<br>&nbsp;&nbsp;&nbsp;&nbsp;30 months -- 5 years: N<br>&nbsp;&nbsp;&nbsp;&nbsp;Preschool: N<br>&nbsp;&nbsp;&nbsp;&nbsp;Grade 1 - Age 12: N<br>
1535,Licensed Family,Stem Early Learning,15407 91A Ave,,Surrey,V3R 9W9,49.169347,-122.795487,604-655-8300,,,N,N,N,N,N,N,N,N,N,N,N,N,N,N,N,N,N,,,N,N,N,N,N,N,N,Y,Y,N,Y,2026-04-14,http://www.healthspace.ca/fha/childcare,N,Y,N,Stem Early Learning<br>Licensed Family<br>604-655-8300<br><br>Vacancy:<br>&nbsp;&nbsp;&nbsp;&nbsp;<36 months: Y<br>&nbsp;&nbsp;&nbsp;&nbsp;30 months -- 5 years: Y<br>&nbsp;&nbsp;&nbsp;&nbsp;Preschool: N<br>&nbsp;&nbsp;&nbsp;&nbsp;Grade 1 - Age 12: Y<br>
1536,Licensed Group,Tiny Scholars Inc.,100-2121 Clearbrook Rd,,Abbotsford,V2T 4H6,49.040752,-122.337779,604-744-0362,,,N,N,N,N,N,N,N,N,N,N,N,N,N,N,N,N,N,,,N,N,N,N,N,N,N,Y,Y,N,N,2026-05-11,http://www.healthspace.ca/fha/childcare,N,Y,N,Tiny Scholars Inc.<br>Licensed Group<br>604-744-0362<br><br>Vacancy:<br>&nbsp;&nbsp;&nbsp;&nbsp;<36 months: Y<br>&nbsp;&nbsp;&nbsp;&nbsp;30 months -- 5 years: Y<br>&nbsp;&nbsp;&nbsp;&nbsp;Preschool: N<br>&nbsp;&nbsp;&nbsp;&nbsp;Grade 1 - Age 12: N<br>
1537,Licensed Family,Fun Times Child Care,3795 Nanaimo Cres,,Abbotsford,V2T 4Z8,49.070348,-122.318274,604-996-0923,,,N,N,N,N,N,N,N,N,N,N,N,N,N,N,N,N,N,,,N,N,N,N,N,N,N,Y,Y,N,N,2026-05-10,http://www.healthspace.ca/fha/childcare,N,Y,N,Fun Times Child Care<br>Licensed Family<br>604-996-0923<br><br>Vacancy:<br>&nbsp;&nbsp;&nbsp;&nbsp;<36 months: Y<br>&nbsp;&nbsp;&nbsp;&nbsp;30 months -- 5 years: Y<br>&nbsp;&nbsp;&nbsp;&nbsp;Preschool: N<br>&nbsp;&nbsp;&nbsp;&nbsp;Grade 1 - Age 12: N<br>
1538,Licensed Family,Happy Family Child Care,1931 Eighth Ave,,New Westminster,V3M 2T2,49.203409,-122.947949,778-834-5151,,,N,N,N,N,N,N,N,N,N,N,N,N,N,N,N,N,N,,,N,N,N,N,N,N,N,N,N,N,N,2026-05-12,http://www.healthspace.ca/fha/childcare,N,Y,N,Happy Family Child Care<br>Licensed Family<br>778-834-5151<br><br>Vacancy:<br>&nbsp;&nbsp;&nbsp;&nbsp;<36 months: N<br>&nbsp;&nbsp;&nbsp;&nbsp;30 months -- 5 years: N<br>&nbsp;&nbsp;&nbsp;&nbsp;Preschool: N<br>&nbsp;&nbsp;&nbsp;&nbsp;Grade 1 - Age 12: N<br>
1539,Licensed Family,Rainbow Owl Childcare,15581 112A Ave,,Surrey,V3R 0K5,49.021824,-122.790792,604-362-5388,,,N,N,N,N,N,N,N,N,N,N,N,N,N,N,N,N,N,,,N,N,N,N,N,N,N,N,N,N,N,2026-05-19,http://www.healthspace.ca/fha/childcare,N,Y,N,Rainbow Owl Childcare<br>Licensed Family<br>604-362-5388<br><br>Vacancy:<br>&nbsp;&nbsp;&nbsp;&nbsp;<36 months: N<br>&nbsp;&nbsp;&nbsp;&nbsp;30 months -- 5 years: N<br>&nbsp;&nbsp;&nbsp;&nbsp;Preschool: N<br>&nbsp;&nbsp;&nbsp;&nbsp;Grade 1 - Age 12: N<br>
1540,Licensed Group,Bright New Minds Early Learning Centre,F-191 Dogwood St,,Campbell River,V9W 6B9,50.010869,-125.247042,236-854-0080,,,N,N,N,N,N,N,N,N,N,N,N,N,N,N,N,N,N,,,N,N,N,N,N,N,N,N,N,N,N,2026-05-14,https://www.healthspace.ca/clients/viha/viha_website.nsf/CCFL-Main?OpenView,N,Y,N,Bright New Minds Early Learning Centre<br>Licensed Group<br>236-854-0080<br><br>Vacancy:<br>&nbsp;&nbsp;&nbsp;&nbsp;<36 months: N<br>&nbsp;&nbsp;&nbsp;&nbsp;30 months -- 5 years: N<br>&nbsp;&nbsp;&nbsp;&nbsp;Preschool: N<br>&nbsp;&nbsp;&nbsp;&nbsp;Grade 1 - Age 12: N<br>
1541,Licensed Group,Montessori Infant/Toddler's Cottage,767 Seymour St,,Kamloops,V2C 2H4,50.674729,-120.322305,778-220-9457,,,N,N,N,N,N,N,N,N,N,N,N,N,N,N,N,N,N,,,N,N,N,N,N,N,N,N,N,N,N,2026-05-17,https://hedgehogportal.interiorhealth.ca/ChildCare/Map,N,Y,N,Montessori Infant/Toddler's Cottage<br>Licensed Group<br>778-220-9457<br><br>Vacancy:<br>&nbsp;&nbsp;&nbsp;&nbsp;<36 months: N<br>&nbsp;&nbsp;&nbsp;&nbsp;30 months -- 5 years: N<br>&nbsp;&nbsp;&nbsp;&nbsp;Preschool: N<br>&nbsp;&nbsp;&nbsp;&nbsp;Grade 1 - Age 12: N<br>
1542,Licensed Group,Cornerstone Children's Centre,310 Nelson Ave,,Nelson,V1L 2M8,49.500562,-117.278976,250-505-4148,,,N,N,N,N,N,N,N,N,N,N,N,N,N,N,N,N,N,,,N,N,N,N,N,N,N,N,N,N,Y,2026-04-16,https://hedgehogportal.interiorhealth.ca/ChildCare/Map,N,Y,N,Cornerstone Children's Centre<br>Licensed Group<br>250-505-4148<br><br>Vacancy:<br>&nbsp;&nbsp;&nbsp;&nbsp;<36 months: N<br>&nbsp;&nbsp;&nbsp;&nbsp;30 months -- 5 years: N<br>&nbsp;&nbsp;&nbsp;&nbsp;Preschool: N<br>&nbsp;&nbsp;&nbsp;&nbsp;Grade 1 - Age 12: Y<br>
1543,Licensed Group,Tiny Hoppers South Surrey,15045 32Nd Ave,,Surrey,V4P 0A2,49.060278,-122.805559,604-385-6500,,,N,N,N,N,N,N,N,N,N,N,N,N,N,N,N,N,N,,,N,N,N,N,N,N,N,Y,N,N,N,2026-05-15,http://www.healthspace.ca/fha/childcare,N,Y,N,Tiny Hoppers South Surrey<br>Licensed Group<br>604-385-6500<br><br>Vacancy:<br>&nbsp;&nbsp;&nbsp;&nbsp;<36 months: Y<br>&nbsp;&nbsp;&nbsp;&nbsp;30 months -- 5 years: N<br>&nbsp;&nbsp;&nbsp;&nbsp;Preschool: N<br>&nbsp;&nbsp;&nbsp;&nbsp;Grade 1 - Age 12: N<br>
1544,Licensed Group,Creative Moments Childcare Centre,20178 72Nd Ave,,Langley,V2Y 1S5,49.133194,-122.663226,604-417-1135,,,N,N,N,N,N,N,N,N,N,N,N,N,N,N,N,N,N,,,N,N,N,N,N,N,N,N,N,N,N,2026-05-20,http://www.healthspace.ca/fha/childcare,N,Y,N,Creative Moments Childcare Centre<br>Licensed Group<br>604-417-1135<br><br>Vacancy:<br>&nbsp;&nbsp;&nbsp;&nbsp;<36 months: N<br>&nbsp;&nbsp;&nbsp;&nbsp;30 months -- 5 years: N<br>&nbsp;&nbsp;&nbsp;&nbsp;Preschool: N<br>&nbsp;&nbsp;&nbsp;&nbsp;Grade 1 - Age 12: N<br>
1545,Licensed Family,Key To Success Daycare,14957 96A Ave,,Surrey,V3R 9T2,49.177853,-122.807929,778-822-1263,,,N,N,N,N,N,N,N,N,N,N,N,N,N,N,N,N,N,,,N,N,N,N,N,N,N,N,N,N,N,2026-05-15,http://www.healthspace.ca/fha/childcare,N,Y,N,Key To Success Daycare<br>Licensed Family<br>778-822-1263<br><br>Vacancy:<br>&nbsp;&nbsp;&nbsp;&nbsp;<36 months: N<br>&nbsp;&nbsp;&nbsp;&nbsp;30 months -- 5 years: N<br>&nbsp;&nbsp;&nbsp;&nbsp;Preschool: N<br>&nbsp;&nbsp;&nbsp;&nbsp;Grade 1 - Age 12: N<br>
1546,Licensed Family,Rainbowday Family Child Care,207-228 7Th Ave E,,Vancouver,V5T 0A1,49.264124,-123.10004,236-777-6751,,,Y,N,N,N,N,N,Y,N,N,N,N,N,N,Y,N,N,N,Not offered,Not offered,N,N,N,N,N,N,Y,N,Y,N,N,2026-05-21,https://inspections.vcha.ca/ChildCare/Table,N,Y,N,Rainbowday Family Child Care<br>Licensed Family<br>236-777-6751<br><br>Vacancy:<br>&nbsp;&nbsp;&nbsp;&nbsp;<36 months: N<br>&nbsp;&nbsp;&nbsp;&nbsp;30 months -- 5 years: Y<br>&nbsp;&nbsp;&nbsp;&nbsp;Preschool: N<br>&nbsp;&nbsp;&nbsp;&nbsp;Grade 1 - Age 12: N<br>
1547,Licensed Group,"Beanstalk Daycare, The",44687 Riverwood Cres,,Chilliwack,V2R 5S9,49.102262,-121.988875,604-845-1050,,,N,N,N,N,N,N,N,N,N,N,N,N,N,N,N,N,N,,,N,N,N,N,N,N,N,N,N,N,N,2026-05-15,http://www.healthspace.ca/fha/childcare,N,Y,N,"Beanstalk Daycare, The<br>Licensed Group<br>604-845-1050<br><br>Vacancy:<br>&nbsp;&nbsp;&nbsp;&nbsp;<36 months: N<br>&nbsp;&nbsp;&nbsp;&nbsp;30 months -- 5 years: N<br>&nbsp;&nbsp;&nbsp;&nbsp;Preschool: N<br>&nbsp;&nbsp;&nbsp;&nbsp;Grade 1 - Age 12: N<br>"
1548,Licensed Group,The Beanstalk Daycare Ltd.,9-5545 Peach Rd,,Chilliwack,V2R 5Y5,49.102741,-121.988437,604-845-1050,,,N,N,N,N,N,N,N,N,N,N,N,N,N,N,N,N,N,,,N,N,N,N,N,N,N,N,N,N,N,2026-05-15,http://www.healthspace.ca/fha/childcare,N,Y,N,The Beanstalk Daycare Ltd.<br>Licensed Group<br>604-845-1050<br><br>Vacancy:<br>&nbsp;&nbsp;&nbsp;&nbsp;<36 months: N<br>&nbsp;&nbsp;&nbsp;&nbsp;30 months -- 5 years: N<br>&nbsp;&nbsp;&nbsp;&nbsp;Preschool: N<br>&nbsp;&nbsp;&nbsp;&nbsp;Grade 1 - Age 12: N<br>
1549,Licensed Group,Malkin Park ymca Outdoor Adventures,3250 43Rd Ave W,,Vancouver,V6N 4K3,49.232818,-123.17694,604-362-4952,,,N,N,N,N,N,N,N,N,N,N,N,N,N,N,N,N,N,,,N,N,N,N,N,N,N,N,N,N,N,2026-05-14,https://inspections.vcha.ca/ChildCare/Table,N,Y,N,Malkin Park ymca Outdoor Adventures<br>Licensed Group<br>604-362-4952<br><br>Vacancy:<br>&nbsp;&nbsp;&nbsp;&nbsp;<36 months: N<br>&nbsp;&nbsp;&nbsp;&nbsp;30 months -- 5 years: N<br>&nbsp;&nbsp;&nbsp;&nbsp;Preschool: N<br>&nbsp;&nbsp;&nbsp;&nbsp;Grade 1 - Age 12: N<br>
1550,Licensed Group,St James ymca Kids Club,2777 Townline Rd,,Abbotsford,V2T 5E1,49.052576,-122.360076,604-320-5828,,,N,N,N,N,N,N,N,N,N,N,N,N,N,N,N,N,N,,,N,N,N,N,N,N,N,N,N,N,N,2026-05-14,http://www.healthspace.ca/fha/childcare,N,Y,N,St James ymca Kids Club<br>Licensed Group<br>604-320-5828<br><br>Vacancy:<br>&nbsp;&nbsp;&nbsp;&nbsp;<36 months: N<br>&nbsp;&nbsp;&nbsp;&nbsp;30 months -- 5 years: N<br>&nbsp;&nbsp;&nbsp;&nbsp;Preschool: N<br>&nbsp;&nbsp;&nbsp;&nbsp;Grade 1 - Age 12: N<br>
1551,Licensed Group,Capitol Hill Children's Centre,5750 Pandora St,,Burnaby,V5B 3V1,49.282516,-122.980228,778-727-1310,,,N,N,N,N,N,N,N,N,N,N,N,N,N,N,N,N,N,,,N,N,N,N,N,N,N,N,N,N,N,2026-04-20,http://www.healthspace.ca/fha/childcare,N,Y,N,Capitol Hill Children's Centre<br>Licensed Group<br>778-727-1310<br><br>Vacancy:<br>&nbsp;&nbsp;&nbsp;&nbsp;<36 months: N<br>&nbsp;&nbsp;&nbsp;&nbsp;30 months -- 5 years: N<br>&nbsp;&nbsp;&nbsp;&nbsp;Preschool: N<br>&nbsp;&nbsp;&nbsp;&nbsp;Grade 1 - Age 12: N<br>
1552,Licensed Group,Children's Casa Early Learning Center,101-2049 Highland Pl,,Kamloops,V2E 0A8,50.66189,-120.262448,778-471-5245,,,N,N,N,N,N,N,N,N,N,N,N,N,N,N,N,N,N,,,N,N,N,N,N,N,N,Y,N,N,N,2026-04-30,https://hedgehogportal.interiorhealth.ca/ChildCare/Map,N,Y,N,Children's Casa Early Learning Center<br>Licensed Group<br>778-471-5245<br><br>Vacancy:<br>&nbsp;&nbsp;&nbsp;&nbsp;<36 months: Y<br>&nbsp;&nbsp;&nbsp;&nbsp;30 months -- 5 years: N<br>&nbsp;&nbsp;&nbsp;&nbsp;Preschool: N<br>&nbsp;&nbsp;&nbsp;&nbsp;Grade 1 - Age 12: N<br>
1553,Licensed Group,Creative Little Learners,2323 Belair Rd,,Victoria,V9B 3R2,48.465683,-123.49819,250-474-6661,,,N,N,N,N,N,N,N,N,N,N,N,N,N,N,N,N,N,,,N,N,N,N,N,N,N,N,Y,N,N,2026-05-13,https://www.healthspace.ca/clients/viha/viha_website.nsf/CCFL-Main?OpenView,N,Y,N,Creative Little Learners<br>Licensed Group<br>250-474-6661<br><br>Vacancy:<br>&nbsp;&nbsp;&nbsp;&nbsp;<36 months: N<br>&nbsp;&nbsp;&nbsp;&nbsp;30 months -- 5 years: Y<br>&nbsp;&nbsp;&nbsp;&nbsp;Preschool: N<br>&nbsp;&nbsp;&nbsp;&nbsp;Grade 1 - Age 12: N<br>
1554,Licensed Family,Smart Starters Child Care Center,16832 82 Ave,,Surrey,V4N 4T7,49.152117,-122.755715,778-990-3993,https://smartstartfamily.wixsite.com/smartstartfamily/,,N,N,N,N,N,N,N,N,N,N,N,N,N,N,N,N,N,,,N,N,N,N,N,N,N,N,N,N,N,2026-05-15,http://www.healthspace.ca/fha/childcare,N,Y,N,Smart Starters Child Care Center<br>Licensed Family<br>778-990-3993<br><br>Vacancy:<br>&nbsp;&nbsp;&nbsp;&nbsp;<36 months: N<br>&nbsp;&nbsp;&nbsp;&nbsp;30 months -- 5 years: N<br>&nbsp;&nbsp;&nbsp;&nbsp;Preschool: N<br>&nbsp;&nbsp;&nbsp;&nbsp;Grade 1 - Age 12: N<br>
1555,Licensed Family,Ruffles Family Child Care,6029 Falaise Rd,,Duncan,V9L 2H4,48.789691,-123.721391,250-701-8554,,,N,N,N,N,N,N,N,N,N,N,N,N,N,N,N,N,N,,,N,N,N,N,N,N,N,N,Y,N,Y,2026-05-17,https://www.healthspace.ca/clients/viha/viha_website.nsf/CCFL-Main?OpenView,N,Y,N,Ruffles Family Child Care<br>Licensed Family<br>250-701-8554<br><br>Vacancy:<br>&nbsp;&nbsp;&nbsp;&nbsp;<36 months: N<br>&nbsp;&nbsp;&nbsp;&nbsp;30 months -- 5 years: Y<br>&nbsp;&nbsp;&nbsp;&nbsp;Preschool: N<br>&nbsp;&nbsp;&nbsp;&nbsp;Grade 1 - Age 12: Y<br>
1556,Licensed Group,Kootenay Street Clubhouse,918 Kootenay St N,,Cranbrook,V1C 3V3,49.520912,-115.755993,250-426-3830,,,N,N,N,N,N,N,N,N,N,N,N,N,N,N,N,N,N,,,N,N,N,N,N,N,N,N,N,N,N,2026-04-15,https://hedgehogportal.interiorhealth.ca/ChildCare/Map,N,Y,N,Kootenay Street Clubhouse<br>Licensed Group<br>250-426-3830<br><br>Vacancy:<br>&nbsp;&nbsp;&nbsp;&nbsp;<36 months: N<br>&nbsp;&nbsp;&nbsp;&nbsp;30 months -- 5 years: N<br>&nbsp;&nbsp;&nbsp;&nbsp;Preschool: N<br>&nbsp;&nbsp;&nbsp;&nbsp;Grade 1 - Age 12: N<br>
1557,Licensed Group,Clayton Community Centre Preschool,7155 187A St,,Surrey,V3S 0T1,49.132487,-122.704001,604-598-7967,,,N,N,N,N,N,N,N,N,N,N,N,N,N,N,N,N,N,,,N,N,N,N,N,N,N,N,N,Y,N,2026-04-30,http://www.healthspace.ca/fha/childcare,N,Y,N,Clayton Community Centre Preschool<br>Licensed Group<br>604-598-7967<br><br>Vacancy:<br>&nbsp;&nbsp;&nbsp;&nbsp;<36 months: N<br>&nbsp;&nbsp;&nbsp;&nbsp;30 months -- 5 years: N<br>&nbsp;&nbsp;&nbsp;&nbsp;Preschool: Y<br>&nbsp;&nbsp;&nbsp;&nbsp;Grade 1 - Age 12: N<br>
1558,Licensed Group,New Leaf Learning And Childcare Centre,#100 - 31838 South Fraser Way,,Abbotsford,V2T 1V3,49.047367,-122.341679,604-613-1919,,,N,N,N,N,N,N,N,N,N,N,N,N,N,N,N,N,N,,,N,N,N,N,N,N,N,N,N,N,N,2026-05-15,http://www.healthspace.ca/fha/childcare,N,Y,N,New Leaf Learning And Childcare Centre<br>Licensed Group<br>604-613-1919<br><br>Vacancy:<br>&nbsp;&nbsp;&nbsp;&nbsp;<36 months: N<br>&nbsp;&nbsp;&nbsp;&nbsp;30 months -- 5 years: N<br>&nbsp;&nbsp;&nbsp;&nbsp;Preschool: N<br>&nbsp;&nbsp;&nbsp;&nbsp;Grade 1 - Age 12: N<br>
1559,Licensed Group,Canstone Ackroyd Daycare,8600 Ackroyd Rd,,Richmond,V6X 3G1,49.171051,-123.128222,604-279-1966,,,N,N,N,N,N,N,N,N,N,N,N,N,N,N,N,N,N,,,N,N,N,N,N,N,N,N,Y,N,N,2026-04-23,https://inspections.vcha.ca/ChildCare/Table,N,Y,N,Canstone Ackroyd Daycare<br>Licensed Group<br>604-279-1966<br><br>Vacancy:<br>&nbsp;&nbsp;&nbsp;&nbsp;<36 months: N<br>&nbsp;&nbsp;&nbsp;&nbsp;30 months -- 5 years: Y<br>&nbsp;&nbsp;&nbsp;&nbsp;Preschool: N<br>&nbsp;&nbsp;&nbsp;&nbsp;Grade 1 - Age 12: N<br>
1560,Licensed Group,Kids & Company Nanaimo,2129 Boxwood Rd,,Nanaimo,V9S 4L2,49.190153,-123.997156,250-585-6058,,,N,N,N,N,N,N,N,N,N,N,N,N,N,N,N,N,N,Not offered,Not offered,N,N,N,N,N,N,N,N,N,N,N,2026-05-10,https://www.healthspace.ca/clients/viha/viha_website.nsf/CCFL-Main?OpenView,N,Y,N,Kids & Company Nanaimo<br>Licensed Group<br>250-585-6058<br><br>Vacancy:<br>&nbsp;&nbsp;&nbsp;&nbsp;<36 months: N<br>&nbsp;&nbsp;&nbsp;&nbsp;30 months -- 5 years: N<br>&nbsp;&nbsp;&nbsp;&nbsp;Preschool: N<br>&nbsp;&nbsp;&nbsp;&nbsp;Grade 1 - Age 12: N<br>
1561,Licensed Family,Fable Tree Child Care,4151 Bryson Crt,,Richmond,V6X 3S5,49.183153,-123.111525,604-366-5350,,,N,N,N,N,N,N,N,N,N,N,N,N,N,N,N,N,N,,,N,N,N,N,N,N,N,N,N,N,N,2026-04-30,https://inspections.vcha.ca/ChildCare/Table,N,Y,N,Fable Tree Child Care<br>Licensed Family<br>604-366-5350<br><br>Vacancy:<br>&nbsp;&nbsp;&nbsp;&nbsp;<36 months: N<br>&nbsp;&nbsp;&nbsp;&nbsp;30 months -- 5 years: N<br>&nbsp;&nbsp;&nbsp;&nbsp;Preschool: N<br>&nbsp;&nbsp;&nbsp;&nbsp;Grade 1 - Age 12: N<br>
1562,Licensed Family,Love And Laughter Family Child Care,701 16 Ave N,,Creston,V0B 1G5,49.102124,-116.507104,250-421-4411,,,N,N,N,N,N,N,N,N,N,N,N,N,N,N,N,N,N,,,N,N,N,N,N,N,N,N,N,N,N,2026-05-15,https://hedgehogportal.interiorhealth.ca/ChildCare/Map,N,Y,N,Love And Laughter Family Child Care<br>Licensed Family<br>250-421-4411<br><br>Vacancy:<br>&nbsp;&nbsp;&nbsp;&nbsp;<36 months: N<br>&nbsp;&nbsp;&nbsp;&nbsp;30 months -- 5 years: N<br>&nbsp;&nbsp;&nbsp;&nbsp;Preschool: N<br>&nbsp;&nbsp;&nbsp;&nbsp;Grade 1 - Age 12: N<br>
1563,Licensed Family,Poka Poka Daycare,624 Sedger Rd,,Victoria,V8Z 1R8,48.459899,-123.400636,778-980-1536,https://pokapokadaycare.studio.site/,,N,N,N,N,N,N,N,N,N,N,N,N,N,N,N,N,N,,,N,N,N,N,N,N,N,N,N,N,N,2026-05-01,https://www.healthspace.ca/clients/viha/viha_website.nsf/CCFL-Main?OpenView,N,Y,N,Poka Poka Daycare<br>Licensed Family<br>778-980-1536<br><br>Vacancy:<br>&nbsp;&nbsp;&nbsp;&nbsp;<36 months: N<br>&nbsp;&nbsp;&nbsp;&nbsp;30 months -- 5 years: N<br>&nbsp;&nbsp;&nbsp;&nbsp;Preschool: N<br>&nbsp;&nbsp;&nbsp;&nbsp;Grade 1 - Age 12: N<br>
1564,Licensed Group,Bright Owlets Childcare And Learning Centre 3,985 E 39Th Ave,,Vancouver,V5W 1K7,49.234979,-123.085138,604-225-9240,,,N,N,N,N,N,N,N,N,N,N,N,N,N,N,N,N,N,,,N,N,N,N,N,N,N,N,N,N,N,2026-05-18,https://inspections.vcha.ca/ChildCare/Table,N,Y,N,Bright Owlets Childcare And Learning Centre 3<br>Licensed Group<br>604-225-9240<br><br>Vacancy:<br>&nbsp;&nbsp;&nbsp;&nbsp;<36 months: N<br>&nbsp;&nbsp;&nbsp;&nbsp;30 months -- 5 years: N<br>&nbsp;&nbsp;&nbsp;&nbsp;Preschool: N<br>&nbsp;&nbsp;&nbsp;&nbsp;Grade 1 - Age 12: N<br>
1565,Licensed Group,Precious Stars Daycare,7092 Domano Boulevard,,Prince George,V2N 3Z4,53.859139,-122.766159,250-964-0377,,,N,N,N,N,N,N,N,N,N,N,N,N,N,N,N,N,N,,,N,N,N,N,N,N,N,N,N,N,N,2026-05-07,https://www.healthspace.ca/Clients/NHA/NHA_Website.nsf/CCFL-Frameset,N,Y,N,Precious Stars Daycare<br>Licensed Group<br>250-964-0377<br><br>Vacancy:<br>&nbsp;&nbsp;&nbsp;&nbsp;<36 months: N<br>&nbsp;&nbsp;&nbsp;&nbsp;30 months -- 5 years: N<br>&nbsp;&nbsp;&nbsp;&nbsp;Preschool: N<br>&nbsp;&nbsp;&nbsp;&nbsp;Grade 1 - Age 12: N<br>
1566,Licensed Family,Junior Explorers Academy,24002 Mcclure Dr,,Maple Ridge,V2W 1Z3,49.196418,-122.556439,778-986-6283,,,N,N,N,N,N,N,N,N,N,N,N,N,N,N,N,N,N,Not offered,Not offered,N,N,N,N,N,N,N,N,N,N,N,2026-05-12,http://www.healthspace.ca/fha/childcare,N,Y,N,Junior Explorers Academy<br>Licensed Family<br>778-986-6283<br><br>Vacancy:<br>&nbsp;&nbsp;&nbsp;&nbsp;<36 months: N<br>&nbsp;&nbsp;&nbsp;&nbsp;30 months -- 5 years: N<br>&nbsp;&nbsp;&nbsp;&nbsp;Preschool: N<br>&nbsp;&nbsp;&nbsp;&nbsp;Grade 1 - Age 12: N<br>
1567,Licensed Group,P-Wee Early Learning Centre,4001 Hastings St,,Burnaby,V5C 2J1,49.281353,-123.016006,778-846-8666,,,N,N,N,N,N,N,N,N,N,N,N,N,N,N,N,N,N,,,N,N,N,N,N,N,N,N,N,N,N,2026-05-17,http://www.healthspace.ca/fha/childcare,N,Y,N,P-Wee Early Learning Centre<br>Licensed Group<br>778-846-8666<br><br>Vacancy:<br>&nbsp;&nbsp;&nbsp;&nbsp;<36 months: N<br>&nbsp;&nbsp;&nbsp;&nbsp;30 months -- 5 years: N<br>&nbsp;&nbsp;&nbsp;&nbsp;Preschool: N<br>&nbsp;&nbsp;&nbsp;&nbsp;Grade 1 - Age 12: N<br>
1568,Licensed Group,Cefa Lions Gate,1721 Lions Gate Lane,,North Vancouver,V7P 0C7,49.32645,-123.121835,778-340-9525,,,N,N,N,N,N,N,N,N,N,N,N,N,N,N,N,N,N,,,N,N,N,N,N,N,N,Y,N,N,N,2026-05-15,https://inspections.vcha.ca/ChildCare/Table,N,Y,N,Cefa Lions Gate<br>Licensed Group<br>778-340-9525<br><br>Vacancy:<br>&nbsp;&nbsp;&nbsp;&nbsp;<36 months: Y<br>&nbsp;&nbsp;&nbsp;&nbsp;30 months -- 5 years: N<br>&nbsp;&nbsp;&nbsp;&nbsp;Preschool: N<br>&nbsp;&nbsp;&nbsp;&nbsp;Grade 1 - Age 12: N<br>
1569,Licensed Family,Moonlight Daycare,6896 Helm Dr,,Prince George,V2K 2N6,53.992194,-122.781924,250-900-8815,,,N,N,N,N,N,N,N,N,N,N,N,N,N,N,N,N,N,,,N,N,N,N,N,N,N,N,Y,N,N,2026-05-19,https://www.healthspace.ca/Clients/NHA/NHA_Website.nsf/CCFL-Frameset,N,Y,N,Moonlight Daycare<br>Licensed Family<br>250-900-8815<br><br>Vacancy:<br>&nbsp;&nbsp;&nbsp;&nbsp;<36 months: N<br>&nbsp;&nbsp;&nbsp;&nbsp;30 months -- 5 years: Y<br>&nbsp;&nbsp;&nbsp;&nbsp;Preschool: N<br>&nbsp;&nbsp;&nbsp;&nbsp;Grade 1 - Age 12: N<br>
1570,Licensed Group,Eaglekids Learning Centre - Squamish Ltd.,38380 Buckley Ave,,Squamish,V8B 0E4,49.704019,-123.150048,778-682-3730,,,N,N,N,N,N,N,N,N,N,N,N,N,N,N,N,N,N,,,N,N,N,N,N,N,N,N,N,N,N,2026-05-05,https://inspections.vcha.ca/ChildCare/Table,N,Y,Y,Eaglekids Learning Centre - Squamish Ltd.<br>Licensed Group<br>778-682-3730<br><br>Vacancy:<br>&nbsp;&nbsp;&nbsp;&nbsp;<36 months: N<br>&nbsp;&nbsp;&nbsp;&nbsp;30 months -- 5 years: N<br>&nbsp;&nbsp;&nbsp;&nbsp;Preschool: N<br>&nbsp;&nbsp;&nbsp;&nbsp;Grade 1 - Age 12: N<br>
1571,Licensed Group,Alphabetz Daycare,7929 120Th St,,Delta,V4C 6P6,49.147504,-122.890471,604-597-0398,,,N,N,N,N,N,N,N,N,N,N,N,N,N,N,N,N,N,,,N,N,N,N,N,N,N,N,N,N,N,2026-05-05,http://www.healthspace.ca/fha/childcare,N,Y,N,Alphabetz Daycare<br>Licensed Group<br>604-597-0398<br><br>Vacancy:<br>&nbsp;&nbsp;&nbsp;&nbsp;<36 months: N<br>&nbsp;&nbsp;&nbsp;&nbsp;30 months -- 5 years: N<br>&nbsp;&nbsp;&nbsp;&nbsp;Preschool: N<br>&nbsp;&nbsp;&nbsp;&nbsp;Grade 1 - Age 12: N<br>
1572,Licensed Group,Grandview Montessori School,16530 21A Ave,,Surrey,V3Z 0V7,49.041198,-122.765171,778-300-9753,,,N,N,N,N,N,N,N,N,N,N,N,N,N,N,N,N,N,,,N,N,N,N,N,N,N,Y,Y,N,N,2026-05-15,http://www.healthspace.ca/fha/childcare,N,Y,N,Grandview Montessori School<br>Licensed Group<br>778-300-9753<br><br>Vacancy:<br>&nbsp;&nbsp;&nbsp;&nbsp;<36 months: Y<br>&nbsp;&nbsp;&nbsp;&nbsp;30 months -- 5 years: Y<br>&nbsp;&nbsp;&nbsp;&nbsp;Preschool: N<br>&nbsp;&nbsp;&nbsp;&nbsp;Grade 1 - Age 12: N<br>
1573,Licensed Family,Young Pup Child Care,2685 Abbott Cres,,Prince George,V2L 2X6,53.896342,-122.761664,250-983-9881,,,N,N,N,N,N,N,N,N,N,N,N,N,N,N,N,N,N,,,N,N,N,N,N,N,N,N,N,N,N,2026-04-24,https://www.healthspace.ca/Clients/NHA/NHA_Website.nsf/CCFL-Frameset,N,Y,N,Young Pup Child Care<br>Licensed Family<br>250-983-9881<br><br>Vacancy:<br>&nbsp;&nbsp;&nbsp;&nbsp;<36 months: N<br>&nbsp;&nbsp;&nbsp;&nbsp;30 months -- 5 years: N<br>&nbsp;&nbsp;&nbsp;&nbsp;Preschool: N<br>&nbsp;&nbsp;&nbsp;&nbsp;Grade 1 - Age 12: N<br>
1574,Licensed Group,Bubby's Early Learning Childcare,2060 Haultain St,,Victoria,V8R 2L7,48.435826,-123.320121,204-396-4842,,,N,N,N,N,N,N,N,N,N,N,N,N,N,N,N,N,N,,,N,N,N,N,N,N,N,N,N,N,N,2026-05-19,https://www.healthspace.ca/clients/viha/viha_website.nsf/CCFL-Main?OpenView,N,Y,N,Bubby's Early Learning Childcare<br>Licensed Group<br>204-396-4842<br><br>Vacancy:<br>&nbsp;&nbsp;&nbsp;&nbsp;<36 months: N<br>&nbsp;&nbsp;&nbsp;&nbsp;30 months -- 5 years: N<br>&nbsp;&nbsp;&nbsp;&nbsp;Preschool: N<br>&nbsp;&nbsp;&nbsp;&nbsp;Grade 1 - Age 12: N<br>
1575,Licensed Family,Kids Fun Castle,4620 Pender St,,Burnaby,V5C 2N3,49.279823,-122.999489,778-869-3363,,,N,N,N,N,N,N,N,N,N,N,N,N,N,N,N,N,N,,,N,N,N,N,N,N,N,Y,Y,N,N,2026-05-01,http://www.healthspace.ca/fha/childcare,N,Y,N,Kids Fun Castle<br>Licensed Family<br>778-869-3363<br><br>Vacancy:<br>&nbsp;&nbsp;&nbsp;&nbsp;<36 months: Y<br>&nbsp;&nbsp;&nbsp;&nbsp;30 months -- 5 years: Y<br>&nbsp;&nbsp;&nbsp;&nbsp;Preschool: N<br>&nbsp;&nbsp;&nbsp;&nbsp;Grade 1 - Age 12: N<br>
1576,Licensed Family,Play On Paisley Pre-K Ltd.,1481 Paisley Rd,,North Vancouver,V7R 1C4,49.336173,-123.114241,778-908-4321,www.playonpaisley.ca,,N,N,N,N,N,N,N,N,N,N,N,N,N,N,N,N,N,,,N,N,N,N,N,N,N,N,N,N,N,2026-04-16,https://inspections.vcha.ca/ChildCare/Table,N,Y,N,Play On Paisley Pre-K Ltd.<br>Licensed Family<br>778-908-4321<br><br>Vacancy:<br>&nbsp;&nbsp;&nbsp;&nbsp;<36 months: N<br>&nbsp;&nbsp;&nbsp;&nbsp;30 months -- 5 years: N<br>&nbsp;&nbsp;&nbsp;&nbsp;Preschool: N<br>&nbsp;&nbsp;&nbsp;&nbsp;Grade 1 - Age 12: N<br>
1577,Licensed Family,Living Dreams Daycare,3440 Old Okanagan Hwy,,West Kelowna,V4T 1N5,49.839088,-119.625647,778-581-9353,,,N,N,N,N,N,N,N,N,N,N,N,N,N,N,N,N,N,,,N,N,N,N,N,N,N,N,N,N,N,2026-05-15,https://hedgehogportal.interiorhealth.ca/ChildCare/Map,N,Y,N,Living Dreams Daycare<br>Licensed Family<br>778-581-9353<br><br>Vacancy:<br>&nbsp;&nbsp;&nbsp;&nbsp;<36 months: N<br>&nbsp;&nbsp;&nbsp;&nbsp;30 months -- 5 years: N<br>&nbsp;&nbsp;&nbsp;&nbsp;Preschool: N<br>&nbsp;&nbsp;&nbsp;&nbsp;Grade 1 - Age 12: N<br>
1578,Licensed Group,Seaside Children's Centre,9195 Highway 101,,Powell River,V8A 0H8,49.772876,-124.427768,866-487-9050,,,N,N,N,N,N,N,N,N,N,N,N,N,N,N,N,N,N,,,N,N,N,N,N,N,N,N,N,N,N,2026-04-21,https://inspections.vcha.ca/ChildCare/Table,N,Y,Y,Seaside Children's Centre<br>Licensed Group<br>866-487-9050<br><br>Vacancy:<br>&nbsp;&nbsp;&nbsp;&nbsp;<36 months: N<br>&nbsp;&nbsp;&nbsp;&nbsp;30 months -- 5 years: N<br>&nbsp;&nbsp;&nbsp;&nbsp;Preschool: N<br>&nbsp;&nbsp;&nbsp;&nbsp;Grade 1 - Age 12: N<br>
1579,Licensed Group,Seaside Children's Centre,9195 Highway 101,,Powell River,V8A 0H8,49.772876,-124.427768,866-487-9050,,,N,N,N,N,N,N,N,N,N,N,N,N,N,N,N,N,N,,,N,N,N,N,N,N,N,N,N,N,N,2026-04-21,https://inspections.vcha.ca/ChildCare/Table,N,Y,Y,Seaside Children's Centre<br>Licensed Group<br>866-487-9050<br><br>Vacancy:<br>&nbsp;&nbsp;&nbsp;&nbsp;<36 months: N<br>&nbsp;&nbsp;&nbsp;&nbsp;30 months -- 5 years: N<br>&nbsp;&nbsp;&nbsp;&nbsp;Preschool: N<br>&nbsp;&nbsp;&nbsp;&nbsp;Grade 1 - Age 12: N<br>
1580,Licensed Group,Bright Butterfly Child Care Centre Ltd,12149 Harris Rd,,Pitt Meadows,V3Y 2E6,49.223606,-122.689661,778-928-3839,,,N,N,N,N,N,N,N,N,N,N,N,N,N,N,N,N,N,,,N,N,N,N,N,N,N,N,N,N,N,2026-05-20,http://www.healthspace.ca/fha/childcare,N,Y,N,Bright Butterfly Child Care Centre Ltd<br>Licensed Group<br>778-928-3839<br><br>Vacancy:<br>&nbsp;&nbsp;&nbsp;&nbsp;<36 months: N<br>&nbsp;&nbsp;&nbsp;&nbsp;30 months -- 5 years: N<br>&nbsp;&nbsp;&nbsp;&nbsp;Preschool: N<br>&nbsp;&nbsp;&nbsp;&nbsp;Grade 1 - Age 12: N<br>
1581,Licensed Family,Our Happy Place,441 Macmillan Dr,,Sayward,V0P 1R0,50.380231,-125.963473,604-367-6322,,,N,N,N,N,N,N,N,N,N,N,N,N,N,N,N,N,N,,,N,N,N,N,N,N,N,N,Y,N,N,2026-04-16,https://www.healthspace.ca/clients/viha/viha_website.nsf/CCFL-Main?OpenView,N,Y,N,Our Happy Place<br>Licensed Family<br>604-367-6322<br><br>Vacancy:<br>&nbsp;&nbsp;&nbsp;&nbsp;<36 months: N<br>&nbsp;&nbsp;&nbsp;&nbsp;30 months -- 5 years: Y<br>&nbsp;&nbsp;&nbsp;&nbsp;Preschool: N<br>&nbsp;&nbsp;&nbsp;&nbsp;Grade 1 - Age 12: N<br>
1582,Licensed Family,Sunrise In-Home Multiage Child Care,5638 Rupert St,,Vancouver,V5R 2K5,49.233625,-123.042676,604-561-4084,,,N,N,N,N,N,N,N,N,N,N,N,N,N,N,N,N,N,,,N,N,N,N,N,N,N,N,Y,N,N,2026-04-17,https://inspections.vcha.ca/ChildCare/Table,N,Y,N,Sunrise In-Home Multiage Child Care<br>Licensed Family<br>604-561-4084<br><br>Vacancy:<br>&nbsp;&nbsp;&nbsp;&nbsp;<36 months: N<br>&nbsp;&nbsp;&nbsp;&nbsp;30 months -- 5 years: Y<br>&nbsp;&nbsp;&nbsp;&nbsp;Preschool: N<br>&nbsp;&nbsp;&nbsp;&nbsp;Grade 1 - Age 12: N<br>
1583,Licensed Group,Cefa Early Learning Surrey - Nordel,200-8820 120 St,,Surrey,V3V 0C9,49.163507,-122.890053,778-368-7608,,,N,N,N,N,N,N,N,N,N,N,N,N,N,N,N,N,N,,,N,N,N,N,N,N,N,N,N,N,N,2026-05-15,http://www.healthspace.ca/fha/childcare,N,Y,N,Cefa Early Learning Surrey - Nordel<br>Licensed Group<br>778-368-7608<br><br>Vacancy:<br>&nbsp;&nbsp;&nbsp;&nbsp;<36 months: N<br>&nbsp;&nbsp;&nbsp;&nbsp;30 months -- 5 years: N<br>&nbsp;&nbsp;&nbsp;&nbsp;Preschool: N<br>&nbsp;&nbsp;&nbsp;&nbsp;Grade 1 - Age 12: N<br>
1584,Licensed Group,Pacific Way After School Care,1351 Dunbar Dr,,Kamloops,V1S 1S8,50.638772,-120.378214,250-574-4140,,,N,N,N,N,N,N,N,N,N,N,N,N,N,N,N,N,N,,,N,N,N,N,N,N,N,N,N,N,N,2026-05-01,https://hedgehogportal.interiorhealth.ca/ChildCare/Map,N,Y,N,Pacific Way After School Care<br>Licensed Group<br>250-574-4140<br><br>Vacancy:<br>&nbsp;&nbsp;&nbsp;&nbsp;<36 months: N<br>&nbsp;&nbsp;&nbsp;&nbsp;30 months -- 5 years: N<br>&nbsp;&nbsp;&nbsp;&nbsp;Preschool: N<br>&nbsp;&nbsp;&nbsp;&nbsp;Grade 1 - Age 12: N<br>
1585,Licensed Family,Wee Scholars Early Learning Centre,3193 Saddleback Pl,,West Kelowna,V4T 3H4,49.849701,-119.629749,250-808-2949,www.weescholars.com,,N,N,N,N,N,N,N,N,N,N,N,N,N,N,N,N,N,,,N,N,N,N,N,N,N,N,N,N,N,2026-05-15,https://hedgehogportal.interiorhealth.ca/ChildCare/Map,N,Y,N,Wee Scholars Early Learning Centre<br>Licensed Family<br>250-808-2949<br><br>Vacancy:<br>&nbsp;&nbsp;&nbsp;&nbsp;<36 months: N<br>&nbsp;&nbsp;&nbsp;&nbsp;30 months -- 5 years: N<br>&nbsp;&nbsp;&nbsp;&nbsp;Preschool: N<br>&nbsp;&nbsp;&nbsp;&nbsp;Grade 1 - Age 12: N<br>
1586,Licensed Group,Blackberry Lane Children's Centre,1100 Northwest Rd,,Denman Island,V0R 1T0,49.535426,-124.816466,250-335-1029,,,N,N,N,N,N,N,N,N,N,N,N,N,N,N,N,N,N,,,N,N,N,N,N,N,N,N,N,N,N,2026-05-19,https://www.healthspace.ca/clients/viha/viha_website.nsf/CCFL-Main?OpenView,N,Y,N,Blackberry Lane Children's Centre<br>Licensed Group<br>250-335-1029<br><br>Vacancy:<br>&nbsp;&nbsp;&nbsp;&nbsp;<36 months: N<br>&nbsp;&nbsp;&nbsp;&nbsp;30 months -- 5 years: N<br>&nbsp;&nbsp;&nbsp;&nbsp;Preschool: N<br>&nbsp;&nbsp;&nbsp;&nbsp;Grade 1 - Age 12: N<br>
1587,Licensed Group,Discovery Time School Age Care,1568 George St,,White Rock,V4B 3E8,49.030806,-122.799692,778-828-8267,,,N,N,N,N,N,N,N,N,N,N,N,N,N,N,N,N,N,,,N,N,N,N,N,N,N,N,N,N,N,2026-05-14,http://www.healthspace.ca/fha/childcare,N,Y,N,Discovery Time School Age Care<br>Licensed Group<br>778-828-8267<br><br>Vacancy:<br>&nbsp;&nbsp;&nbsp;&nbsp;<36 months: N<br>&nbsp;&nbsp;&nbsp;&nbsp;30 months -- 5 years: N<br>&nbsp;&nbsp;&nbsp;&nbsp;Preschool: N<br>&nbsp;&nbsp;&nbsp;&nbsp;Grade 1 - Age 12: N<br>
1588,Licensed Group,Beckley Cottage Preschool,3-427 Parry St,,Victoria,V8V 2H8,48.416347,-123.371612,250-727-2197,,,N,N,N,N,N,N,N,N,N,N,N,N,N,N,N,N,N,,,N,N,N,N,N,N,N,Y,Y,N,N,2026-05-15,https://www.healthspace.ca/clients/viha/viha_website.nsf/CCFL-Main?OpenView,N,Y,N,Beckley Cottage Preschool<br>Licensed Group<br>250-727-2197<br><br>Vacancy:<br>&nbsp;&nbsp;&nbsp;&nbsp;<36 months: Y<br>&nbsp;&nbsp;&nbsp;&nbsp;30 months -- 5 years: Y<br>&nbsp;&nbsp;&nbsp;&nbsp;Preschool: N<br>&nbsp;&nbsp;&nbsp;&nbsp;Grade 1 - Age 12: N<br>
1589,Licensed Family,Little Kingdom Childcare Inc,32891 Bakerview Ave,,Mission,V2V 2P8,49.149003,-122.313431,778-384-3742,,,N,N,N,N,N,N,N,N,N,N,N,N,N,N,N,N,N,,,N,N,N,N,N,N,N,N,N,N,N,2026-05-15,http://www.healthspace.ca/fha/childcare,N,Y,N,Little Kingdom Childcare Inc<br>Licensed Family<br>778-384-3742<br><br>Vacancy:<br>&nbsp;&nbsp;&nbsp;&nbsp;<36 months: N<br>&nbsp;&nbsp;&nbsp;&nbsp;30 months -- 5 years: N<br>&nbsp;&nbsp;&nbsp;&nbsp;Preschool: N<br>&nbsp;&nbsp;&nbsp;&nbsp;Grade 1 - Age 12: N<br>
1590,Licensed Group,Woodland Childcare Centre Society,1010 Wychbury Ave,,Esquimalt,V9A 5K6,48.426454,-123.40551,250-883-6329,,,N,N,N,N,N,N,N,N,N,N,N,N,N,N,N,N,N,,,N,N,N,N,N,N,N,N,N,Y,N,2026-05-15,https://www.healthspace.ca/clients/viha/viha_website.nsf/CCFL-Main?OpenView,N,Y,N,Woodland Childcare Centre Society<br>Licensed Group<br>250-883-6329<br><br>Vacancy:<br>&nbsp;&nbsp;&nbsp;&nbsp;<36 months: N<br>&nbsp;&nbsp;&nbsp;&nbsp;30 months -- 5 years: N<br>&nbsp;&nbsp;&nbsp;&nbsp;Preschool: Y<br>&nbsp;&nbsp;&nbsp;&nbsp;Grade 1 - Age 12: N<br>
1591,Licensed Group,Errington Elementary After School Care,1390 Fairdowne Rd,,Errington,V0R 1V0,49.287027,-124.34487,250-248-8446,,,N,N,N,N,N,N,N,N,N,N,N,N,N,N,N,N,N,,,N,N,N,N,N,N,N,N,N,N,Y,2026-05-05,,N,N,N,Errington Elementary After School Care<br>Licensed Group<br>250-248-8446<br><br>Vacancy:<br>&nbsp;&nbsp;&nbsp;&nbsp;<36 months: N<br>&nbsp;&nbsp;&nbsp;&nbsp;30 months -- 5 years: N<br>&nbsp;&nbsp;&nbsp;&nbsp;Preschool: N<br>&nbsp;&nbsp;&nbsp;&nbsp;Grade 1 - Age 12: Y<br>
1592,Licensed Family,Tiny Miracles On Broadway,5933 Broadway Rd,,Nanaimo,V9V 1C9,49.23725,-124.022792,250-802-3916,,,N,N,N,N,N,N,N,N,N,N,N,N,N,N,N,N,N,,,N,N,N,N,N,N,N,N,N,N,N,2026-05-16,https://www.healthspace.ca/clients/viha/viha_website.nsf/CCFL-Main?OpenView,N,Y,N,Tiny Miracles On Broadway<br>Licensed Family<br>250-802-3916<br><br>Vacancy:<br>&nbsp;&nbsp;&nbsp;&nbsp;<36 months: N<br>&nbsp;&nbsp;&nbsp;&nbsp;30 months -- 5 years: N<br>&nbsp;&nbsp;&nbsp;&nbsp;Preschool: N<br>&nbsp;&nbsp;&nbsp;&nbsp;Grade 1 - Age 12: N<br>
1593,Licensed Group,Blessed Generations Academy - Westwood Coquitlam,1294 Johnson St,,Coquitlam,V3B 4T5,49.290608,-122.801568,604-618-4767,,,N,N,N,N,N,N,N,N,N,N,N,N,N,N,N,N,N,,,N,N,N,N,N,N,N,N,N,N,N,2026-04-20,http://www.healthspace.ca/fha/childcare,N,Y,N,Blessed Generations Academy - Westwood Coquitlam<br>Licensed Group<br>604-618-4767<br><br>Vacancy:<br>&nbsp;&nbsp;&nbsp;&nbsp;<36 months: N<br>&nbsp;&nbsp;&nbsp;&nbsp;30 months -- 5 years: N<br>&nbsp;&nbsp;&nbsp;&nbsp;Preschool: N<br>&nbsp;&nbsp;&nbsp;&nbsp;Grade 1 - Age 12: N<br>
1594,Licensed Group,Little Smiles Daycare Corp - 1,8546 144Th St,,Surrey,V3W 5T7,49.15821,-122.823138,604-722-6364,,,N,N,N,N,N,N,N,N,N,N,N,N,N,N,N,N,N,,,N,N,N,N,N,N,N,N,N,N,N,2026-04-29,http://www.healthspace.ca/fha/childcare,N,Y,N,Little Smiles Daycare Corp - 1<br>Licensed Group<br>604-722-6364<br><br>Vacancy:<br>&nbsp;&nbsp;&nbsp;&nbsp;<36 months: N<br>&nbsp;&nbsp;&nbsp;&nbsp;30 months -- 5 years: N<br>&nbsp;&nbsp;&nbsp;&nbsp;Preschool: N<br>&nbsp;&nbsp;&nbsp;&nbsp;Grade 1 - Age 12: N<br>
1595,Licensed Family,Little Swans Child Educare,10995 Swan Cres,,Surrey,V3R 5B7,49.202419,-122.802317,604-365-3675,,,N,N,N,N,N,N,N,N,N,N,N,N,N,N,N,N,N,,,N,N,N,N,N,N,N,N,N,N,N,2026-05-15,http://www.healthspace.ca/fha/childcare,N,Y,N,Little Swans Child Educare<br>Licensed Family<br>604-365-3675<br><br>Vacancy:<br>&nbsp;&nbsp;&nbsp;&nbsp;<36 months: N<br>&nbsp;&nbsp;&nbsp;&nbsp;30 months -- 5 years: N<br>&nbsp;&nbsp;&nbsp;&nbsp;Preschool: N<br>&nbsp;&nbsp;&nbsp;&nbsp;Grade 1 - Age 12: N<br>
1596,Licensed Group,Playbox Childcare Centre Ltd,103&104-18733 52 Ave,,Surrey,V3S 8E5,49.097287,-122.703727,604-754-3799,,,N,N,N,N,N,N,N,N,N,N,N,N,N,N,N,N,N,,,N,N,N,N,N,N,N,Y,Y,N,N,2026-05-15,http://www.healthspace.ca/fha/childcare,N,Y,N,Playbox Childcare Centre Ltd<br>Licensed Group<br>604-754-3799<br><br>Vacancy:<br>&nbsp;&nbsp;&nbsp;&nbsp;<36 months: Y<br>&nbsp;&nbsp;&nbsp;&nbsp;30 months -- 5 years: Y<br>&nbsp;&nbsp;&nbsp;&nbsp;Preschool: N<br>&nbsp;&nbsp;&nbsp;&nbsp;Grade 1 - Age 12: N<br>
1597,Licensed Family,Bright Future Family Childcare,6497 Sophia St,,Vancouver,V5W 2W9,49.225784,-123.099923,778-883-2304,,,N,N,N,N,N,N,N,N,N,N,N,N,N,N,N,N,N,,,N,N,N,N,N,N,N,N,N,N,N,2026-05-16,https://inspections.vcha.ca/ChildCare/Table,N,Y,N,Bright Future Family Childcare<br>Licensed Family<br>778-883-2304<br><br>Vacancy:<br>&nbsp;&nbsp;&nbsp;&nbsp;<36 months: N<br>&nbsp;&nbsp;&nbsp;&nbsp;30 months -- 5 years: N<br>&nbsp;&nbsp;&nbsp;&nbsp;Preschool: N<br>&nbsp;&nbsp;&nbsp;&nbsp;Grade 1 - Age 12: N<br>
1598,Licensed Group,Flying Fish Childcare Centre Inc.,953 13Th St E,,North Vancouver,V7L 2N1,49.319432,-123.047336,604-880-3822,,,N,N,N,N,N,N,N,N,N,N,N,N,N,N,N,N,N,,,N,N,N,N,N,N,N,N,N,N,N,2026-05-16,https://inspections.vcha.ca/ChildCare/Table,N,Y,N,Flying Fish Childcare Centre Inc.<br>Licensed Group<br>604-880-3822<br><br>Vacancy:<br>&nbsp;&nbsp;&nbsp;&nbsp;<36 months: N<br>&nbsp;&nbsp;&nbsp;&nbsp;30 months -- 5 years: N<br>&nbsp;&nbsp;&nbsp;&nbsp;Preschool: N<br>&nbsp;&nbsp;&nbsp;&nbsp;Grade 1 - Age 12: N<br>
1599,Licensed Group,Children's Reef Learning Center Ltd.,3722 Frances St,,Burnaby,V5C 2N8,49.279072,-123.022777,778-837-4672,,,N,N,N,N,N,N,N,N,N,N,N,N,N,N,N,N,N,,,N,N,N,N,N,N,N,N,N,N,N,2026-05-16,http://www.healthspace.ca/fha/childcare,N,Y,N,Children's Reef Learning Center Ltd.<br>Licensed Group<br>778-837-4672<br><br>Vacancy:<br>&nbsp;&nbsp;&nbsp;&nbsp;<36 months: N<br>&nbsp;&nbsp;&nbsp;&nbsp;30 months -- 5 years: N<br>&nbsp;&nbsp;&nbsp;&nbsp;Preschool: N<br>&nbsp;&nbsp;&nbsp;&nbsp;Grade 1 - Age 12: N<br>
1600,Licensed Group,Kinderbees Early Learning Centre,350 2Nd St E,,North Vancouver,V5T 4R8,49.309598,-123.069567,604-317-2464,,,N,N,N,N,N,N,N,N,N,N,N,N,N,N,N,N,N,,,N,N,N,N,N,N,N,N,N,N,N,2026-05-12,https://inspections.vcha.ca/ChildCare/Table,N,Y,Y,Kinderbees Early Learning Centre<br>Licensed Group<br>604-317-2464<br><br>Vacancy:<br>&nbsp;&nbsp;&nbsp;&nbsp;<36 months: N<br>&nbsp;&nbsp;&nbsp;&nbsp;30 months -- 5 years: N<br>&nbsp;&nbsp;&nbsp;&nbsp;Preschool: N<br>&nbsp;&nbsp;&nbsp;&nbsp;Grade 1 - Age 12: N<br>
1601,Licensed Group,Kinderbees Early Learning Centre,350 2Nd St E,,North Vancouver,V5T 4R8,49.309598,-123.069567,604-317-2464,,,N,N,N,N,N,N,N,N,N,N,N,N,N,N,N,N,N,,,N,N,N,N,N,N,N,N,N,N,N,2026-05-12,https://inspections.vcha.ca/ChildCare/Table,N,Y,Y,Kinderbees Early Learning Centre<br>Licensed Group<br>604-317-2464<br><br>Vacancy:<br>&nbsp;&nbsp;&nbsp;&nbsp;<36 months: N<br>&nbsp;&nbsp;&nbsp;&nbsp;30 months -- 5 years: N<br>&nbsp;&nbsp;&nbsp;&nbsp;Preschool: N<br>&nbsp;&nbsp;&nbsp;&nbsp;Grade 1 - Age 12: N<br>
1602,Licensed Group,Eaglekids Learning Centre - Squamish Ltd.,38380 Buckley Ave,,Squamish,V8B 0E4,49.704019,-123.150048,778-682-3730,,,N,N,N,N,N,N,N,N,N,N,N,N,N,N,N,N,N,,,N,N,N,N,N,N,N,N,N,N,N,2026-05-05,https://inspections.vcha.ca/ChildCare/Table,N,Y,Y,Eaglekids Learning Centre - Squamish Ltd.<br>Licensed Group<br>778-682-3730<br><br>Vacancy:<br>&nbsp;&nbsp;&nbsp;&nbsp;<36 months: N<br>&nbsp;&nbsp;&nbsp;&nbsp;30 months -- 5 years: N<br>&nbsp;&nbsp;&nbsp;&nbsp;Preschool: N<br>&nbsp;&nbsp;&nbsp;&nbsp;Grade 1 - Age 12: N<br>
1603,Licensed Group,Homey Land Daycare Ltd,2365 Church Rd,,Sooke,V9Z 0W2,48.388755,-123.724722,778-365-1919,,,N,N,N,N,N,N,N,N,N,N,N,N,N,N,N,N,N,,,N,N,N,N,N,N,N,N,N,N,N,2026-05-19,https://www.healthspace.ca/clients/viha/viha_website.nsf/CCFL-Main?OpenView,N,Y,N,Homey Land Daycare Ltd<br>Licensed Group<br>778-365-1919<br><br>Vacancy:<br>&nbsp;&nbsp;&nbsp;&nbsp;<36 months: N<br>&nbsp;&nbsp;&nbsp;&nbsp;30 months -- 5 years: N<br>&nbsp;&nbsp;&nbsp;&nbsp;Preschool: N<br>&nbsp;&nbsp;&nbsp;&nbsp;Grade 1 - Age 12: N<br>
1604,Licensed Group,Brainbridge Bilingual Education & Fine Arts Centre,2295 E 61,,Vancouver,V5P 2K5,49.214487,-123.059561,604-322-6830,,,N,N,N,N,N,N,N,N,N,N,N,N,N,N,N,N,N,,,N,N,N,N,N,N,N,N,N,Y,N,2026-05-19,https://inspections.vcha.ca/ChildCare/Table,N,Y,N,Brainbridge Bilingual Education & Fine Arts Centre<br>Licensed Group<br>604-322-6830<br><br>Vacancy:<br>&nbsp;&nbsp;&nbsp;&nbsp;<36 months: N<br>&nbsp;&nbsp;&nbsp;&nbsp;30 months -- 5 years: N<br>&nbsp;&nbsp;&nbsp;&nbsp;Preschool: Y<br>&nbsp;&nbsp;&nbsp;&nbsp;Grade 1 - Age 12: N<br>
1605,Licensed Group,Brainbridge Bilingual Education And Fine Arts Centre,2295 E 61,,Vancouver,V5P 2K5,49.214487,-123.059561,604-322-6830,,,N,N,N,N,N,N,N,N,N,N,N,N,N,N,N,N,N,,,N,N,N,N,N,N,N,N,N,Y,N,2026-05-19,https://inspections.vcha.ca/ChildCare/Table,N,Y,N,Brainbridge Bilingual Education And Fine Arts Centre<br>Licensed Group<br>604-322-6830<br><br>Vacancy:<br>&nbsp;&nbsp;&nbsp;&nbsp;<36 months: N<br>&nbsp;&nbsp;&nbsp;&nbsp;30 months -- 5 years: N<br>&nbsp;&nbsp;&nbsp;&nbsp;Preschool: Y<br>&nbsp;&nbsp;&nbsp;&nbsp;Grade 1 - Age 12: N<br>
1606,Licensed Family,Puddle Jumper Daycare,2112 10Th Ave,,Castlegar,V1N 2Z7,49.292178,-117.655472,403-951-0595,,,N,N,N,N,N,N,N,N,N,N,N,N,N,N,N,N,N,,,N,N,N,N,N,N,N,N,N,N,N,2026-04-01,https://hedgehogportal.interiorhealth.ca/ChildCare/Map,N,Y,N,Puddle Jumper Daycare<br>Licensed Family<br>403-951-0595<br><br>Vacancy:<br>&nbsp;&nbsp;&nbsp;&nbsp;<36 months: N<br>&nbsp;&nbsp;&nbsp;&nbsp;30 months -- 5 years: N<br>&nbsp;&nbsp;&nbsp;&nbsp;Preschool: N<br>&nbsp;&nbsp;&nbsp;&nbsp;Grade 1 - Age 12: N<br>
1607,Licensed Group,Academics Prekindergarten Yvr,500-3600 Lysander Lane,,Richmond,V7B 1C3,49.189597,-123.141669,604-861-9074,,,N,N,N,N,N,N,N,N,N,N,N,N,N,N,N,N,N,,,N,N,N,N,N,N,N,Y,N,N,N,2026-05-20,https://inspections.vcha.ca/ChildCare/Table,N,Y,Y,Academics Prekindergarten Yvr<br>Licensed Group<br>604-861-9074<br><br>Vacancy:<br>&nbsp;&nbsp;&nbsp;&nbsp;<36 months: Y<br>&nbsp;&nbsp;&nbsp;&nbsp;30 months -- 5 years: N<br>&nbsp;&nbsp;&nbsp;&nbsp;Preschool: N<br>&nbsp;&nbsp;&nbsp;&nbsp;Grade 1 - Age 12: N<br>
1608,Licensed Group,Academics Prekindergarten Yvr,500-3600 Lysander Lane,,Richmond,V7B 1C3,49.189597,-123.141669,604-861-9074,,,N,N,N,N,N,N,N,N,N,N,N,N,N,N,N,N,N,,,N,N,N,N,N,N,N,N,Y,N,N,2026-05-20,https://inspections.vcha.ca/ChildCare/Table,N,Y,Y,Academics Prekindergarten Yvr<br>Licensed Group<br>604-861-9074<br><br>Vacancy:<br>&nbsp;&nbsp;&nbsp;&nbsp;<36 months: N<br>&nbsp;&nbsp;&nbsp;&nbsp;30 months -- 5 years: Y<br>&nbsp;&nbsp;&nbsp;&nbsp;Preschool: N<br>&nbsp;&nbsp;&nbsp;&nbsp;Grade 1 - Age 12: N<br>
1609,Licensed Family,Play Play Play Child Care,6763 Butler St,,Vancouver,V5S 3L1,49.222095,-123.034186,604-565-2855,,,N,N,N,N,N,N,N,N,N,N,N,N,N,N,N,N,N,,,N,N,N,N,N,N,N,N,N,N,N,2026-05-15,https://inspections.vcha.ca/ChildCare/Table,N,Y,N,Play Play Play Child Care<br>Licensed Family<br>604-565-2855<br><br>Vacancy:<br>&nbsp;&nbsp;&nbsp;&nbsp;<36 months: N<br>&nbsp;&nbsp;&nbsp;&nbsp;30 months -- 5 years: N<br>&nbsp;&nbsp;&nbsp;&nbsp;Preschool: N<br>&nbsp;&nbsp;&nbsp;&nbsp;Grade 1 - Age 12: N<br>
1610,Licensed Group,Universal Kidz Montessori Childcare,5615 177B St,,Surrey,V3S 4H9,49.104351,-122.730519,604-372-3556,,,N,N,N,N,N,N,N,N,N,N,N,N,N,N,N,N,N,,,N,N,N,N,N,N,N,N,Y,N,N,2026-04-23,http://www.healthspace.ca/fha/childcare,N,Y,N,Universal Kidz Montessori Childcare<br>Licensed Group<br>604-372-3556<br><br>Vacancy:<br>&nbsp;&nbsp;&nbsp;&nbsp;<36 months: N<br>&nbsp;&nbsp;&nbsp;&nbsp;30 months -- 5 years: Y<br>&nbsp;&nbsp;&nbsp;&nbsp;Preschool: N<br>&nbsp;&nbsp;&nbsp;&nbsp;Grade 1 - Age 12: N<br>
1611,Licensed Family,Little Star Daycare,2821 Vista Ridge Crt,,Prince George,V2N 0G9,53.852221,-122.785079,250-563-5349,,,N,N,N,N,N,N,N,N,N,N,N,N,N,N,N,N,N,,,N,N,N,N,N,N,N,Y,Y,N,Y,2026-05-18,https://www.healthspace.ca/Clients/NHA/NHA_Website.nsf/CCFL-Frameset,N,Y,N,Little Star Daycare<br>Licensed Family<br>250-563-5349<br><br>Vacancy:<br>&nbsp;&nbsp;&nbsp;&nbsp;<36 months: Y<br>&nbsp;&nbsp;&nbsp;&nbsp;30 months -- 5 years: Y<br>&nbsp;&nbsp;&nbsp;&nbsp;Preschool: N<br>&nbsp;&nbsp;&nbsp;&nbsp;Grade 1 - Age 12: Y<br>
1612,Licensed Group,Lift Early Learning Centre,7768 Heather St,,Vancouver,V6P 3R4,49.214563,-123.123569,778-952-6808,,,N,N,N,N,N,N,N,N,N,N,N,N,N,N,N,N,N,,,N,N,N,N,N,N,N,N,N,N,N,2026-05-20,https://inspections.vcha.ca/ChildCare/Table,N,Y,N,Lift Early Learning Centre<br>Licensed Group<br>778-952-6808<br><br>Vacancy:<br>&nbsp;&nbsp;&nbsp;&nbsp;<36 months: N<br>&nbsp;&nbsp;&nbsp;&nbsp;30 months -- 5 years: N<br>&nbsp;&nbsp;&nbsp;&nbsp;Preschool: N<br>&nbsp;&nbsp;&nbsp;&nbsp;Grade 1 - Age 12: N<br>
1613,Licensed Family,Abby Good Beginnings,34641 Sandon Dr,,Abbotsford,V2S 7J2,49.051695,-122.264989,778-798-4450,www.abbygoodbeginnings.com,,N,N,N,N,N,N,N,N,N,N,N,N,N,N,N,N,N,,,N,N,N,N,N,N,N,N,N,N,N,2026-05-21,http://www.healthspace.ca/fha/childcare,N,Y,N,Abby Good Beginnings<br>Licensed Family<br>778-798-4450<br><br>Vacancy:<br>&nbsp;&nbsp;&nbsp;&nbsp;<36 months: N<br>&nbsp;&nbsp;&nbsp;&nbsp;30 months -- 5 years: N<br>&nbsp;&nbsp;&nbsp;&nbsp;Preschool: N<br>&nbsp;&nbsp;&nbsp;&nbsp;Grade 1 - Age 12: N<br>
1614,Licensed Group,Royal Academy,3600 Viking Way,,Richmond,V6V 1N6,49.187037,-123.072208,778-855-5000,,,N,N,N,N,N,N,N,N,N,N,N,N,N,N,N,N,N,,,N,N,N,N,N,N,N,N,Y,N,N,2026-05-21,https://inspections.vcha.ca/ChildCare/Table,N,Y,Y,Royal Academy<br>Licensed Group<br>778-855-5000<br><br>Vacancy:<br>&nbsp;&nbsp;&nbsp;&nbsp;<36 months: N<br>&nbsp;&nbsp;&nbsp;&nbsp;30 months -- 5 years: Y<br>&nbsp;&nbsp;&nbsp;&nbsp;Preschool: N<br>&nbsp;&nbsp;&nbsp;&nbsp;Grade 1 - Age 12: N<br>
1615,Licensed Group,Royal Academy,3600 Viking Way,,Richmond,V6V 1N6,49.187037,-123.072208,778-855-5000,,,N,N,N,N,N,N,N,N,N,N,N,N,N,N,N,N,N,,,N,N,N,N,N,N,N,Y,N,N,N,2026-05-21,https://inspections.vcha.ca/ChildCare/Table,N,Y,Y,Royal Academy<br>Licensed Group<br>778-855-5000<br><br>Vacancy:<br>&nbsp;&nbsp;&nbsp;&nbsp;<36 months: Y<br>&nbsp;&nbsp;&nbsp;&nbsp;30 months -- 5 years: N<br>&nbsp;&nbsp;&nbsp;&nbsp;Preschool: N<br>&nbsp;&nbsp;&nbsp;&nbsp;Grade 1 - Age 12: N<br>
1616,Licensed Family,Little Dove Childcare,10440 mclennan Pl,,Richmond,V6X 3G6,49.192624,-123.106944,604-270-9393,,,N,N,N,N,N,N,N,N,N,N,N,N,N,N,N,N,N,,,N,N,N,N,N,N,N,N,N,N,N,2026-05-15,https://inspections.vcha.ca/ChildCare/Table,N,Y,N,Little Dove Childcare<br>Licensed Family<br>604-270-9393<br><br>Vacancy:<br>&nbsp;&nbsp;&nbsp;&nbsp;<36 months: N<br>&nbsp;&nbsp;&nbsp;&nbsp;30 months -- 5 years: N<br>&nbsp;&nbsp;&nbsp;&nbsp;Preschool: N<br>&nbsp;&nbsp;&nbsp;&nbsp;Grade 1 - Age 12: N<br>
1617,Licensed Family,Little Dinosaurs Childcare,19988 36A Ave,,Langley,V3A 5M2,49.068079,-122.669846,778-991-8196,,,Y,N,N,N,N,N,Y,Y,N,N,N,N,N,N,N,N,N,Not offered,Not offered,N,N,N,N,Y,N,Y,N,N,N,N,2026-05-15,http://www.healthspace.ca/fha/childcare,N,Y,N,Little Dinosaurs Childcare<br>Licensed Family<br>778-991-8196<br><br>Vacancy:<br>&nbsp;&nbsp;&nbsp;&nbsp;<36 months: N<br>&nbsp;&nbsp;&nbsp;&nbsp;30 months -- 5 years: N<br>&nbsp;&nbsp;&nbsp;&nbsp;Preschool: N<br>&nbsp;&nbsp;&nbsp;&nbsp;Grade 1 - Age 12: N<br>
1618,Licensed Group,Kiwassa In Norah Davis (Kind) Out Of School Care,2320 Franklin St,,Vancouver,V5L 1S1,49.281819,-123.057277,604-671-8435,,,N,N,N,N,N,N,N,N,N,N,N,N,N,N,N,N,N,,,N,N,N,N,N,N,N,N,N,N,N,2026-04-28,https://inspections.vcha.ca/ChildCare/Table,N,Y,N,Kiwassa In Norah Davis (Kind) Out Of School Care<br>Licensed Group<br>604-671-8435<br><br>Vacancy:<br>&nbsp;&nbsp;&nbsp;&nbsp;<36 months: N<br>&nbsp;&nbsp;&nbsp;&nbsp;30 months -- 5 years: N<br>&nbsp;&nbsp;&nbsp;&nbsp;Preschool: N<br>&nbsp;&nbsp;&nbsp;&nbsp;Grade 1 - Age 12: N<br>
1619,Licensed Group,Urban Richmond Academy,200-4328 No. 3 Rd,,Richmond,V6X 2C2,49.182163,-123.135846,778-226-9018,,,N,N,N,N,N,N,N,N,N,N,N,N,N,N,N,N,N,,,N,N,N,N,N,N,N,N,N,N,N,2026-05-16,https://inspections.vcha.ca/ChildCare/Table,N,Y,Y,Urban Richmond Academy<br>Licensed Group<br>778-226-9018<br><br>Vacancy:<br>&nbsp;&nbsp;&nbsp;&nbsp;<36 months: N<br>&nbsp;&nbsp;&nbsp;&nbsp;30 months -- 5 years: N<br>&nbsp;&nbsp;&nbsp;&nbsp;Preschool: N<br>&nbsp;&nbsp;&nbsp;&nbsp;Grade 1 - Age 12: N<br>
1620,Licensed Group,Urban Richmond Academy,200-4328 No. 3 Rd,,Richmond,V6X 2C2,49.182163,-123.135846,778-226-9018,,,N,N,N,N,N,N,N,N,N,N,N,N,N,N,N,N,N,,,N,N,N,N,N,N,N,N,N,N,N,2026-05-16,https://inspections.vcha.ca/ChildCare/Table,N,Y,Y,Urban Richmond Academy<br>Licensed Group<br>778-226-9018<br><br>Vacancy:<br>&nbsp;&nbsp;&nbsp;&nbsp;<36 months: N<br>&nbsp;&nbsp;&nbsp;&nbsp;30 months -- 5 years: N<br>&nbsp;&nbsp;&nbsp;&nbsp;Preschool: N<br>&nbsp;&nbsp;&nbsp;&nbsp;Grade 1 - Age 12: N<br>
1621,Licensed Group,Iplay Childcare,14012 103 Ave,,Surrey,V3T 1S2,49.189446,-122.83376,778-384-7362,,,N,N,N,N,N,N,N,N,N,N,N,N,N,N,N,N,N,,,N,N,N,N,N,N,N,N,N,N,N,2026-05-15,http://www.healthspace.ca/fha/childcare,N,Y,N,Iplay Childcare<br>Licensed Group<br>778-384-7362<br><br>Vacancy:<br>&nbsp;&nbsp;&nbsp;&nbsp;<36 months: N<br>&nbsp;&nbsp;&nbsp;&nbsp;30 months -- 5 years: N<br>&nbsp;&nbsp;&nbsp;&nbsp;Preschool: N<br>&nbsp;&nbsp;&nbsp;&nbsp;Grade 1 - Age 12: N<br>
1622,Licensed Family,Little Royals Child Care,3109 Robertson St,,Chemainus,V0R 1K2,48.929132,-123.73025,250-863-1792,,,N,N,N,N,N,N,N,N,N,N,N,N,N,N,N,N,N,,,N,N,N,N,N,N,N,Y,Y,N,N,2026-05-20,https://www.healthspace.ca/clients/viha/viha_website.nsf/CCFL-Main?OpenView,N,Y,N,Little Royals Child Care<br>Licensed Family<br>250-863-1792<br><br>Vacancy:<br>&nbsp;&nbsp;&nbsp;&nbsp;<36 months: Y<br>&nbsp;&nbsp;&nbsp;&nbsp;30 months -- 5 years: Y<br>&nbsp;&nbsp;&nbsp;&nbsp;Preschool: N<br>&nbsp;&nbsp;&nbsp;&nbsp;Grade 1 - Age 12: N<br>
1623,Licensed Family,Star Shine Daycare,1795 Peters Rd,,North Vancouver,V7J 1Y7,49.341399,-123.024619,604-379-6307,,,N,N,N,N,N,N,N,N,N,N,N,N,N,N,N,N,N,,,N,N,N,N,N,N,N,N,N,N,N,2026-05-15,https://inspections.vcha.ca/ChildCare/Table,N,Y,N,Star Shine Daycare<br>Licensed Family<br>604-379-6307<br><br>Vacancy:<br>&nbsp;&nbsp;&nbsp;&nbsp;<36 months: N<br>&nbsp;&nbsp;&nbsp;&nbsp;30 months -- 5 years: N<br>&nbsp;&nbsp;&nbsp;&nbsp;Preschool: N<br>&nbsp;&nbsp;&nbsp;&nbsp;Grade 1 - Age 12: N<br>
1624,Licensed Group,Enjoy Learning Childcare,10454 Tamarack Cres,,Maple Ridge,V2W 1B5,49.195376,-122.563323,604-380-1906,,,N,N,N,N,N,N,N,N,N,N,N,N,N,N,N,N,N,,,N,N,N,N,N,N,N,Y,N,N,N,2026-05-14,http://www.healthspace.ca/fha/childcare,N,Y,N,Enjoy Learning Childcare<br>Licensed Group<br>604-380-1906<br><br>Vacancy:<br>&nbsp;&nbsp;&nbsp;&nbsp;<36 months: Y<br>&nbsp;&nbsp;&nbsp;&nbsp;30 months -- 5 years: N<br>&nbsp;&nbsp;&nbsp;&nbsp;Preschool: N<br>&nbsp;&nbsp;&nbsp;&nbsp;Grade 1 - Age 12: N<br>
1625,Licensed Group,Cefa Early Learning Jacombs,3351 Jacombs Rd,,Richmond,V6V 1Z6,49.189854,-123.081042,778-832-1066,,,N,N,N,N,N,N,N,N,N,N,N,N,N,N,N,N,N,,,N,N,N,N,N,N,N,N,N,N,N,2026-04-30,https://inspections.vcha.ca/ChildCare/Table,N,Y,Y,Cefa Early Learning Jacombs<br>Licensed Group<br>778-832-1066<br><br>Vacancy:<br>&nbsp;&nbsp;&nbsp;&nbsp;<36 months: N<br>&nbsp;&nbsp;&nbsp;&nbsp;30 months -- 5 years: N<br>&nbsp;&nbsp;&nbsp;&nbsp;Preschool: N<br>&nbsp;&nbsp;&nbsp;&nbsp;Grade 1 - Age 12: N<br>
1626,Licensed Group,Cefa Early Learning Jacombs,3351 Jacombs Rd,,Richmond,V6V 1Z6,49.189854,-123.081042,778-832-1066,,,N,N,N,N,N,N,N,N,N,N,N,N,N,N,N,N,N,,,N,N,N,N,N,N,N,N,Y,N,N,2026-04-30,https://inspections.vcha.ca/ChildCare/Table,N,Y,Y,Cefa Early Learning Jacombs<br>Licensed Group<br>778-832-1066<br><br>Vacancy:<br>&nbsp;&nbsp;&nbsp;&nbsp;<36 months: N<br>&nbsp;&nbsp;&nbsp;&nbsp;30 months -- 5 years: Y<br>&nbsp;&nbsp;&nbsp;&nbsp;Preschool: N<br>&nbsp;&nbsp;&nbsp;&nbsp;Grade 1 - Age 12: N<br>
1627,Licensed Group,Agassiz/Harrison Childcare Centres,6660 Pioneer Ave,,Agassiz,V0M 1A1,49.240246,-121.778609,604-378-9227,,,N,N,N,N,N,N,N,N,N,N,N,N,N,N,N,N,N,,,N,N,N,N,N,N,N,N,N,N,N,2026-05-16,http://www.healthspace.ca/fha/childcare,N,Y,N,Agassiz/Harrison Childcare Centres<br>Licensed Group<br>604-378-9227<br><br>Vacancy:<br>&nbsp;&nbsp;&nbsp;&nbsp;<36 months: N<br>&nbsp;&nbsp;&nbsp;&nbsp;30 months -- 5 years: N<br>&nbsp;&nbsp;&nbsp;&nbsp;Preschool: N<br>&nbsp;&nbsp;&nbsp;&nbsp;Grade 1 - Age 12: N<br>
1628,Licensed Group,Five Talents Childcare Center Ltd.,8500 Calder Rd,,Richmond,V7C 3P2,49.15125,-123.168009,778-968-1978,,,N,N,N,N,N,N,N,N,N,N,N,N,N,N,N,N,N,,,N,N,N,N,N,N,N,N,N,N,N,2026-05-15,https://inspections.vcha.ca/ChildCare/Table,N,Y,N,Five Talents Childcare Center Ltd.<br>Licensed Group<br>778-968-1978<br><br>Vacancy:<br>&nbsp;&nbsp;&nbsp;&nbsp;<36 months: N<br>&nbsp;&nbsp;&nbsp;&nbsp;30 months -- 5 years: N<br>&nbsp;&nbsp;&nbsp;&nbsp;Preschool: N<br>&nbsp;&nbsp;&nbsp;&nbsp;Grade 1 - Age 12: N<br>
1629,Licensed Group,Service De Garde La Marelle,590 65Th Ave W,,Vancouver,V6P 2P8,49.21093,-123.11943,604-999-6914,,,N,N,N,N,N,N,N,N,N,N,N,N,N,N,N,N,N,,,N,N,N,N,N,N,N,N,N,N,N,2026-05-01,https://inspections.vcha.ca/ChildCare/Table,N,Y,N,Service De Garde La Marelle<br>Licensed Group<br>604-999-6914<br><br>Vacancy:<br>&nbsp;&nbsp;&nbsp;&nbsp;<36 months: N<br>&nbsp;&nbsp;&nbsp;&nbsp;30 months -- 5 years: N<br>&nbsp;&nbsp;&nbsp;&nbsp;Preschool: N<br>&nbsp;&nbsp;&nbsp;&nbsp;Grade 1 - Age 12: N<br>
1630,Licensed Group,Full O'beans Child Care/Beansprout It Care,3120 Tillicum Rd,,Victoria,V9A 6T2,48.454389,-123.400642,250-360-1148,,,N,N,N,N,N,N,N,N,N,N,N,N,N,N,N,N,N,,,N,N,N,N,N,N,N,N,N,N,N,2026-04-22,https://www.healthspace.ca/clients/viha/viha_website.nsf/CCFL-Main?OpenView,N,Y,N,Full O'beans Child Care/Beansprout It Care<br>Licensed Group<br>250-360-1148<br><br>Vacancy:<br>&nbsp;&nbsp;&nbsp;&nbsp;<36 months: N<br>&nbsp;&nbsp;&nbsp;&nbsp;30 months -- 5 years: N<br>&nbsp;&nbsp;&nbsp;&nbsp;Preschool: N<br>&nbsp;&nbsp;&nbsp;&nbsp;Grade 1 - Age 12: N<br>
1631,Licensed Family,Timber Tots Dayhome,1631 Juniper Dr,,Campbell River,V9W 6W8,49.979782,-125.23714,780-788-5473,,,N,N,N,N,N,N,N,N,N,N,N,N,N,N,N,N,N,,,N,N,N,N,N,N,N,N,N,N,N,2026-05-18,https://www.healthspace.ca/clients/viha/viha_website.nsf/CCFL-Main?OpenView,N,Y,N,Timber Tots Dayhome<br>Licensed Family<br>780-788-5473<br><br>Vacancy:<br>&nbsp;&nbsp;&nbsp;&nbsp;<36 months: N<br>&nbsp;&nbsp;&nbsp;&nbsp;30 months -- 5 years: N<br>&nbsp;&nbsp;&nbsp;&nbsp;Preschool: N<br>&nbsp;&nbsp;&nbsp;&nbsp;Grade 1 - Age 12: N<br>
1632,Licensed Family,Best Friends Daycare,35264 Mcewen Ave,,Mission,V2V 0G2,49.156557,-122.247733,604-826-7139,,,N,N,N,N,N,N,N,N,N,N,N,N,N,N,N,N,N,,,N,N,N,N,N,N,N,N,N,N,N,2026-05-15,http://www.healthspace.ca/fha/childcare,N,Y,N,Best Friends Daycare<br>Licensed Family<br>604-826-7139<br><br>Vacancy:<br>&nbsp;&nbsp;&nbsp;&nbsp;<36 months: N<br>&nbsp;&nbsp;&nbsp;&nbsp;30 months -- 5 years: N<br>&nbsp;&nbsp;&nbsp;&nbsp;Preschool: N<br>&nbsp;&nbsp;&nbsp;&nbsp;Grade 1 - Age 12: N<br>
1633,Licensed Group,Small Explorers Family Daycare,5488 Tatton Station Rd,,100 Mile House,V0K 2E1,51.705801,-121.321128,250-395-6695,,,N,N,N,N,N,N,N,N,N,N,N,N,N,N,N,N,N,,,N,N,N,N,N,N,N,N,N,N,N,2026-05-15,https://hedgehogportal.interiorhealth.ca/ChildCare/Map,N,Y,N,Small Explorers Family Daycare<br>Licensed Group<br>250-395-6695<br><br>Vacancy:<br>&nbsp;&nbsp;&nbsp;&nbsp;<36 months: N<br>&nbsp;&nbsp;&nbsp;&nbsp;30 months -- 5 years: N<br>&nbsp;&nbsp;&nbsp;&nbsp;Preschool: N<br>&nbsp;&nbsp;&nbsp;&nbsp;Grade 1 - Age 12: N<br>
1634,Licensed Group,ymca Chetwynd School Age Child Care,5000 46 St,,Chetwynd,V0C 1J0,55.695508,-121.613352,250-961-7046,,,N,N,N,N,N,N,N,N,N,N,N,N,N,N,N,N,N,,,N,N,N,N,N,N,N,N,N,N,N,2026-05-14,https://www.healthspace.ca/Clients/NHA/NHA_Website.nsf/CCFL-Frameset,N,Y,N,ymca Chetwynd School Age Child Care<br>Licensed Group<br>250-961-7046<br><br>Vacancy:<br>&nbsp;&nbsp;&nbsp;&nbsp;<36 months: N<br>&nbsp;&nbsp;&nbsp;&nbsp;30 months -- 5 years: N<br>&nbsp;&nbsp;&nbsp;&nbsp;Preschool: N<br>&nbsp;&nbsp;&nbsp;&nbsp;Grade 1 - Age 12: N<br>
1635,Licensed Group,ymca Ecole' Frank Ross School Age Child Care,1000 92 Ave,,Dawson Creek,V1G 1C1,55.771785,-120.230891,250-961-7046,,,N,N,N,N,N,N,N,N,N,N,N,N,N,N,N,N,N,,,N,N,N,N,N,N,N,N,N,N,N,2026-05-14,https://www.healthspace.ca/Clients/NHA/NHA_Website.nsf/CCFL-Frameset,N,Y,N,ymca Ecole' Frank Ross School Age Child Care<br>Licensed Group<br>250-961-7046<br><br>Vacancy:<br>&nbsp;&nbsp;&nbsp;&nbsp;<36 months: N<br>&nbsp;&nbsp;&nbsp;&nbsp;30 months -- 5 years: N<br>&nbsp;&nbsp;&nbsp;&nbsp;Preschool: N<br>&nbsp;&nbsp;&nbsp;&nbsp;Grade 1 - Age 12: N<br>
1636,Licensed Group,ymca Crescent Park School Age Child Care,9300 17 St,,Dawson Creek,V1J 4A6,55.770049,-120.249541,250-961-7046,,,N,N,N,N,N,N,N,N,N,N,N,N,N,N,N,N,N,,,N,N,N,N,N,N,N,N,N,N,N,2026-05-14,https://www.healthspace.ca/Clients/NHA/NHA_Website.nsf/CCFL-Frameset,N,Y,N,ymca Crescent Park School Age Child Care<br>Licensed Group<br>250-961-7046<br><br>Vacancy:<br>&nbsp;&nbsp;&nbsp;&nbsp;<36 months: N<br>&nbsp;&nbsp;&nbsp;&nbsp;30 months -- 5 years: N<br>&nbsp;&nbsp;&nbsp;&nbsp;Preschool: N<br>&nbsp;&nbsp;&nbsp;&nbsp;Grade 1 - Age 12: N<br>
1637,Licensed Group,Back In Nature Childcare Inc,480 30Th St Se,,Salmon Arm,V1E 1J5,50.696355,-119.249913,250-833-3556,,,N,N,N,N,N,N,N,N,N,N,N,N,N,N,N,N,N,,,N,N,N,N,N,N,N,N,N,N,N,2026-05-15,https://hedgehogportal.interiorhealth.ca/ChildCare/Map,N,Y,N,Back In Nature Childcare Inc<br>Licensed Group<br>250-833-3556<br><br>Vacancy:<br>&nbsp;&nbsp;&nbsp;&nbsp;<36 months: N<br>&nbsp;&nbsp;&nbsp;&nbsp;30 months -- 5 years: N<br>&nbsp;&nbsp;&nbsp;&nbsp;Preschool: N<br>&nbsp;&nbsp;&nbsp;&nbsp;Grade 1 - Age 12: N<br>
1638,Licensed Group,Strathcona Montessori Group Child Care,377 Keefer St,,Vancouver,V6A 0E4,49.279445,-123.095792,604-569-2169,,,N,N,N,N,N,N,N,N,N,N,N,N,N,N,N,N,N,,,N,N,N,N,N,N,N,N,N,N,N,2026-04-21,https://inspections.vcha.ca/ChildCare/Table,N,Y,N,Strathcona Montessori Group Child Care<br>Licensed Group<br>604-569-2169<br><br>Vacancy:<br>&nbsp;&nbsp;&nbsp;&nbsp;<36 months: N<br>&nbsp;&nbsp;&nbsp;&nbsp;30 months -- 5 years: N<br>&nbsp;&nbsp;&nbsp;&nbsp;Preschool: N<br>&nbsp;&nbsp;&nbsp;&nbsp;Grade 1 - Age 12: N<br>
1639,Licensed Group,Bbbs Nbc Asc Quinson,251 Ogilvie St S,,Prince George,V2M 3M4,53.923274,-122.788991,250-563-7410,,,N,N,N,N,N,N,N,N,N,N,N,N,N,N,N,N,N,,,N,N,N,N,N,N,N,N,N,N,N,2026-05-15,https://www.healthspace.ca/Clients/NHA/NHA_Website.nsf/CCFL-Frameset,N,Y,N,Bbbs Nbc Asc Quinson<br>Licensed Group<br>250-563-7410<br><br>Vacancy:<br>&nbsp;&nbsp;&nbsp;&nbsp;<36 months: N<br>&nbsp;&nbsp;&nbsp;&nbsp;30 months -- 5 years: N<br>&nbsp;&nbsp;&nbsp;&nbsp;Preschool: N<br>&nbsp;&nbsp;&nbsp;&nbsp;Grade 1 - Age 12: N<br>
1640,Licensed Group,Little Citizens Early Learning Centre,3718 Glenway Rd,,West Kelowna,V4T 1E2,49.826423,-119.647378,250-801-9931,,,N,N,N,N,N,N,N,N,N,N,N,N,N,N,N,N,N,,,N,N,N,N,N,N,N,N,Y,N,N,2026-04-22,https://hedgehogportal.interiorhealth.ca/ChildCare/Map,N,Y,N,Little Citizens Early Learning Centre<br>Licensed Group<br>250-801-9931<br><br>Vacancy:<br>&nbsp;&nbsp;&nbsp;&nbsp;<36 months: N<br>&nbsp;&nbsp;&nbsp;&nbsp;30 months -- 5 years: Y<br>&nbsp;&nbsp;&nbsp;&nbsp;Preschool: N<br>&nbsp;&nbsp;&nbsp;&nbsp;Grade 1 - Age 12: N<br>
1641,Licensed Family,Stepping Stones Daycare,8291 North Fork Rd,,Grand Forks,V0H 1H2,49.040148,-118.475601,250-443-4517,,,N,N,N,N,N,N,N,N,N,N,N,N,N,N,N,N,N,,,N,N,N,N,N,N,N,Y,Y,N,N,2026-05-14,https://hedgehogportal.interiorhealth.ca/ChildCare/Map,N,Y,N,Stepping Stones Daycare<br>Licensed Family<br>250-443-4517<br><br>Vacancy:<br>&nbsp;&nbsp;&nbsp;&nbsp;<36 months: Y<br>&nbsp;&nbsp;&nbsp;&nbsp;30 months -- 5 years: Y<br>&nbsp;&nbsp;&nbsp;&nbsp;Preschool: N<br>&nbsp;&nbsp;&nbsp;&nbsp;Grade 1 - Age 12: N<br>
1642,Licensed Group,Olive Grove Oceanside,300-758 Harbourside Dr,,North Vancouver,V7P 3R7,49.314873,-123.093453,778-340-9330,,,N,N,N,N,N,N,N,N,N,N,N,N,N,N,N,N,N,,,N,N,N,N,N,N,N,N,N,N,N,2026-05-16,https://inspections.vcha.ca/ChildCare/Table,N,Y,N,Olive Grove Oceanside<br>Licensed Group<br>778-340-9330<br><br>Vacancy:<br>&nbsp;&nbsp;&nbsp;&nbsp;<36 months: N<br>&nbsp;&nbsp;&nbsp;&nbsp;30 months -- 5 years: N<br>&nbsp;&nbsp;&nbsp;&nbsp;Preschool: N<br>&nbsp;&nbsp;&nbsp;&nbsp;Grade 1 - Age 12: N<br>
1643,Licensed Family,Rainbow Montessori,11345 230 St,,Maple Ridge,V2X 0E8,49.208097,-122.585894,604-724-9950,,,N,N,N,N,N,N,N,N,N,N,N,N,N,N,N,N,N,,,N,N,N,N,N,N,N,Y,Y,N,N,2026-05-06,http://www.healthspace.ca/fha/childcare,N,Y,N,Rainbow Montessori<br>Licensed Family<br>604-724-9950<br><br>Vacancy:<br>&nbsp;&nbsp;&nbsp;&nbsp;<36 months: Y<br>&nbsp;&nbsp;&nbsp;&nbsp;30 months -- 5 years: Y<br>&nbsp;&nbsp;&nbsp;&nbsp;Preschool: N<br>&nbsp;&nbsp;&nbsp;&nbsp;Grade 1 - Age 12: N<br>
1644,Licensed Group,Blue Spruce Montessori Childrens House,3302 25Th Ave E,,Vancouver,V5R 1J8,49.247846,-123.033042,604-375-4953,,,N,N,N,N,N,N,N,N,N,N,N,N,N,N,N,N,N,,,N,N,N,N,N,N,N,N,N,N,N,2026-05-19,https://inspections.vcha.ca/ChildCare/Table,N,Y,N,Blue Spruce Montessori Childrens House<br>Licensed Group<br>604-375-4953<br><br>Vacancy:<br>&nbsp;&nbsp;&nbsp;&nbsp;<36 months: N<br>&nbsp;&nbsp;&nbsp;&nbsp;30 months -- 5 years: N<br>&nbsp;&nbsp;&nbsp;&nbsp;Preschool: N<br>&nbsp;&nbsp;&nbsp;&nbsp;Grade 1 - Age 12: N<br>
1645,Licensed Group,The Big Playhouse,249 E 57Th Ave,,Vancouver,V5X 1S6,49.218676,-123.100586,604-724-0439,,,N,N,N,N,N,N,N,N,N,N,N,N,N,N,N,N,N,,,N,N,N,N,N,N,N,N,N,N,N,2026-05-15,https://inspections.vcha.ca/ChildCare/Table,N,Y,N,The Big Playhouse<br>Licensed Group<br>604-724-0439<br><br>Vacancy:<br>&nbsp;&nbsp;&nbsp;&nbsp;<36 months: N<br>&nbsp;&nbsp;&nbsp;&nbsp;30 months -- 5 years: N<br>&nbsp;&nbsp;&nbsp;&nbsp;Preschool: N<br>&nbsp;&nbsp;&nbsp;&nbsp;Grade 1 - Age 12: N<br>
1646,Licensed Group,The Big Playhouse,249 57Th Ave E,,Vancouver,V5X 1S6,49.218676,-123.100586,604-724-0439,,,N,N,N,N,N,N,N,N,N,N,N,N,N,N,N,N,N,,,N,N,N,N,N,N,N,N,N,N,N,2026-05-15,https://inspections.vcha.ca/ChildCare/Table,N,Y,N,The Big Playhouse<br>Licensed Group<br>604-724-0439<br><br>Vacancy:<br>&nbsp;&nbsp;&nbsp;&nbsp;<36 months: N<br>&nbsp;&nbsp;&nbsp;&nbsp;30 months -- 5 years: N<br>&nbsp;&nbsp;&nbsp;&nbsp;Preschool: N<br>&nbsp;&nbsp;&nbsp;&nbsp;Grade 1 - Age 12: N<br>
1647,Licensed Group,Osoyoos Elementary School Seamless Day,8507 68Th Ave,,Osoyoos,V0H 1V0,49.029324,-119.466884,250-485-4444,,,,,,,,,,,,,,,,,,,,,,,,,,,,,,,,,,,Y,Y,N,Osoyoos Elementary School Seamless Day<br>Licensed Group<br>250-485-4444<br><br>Vacancy:<br>&nbsp;&nbsp;&nbsp;&nbsp;<36 months: None<br>&nbsp;&nbsp;&nbsp;&nbsp;30 months -- 5 years: None<br>&nbsp;&nbsp;&nbsp;&nbsp;Preschool: None<br>&nbsp;&nbsp;&nbsp;&nbsp;Grade 1 - Age 12: None<br>
1648,Licensed Family,Busy Crocodile Clarke,2325 Clarke St,,Port Moody,V3H 1Y9,49.277492,-122.85991,778-232-1562,,,N,N,N,N,N,N,N,N,N,N,N,N,N,N,N,N,N,,,N,N,N,N,N,N,N,N,N,N,N,2026-05-15,http://www.healthspace.ca/fha/childcare,N,Y,N,Busy Crocodile Clarke<br>Licensed Family<br>778-232-1562<br><br>Vacancy:<br>&nbsp;&nbsp;&nbsp;&nbsp;<36 months: N<br>&nbsp;&nbsp;&nbsp;&nbsp;30 months -- 5 years: N<br>&nbsp;&nbsp;&nbsp;&nbsp;Preschool: N<br>&nbsp;&nbsp;&nbsp;&nbsp;Grade 1 - Age 12: N<br>
1649,Licensed Group,Starlight Child Care Centre,8486 16Th Ave,,Burnaby,V3N 1S3,49.231529,-122.917995,778-389-9669,,,N,N,N,N,N,N,N,N,N,N,N,N,N,N,N,N,N,,,N,N,N,N,N,N,N,N,N,N,N,2026-05-15,http://www.healthspace.ca/fha/childcare,N,Y,N,Starlight Child Care Centre<br>Licensed Group<br>778-389-9669<br><br>Vacancy:<br>&nbsp;&nbsp;&nbsp;&nbsp;<36 months: N<br>&nbsp;&nbsp;&nbsp;&nbsp;30 months -- 5 years: N<br>&nbsp;&nbsp;&nbsp;&nbsp;Preschool: N<br>&nbsp;&nbsp;&nbsp;&nbsp;Grade 1 - Age 12: N<br>
1650,Licensed Group,Sunny Hills Montessori Ltd.,259 Seymour St,,Kamloops,V2C 2E7,50.67444,-120.335039,250-851-1764,,,N,N,N,N,N,N,N,N,N,N,N,N,N,N,N,N,N,,,N,N,N,N,N,N,N,N,N,N,N,2026-05-15,https://hedgehogportal.interiorhealth.ca/ChildCare/Map,N,Y,N,Sunny Hills Montessori Ltd.<br>Licensed Group<br>250-851-1764<br><br>Vacancy:<br>&nbsp;&nbsp;&nbsp;&nbsp;<36 months: N<br>&nbsp;&nbsp;&nbsp;&nbsp;30 months -- 5 years: N<br>&nbsp;&nbsp;&nbsp;&nbsp;Preschool: N<br>&nbsp;&nbsp;&nbsp;&nbsp;Grade 1 - Age 12: N<br>
1651,Licensed Group,Junior Einstein's Academy,10787 128 St,,Surrey,V3T 3A2,49.198897,-122.867967,604-719-1171,,,N,N,N,N,N,N,N,N,N,N,N,N,N,N,N,N,N,,,N,N,N,N,N,N,N,N,N,N,N,2026-05-17,http://www.healthspace.ca/fha/childcare,N,Y,N,Junior Einstein's Academy<br>Licensed Group<br>604-719-1171<br><br>Vacancy:<br>&nbsp;&nbsp;&nbsp;&nbsp;<36 months: N<br>&nbsp;&nbsp;&nbsp;&nbsp;30 months -- 5 years: N<br>&nbsp;&nbsp;&nbsp;&nbsp;Preschool: N<br>&nbsp;&nbsp;&nbsp;&nbsp;Grade 1 - Age 12: N<br>
1652,Licensed Group,Fleetwood Early Learning Center,101&102-8431 160 St,,Surrey,V4N 0V6,49.156135,-122.779083,778-951-3352,,,N,N,N,N,N,N,N,N,N,N,N,N,N,N,N,N,N,,,N,N,N,N,N,N,N,N,N,N,N,2026-05-15,http://www.healthspace.ca/fha/childcare,N,Y,N,Fleetwood Early Learning Center<br>Licensed Group<br>778-951-3352<br><br>Vacancy:<br>&nbsp;&nbsp;&nbsp;&nbsp;<36 months: N<br>&nbsp;&nbsp;&nbsp;&nbsp;30 months -- 5 years: N<br>&nbsp;&nbsp;&nbsp;&nbsp;Preschool: N<br>&nbsp;&nbsp;&nbsp;&nbsp;Grade 1 - Age 12: N<br>
1653,Licensed Group,Gateway Children's Centre,163 Oriole Rd,,Kamloops,V2C 4N8,50.678053,-120.27197,250-371-0519,,,N,N,N,N,N,N,N,N,N,N,N,N,N,N,N,N,N,,,N,N,N,N,N,N,N,N,N,N,N,2026-05-19,https://hedgehogportal.interiorhealth.ca/ChildCare/Map,N,Y,N,Gateway Children's Centre<br>Licensed Group<br>250-371-0519<br><br>Vacancy:<br>&nbsp;&nbsp;&nbsp;&nbsp;<36 months: N<br>&nbsp;&nbsp;&nbsp;&nbsp;30 months -- 5 years: N<br>&nbsp;&nbsp;&nbsp;&nbsp;Preschool: N<br>&nbsp;&nbsp;&nbsp;&nbsp;Grade 1 - Age 12: N<br>
1654,Licensed Family,Chibi And Friends Daycare,3361 Veteran St,,Victoria,V8P 4N1,48.452965,-123.328548,250-634-2723,,,N,N,N,N,N,N,N,N,N,N,N,N,N,N,N,N,N,,,N,N,N,N,N,N,N,N,N,N,N,2026-05-15,https://www.healthspace.ca/clients/viha/viha_website.nsf/CCFL-Main?OpenView,N,Y,N,Chibi And Friends Daycare<br>Licensed Family<br>250-634-2723<br><br>Vacancy:<br>&nbsp;&nbsp;&nbsp;&nbsp;<36 months: N<br>&nbsp;&nbsp;&nbsp;&nbsp;30 months -- 5 years: N<br>&nbsp;&nbsp;&nbsp;&nbsp;Preschool: N<br>&nbsp;&nbsp;&nbsp;&nbsp;Grade 1 - Age 12: N<br>
1655,Licensed Group,Taylin Child Care - Fort Langley,9160 Church St,,Langley,V1M 2R6,49.168856,-122.577243,604-349-4066,,,N,N,N,N,N,N,N,N,N,N,N,N,N,N,N,N,N,,,N,N,N,N,N,N,N,N,N,N,N,2026-05-15,http://www.healthspace.ca/fha/childcare,N,Y,N,Taylin Child Care - Fort Langley<br>Licensed Group<br>604-349-4066<br><br>Vacancy:<br>&nbsp;&nbsp;&nbsp;&nbsp;<36 months: N<br>&nbsp;&nbsp;&nbsp;&nbsp;30 months -- 5 years: N<br>&nbsp;&nbsp;&nbsp;&nbsp;Preschool: N<br>&nbsp;&nbsp;&nbsp;&nbsp;Grade 1 - Age 12: N<br>
1656,Licensed Group,Cefa Early Learning Abbotsford – Highstreet,3122 Mt Lehman Rd,,Abbotsford,V2T 0C5,49.057946,-122.378506,604-425-3800,,,N,N,N,N,N,N,N,N,N,N,N,N,N,N,N,N,N,,,N,N,N,N,N,N,N,Y,Y,N,N,2026-04-16,http://www.healthspace.ca/fha/childcare,N,Y,N,Cefa Early Learning Abbotsford – Highstreet<br>Licensed Group<br>604-425-3800<br><br>Vacancy:<br>&nbsp;&nbsp;&nbsp;&nbsp;<36 months: Y<br>&nbsp;&nbsp;&nbsp;&nbsp;30 months -- 5 years: Y<br>&nbsp;&nbsp;&nbsp;&nbsp;Preschool: N<br>&nbsp;&nbsp;&nbsp;&nbsp;Grade 1 - Age 12: N<br>
1657,Licensed Group,Bee Haven- Town Centre,101-2770 Valley Centre Ave,,North Vancouver,V7J 0C8,49.33388,-123.039783,604-216-7616,,,N,N,N,N,N,N,N,N,N,N,N,N,N,N,N,N,N,,,N,N,N,N,N,N,N,N,N,N,N,2026-05-14,https://inspections.vcha.ca/ChildCare/Table,N,Y,N,Bee Haven- Town Centre<br>Licensed Group<br>604-216-7616<br><br>Vacancy:<br>&nbsp;&nbsp;&nbsp;&nbsp;<36 months: N<br>&nbsp;&nbsp;&nbsp;&nbsp;30 months -- 5 years: N<br>&nbsp;&nbsp;&nbsp;&nbsp;Preschool: N<br>&nbsp;&nbsp;&nbsp;&nbsp;Grade 1 - Age 12: N<br>
1658,Licensed Family,Lasko Family Daycare,4540 44B Ave,,Delta,V4K 1H4,49.084568,-123.097891,604-946-7706,,,N,N,N,N,N,N,N,N,N,N,N,N,N,N,N,N,N,,,N,N,N,N,N,N,N,N,N,N,N,2026-05-15,http://www.healthspace.ca/fha/childcare,N,Y,N,Lasko Family Daycare<br>Licensed Family<br>604-946-7706<br><br>Vacancy:<br>&nbsp;&nbsp;&nbsp;&nbsp;<36 months: N<br>&nbsp;&nbsp;&nbsp;&nbsp;30 months -- 5 years: N<br>&nbsp;&nbsp;&nbsp;&nbsp;Preschool: N<br>&nbsp;&nbsp;&nbsp;&nbsp;Grade 1 - Age 12: N<br>
1659,Licensed Group,Hollyburn Elementary Seamless Day Before And After School,1329 Duchess Ave,,West Vancouver,V7T 1H5,49.330068,-123.152675,604-981-1220,,,N,N,N,N,N,N,N,N,N,N,N,N,N,N,N,N,N,,,N,N,N,N,N,N,N,N,N,N,Y,2026-05-06,https://inspections.vcha.ca/ChildCare/Table,N,Y,N,Hollyburn Elementary Seamless Day Before And After School<br>Licensed Group<br>604-981-1220<br><br>Vacancy:<br>&nbsp;&nbsp;&nbsp;&nbsp;<36 months: N<br>&nbsp;&nbsp;&nbsp;&nbsp;30 months -- 5 years: N<br>&nbsp;&nbsp;&nbsp;&nbsp;Preschool: N<br>&nbsp;&nbsp;&nbsp;&nbsp;Grade 1 - Age 12: Y<br>
1660,Licensed Group,Bright Horizons Children’S Early Learning Center,5-1835 56 St,,Delta,V4L 2B4,49.036438,-123.069825,604-783-4462,,,N,N,N,N,N,N,N,N,N,N,N,N,N,N,N,N,N,,,N,N,N,N,N,N,N,N,N,N,N,2026-05-15,http://www.healthspace.ca/fha/childcare,N,Y,N,Bright Horizons Children’S Early Learning Center<br>Licensed Group<br>604-783-4462<br><br>Vacancy:<br>&nbsp;&nbsp;&nbsp;&nbsp;<36 months: N<br>&nbsp;&nbsp;&nbsp;&nbsp;30 months -- 5 years: N<br>&nbsp;&nbsp;&nbsp;&nbsp;Preschool: N<br>&nbsp;&nbsp;&nbsp;&nbsp;Grade 1 - Age 12: N<br>
1661,Licensed Group,Garde Scolaire L'anse-Au-Sable,675 Lequime Rd,,Kelowna,V1W 1A3,49.835442,-119.483837,250-764-2771,,,,,,,,,,,,,,,,,,,,,,,,,,,,,,,,,,,Y,N,N,Garde Scolaire L'anse-Au-Sable<br>Licensed Group<br>250-764-2771<br><br>Vacancy:<br>&nbsp;&nbsp;&nbsp;&nbsp;<36 months: None<br>&nbsp;&nbsp;&nbsp;&nbsp;30 months -- 5 years: None<br>&nbsp;&nbsp;&nbsp;&nbsp;Preschool: None<br>&nbsp;&nbsp;&nbsp;&nbsp;Grade 1 - Age 12: None<br>
1662,Licensed Group,Squamish Montessori School - Finch,1001 Finch Dr,,Squamish,V8B 0S9,49.717611,-123.139077,604-892-1180,,,N,N,N,N,N,N,N,N,N,N,N,N,N,N,N,N,N,,,N,N,N,N,N,N,N,N,N,N,N,2026-03-26,https://inspections.vcha.ca/ChildCare/Table,N,Y,N,Squamish Montessori School - Finch<br>Licensed Group<br>604-892-1180<br><br>Vacancy:<br>&nbsp;&nbsp;&nbsp;&nbsp;<36 months: N<br>&nbsp;&nbsp;&nbsp;&nbsp;30 months -- 5 years: N<br>&nbsp;&nbsp;&nbsp;&nbsp;Preschool: N<br>&nbsp;&nbsp;&nbsp;&nbsp;Grade 1 - Age 12: N<br>
1663,Licensed Family,You'll Never Walk Alone Childcare,2858 Hagel Rd,,Victoria,V9B 2J4,48.442376,-123.494511,250-514-5310,,,N,N,N,N,N,N,N,N,N,N,N,N,N,N,N,N,N,,,N,N,N,N,N,N,N,N,N,N,N,2026-05-15,https://www.healthspace.ca/clients/viha/viha_website.nsf/CCFL-Main?OpenView,N,Y,N,You'll Never Walk Alone Childcare<br>Licensed Family<br>250-514-5310<br><br>Vacancy:<br>&nbsp;&nbsp;&nbsp;&nbsp;<36 months: N<br>&nbsp;&nbsp;&nbsp;&nbsp;30 months -- 5 years: N<br>&nbsp;&nbsp;&nbsp;&nbsp;Preschool: N<br>&nbsp;&nbsp;&nbsp;&nbsp;Grade 1 - Age 12: N<br>
1664,Licensed Family,Wagner Childcare & Learning Centre Ltd.,3511 Wagner Dr,,Abbotsford,V2T 6V3,49.066042,-122.359086,778-989-3930,,,N,N,N,N,N,N,N,N,N,N,N,N,N,N,N,N,N,,,N,N,N,N,N,N,N,N,N,N,N,2026-05-15,http://www.healthspace.ca/fha/childcare,N,Y,N,Wagner Childcare & Learning Centre Ltd.<br>Licensed Family<br>778-989-3930<br><br>Vacancy:<br>&nbsp;&nbsp;&nbsp;&nbsp;<36 months: N<br>&nbsp;&nbsp;&nbsp;&nbsp;30 months -- 5 years: N<br>&nbsp;&nbsp;&nbsp;&nbsp;Preschool: N<br>&nbsp;&nbsp;&nbsp;&nbsp;Grade 1 - Age 12: N<br>
1665,Licensed Family,Le Cerisier,2-2571 Napier St,,Vancouver,V5K 2W4,49.275207,-123.052942,604-700-4277,,,N,N,N,N,N,N,N,N,N,N,N,N,N,N,N,N,N,,,N,N,N,N,N,N,N,N,N,N,N,2026-05-01,https://inspections.vcha.ca/ChildCare/Table,N,Y,N,Le Cerisier<br>Licensed Family<br>604-700-4277<br><br>Vacancy:<br>&nbsp;&nbsp;&nbsp;&nbsp;<36 months: N<br>&nbsp;&nbsp;&nbsp;&nbsp;30 months -- 5 years: N<br>&nbsp;&nbsp;&nbsp;&nbsp;Preschool: N<br>&nbsp;&nbsp;&nbsp;&nbsp;Grade 1 - Age 12: N<br>
1666,Licensed Group,Kids Canvas Childcare,7221 198B St,,Langley,V2Y 1R9,49.133937,-122.672957,604-767-5558,,,N,N,N,N,N,N,N,N,N,N,N,N,N,N,N,N,N,,,N,N,N,N,N,N,N,N,N,N,N,2026-05-17,http://www.healthspace.ca/fha/childcare,N,Y,N,Kids Canvas Childcare<br>Licensed Group<br>604-767-5558<br><br>Vacancy:<br>&nbsp;&nbsp;&nbsp;&nbsp;<36 months: N<br>&nbsp;&nbsp;&nbsp;&nbsp;30 months -- 5 years: N<br>&nbsp;&nbsp;&nbsp;&nbsp;Preschool: N<br>&nbsp;&nbsp;&nbsp;&nbsp;Grade 1 - Age 12: N<br>
1667,Licensed Group,Taylor Elementary School Little Tigers,9808 Birch Ave E,,Taylor,V0C 2K0,56.167373,-120.691232,250-264-7186,,,N,N,N,N,N,N,N,N,N,N,N,N,N,N,N,N,N,Not offered,Not offered,N,N,N,N,N,N,N,N,N,Y,N,2026-05-04,https://www.healthspace.ca/Clients/NHA/NHA_Website.nsf/CCFL-Frameset,N,Y,N,Taylor Elementary School Little Tigers<br>Licensed Group<br>250-264-7186<br><br>Vacancy:<br>&nbsp;&nbsp;&nbsp;&nbsp;<36 months: N<br>&nbsp;&nbsp;&nbsp;&nbsp;30 months -- 5 years: N<br>&nbsp;&nbsp;&nbsp;&nbsp;Preschool: Y<br>&nbsp;&nbsp;&nbsp;&nbsp;Grade 1 - Age 12: N<br>
1668,Licensed Group,Growing Kids Childcare Centre - Morgan Crossing,16756 19 Ave,,Surrey,V3Z 1A2,49.036429,-122.758269,778-318-8142,,,N,N,N,N,N,N,N,N,N,N,N,N,N,N,N,N,N,,,N,N,N,N,N,N,N,Y,Y,N,N,2026-05-08,http://www.healthspace.ca/fha/childcare,N,Y,N,Growing Kids Childcare Centre - Morgan Crossing<br>Licensed Group<br>778-318-8142<br><br>Vacancy:<br>&nbsp;&nbsp;&nbsp;&nbsp;<36 months: Y<br>&nbsp;&nbsp;&nbsp;&nbsp;30 months -- 5 years: Y<br>&nbsp;&nbsp;&nbsp;&nbsp;Preschool: N<br>&nbsp;&nbsp;&nbsp;&nbsp;Grade 1 - Age 12: N<br>
1669,Licensed Group,Chilliwack Childrens Academy,101-5658 Vedder Rd,,Chilliwack,V2R 3M9,49.105094,-121.961926,778-882-1360,,,N,N,N,N,N,N,N,N,N,N,N,N,N,N,N,N,N,,,N,N,N,N,N,N,N,Y,Y,N,N,2026-05-15,http://www.healthspace.ca/fha/childcare,N,Y,N,Chilliwack Childrens Academy<br>Licensed Group<br>778-882-1360<br><br>Vacancy:<br>&nbsp;&nbsp;&nbsp;&nbsp;<36 months: Y<br>&nbsp;&nbsp;&nbsp;&nbsp;30 months -- 5 years: Y<br>&nbsp;&nbsp;&nbsp;&nbsp;Preschool: N<br>&nbsp;&nbsp;&nbsp;&nbsp;Grade 1 - Age 12: N<br>
1670,Licensed Family,Cozy Bear Childcare,46527 Portage Ave,,Chilliwack,V2P 3G3,49.17926,-121.93746,604-793-8197,,,N,N,N,N,N,N,N,N,N,N,N,N,N,N,N,N,N,,,N,N,N,N,N,N,N,N,N,N,N,2026-05-18,http://www.healthspace.ca/fha/childcare,N,Y,N,Cozy Bear Childcare<br>Licensed Family<br>604-793-8197<br><br>Vacancy:<br>&nbsp;&nbsp;&nbsp;&nbsp;<36 months: N<br>&nbsp;&nbsp;&nbsp;&nbsp;30 months -- 5 years: N<br>&nbsp;&nbsp;&nbsp;&nbsp;Preschool: N<br>&nbsp;&nbsp;&nbsp;&nbsp;Grade 1 - Age 12: N<br>
1671,Licensed Group,Gw Carlson Kidz Klub,5617 51 St,,Fort Nelson,V0C 1R0,58.813557,-122.696075,250-500-2527,,,N,N,N,N,N,N,N,N,N,N,N,N,N,N,N,N,N,,,N,N,N,N,N,N,N,N,Y,N,Y,2026-05-19,https://www.healthspace.ca/Clients/NHA/NHA_Website.nsf/CCFL-Frameset,N,Y,N,Gw Carlson Kidz Klub<br>Licensed Group<br>250-500-2527<br><br>Vacancy:<br>&nbsp;&nbsp;&nbsp;&nbsp;<36 months: N<br>&nbsp;&nbsp;&nbsp;&nbsp;30 months -- 5 years: Y<br>&nbsp;&nbsp;&nbsp;&nbsp;Preschool: N<br>&nbsp;&nbsp;&nbsp;&nbsp;Grade 1 - Age 12: Y<br>
1672,Licensed Group,Bright Star Montessori School - Qualicum Beach,744 Primrose St,,Qualicum Beach,V9K 1S8,49.344497,-124.443331,250-228-5949,,,N,N,N,N,N,N,N,N,N,N,N,N,N,N,N,N,N,,,N,N,N,N,N,N,N,Y,Y,Y,N,2026-05-21,https://www.healthspace.ca/clients/viha/viha_website.nsf/CCFL-Main?OpenView,N,Y,N,Bright Star Montessori School - Qualicum Beach<br>Licensed Group<br>250-228-5949<br><br>Vacancy:<br>&nbsp;&nbsp;&nbsp;&nbsp;<36 months: Y<br>&nbsp;&nbsp;&nbsp;&nbsp;30 months -- 5 years: Y<br>&nbsp;&nbsp;&nbsp;&nbsp;Preschool: Y<br>&nbsp;&nbsp;&nbsp;&nbsp;Grade 1 - Age 12: N<br>
1673,Licensed Group,Delta Daycare Inc,7675 116A St,,Delta,V4C 5Y3,49.142632,-122.900425,778-558-8680,,,N,N,N,N,N,N,N,N,N,N,N,N,N,N,N,N,N,,,N,N,N,N,N,N,N,N,N,N,N,2026-05-06,http://www.healthspace.ca/fha/childcare,N,Y,N,Delta Daycare Inc<br>Licensed Group<br>778-558-8680<br><br>Vacancy:<br>&nbsp;&nbsp;&nbsp;&nbsp;<36 months: N<br>&nbsp;&nbsp;&nbsp;&nbsp;30 months -- 5 years: N<br>&nbsp;&nbsp;&nbsp;&nbsp;Preschool: N<br>&nbsp;&nbsp;&nbsp;&nbsp;Grade 1 - Age 12: N<br>
1674,Licensed Family,Blooming Blossoms Child Care,9076 147 St,,Surrey,V3R 3V7,49.167762,-122.814944,604-518-6759,,,N,N,N,N,N,N,N,N,N,N,N,N,N,N,N,N,N,,,N,N,N,N,N,N,N,Y,N,N,Y,2026-05-04,http://www.healthspace.ca/fha/childcare,N,Y,N,Blooming Blossoms Child Care<br>Licensed Family<br>604-518-6759<br><br>Vacancy:<br>&nbsp;&nbsp;&nbsp;&nbsp;<36 months: Y<br>&nbsp;&nbsp;&nbsp;&nbsp;30 months -- 5 years: N<br>&nbsp;&nbsp;&nbsp;&nbsp;Preschool: N<br>&nbsp;&nbsp;&nbsp;&nbsp;Grade 1 - Age 12: Y<br>
1675,Licensed Family,Tena's Family Daycare,9059 Fox Dr,,Prince George,V2K 5H4,54.01475,-122.831391,250-981-5373,,,N,N,N,N,N,N,N,N,N,N,N,N,N,N,N,N,N,,,N,N,N,N,N,N,N,N,N,N,N,2026-05-13,https://www.healthspace.ca/Clients/NHA/NHA_Website.nsf/CCFL-Frameset,N,Y,N,Tena's Family Daycare<br>Licensed Family<br>250-981-5373<br><br>Vacancy:<br>&nbsp;&nbsp;&nbsp;&nbsp;<36 months: N<br>&nbsp;&nbsp;&nbsp;&nbsp;30 months -- 5 years: N<br>&nbsp;&nbsp;&nbsp;&nbsp;Preschool: N<br>&nbsp;&nbsp;&nbsp;&nbsp;Grade 1 - Age 12: N<br>
1676,Licensed Group,Secret Heart Academy,110&112-5769 201A St,,Langley,V3A 8H9,49.107858,-122.663987,604-427-1166,,,N,N,N,N,N,N,N,N,N,N,N,N,N,N,N,N,N,,,N,N,N,N,N,N,N,N,N,N,N,2026-05-03,http://www.healthspace.ca/fha/childcare,N,Y,N,Secret Heart Academy<br>Licensed Group<br>604-427-1166<br><br>Vacancy:<br>&nbsp;&nbsp;&nbsp;&nbsp;<36 months: N<br>&nbsp;&nbsp;&nbsp;&nbsp;30 months -- 5 years: N<br>&nbsp;&nbsp;&nbsp;&nbsp;Preschool: N<br>&nbsp;&nbsp;&nbsp;&nbsp;Grade 1 - Age 12: N<br>
1677,Licensed Group,Stay 'N' Play Group Daycare,100-3310 Coast Meridian Rd,,Port Coquitlam,V3B 3N5,49.272617,-122.755683,778-285-5450,,,N,N,N,N,N,N,N,N,N,N,N,N,N,N,N,N,N,,,N,N,N,N,N,N,N,N,Y,N,N,2026-05-17,http://www.healthspace.ca/fha/childcare,N,Y,N,Stay 'N' Play Group Daycare<br>Licensed Group<br>778-285-5450<br><br>Vacancy:<br>&nbsp;&nbsp;&nbsp;&nbsp;<36 months: N<br>&nbsp;&nbsp;&nbsp;&nbsp;30 months -- 5 years: Y<br>&nbsp;&nbsp;&nbsp;&nbsp;Preschool: N<br>&nbsp;&nbsp;&nbsp;&nbsp;Grade 1 - Age 12: N<br>
1678,Licensed Group,Generation Daycare Inc.,200-4080 Bayview St,,Richmond,V7E 0B3,49.123115,-123.177267,604-370-3206,,,N,N,N,N,N,N,N,N,N,N,N,N,N,N,N,N,N,,,N,N,N,N,N,N,N,N,N,N,N,2026-05-01,https://inspections.vcha.ca/ChildCare/Table,N,Y,Y,Generation Daycare Inc.<br>Licensed Group<br>604-370-3206<br><br>Vacancy:<br>&nbsp;&nbsp;&nbsp;&nbsp;<36 months: N<br>&nbsp;&nbsp;&nbsp;&nbsp;30 months -- 5 years: N<br>&nbsp;&nbsp;&nbsp;&nbsp;Preschool: N<br>&nbsp;&nbsp;&nbsp;&nbsp;Grade 1 - Age 12: N<br>
1679,Licensed Group,Garderie Les Libellules,675 Lequime Rd,,Kelowna,V1W 1A3,49.835442,-119.483837,604-736-5056,,,N,N,N,N,N,N,N,N,N,N,N,N,N,N,N,N,N,Not offered,Not offered,N,N,N,N,N,N,N,Y,Y,N,Y,2026-04-30,https://hedgehogportal.interiorhealth.ca/ChildCare/Map,N,Y,N,Garderie Les Libellules<br>Licensed Group<br>604-736-5056<br><br>Vacancy:<br>&nbsp;&nbsp;&nbsp;&nbsp;<36 months: Y<br>&nbsp;&nbsp;&nbsp;&nbsp;30 months -- 5 years: Y<br>&nbsp;&nbsp;&nbsp;&nbsp;Preschool: N<br>&nbsp;&nbsp;&nbsp;&nbsp;Grade 1 - Age 12: Y<br>
1680,Licensed Group,Peace Christian School Early Learning Program,6189 Dokkie School Rd,,Chetwynd,V0C 1J0,55.646462,-121.737273,250-788-2044,,,N,N,N,N,N,N,N,N,N,N,N,N,N,N,N,N,N,Not offered,Not offered,N,N,N,N,N,N,N,N,N,N,N,2026-05-12,https://www.healthspace.ca/Clients/NHA/NHA_Website.nsf/CCFL-Frameset,N,Y,N,Peace Christian School Early Learning Program<br>Licensed Group<br>250-788-2044<br><br>Vacancy:<br>&nbsp;&nbsp;&nbsp;&nbsp;<36 months: N<br>&nbsp;&nbsp;&nbsp;&nbsp;30 months -- 5 years: N<br>&nbsp;&nbsp;&nbsp;&nbsp;Preschool: N<br>&nbsp;&nbsp;&nbsp;&nbsp;Grade 1 - Age 12: N<br>
1681,Licensed Group,Knox Kids Co.,228 Valley Rd,,Kelowna,V1V 2G2,49.919014,-119.435495,250-470-7858,,,N,N,N,N,N,N,N,N,N,N,N,N,N,N,N,N,N,,,N,N,N,N,N,N,N,N,N,N,N,2026-05-20,https://hedgehogportal.interiorhealth.ca/ChildCare/Map,N,Y,N,Knox Kids Co.<br>Licensed Group<br>250-470-7858<br><br>Vacancy:<br>&nbsp;&nbsp;&nbsp;&nbsp;<36 months: N<br>&nbsp;&nbsp;&nbsp;&nbsp;30 months -- 5 years: N<br>&nbsp;&nbsp;&nbsp;&nbsp;Preschool: N<br>&nbsp;&nbsp;&nbsp;&nbsp;Grade 1 - Age 12: N<br>
1682,Licensed Family,Squeeks & Giggles Family Daycare,1524 Clawthorpe Ave,,Victoria,V8T 2R7,48.447216,-123.343411,250-418-8565,,,N,N,N,N,N,N,N,N,N,N,N,N,N,N,N,N,N,,,N,N,N,N,N,N,N,Y,N,N,N,2026-05-15,https://www.healthspace.ca/clients/viha/viha_website.nsf/CCFL-Main?OpenView,N,Y,N,Squeeks & Giggles Family Daycare<br>Licensed Family<br>250-418-8565<br><br>Vacancy:<br>&nbsp;&nbsp;&nbsp;&nbsp;<36 months: Y<br>&nbsp;&nbsp;&nbsp;&nbsp;30 months -- 5 years: N<br>&nbsp;&nbsp;&nbsp;&nbsp;Preschool: N<br>&nbsp;&nbsp;&nbsp;&nbsp;Grade 1 - Age 12: N<br>
1683,Licensed Family,Baby Home Child Care Centre,7931 Goodlad St,,Burnaby,V5E 2H8,49.230611,-122.940792,778-829-8684,,,N,N,N,N,N,N,N,N,N,N,N,N,N,N,N,N,N,,,N,N,N,N,N,N,N,N,N,N,N,2026-05-05,http://www.healthspace.ca/fha/childcare,N,Y,N,Baby Home Child Care Centre<br>Licensed Family<br>778-829-8684<br><br>Vacancy:<br>&nbsp;&nbsp;&nbsp;&nbsp;<36 months: N<br>&nbsp;&nbsp;&nbsp;&nbsp;30 months -- 5 years: N<br>&nbsp;&nbsp;&nbsp;&nbsp;Preschool: N<br>&nbsp;&nbsp;&nbsp;&nbsp;Grade 1 - Age 12: N<br>
1684,Licensed Group,Stem Early Learning Centre,3702 Trinity Valley Rd,,Enderby,V0E 1V5,50.537705,-119.008701,250-868-2971,,,N,N,N,N,N,N,N,N,N,N,N,N,N,N,N,N,N,,,N,N,N,N,N,N,N,N,N,N,Y,2026-04-28,https://hedgehogportal.interiorhealth.ca/ChildCare/Map,N,Y,N,Stem Early Learning Centre<br>Licensed Group<br>250-868-2971<br><br>Vacancy:<br>&nbsp;&nbsp;&nbsp;&nbsp;<36 months: N<br>&nbsp;&nbsp;&nbsp;&nbsp;30 months -- 5 years: N<br>&nbsp;&nbsp;&nbsp;&nbsp;Preschool: N<br>&nbsp;&nbsp;&nbsp;&nbsp;Grade 1 - Age 12: Y<br>
1685,Licensed Family,Wind And Shine Daycare,5942 128 St,,Surrey,V3X 1T3,49.110694,-122.867603,604-417-1007,,,N,N,N,N,N,N,N,N,N,N,N,N,N,N,N,N,N,,,N,N,N,N,N,N,N,N,N,N,N,2026-05-10,http://www.healthspace.ca/fha/childcare,N,Y,N,Wind And Shine Daycare<br>Licensed Family<br>604-417-1007<br><br>Vacancy:<br>&nbsp;&nbsp;&nbsp;&nbsp;<36 months: N<br>&nbsp;&nbsp;&nbsp;&nbsp;30 months -- 5 years: N<br>&nbsp;&nbsp;&nbsp;&nbsp;Preschool: N<br>&nbsp;&nbsp;&nbsp;&nbsp;Grade 1 - Age 12: N<br>
1686,Licensed Group,Ctots Childhood Education Centre Expansion,2951 Glasgow St,,Victoria,V8T 4H1,48.443426,-123.361333,250-589-7677,,,N,N,N,N,N,N,N,N,N,N,N,N,N,N,N,N,N,,,N,N,N,N,N,N,N,N,Y,N,N,2026-05-01,https://www.healthspace.ca/clients/viha/viha_website.nsf/CCFL-Main?OpenView,N,Y,N,Ctots Childhood Education Centre Expansion<br>Licensed Group<br>250-589-7677<br><br>Vacancy:<br>&nbsp;&nbsp;&nbsp;&nbsp;<36 months: N<br>&nbsp;&nbsp;&nbsp;&nbsp;30 months -- 5 years: Y<br>&nbsp;&nbsp;&nbsp;&nbsp;Preschool: N<br>&nbsp;&nbsp;&nbsp;&nbsp;Grade 1 - Age 12: N<br>
1687,Licensed Family,Timbershine Family Child Care,966 Timberline Dr,,Campbell River,V9H 1W1,49.969024,-125.241697,250-923-6888,,,Y,N,N,N,N,N,Y,Y,N,N,N,N,N,N,N,N,N,Included in fee,Not offered,N,N,N,N,N,N,N,N,N,N,N,2026-05-18,https://www.healthspace.ca/clients/viha/viha_website.nsf/CCFL-Main?OpenView,N,Y,N,Timbershine Family Child Care<br>Licensed Family<br>250-923-6888<br><br>Vacancy:<br>&nbsp;&nbsp;&nbsp;&nbsp;<36 months: N<br>&nbsp;&nbsp;&nbsp;&nbsp;30 months -- 5 years: N<br>&nbsp;&nbsp;&nbsp;&nbsp;Preschool: N<br>&nbsp;&nbsp;&nbsp;&nbsp;Grade 1 - Age 12: N<br>
1688,Licensed Group,Don Moore Childcare,3392 Don Moore Dr,,Coquitlam,V3E 0C5,49.290767,-122.753175,604-500-0740,,,N,N,N,N,N,N,N,N,N,N,N,N,N,N,N,N,N,,,N,N,N,N,N,N,N,Y,N,N,N,2026-05-20,http://www.healthspace.ca/fha/childcare,N,Y,N,Don Moore Childcare<br>Licensed Group<br>604-500-0740<br><br>Vacancy:<br>&nbsp;&nbsp;&nbsp;&nbsp;<36 months: Y<br>&nbsp;&nbsp;&nbsp;&nbsp;30 months -- 5 years: N<br>&nbsp;&nbsp;&nbsp;&nbsp;Preschool: N<br>&nbsp;&nbsp;&nbsp;&nbsp;Grade 1 - Age 12: N<br>
1689,Licensed Group,Almosthome Shady Creek,7180 East Saanich Rd,,Saanichton,V8M 1Y4,48.577184,-123.407501,250-590-7666,,,N,N,N,N,N,N,N,N,N,N,N,N,N,N,N,N,N,,,N,N,N,N,N,N,N,Y,Y,N,N,2026-04-29,https://www.healthspace.ca/clients/viha/viha_website.nsf/CCFL-Main?OpenView,N,Y,N,Almosthome Shady Creek<br>Licensed Group<br>250-590-7666<br><br>Vacancy:<br>&nbsp;&nbsp;&nbsp;&nbsp;<36 months: Y<br>&nbsp;&nbsp;&nbsp;&nbsp;30 months -- 5 years: Y<br>&nbsp;&nbsp;&nbsp;&nbsp;Preschool: N<br>&nbsp;&nbsp;&nbsp;&nbsp;Grade 1 - Age 12: N<br>
1690,Licensed Family,Tot's Spot,121 10Th St S,,Cranbrook,V1C 4P5,49.498546,-115.779171,250-421-9887,,,N,N,N,N,N,N,N,N,N,N,N,N,N,N,N,N,N,,,N,N,N,N,N,N,N,N,N,N,N,2026-05-16,https://hedgehogportal.interiorhealth.ca/ChildCare/Map,N,Y,N,Tot's Spot<br>Licensed Family<br>250-421-9887<br><br>Vacancy:<br>&nbsp;&nbsp;&nbsp;&nbsp;<36 months: N<br>&nbsp;&nbsp;&nbsp;&nbsp;30 months -- 5 years: N<br>&nbsp;&nbsp;&nbsp;&nbsp;Preschool: N<br>&nbsp;&nbsp;&nbsp;&nbsp;Grade 1 - Age 12: N<br>
1691,Licensed Family,Monkey Butts Daycare,19844 Wildwood Cres S,,Pitt Meadows,V3Y 1N2,49.210478,-122.671522,604-466-5007,,,N,N,N,N,N,N,N,N,N,N,N,N,N,N,N,N,N,,,N,N,N,N,N,N,N,Y,Y,N,N,2026-05-17,http://www.healthspace.ca/fha/childcare,N,Y,N,Monkey Butts Daycare<br>Licensed Family<br>604-466-5007<br><br>Vacancy:<br>&nbsp;&nbsp;&nbsp;&nbsp;<36 months: Y<br>&nbsp;&nbsp;&nbsp;&nbsp;30 months -- 5 years: Y<br>&nbsp;&nbsp;&nbsp;&nbsp;Preschool: N<br>&nbsp;&nbsp;&nbsp;&nbsp;Grade 1 - Age 12: N<br>
1692,Licensed Family,Simple Wonders Okanagan Childcare,410 Hardie Rd,,Kelowna,V1X 2H2,49.895068,-119.380324,250-718-1922,,,N,N,N,N,N,N,N,N,N,N,N,N,N,N,N,N,N,,,N,N,N,N,N,N,N,N,N,N,N,2026-05-15,https://hedgehogportal.interiorhealth.ca/ChildCare/Map,N,Y,N,Simple Wonders Okanagan Childcare<br>Licensed Family<br>250-718-1922<br><br>Vacancy:<br>&nbsp;&nbsp;&nbsp;&nbsp;<36 months: N<br>&nbsp;&nbsp;&nbsp;&nbsp;30 months -- 5 years: N<br>&nbsp;&nbsp;&nbsp;&nbsp;Preschool: N<br>&nbsp;&nbsp;&nbsp;&nbsp;Grade 1 - Age 12: N<br>
1693,Licensed Family,Tic Tac Toe Daycare,11277 87A Ave,,Delta,V4C 3A7,49.162743,-122.909819,778-898-4742,,,N,N,N,N,N,N,N,N,N,N,N,N,N,N,N,N,N,,,N,N,N,N,N,N,N,N,N,N,Y,2026-04-29,http://www.healthspace.ca/fha/childcare,N,Y,N,Tic Tac Toe Daycare<br>Licensed Family<br>778-898-4742<br><br>Vacancy:<br>&nbsp;&nbsp;&nbsp;&nbsp;<36 months: N<br>&nbsp;&nbsp;&nbsp;&nbsp;30 months -- 5 years: N<br>&nbsp;&nbsp;&nbsp;&nbsp;Preschool: N<br>&nbsp;&nbsp;&nbsp;&nbsp;Grade 1 - Age 12: Y<br>
1694,Licensed Group,Kidz Adventure Learning Centre (Parkcrest),6138 Parkcrest Dr,,Burnaby,V5B 2S9,49.266487,-122.974494,778-872-3992,,,N,N,N,N,N,N,N,N,N,N,N,N,N,N,N,N,N,,,N,N,N,N,N,N,N,N,N,N,N,2026-05-15,http://www.healthspace.ca/fha/childcare,N,Y,N,Kidz Adventure Learning Centre (Parkcrest)<br>Licensed Group<br>778-872-3992<br><br>Vacancy:<br>&nbsp;&nbsp;&nbsp;&nbsp;<36 months: N<br>&nbsp;&nbsp;&nbsp;&nbsp;30 months -- 5 years: N<br>&nbsp;&nbsp;&nbsp;&nbsp;Preschool: N<br>&nbsp;&nbsp;&nbsp;&nbsp;Grade 1 - Age 12: N<br>
1695,Licensed Group,Little Timbers Children's Centre Ltd.,A5-465 Merecroft Rd,,Campbell River,V9W 6K6,49.99967,-125.246167,250-914-4241,,,N,N,N,N,N,N,N,N,N,N,N,N,N,N,N,N,N,,,N,N,N,N,N,N,N,Y,Y,N,Y,2026-05-15,https://www.healthspace.ca/clients/viha/viha_website.nsf/CCFL-Main?OpenView,N,Y,N,Little Timbers Children's Centre Ltd.<br>Licensed Group<br>250-914-4241<br><br>Vacancy:<br>&nbsp;&nbsp;&nbsp;&nbsp;<36 months: Y<br>&nbsp;&nbsp;&nbsp;&nbsp;30 months -- 5 years: Y<br>&nbsp;&nbsp;&nbsp;&nbsp;Preschool: N<br>&nbsp;&nbsp;&nbsp;&nbsp;Grade 1 - Age 12: Y<br>
1696,Licensed Group,ymca Malaspina School Age Care,7900 Malaspina Ave,,Prince George,V2N 4A9,53.849636,-122.762966,250-961-7046,,,N,N,N,N,N,N,N,N,N,N,N,N,N,N,N,N,N,,,N,N,N,N,N,N,N,N,N,N,N,2026-05-14,https://www.healthspace.ca/Clients/NHA/NHA_Website.nsf/CCFL-Frameset,N,Y,N,ymca Malaspina School Age Care<br>Licensed Group<br>250-961-7046<br><br>Vacancy:<br>&nbsp;&nbsp;&nbsp;&nbsp;<36 months: N<br>&nbsp;&nbsp;&nbsp;&nbsp;30 months -- 5 years: N<br>&nbsp;&nbsp;&nbsp;&nbsp;Preschool: N<br>&nbsp;&nbsp;&nbsp;&nbsp;Grade 1 - Age 12: N<br>
1697,Licensed Group,Garderie Les Randonneurs,2160 St Paul St,,Rossland,V0G 1Y0,49.078742,-117.79592,604-736-5056,,,N,N,N,N,N,N,N,N,N,N,N,N,N,N,N,N,N,Not offered,Not offered,N,N,N,N,N,N,N,N,Y,N,Y,2026-04-30,https://hedgehogportal.interiorhealth.ca/ChildCare/Map,N,Y,N,Garderie Les Randonneurs<br>Licensed Group<br>604-736-5056<br><br>Vacancy:<br>&nbsp;&nbsp;&nbsp;&nbsp;<36 months: N<br>&nbsp;&nbsp;&nbsp;&nbsp;30 months -- 5 years: Y<br>&nbsp;&nbsp;&nbsp;&nbsp;Preschool: N<br>&nbsp;&nbsp;&nbsp;&nbsp;Grade 1 - Age 12: Y<br>
1698,Licensed Group,Lund Community Daycare,9656 Larson Road,,Lund,V0N 2G0,49.979085,-124.756471,604-414-0091,,,N,N,N,N,N,N,N,N,N,N,N,N,N,N,N,N,N,,,N,N,N,N,N,N,N,N,N,N,N,2026-05-18,https://inspections.vcha.ca/ChildCare/Table,N,Y,N,Lund Community Daycare<br>Licensed Group<br>604-414-0091<br><br>Vacancy:<br>&nbsp;&nbsp;&nbsp;&nbsp;<36 months: N<br>&nbsp;&nbsp;&nbsp;&nbsp;30 months -- 5 years: N<br>&nbsp;&nbsp;&nbsp;&nbsp;Preschool: N<br>&nbsp;&nbsp;&nbsp;&nbsp;Grade 1 - Age 12: N<br>
1699,Licensed Group,First Steps Preschool,1988 56 St,,Delta,V4L 2B1,49.038037,-123.067346,604-943-8244,,,N,N,N,N,N,N,N,N,N,N,N,N,N,N,N,N,N,,,N,N,N,N,N,N,N,N,N,Y,N,2026-05-06,http://www.healthspace.ca/fha/childcare,N,N,N,First Steps Preschool<br>Licensed Group<br>604-943-8244<br><br>Vacancy:<br>&nbsp;&nbsp;&nbsp;&nbsp;<36 months: N<br>&nbsp;&nbsp;&nbsp;&nbsp;30 months -- 5 years: N<br>&nbsp;&nbsp;&nbsp;&nbsp;Preschool: Y<br>&nbsp;&nbsp;&nbsp;&nbsp;Grade 1 - Age 12: N<br>
1700,Licensed Family,Play2learn Childcare,2421 Mariana Pl,,Coquitlam,V3K 6R3,49.237705,-122.823478,604-724-3319,PLAY2lEARN CHILD CARE CENTER,,N,N,N,N,N,N,N,N,N,N,N,N,N,N,N,N,N,,,N,N,N,N,N,N,N,N,N,N,N,2026-05-15,http://www.healthspace.ca/fha/childcare,N,Y,N,Play2learn Childcare<br>Licensed Family<br>604-724-3319<br><br>Vacancy:<br>&nbsp;&nbsp;&nbsp;&nbsp;<36 months: N<br>&nbsp;&nbsp;&nbsp;&nbsp;30 months -- 5 years: N<br>&nbsp;&nbsp;&nbsp;&nbsp;Preschool: N<br>&nbsp;&nbsp;&nbsp;&nbsp;Grade 1 - Age 12: N<br>
1701,Licensed Group,Sprouts Early Learning,5300 44Th Ave,,Delta,V4K 1C7,49.082648,-123.076594,604-649-3675,,,N,N,N,N,N,N,N,N,N,N,N,N,N,N,N,N,N,,,N,N,N,N,N,N,N,Y,Y,N,N,2026-03-17,http://www.healthspace.ca/fha/childcare,N,Y,N,Sprouts Early Learning<br>Licensed Group<br>604-649-3675<br><br>Vacancy:<br>&nbsp;&nbsp;&nbsp;&nbsp;<36 months: Y<br>&nbsp;&nbsp;&nbsp;&nbsp;30 months -- 5 years: Y<br>&nbsp;&nbsp;&nbsp;&nbsp;Preschool: N<br>&nbsp;&nbsp;&nbsp;&nbsp;Grade 1 - Age 12: N<br>
1702,Licensed Group,Qayqayt Seamless Day,85 Merivale St,,New Westminster,V3L 0G2,49.208252,-122.904856,604-220-4481,,,N,N,N,N,N,N,N,N,N,N,N,N,N,N,N,N,N,,,N,N,N,N,N,N,N,N,N,N,N,2026-03-16,http://www.healthspace.ca/fha/childcare,N,Y,N,Qayqayt Seamless Day<br>Licensed Group<br>604-220-4481<br><br>Vacancy:<br>&nbsp;&nbsp;&nbsp;&nbsp;<36 months: N<br>&nbsp;&nbsp;&nbsp;&nbsp;30 months -- 5 years: N<br>&nbsp;&nbsp;&nbsp;&nbsp;Preschool: N<br>&nbsp;&nbsp;&nbsp;&nbsp;Grade 1 - Age 12: N<br>
1703,Licensed Group,The Giving Tree Child Care Center,311-15336 31 Ave,,Surrey,V3Z 3W4,49.057921,-122.796925,778-980-0086,,,N,N,N,N,N,N,N,N,N,N,N,N,N,N,N,N,N,,,N,N,N,N,N,N,N,Y,Y,N,N,2026-05-15,http://www.healthspace.ca/fha/childcare,N,Y,N,The Giving Tree Child Care Center<br>Licensed Group<br>778-980-0086<br><br>Vacancy:<br>&nbsp;&nbsp;&nbsp;&nbsp;<36 months: Y<br>&nbsp;&nbsp;&nbsp;&nbsp;30 months -- 5 years: Y<br>&nbsp;&nbsp;&nbsp;&nbsp;Preschool: N<br>&nbsp;&nbsp;&nbsp;&nbsp;Grade 1 - Age 12: N<br>
1704,Licensed Group,Port Coquitlam Community Centre,2150 Wilson Ave,,Port Coquitlam,V3C 6J5,49.260609,-122.776789,604-927-5294,,,N,N,N,N,N,N,N,N,N,N,N,N,N,N,N,N,N,,,N,N,N,N,N,N,N,N,N,Y,N,2026-05-15,http://www.healthspace.ca/fha/childcare,N,Y,N,Port Coquitlam Community Centre<br>Licensed Group<br>604-927-5294<br><br>Vacancy:<br>&nbsp;&nbsp;&nbsp;&nbsp;<36 months: N<br>&nbsp;&nbsp;&nbsp;&nbsp;30 months -- 5 years: N<br>&nbsp;&nbsp;&nbsp;&nbsp;Preschool: Y<br>&nbsp;&nbsp;&nbsp;&nbsp;Grade 1 - Age 12: N<br>
1705,Licensed Group,Gummy Bears Child Care,6719 Brantford Ave,,Burnaby,V5E 2R9,49.2228,-122.968226,778-927-8133,,,N,N,N,N,N,N,N,N,N,N,N,N,N,N,N,N,N,,,N,N,N,N,N,N,N,Y,N,N,N,2026-05-18,http://www.healthspace.ca/fha/childcare,N,Y,N,Gummy Bears Child Care<br>Licensed Group<br>778-927-8133<br><br>Vacancy:<br>&nbsp;&nbsp;&nbsp;&nbsp;<36 months: Y<br>&nbsp;&nbsp;&nbsp;&nbsp;30 months -- 5 years: N<br>&nbsp;&nbsp;&nbsp;&nbsp;Preschool: N<br>&nbsp;&nbsp;&nbsp;&nbsp;Grade 1 - Age 12: N<br>
1706,Licensed Group,Young Academics Club Early Learning Ltd,45846 Wellington Ave,,Chilliwack,V2P 2C9,49.171865,-121.956069,604-354-8797,,,N,N,N,N,N,N,N,N,N,N,N,N,N,N,N,N,N,,,N,N,N,N,N,N,N,Y,N,N,N,2026-05-19,http://www.healthspace.ca/fha/childcare,N,Y,N,Young Academics Club Early Learning Ltd<br>Licensed Group<br>604-354-8797<br><br>Vacancy:<br>&nbsp;&nbsp;&nbsp;&nbsp;<36 months: Y<br>&nbsp;&nbsp;&nbsp;&nbsp;30 months -- 5 years: N<br>&nbsp;&nbsp;&nbsp;&nbsp;Preschool: N<br>&nbsp;&nbsp;&nbsp;&nbsp;Grade 1 - Age 12: N<br>
1707,Licensed Group,Ilm - Lps,510 Sixth Ave,,Ladysmith,V9G 1A6,48.989128,-123.824078,778-268-3578,,,N,N,N,N,N,N,N,N,N,N,N,N,N,N,N,N,N,,,N,N,N,N,N,N,N,N,Y,N,Y,2026-05-15,https://www.healthspace.ca/clients/viha/viha_website.nsf/CCFL-Main?OpenView,N,Y,N,Ilm - Lps<br>Licensed Group<br>778-268-3578<br><br>Vacancy:<br>&nbsp;&nbsp;&nbsp;&nbsp;<36 months: N<br>&nbsp;&nbsp;&nbsp;&nbsp;30 months -- 5 years: Y<br>&nbsp;&nbsp;&nbsp;&nbsp;Preschool: N<br>&nbsp;&nbsp;&nbsp;&nbsp;Grade 1 - Age 12: Y<br>
1708,Licensed Family,New Sprout Child Care Centre,1647 Coleman St,,North Vancouver,V7K 1X2,49.350436,-123.026722,604-306-5301,,,N,N,N,N,N,N,N,N,N,N,N,N,N,N,N,N,N,,,N,N,N,N,N,N,N,Y,Y,N,N,2026-04-22,https://inspections.vcha.ca/ChildCare/Table,N,Y,N,New Sprout Child Care Centre<br>Licensed Family<br>604-306-5301<br><br>Vacancy:<br>&nbsp;&nbsp;&nbsp;&nbsp;<36 months: Y<br>&nbsp;&nbsp;&nbsp;&nbsp;30 months -- 5 years: Y<br>&nbsp;&nbsp;&nbsp;&nbsp;Preschool: N<br>&nbsp;&nbsp;&nbsp;&nbsp;Grade 1 - Age 12: N<br>
1709,Licensed Group,Elm Childcare Center,572 Milton St,,Nanaimo,V9R 2L3,49.159314,-123.938581,647-222-7479,,,N,N,N,N,N,N,N,N,N,N,N,N,N,N,N,N,N,,,N,N,N,N,N,N,N,N,N,N,N,2026-05-15,https://www.healthspace.ca/clients/viha/viha_website.nsf/CCFL-Main?OpenView,N,Y,N,Elm Childcare Center<br>Licensed Group<br>647-222-7479<br><br>Vacancy:<br>&nbsp;&nbsp;&nbsp;&nbsp;<36 months: N<br>&nbsp;&nbsp;&nbsp;&nbsp;30 months -- 5 years: N<br>&nbsp;&nbsp;&nbsp;&nbsp;Preschool: N<br>&nbsp;&nbsp;&nbsp;&nbsp;Grade 1 - Age 12: N<br>
1710,Licensed Group,Natura Montessori Academy,103-3010 152 St,,Surrey,V4P 3N7,49.05677,-122.80093,604-596-0547,,,N,N,N,N,N,N,N,N,N,N,N,N,N,N,N,N,N,,,N,N,N,N,N,N,N,Y,N,N,N,2026-04-22,http://www.healthspace.ca/fha/childcare,N,Y,N,Natura Montessori Academy<br>Licensed Group<br>604-596-0547<br><br>Vacancy:<br>&nbsp;&nbsp;&nbsp;&nbsp;<36 months: Y<br>&nbsp;&nbsp;&nbsp;&nbsp;30 months -- 5 years: N<br>&nbsp;&nbsp;&nbsp;&nbsp;Preschool: N<br>&nbsp;&nbsp;&nbsp;&nbsp;Grade 1 - Age 12: N<br>
1711,Licensed Family,Abc Childcare,6938 Halligan St,,Burnaby,V5E 1R5,49.222728,-122.960214,778-238-8618,,,N,N,N,N,N,N,N,N,N,N,N,N,N,N,N,N,N,,,N,N,N,N,N,N,N,N,Y,N,Y,2026-05-17,http://www.healthspace.ca/fha/childcare,N,Y,N,Abc Childcare<br>Licensed Family<br>778-238-8618<br><br>Vacancy:<br>&nbsp;&nbsp;&nbsp;&nbsp;<36 months: N<br>&nbsp;&nbsp;&nbsp;&nbsp;30 months -- 5 years: Y<br>&nbsp;&nbsp;&nbsp;&nbsp;Preschool: N<br>&nbsp;&nbsp;&nbsp;&nbsp;Grade 1 - Age 12: Y<br>
1712,Licensed Group,Maple Treasure Children's Learning Centre Ltd,12081 201 St,,Maple Ridge,V2X 3M3,49.223105,-122.665207,778-839-6757,,,N,N,N,N,N,N,N,N,N,N,N,N,N,N,N,N,N,,,N,N,N,N,N,N,N,Y,N,N,N,2026-05-20,http://www.healthspace.ca/fha/childcare,N,Y,N,Maple Treasure Children's Learning Centre Ltd<br>Licensed Group<br>778-839-6757<br><br>Vacancy:<br>&nbsp;&nbsp;&nbsp;&nbsp;<36 months: Y<br>&nbsp;&nbsp;&nbsp;&nbsp;30 months -- 5 years: N<br>&nbsp;&nbsp;&nbsp;&nbsp;Preschool: N<br>&nbsp;&nbsp;&nbsp;&nbsp;Grade 1 - Age 12: N<br>
1713,Licensed Group,"Beanstalk Daycare, The",5416 Chinook St,,Chilliwack,V2R 0A6,49.100373,-121.989243,604-845-1050,,,N,N,N,N,N,N,N,N,N,N,N,N,N,N,N,N,N,,,N,N,N,N,N,N,N,N,N,N,N,2026-05-15,http://www.healthspace.ca/fha/childcare,N,Y,N,"Beanstalk Daycare, The<br>Licensed Group<br>604-845-1050<br><br>Vacancy:<br>&nbsp;&nbsp;&nbsp;&nbsp;<36 months: N<br>&nbsp;&nbsp;&nbsp;&nbsp;30 months -- 5 years: N<br>&nbsp;&nbsp;&nbsp;&nbsp;Preschool: N<br>&nbsp;&nbsp;&nbsp;&nbsp;Grade 1 - Age 12: N<br>"
1714,Licensed Group,Just Peachy Child Care Ltd.,1238 Knute Way,,Brentwood Bay,V8M 1G4,48.573301,-123.447817,250-888-4561,,,N,N,N,N,N,N,N,N,N,N,N,N,N,N,N,N,N,,,N,N,N,N,N,N,N,N,N,N,N,2026-05-19,https://www.healthspace.ca/clients/viha/viha_website.nsf/CCFL-Main?OpenView,N,Y,N,Just Peachy Child Care Ltd.<br>Licensed Group<br>250-888-4561<br><br>Vacancy:<br>&nbsp;&nbsp;&nbsp;&nbsp;<36 months: N<br>&nbsp;&nbsp;&nbsp;&nbsp;30 months -- 5 years: N<br>&nbsp;&nbsp;&nbsp;&nbsp;Preschool: N<br>&nbsp;&nbsp;&nbsp;&nbsp;Grade 1 - Age 12: N<br>
1715,Licensed Group,Willington Daycare,14693 108 Ave,,Surrey,V3R 1V9,49.198874,-122.815253,437-324-2625,,,N,N,N,N,N,N,N,N,N,N,N,N,N,N,N,N,N,,,N,N,N,N,N,N,N,N,Y,N,N,2026-05-15,http://www.healthspace.ca/fha/childcare,N,Y,N,Willington Daycare<br>Licensed Group<br>437-324-2625<br><br>Vacancy:<br>&nbsp;&nbsp;&nbsp;&nbsp;<36 months: N<br>&nbsp;&nbsp;&nbsp;&nbsp;30 months -- 5 years: Y<br>&nbsp;&nbsp;&nbsp;&nbsp;Preschool: N<br>&nbsp;&nbsp;&nbsp;&nbsp;Grade 1 - Age 12: N<br>
1716,Licensed Group,Honey Bees Studio Daycare,7854 6Th St,,Burnaby,V3N 3N3,49.219555,-122.928292,604-527-6760,,,N,N,N,N,N,N,N,N,N,N,N,N,N,N,N,N,N,,,N,N,N,N,N,N,N,N,N,N,N,2026-05-19,http://www.healthspace.ca/fha/childcare,N,Y,N,Honey Bees Studio Daycare<br>Licensed Group<br>604-527-6760<br><br>Vacancy:<br>&nbsp;&nbsp;&nbsp;&nbsp;<36 months: N<br>&nbsp;&nbsp;&nbsp;&nbsp;30 months -- 5 years: N<br>&nbsp;&nbsp;&nbsp;&nbsp;Preschool: N<br>&nbsp;&nbsp;&nbsp;&nbsp;Grade 1 - Age 12: N<br>
1717,Licensed Group,Watson Childcare Centre,45345 Watson Rd,,Chilliwack,V2R 2H5,49.111525,-121.969673,604-613-1148,,,N,N,N,N,N,N,N,N,N,N,N,N,N,N,N,N,N,,,N,N,N,N,N,N,N,N,N,N,N,2026-05-21,http://www.healthspace.ca/fha/childcare,N,Y,N,Watson Childcare Centre<br>Licensed Group<br>604-613-1148<br><br>Vacancy:<br>&nbsp;&nbsp;&nbsp;&nbsp;<36 months: N<br>&nbsp;&nbsp;&nbsp;&nbsp;30 months -- 5 years: N<br>&nbsp;&nbsp;&nbsp;&nbsp;Preschool: N<br>&nbsp;&nbsp;&nbsp;&nbsp;Grade 1 - Age 12: N<br>
1718,Licensed Family,Kinderville Childcare Ltd,15524 Madrona Dr,,Surrey,V4A 5N3,49.040941,-122.792033,778-834-3502,,,N,N,N,N,N,N,N,N,N,N,N,N,N,N,N,N,N,,,N,N,N,N,N,N,N,N,Y,N,N,2026-04-29,http://www.healthspace.ca/fha/childcare,N,Y,N,Kinderville Childcare Ltd<br>Licensed Family<br>778-834-3502<br><br>Vacancy:<br>&nbsp;&nbsp;&nbsp;&nbsp;<36 months: N<br>&nbsp;&nbsp;&nbsp;&nbsp;30 months -- 5 years: Y<br>&nbsp;&nbsp;&nbsp;&nbsp;Preschool: N<br>&nbsp;&nbsp;&nbsp;&nbsp;Grade 1 - Age 12: N<br>
1719,Licensed Family,Rose's Daycare,5205 45 St,,Fort Nelson,V0C 1R0,58.807037,-122.690458,250-321-1135,,,N,N,N,N,N,N,N,N,N,N,N,N,N,N,N,N,N,,,N,N,N,N,N,N,N,Y,Y,N,N,2026-05-15,https://www.healthspace.ca/Clients/NHA/NHA_Website.nsf/CCFL-Frameset,N,Y,N,Rose's Daycare<br>Licensed Family<br>250-321-1135<br><br>Vacancy:<br>&nbsp;&nbsp;&nbsp;&nbsp;<36 months: Y<br>&nbsp;&nbsp;&nbsp;&nbsp;30 months -- 5 years: Y<br>&nbsp;&nbsp;&nbsp;&nbsp;Preschool: N<br>&nbsp;&nbsp;&nbsp;&nbsp;Grade 1 - Age 12: N<br>
1720,Licensed Group,Little Koala Montessori Academy Clarke,110-12855 Clarke Pl,,Richmond,V6V 2H9,49.186128,-123.081866,778-999-9229,,,N,N,N,N,N,N,N,N,N,N,N,N,N,N,N,N,N,,,N,N,N,N,N,N,N,Y,N,N,N,2026-05-15,https://inspections.vcha.ca/ChildCare/Table,N,Y,Y,Little Koala Montessori Academy Clarke<br>Licensed Group<br>778-999-9229<br><br>Vacancy:<br>&nbsp;&nbsp;&nbsp;&nbsp;<36 months: Y<br>&nbsp;&nbsp;&nbsp;&nbsp;30 months -- 5 years: N<br>&nbsp;&nbsp;&nbsp;&nbsp;Preschool: N<br>&nbsp;&nbsp;&nbsp;&nbsp;Grade 1 - Age 12: N<br>
1721,Licensed Group,Little Koala Montessori Academy Clarke,110-12855 Clarke Pl,,Richmond,V6V 2H9,49.186128,-123.081866,778-999-9229,,,N,N,N,N,N,N,N,N,N,N,N,N,N,N,N,N,N,,,N,N,N,N,N,N,N,N,Y,N,N,2026-05-15,https://inspections.vcha.ca/ChildCare/Table,N,Y,Y,Little Koala Montessori Academy Clarke<br>Licensed Group<br>778-999-9229<br><br>Vacancy:<br>&nbsp;&nbsp;&nbsp;&nbsp;<36 months: N<br>&nbsp;&nbsp;&nbsp;&nbsp;30 months -- 5 years: Y<br>&nbsp;&nbsp;&nbsp;&nbsp;Preschool: N<br>&nbsp;&nbsp;&nbsp;&nbsp;Grade 1 - Age 12: N<br>
1722,Licensed Group,Garderie Les Explorateurs,1102 Alder St S,,Campbell River,V9W 1Z7,49.987437,-125.233763,604-736-5056,,,N,N,N,N,N,N,N,N,N,N,N,N,N,N,N,N,N,Not offered,Not offered,N,N,N,N,N,N,N,Y,Y,N,N,2026-04-30,https://www.healthspace.ca/clients/viha/viha_website.nsf/CCFL-Main?OpenView,N,Y,N,Garderie Les Explorateurs<br>Licensed Group<br>604-736-5056<br><br>Vacancy:<br>&nbsp;&nbsp;&nbsp;&nbsp;<36 months: Y<br>&nbsp;&nbsp;&nbsp;&nbsp;30 months -- 5 years: Y<br>&nbsp;&nbsp;&nbsp;&nbsp;Preschool: N<br>&nbsp;&nbsp;&nbsp;&nbsp;Grade 1 - Age 12: N<br>
1723,Licensed Family,Magic Dragon Daycare,1589 Burgess Rd,,Courtenay,V9N 5R8,49.676274,-125.009071,250-334-0902,,,N,N,N,N,N,N,N,N,N,N,N,N,N,N,N,N,N,,,N,N,N,N,N,N,N,N,N,N,N,2026-05-15,https://www.healthspace.ca/clients/viha/viha_website.nsf/CCFL-Main?OpenView,N,Y,N,Magic Dragon Daycare<br>Licensed Family<br>250-334-0902<br><br>Vacancy:<br>&nbsp;&nbsp;&nbsp;&nbsp;<36 months: N<br>&nbsp;&nbsp;&nbsp;&nbsp;30 months -- 5 years: N<br>&nbsp;&nbsp;&nbsp;&nbsp;Preschool: N<br>&nbsp;&nbsp;&nbsp;&nbsp;Grade 1 - Age 12: N<br>
1724,Licensed Group,Seamless Day Fulford School,203 South Ridge Dr,,Salt Spring Island,V8K 1Y9,48.776345,-123.447091,250-653-9223,,,,,,,,,,,,,,,,,,,,,,,,,,,,,,,,,,,Y,Y,N,Seamless Day Fulford School<br>Licensed Group<br>250-653-9223<br><br>Vacancy:<br>&nbsp;&nbsp;&nbsp;&nbsp;<36 months: None<br>&nbsp;&nbsp;&nbsp;&nbsp;30 months -- 5 years: None<br>&nbsp;&nbsp;&nbsp;&nbsp;Preschool: None<br>&nbsp;&nbsp;&nbsp;&nbsp;Grade 1 - Age 12: None<br>
1725,Licensed Group,St. Ann's Parish Daycare,33333 Mayfair Ave,,Abbotsford,V2S 1P4,49.040978,-122.300731,604-852-5602,,,N,N,N,N,N,N,N,N,N,N,N,N,N,N,N,N,N,Extra fee,Extra fee,N,N,N,N,N,N,N,N,N,N,N,2026-05-04,http://www.healthspace.ca/fha/childcare,N,Y,N,St. Ann's Parish Daycare<br>Licensed Group<br>604-852-5602<br><br>Vacancy:<br>&nbsp;&nbsp;&nbsp;&nbsp;<36 months: N<br>&nbsp;&nbsp;&nbsp;&nbsp;30 months -- 5 years: N<br>&nbsp;&nbsp;&nbsp;&nbsp;Preschool: N<br>&nbsp;&nbsp;&nbsp;&nbsp;Grade 1 - Age 12: N<br>
1726,Licensed Family,Lil Prodigies Centre,7123 Curtis St,,Burnaby,V5A 1J7,49.27548,-122.955368,604-291-0756,,,N,N,N,N,N,N,N,N,N,N,N,N,N,N,N,N,N,,,N,N,N,N,N,N,N,Y,Y,N,N,2026-05-20,http://www.healthspace.ca/fha/childcare,N,Y,N,Lil Prodigies Centre<br>Licensed Family<br>604-291-0756<br><br>Vacancy:<br>&nbsp;&nbsp;&nbsp;&nbsp;<36 months: Y<br>&nbsp;&nbsp;&nbsp;&nbsp;30 months -- 5 years: Y<br>&nbsp;&nbsp;&nbsp;&nbsp;Preschool: N<br>&nbsp;&nbsp;&nbsp;&nbsp;Grade 1 - Age 12: N<br>
1727,Licensed Group,Simply Kids Early Learning Society,20611 80 Ave,,Langley,V2Y 2A6,49.149051,-122.651793,604-593-2266,,,N,N,N,N,N,N,Y,Y,N,N,N,N,N,N,N,N,N,Not offered,Not offered,N,N,N,N,N,N,N,N,Y,N,N,2026-05-19,http://www.healthspace.ca/fha/childcare,N,Y,N,Simply Kids Early Learning Society<br>Licensed Group<br>604-593-2266<br><br>Vacancy:<br>&nbsp;&nbsp;&nbsp;&nbsp;<36 months: N<br>&nbsp;&nbsp;&nbsp;&nbsp;30 months -- 5 years: Y<br>&nbsp;&nbsp;&nbsp;&nbsp;Preschool: N<br>&nbsp;&nbsp;&nbsp;&nbsp;Grade 1 - Age 12: N<br>
1728,Licensed Group,Bench Elementary School - Out Of School Care,1501 Cowichan Bay Rd,,Cowichan Bay,V0R 1N2,48.730126,-123.607203,250-743-5552,,,N,N,N,N,N,N,N,N,N,N,N,N,N,N,N,N,N,,,N,N,N,N,N,N,N,N,Y,N,Y,2026-05-21,https://www.healthspace.ca/clients/viha/viha_website.nsf/CCFL-Main?OpenView,N,Y,N,Bench Elementary School - Out Of School Care<br>Licensed Group<br>250-743-5552<br><br>Vacancy:<br>&nbsp;&nbsp;&nbsp;&nbsp;<36 months: N<br>&nbsp;&nbsp;&nbsp;&nbsp;30 months -- 5 years: Y<br>&nbsp;&nbsp;&nbsp;&nbsp;Preschool: N<br>&nbsp;&nbsp;&nbsp;&nbsp;Grade 1 - Age 12: Y<br>
1729,Licensed Group,Lil' Quills Head Start/Daycare,818 99 South,,Lillooet,V0K 1V0,50.674506,-121.934903,778-784-2129,,,,,,,,,,,,,,,,,,,,,,,,,,,,,,,,,,,Y,Y,N,Lil' Quills Head Start/Daycare<br>Licensed Group<br>778-784-2129<br><br>Vacancy:<br>&nbsp;&nbsp;&nbsp;&nbsp;<36 months: None<br>&nbsp;&nbsp;&nbsp;&nbsp;30 months -- 5 years: None<br>&nbsp;&nbsp;&nbsp;&nbsp;Preschool: None<br>&nbsp;&nbsp;&nbsp;&nbsp;Grade 1 - Age 12: None<br>
1730,Licensed Group,Aristokids Center,46077 Victoria Ave,,Chilliwack,V2P 2V1,49.17281,-121.950278,778-358-9090,,,N,N,N,N,N,N,N,N,N,N,N,N,N,N,N,N,N,,,N,N,N,N,N,N,N,N,N,N,N,2026-05-19,http://www.healthspace.ca/fha/childcare,N,Y,N,Aristokids Center<br>Licensed Group<br>778-358-9090<br><br>Vacancy:<br>&nbsp;&nbsp;&nbsp;&nbsp;<36 months: N<br>&nbsp;&nbsp;&nbsp;&nbsp;30 months -- 5 years: N<br>&nbsp;&nbsp;&nbsp;&nbsp;Preschool: N<br>&nbsp;&nbsp;&nbsp;&nbsp;Grade 1 - Age 12: N<br>
1731,Licensed Group,Toddler Kingdom Childcare 01,6754 142 St,,Surrey,V3W 5M7,49.12524,-122.828622,778-714-9800,,,N,N,N,N,N,N,N,N,N,N,N,N,N,N,N,N,N,,,N,N,N,N,N,N,N,Y,N,N,N,2026-05-15,http://www.healthspace.ca/fha/childcare,N,Y,N,Toddler Kingdom Childcare 01<br>Licensed Group<br>778-714-9800<br><br>Vacancy:<br>&nbsp;&nbsp;&nbsp;&nbsp;<36 months: Y<br>&nbsp;&nbsp;&nbsp;&nbsp;30 months -- 5 years: N<br>&nbsp;&nbsp;&nbsp;&nbsp;Preschool: N<br>&nbsp;&nbsp;&nbsp;&nbsp;Grade 1 - Age 12: N<br>
1732,Licensed Family,Blossoming Ninos Childcare Centre,900 Glenayre Dr,,Port Moody,V3H 1J4,49.271177,-122.880085,778-986-6154,,,N,N,N,N,N,N,N,N,N,N,N,N,N,N,N,N,N,,,N,N,N,N,N,N,N,N,N,N,N,2026-05-03,http://www.healthspace.ca/fha/childcare,N,Y,N,Blossoming Ninos Childcare Centre<br>Licensed Family<br>778-986-6154<br><br>Vacancy:<br>&nbsp;&nbsp;&nbsp;&nbsp;<36 months: N<br>&nbsp;&nbsp;&nbsp;&nbsp;30 months -- 5 years: N<br>&nbsp;&nbsp;&nbsp;&nbsp;Preschool: N<br>&nbsp;&nbsp;&nbsp;&nbsp;Grade 1 - Age 12: N<br>
1733,Licensed Group,Silver Creek Elementary School,935 Salmon River Rd,,Salmon Arm,V1E 3G3,50.591695,-119.36309,250-833-2095,,,N,N,N,N,N,N,N,N,N,N,N,N,N,N,N,N,N,,,N,N,N,N,N,N,N,N,N,N,Y,2026-05-06,https://hedgehogportal.interiorhealth.ca/ChildCare/Map,N,Y,N,Silver Creek Elementary School<br>Licensed Group<br>250-833-2095<br><br>Vacancy:<br>&nbsp;&nbsp;&nbsp;&nbsp;<36 months: N<br>&nbsp;&nbsp;&nbsp;&nbsp;30 months -- 5 years: N<br>&nbsp;&nbsp;&nbsp;&nbsp;Preschool: N<br>&nbsp;&nbsp;&nbsp;&nbsp;Grade 1 - Age 12: Y<br>
1734,Licensed Group,Blue Heron Montessori Nestlings,1234 Juno St,,Esquimalt,V9A 5K1,48.42771,-123.416303,250-686-7703,,,N,N,N,N,N,N,N,N,N,N,N,N,N,N,N,N,N,,,N,N,N,N,N,N,N,N,N,N,N,2026-05-15,https://www.healthspace.ca/clients/viha/viha_website.nsf/CCFL-Main?OpenView,N,Y,N,Blue Heron Montessori Nestlings<br>Licensed Group<br>250-686-7703<br><br>Vacancy:<br>&nbsp;&nbsp;&nbsp;&nbsp;<36 months: N<br>&nbsp;&nbsp;&nbsp;&nbsp;30 months -- 5 years: N<br>&nbsp;&nbsp;&nbsp;&nbsp;Preschool: N<br>&nbsp;&nbsp;&nbsp;&nbsp;Grade 1 - Age 12: N<br>
1735,Licensed Group,Fernwood Playschool Ltd.,1811 Cook St,,Victoria,V8T 3P5,48.429734,-123.352597,250-580-4880,,,N,N,N,N,N,N,N,N,N,N,N,N,N,N,N,N,N,,,N,N,N,N,N,N,N,Y,Y,N,N,2026-05-18,https://www.healthspace.ca/clients/viha/viha_website.nsf/CCFL-Main?OpenView,N,Y,N,Fernwood Playschool Ltd.<br>Licensed Group<br>250-580-4880<br><br>Vacancy:<br>&nbsp;&nbsp;&nbsp;&nbsp;<36 months: Y<br>&nbsp;&nbsp;&nbsp;&nbsp;30 months -- 5 years: Y<br>&nbsp;&nbsp;&nbsp;&nbsp;Preschool: N<br>&nbsp;&nbsp;&nbsp;&nbsp;Grade 1 - Age 12: N<br>
1736,Licensed Group,Garderie Les Rigolos,1415 Andrews Ave,,Victoria,V8P 2S7,48.47084,-123.345824,604-736-5056,,,N,N,N,N,N,N,N,N,N,N,N,N,N,N,N,N,N,Not offered,Not offered,N,N,N,N,N,N,N,N,Y,N,Y,2026-04-30,https://www.healthspace.ca/clients/viha/viha_website.nsf/CCFL-Main?OpenView,N,Y,N,Garderie Les Rigolos<br>Licensed Group<br>604-736-5056<br><br>Vacancy:<br>&nbsp;&nbsp;&nbsp;&nbsp;<36 months: N<br>&nbsp;&nbsp;&nbsp;&nbsp;30 months -- 5 years: Y<br>&nbsp;&nbsp;&nbsp;&nbsp;Preschool: N<br>&nbsp;&nbsp;&nbsp;&nbsp;Grade 1 - Age 12: Y<br>
1737,Licensed Group,Mouse Mountain Elementary School,266 Taluk Ave,,Fraser Lake,V0J 1S0,54.060256,-124.837475,250-699-6627,,,N,N,N,N,N,N,N,N,N,N,N,N,N,N,N,N,N,,,N,N,N,N,N,N,N,N,N,N,Y,2026-05-14,https://www.healthspace.ca/Clients/NHA/NHA_Website.nsf/CCFL-Frameset,N,Y,N,Mouse Mountain Elementary School<br>Licensed Group<br>250-699-6627<br><br>Vacancy:<br>&nbsp;&nbsp;&nbsp;&nbsp;<36 months: N<br>&nbsp;&nbsp;&nbsp;&nbsp;30 months -- 5 years: N<br>&nbsp;&nbsp;&nbsp;&nbsp;Preschool: N<br>&nbsp;&nbsp;&nbsp;&nbsp;Grade 1 - Age 12: Y<br>
1738,Licensed Group,Class Of West K - Unit 1,201-1979 Old Okanagan Hwy,,Westbank,V4T 3A4,49.850614,-119.599618,250-878-7803,,,N,N,N,N,N,N,N,N,N,N,N,N,N,N,N,N,N,,,N,N,N,N,N,N,N,N,Y,N,N,2026-05-14,https://hedgehogportal.interiorhealth.ca/ChildCare/Map,N,Y,N,Class Of West K - Unit 1<br>Licensed Group<br>250-878-7803<br><br>Vacancy:<br>&nbsp;&nbsp;&nbsp;&nbsp;<36 months: N<br>&nbsp;&nbsp;&nbsp;&nbsp;30 months -- 5 years: Y<br>&nbsp;&nbsp;&nbsp;&nbsp;Preschool: N<br>&nbsp;&nbsp;&nbsp;&nbsp;Grade 1 - Age 12: N<br>
1739,Licensed Group,Mt. Arrowsmith Childcare Ltd.,6211 Cherry Creek Rd,,Port Alberni,V9Y 8S9,49.284028,-124.789022,250-802-7751,,,N,N,N,N,N,N,N,N,N,N,N,N,N,N,N,N,N,,,N,N,N,N,N,N,N,N,N,N,N,2026-05-13,https://www.healthspace.ca/clients/viha/viha_website.nsf/CCFL-Main?OpenView,N,Y,N,Mt. Arrowsmith Childcare Ltd.<br>Licensed Group<br>250-802-7751<br><br>Vacancy:<br>&nbsp;&nbsp;&nbsp;&nbsp;<36 months: N<br>&nbsp;&nbsp;&nbsp;&nbsp;30 months -- 5 years: N<br>&nbsp;&nbsp;&nbsp;&nbsp;Preschool: N<br>&nbsp;&nbsp;&nbsp;&nbsp;Grade 1 - Age 12: N<br>
1740,Licensed Group,Seksik Early Care And Learning Centre,570 Cordova St E,,Vancouver,V6A 1L7,49.282114,-123.091912,604-834-0220,,,N,N,N,N,N,N,N,N,N,N,N,N,N,N,N,N,N,,,N,N,N,N,N,N,N,Y,N,N,N,2026-05-13,https://inspections.vcha.ca/ChildCare/Table,N,Y,N,Seksik Early Care And Learning Centre<br>Licensed Group<br>604-834-0220<br><br>Vacancy:<br>&nbsp;&nbsp;&nbsp;&nbsp;<36 months: Y<br>&nbsp;&nbsp;&nbsp;&nbsp;30 months -- 5 years: N<br>&nbsp;&nbsp;&nbsp;&nbsp;Preschool: N<br>&nbsp;&nbsp;&nbsp;&nbsp;Grade 1 - Age 12: N<br>
1741,Licensed Group,Seksik Early Care And Learning Centre,570 E. Cordova Street,,Vancouver,V6A 1L7,49.282114,-123.091906,604-834-0220,,,N,N,N,N,N,N,N,N,N,N,N,N,N,N,N,N,N,,,N,N,N,N,N,N,N,N,Y,N,N,2026-05-13,https://inspections.vcha.ca/ChildCare/Table,N,Y,N,Seksik Early Care And Learning Centre<br>Licensed Group<br>604-834-0220<br><br>Vacancy:<br>&nbsp;&nbsp;&nbsp;&nbsp;<36 months: N<br>&nbsp;&nbsp;&nbsp;&nbsp;30 months -- 5 years: Y<br>&nbsp;&nbsp;&nbsp;&nbsp;Preschool: N<br>&nbsp;&nbsp;&nbsp;&nbsp;Grade 1 - Age 12: N<br>
1742,Licensed Group,Twig +Owl/ Emerson,1289 Emerson Way,,North Vancouver,V7H 2B6,49.318786,-122.998382,604-929-5371,,,N,N,N,N,N,N,N,N,N,N,N,N,N,N,N,N,N,,,N,N,N,N,N,N,N,Y,Y,N,N,2026-04-19,https://inspections.vcha.ca/ChildCare/Table,N,Y,Y,Twig +Owl/ Emerson<br>Licensed Group<br>604-929-5371<br><br>Vacancy:<br>&nbsp;&nbsp;&nbsp;&nbsp;<36 months: Y<br>&nbsp;&nbsp;&nbsp;&nbsp;30 months -- 5 years: Y<br>&nbsp;&nbsp;&nbsp;&nbsp;Preschool: N<br>&nbsp;&nbsp;&nbsp;&nbsp;Grade 1 - Age 12: N<br>
1743,Licensed Group,Kuddles Early Infant Stimulation Centre Ltd.,407 Mountain Hwy,,North Vancouver,V7J 2L1,49.309029,-123.032556,604-729-6538,,,N,N,N,N,N,N,N,N,N,N,N,N,N,N,N,N,N,,,N,N,N,N,N,N,N,N,N,N,N,2026-04-30,https://inspections.vcha.ca/ChildCare/Table,N,Y,Y,Kuddles Early Infant Stimulation Centre Ltd.<br>Licensed Group<br>604-729-6538<br><br>Vacancy:<br>&nbsp;&nbsp;&nbsp;&nbsp;<36 months: N<br>&nbsp;&nbsp;&nbsp;&nbsp;30 months -- 5 years: N<br>&nbsp;&nbsp;&nbsp;&nbsp;Preschool: N<br>&nbsp;&nbsp;&nbsp;&nbsp;Grade 1 - Age 12: N<br>
1744,Licensed Group,Kuddles Early Infant Stimulation Centre Ltd.,407 Mountain Hwy,,North Vancouver,V7J 2L1,49.309029,-123.032556,604-729-6538,,,N,N,N,N,N,N,N,N,N,N,N,N,N,N,N,N,N,,,N,N,N,N,N,N,N,N,N,N,N,2026-04-30,https://inspections.vcha.ca/ChildCare/Table,N,Y,Y,Kuddles Early Infant Stimulation Centre Ltd.<br>Licensed Group<br>604-729-6538<br><br>Vacancy:<br>&nbsp;&nbsp;&nbsp;&nbsp;<36 months: N<br>&nbsp;&nbsp;&nbsp;&nbsp;30 months -- 5 years: N<br>&nbsp;&nbsp;&nbsp;&nbsp;Preschool: N<br>&nbsp;&nbsp;&nbsp;&nbsp;Grade 1 - Age 12: N<br>
1745,Licensed Group,Goodwin Academy Childcare,1-10468 Whalley Blvd,,Surrey,V3T 4H5,49.19295,-122.842014,604-518-7531,,,N,N,N,N,N,N,N,N,N,N,N,N,N,N,N,N,N,,,N,N,N,N,N,N,N,Y,Y,N,N,2026-05-14,http://www.healthspace.ca/fha/childcare,N,Y,N,Goodwin Academy Childcare<br>Licensed Group<br>604-518-7531<br><br>Vacancy:<br>&nbsp;&nbsp;&nbsp;&nbsp;<36 months: Y<br>&nbsp;&nbsp;&nbsp;&nbsp;30 months -- 5 years: Y<br>&nbsp;&nbsp;&nbsp;&nbsp;Preschool: N<br>&nbsp;&nbsp;&nbsp;&nbsp;Grade 1 - Age 12: N<br>
1746,Licensed Group,Rothewood Academy Richmond Garden City,210-4591 Garden City Rd,,Richmond,V6X 2K4,49.17965,-123.125387,604-238-6070,,,N,N,N,N,N,N,N,N,N,N,N,N,N,N,N,N,N,,,N,N,N,N,N,N,N,Y,Y,N,N,2026-05-19,https://inspections.vcha.ca/ChildCare/Table,N,Y,Y,Rothewood Academy Richmond Garden City<br>Licensed Group<br>604-238-6070<br><br>Vacancy:<br>&nbsp;&nbsp;&nbsp;&nbsp;<36 months: Y<br>&nbsp;&nbsp;&nbsp;&nbsp;30 months -- 5 years: Y<br>&nbsp;&nbsp;&nbsp;&nbsp;Preschool: N<br>&nbsp;&nbsp;&nbsp;&nbsp;Grade 1 - Age 12: N<br>
1747,Licensed Group,Rothewood Academy Richmond Garden City,210-4591 Garden City Rd,,Richmond,V6X 2K4,49.17965,-123.125387,604-238-6070,,,N,N,N,N,N,N,N,N,N,N,N,N,N,N,N,N,N,,,N,N,N,N,N,N,N,Y,Y,N,N,2026-05-19,https://inspections.vcha.ca/ChildCare/Table,N,Y,Y,Rothewood Academy Richmond Garden City<br>Licensed Group<br>604-238-6070<br><br>Vacancy:<br>&nbsp;&nbsp;&nbsp;&nbsp;<36 months: Y<br>&nbsp;&nbsp;&nbsp;&nbsp;30 months -- 5 years: Y<br>&nbsp;&nbsp;&nbsp;&nbsp;Preschool: N<br>&nbsp;&nbsp;&nbsp;&nbsp;Grade 1 - Age 12: N<br>
1748,Licensed Group,Wonderworld Montessori Academy-Metrotown,6390 Silver Ave,,Burnaby,V5H 0E1,49.225253,-123.005925,604-612-4254,,,N,N,N,N,N,N,N,N,N,N,N,N,N,N,N,N,N,,,N,N,N,N,N,N,N,N,N,N,N,2026-05-14,http://www.healthspace.ca/fha/childcare,N,Y,N,Wonderworld Montessori Academy-Metrotown<br>Licensed Group<br>604-612-4254<br><br>Vacancy:<br>&nbsp;&nbsp;&nbsp;&nbsp;<36 months: N<br>&nbsp;&nbsp;&nbsp;&nbsp;30 months -- 5 years: N<br>&nbsp;&nbsp;&nbsp;&nbsp;Preschool: N<br>&nbsp;&nbsp;&nbsp;&nbsp;Grade 1 - Age 12: N<br>
1749,Licensed Group,The Backyard Daycare,2983 Palm Cres,,Abbotsford,V2T 2G5,49.056414,-122.346319,604-897-6927,,,N,N,N,N,N,N,N,N,N,N,N,N,N,N,N,N,N,,,N,N,N,N,N,N,N,N,N,N,N,2026-05-05,http://www.healthspace.ca/fha/childcare,N,Y,N,The Backyard Daycare<br>Licensed Group<br>604-897-6927<br><br>Vacancy:<br>&nbsp;&nbsp;&nbsp;&nbsp;<36 months: N<br>&nbsp;&nbsp;&nbsp;&nbsp;30 months -- 5 years: N<br>&nbsp;&nbsp;&nbsp;&nbsp;Preschool: N<br>&nbsp;&nbsp;&nbsp;&nbsp;Grade 1 - Age 12: N<br>
1750,Licensed Group,Cayoosh Elementary School,351 6 Ave,,Lillooet,V0K 1V0,50.692535,-121.939389,250-256-4212,,,N,N,N,N,N,N,N,N,N,N,N,N,N,N,N,N,N,,,N,N,N,N,N,N,N,N,N,N,N,2026-05-04,https://hedgehogportal.interiorhealth.ca/ChildCare/Map,N,Y,N,Cayoosh Elementary School<br>Licensed Group<br>250-256-4212<br><br>Vacancy:<br>&nbsp;&nbsp;&nbsp;&nbsp;<36 months: N<br>&nbsp;&nbsp;&nbsp;&nbsp;30 months -- 5 years: N<br>&nbsp;&nbsp;&nbsp;&nbsp;Preschool: N<br>&nbsp;&nbsp;&nbsp;&nbsp;Grade 1 - Age 12: N<br>
1751,Licensed Group,Okanagan Landing Elementary School,7322 Grant Rd,,Vernon,V1H 1G6,50.238042,-119.344404,250-260-4490,,,N,N,N,N,N,N,N,N,N,N,N,N,N,N,N,N,N,,,N,N,N,N,N,N,N,N,Y,N,Y,2026-04-09,https://hedgehogportal.interiorhealth.ca/ChildCare/Map,N,Y,N,Okanagan Landing Elementary School<br>Licensed Group<br>250-260-4490<br><br>Vacancy:<br>&nbsp;&nbsp;&nbsp;&nbsp;<36 months: N<br>&nbsp;&nbsp;&nbsp;&nbsp;30 months -- 5 years: Y<br>&nbsp;&nbsp;&nbsp;&nbsp;Preschool: N<br>&nbsp;&nbsp;&nbsp;&nbsp;Grade 1 - Age 12: Y<br>
1752,Licensed Group,Kamloops Lollipop Kids Centre,2632 Young Pl,,Kamloops,V2B 8A4,50.704894,-120.423904,250-819-7893,,,N,N,N,N,N,N,N,N,N,N,N,N,N,N,N,N,N,,,N,N,N,N,N,N,N,N,N,N,Y,2026-05-19,https://hedgehogportal.interiorhealth.ca/ChildCare/Map,N,Y,N,Kamloops Lollipop Kids Centre<br>Licensed Group<br>250-819-7893<br><br>Vacancy:<br>&nbsp;&nbsp;&nbsp;&nbsp;<36 months: N<br>&nbsp;&nbsp;&nbsp;&nbsp;30 months -- 5 years: N<br>&nbsp;&nbsp;&nbsp;&nbsp;Preschool: N<br>&nbsp;&nbsp;&nbsp;&nbsp;Grade 1 - Age 12: Y<br>
1753,Licensed Family,Tnt Family Child Care,220 Wallace Rd,,Kelowna,V1X 4T1,49.905643,-119.384186,250-808-3633,,,N,N,N,N,N,N,N,N,N,N,N,N,N,N,N,N,N,,,N,N,N,N,N,N,N,Y,Y,N,N,2026-05-18,https://hedgehogportal.interiorhealth.ca/ChildCare/Map,N,Y,N,Tnt Family Child Care<br>Licensed Family<br>250-808-3633<br><br>Vacancy:<br>&nbsp;&nbsp;&nbsp;&nbsp;<36 months: Y<br>&nbsp;&nbsp;&nbsp;&nbsp;30 months -- 5 years: Y<br>&nbsp;&nbsp;&nbsp;&nbsp;Preschool: N<br>&nbsp;&nbsp;&nbsp;&nbsp;Grade 1 - Age 12: N<br>
1754,Licensed Group,Bbbs Childcare - Beaverly,101-9777 Western Rd,,Prince George,V2N 6M9,53.83059,-122.874723,250-563-7410,,,N,N,N,N,N,N,N,N,N,N,N,N,N,N,N,N,N,,,N,N,N,N,N,N,N,N,N,N,Y,2026-05-15,https://www.healthspace.ca/Clients/NHA/NHA_Website.nsf/CCFL-Frameset,N,Y,N,Bbbs Childcare - Beaverly<br>Licensed Group<br>250-563-7410<br><br>Vacancy:<br>&nbsp;&nbsp;&nbsp;&nbsp;<36 months: N<br>&nbsp;&nbsp;&nbsp;&nbsp;30 months -- 5 years: N<br>&nbsp;&nbsp;&nbsp;&nbsp;Preschool: N<br>&nbsp;&nbsp;&nbsp;&nbsp;Grade 1 - Age 12: Y<br>
1755,Licensed Group,Marpole Oakridge Family Place Society (Mofp),8188 Lord St,,Vancouver,V6P 0G8,49.210207,-123.117993,604-263-1405,,,N,N,N,N,N,N,N,N,N,N,N,N,N,N,N,N,N,,,N,N,N,N,N,N,N,N,N,N,N,2026-05-08,https://inspections.vcha.ca/ChildCare/Table,N,Y,N,Marpole Oakridge Family Place Society (Mofp)<br>Licensed Group<br>604-263-1405<br><br>Vacancy:<br>&nbsp;&nbsp;&nbsp;&nbsp;<36 months: N<br>&nbsp;&nbsp;&nbsp;&nbsp;30 months -- 5 years: N<br>&nbsp;&nbsp;&nbsp;&nbsp;Preschool: N<br>&nbsp;&nbsp;&nbsp;&nbsp;Grade 1 - Age 12: N<br>
1756,Licensed Group,Garderie Les Riverains,7674 Stave Lake St,,Mission,V2V 4G4,49.141325,-122.291201,604-736-5056,,,N,N,N,N,N,N,N,N,N,N,N,N,N,N,N,N,N,Not offered,Not offered,N,N,N,N,N,N,N,Y,Y,N,Y,2026-04-30,http://www.healthspace.ca/fha/childcare,N,Y,N,Garderie Les Riverains<br>Licensed Group<br>604-736-5056<br><br>Vacancy:<br>&nbsp;&nbsp;&nbsp;&nbsp;<36 months: Y<br>&nbsp;&nbsp;&nbsp;&nbsp;30 months -- 5 years: Y<br>&nbsp;&nbsp;&nbsp;&nbsp;Preschool: N<br>&nbsp;&nbsp;&nbsp;&nbsp;Grade 1 - Age 12: Y<br>
1757,Licensed Group,Momentos De Ninos Childcare Ltd,5875 mckee St,,Burnaby,V5J 2V4,49.211416,-122.97793,778-865-9183,,,N,N,N,N,N,N,N,N,N,N,N,N,N,N,N,N,N,,,N,N,N,N,N,N,N,Y,N,N,N,2026-05-02,http://www.healthspace.ca/fha/childcare,N,Y,N,Momentos De Ninos Childcare Ltd<br>Licensed Group<br>778-865-9183<br><br>Vacancy:<br>&nbsp;&nbsp;&nbsp;&nbsp;<36 months: Y<br>&nbsp;&nbsp;&nbsp;&nbsp;30 months -- 5 years: N<br>&nbsp;&nbsp;&nbsp;&nbsp;Preschool: N<br>&nbsp;&nbsp;&nbsp;&nbsp;Grade 1 - Age 12: N<br>
1758,Licensed Group,Bgc-Okanagan Armstrong,3015 Wood Ave,,Armstrong,V0E 1B2,50.448302,-119.19782,250-546-9900,,,N,N,N,N,N,N,N,N,N,N,N,N,N,N,N,N,N,,,N,N,N,N,N,N,N,N,N,N,N,2026-05-15,https://hedgehogportal.interiorhealth.ca/ChildCare/Map,N,Y,N,Bgc-Okanagan Armstrong<br>Licensed Group<br>250-546-9900<br><br>Vacancy:<br>&nbsp;&nbsp;&nbsp;&nbsp;<36 months: N<br>&nbsp;&nbsp;&nbsp;&nbsp;30 months -- 5 years: N<br>&nbsp;&nbsp;&nbsp;&nbsp;Preschool: N<br>&nbsp;&nbsp;&nbsp;&nbsp;Grade 1 - Age 12: N<br>
1759,Licensed Group,"Sunnyside ""2"" Child Care Centre",500 Hays Cove Circle,,Prince Rupert,V8J 3W1,54.318437,-130.309245,250-600-0283,,,N,N,N,N,N,N,N,N,N,N,N,N,N,N,N,N,N,,,N,N,N,N,N,N,N,N,N,N,N,2026-05-01,https://www.healthspace.ca/Clients/NHA/NHA_Website.nsf/CCFL-Frameset,N,Y,N,"Sunnyside ""2"" Child Care Centre<br>Licensed Group<br>250-600-0283<br><br>Vacancy:<br>&nbsp;&nbsp;&nbsp;&nbsp;<36 months: N<br>&nbsp;&nbsp;&nbsp;&nbsp;30 months -- 5 years: N<br>&nbsp;&nbsp;&nbsp;&nbsp;Preschool: N<br>&nbsp;&nbsp;&nbsp;&nbsp;Grade 1 - Age 12: N<br>"
1760,Licensed Family,Kidzania Day Care,14517 76 Ave,,Surrey,V3S 2G8,49.141136,-122.820138,778-592-8778,,,N,N,N,N,N,N,N,N,N,N,N,N,N,N,N,N,N,,,N,N,N,N,N,N,N,N,N,N,N,2026-05-07,http://www.healthspace.ca/fha/childcare,N,Y,N,Kidzania Day Care<br>Licensed Family<br>778-592-8778<br><br>Vacancy:<br>&nbsp;&nbsp;&nbsp;&nbsp;<36 months: N<br>&nbsp;&nbsp;&nbsp;&nbsp;30 months -- 5 years: N<br>&nbsp;&nbsp;&nbsp;&nbsp;Preschool: N<br>&nbsp;&nbsp;&nbsp;&nbsp;Grade 1 - Age 12: N<br>
1761,Licensed Group,Little Footprints Academy (South Surrey),2355 King George Blvd,,Surrey,V4A 5A4,49.044729,-122.793058,604-328-2091,,,N,N,N,N,N,N,N,N,N,N,N,N,N,N,N,N,N,,,N,N,N,N,N,N,N,N,N,N,N,2026-05-13,http://www.healthspace.ca/fha/childcare,N,Y,N,Little Footprints Academy (South Surrey)<br>Licensed Group<br>604-328-2091<br><br>Vacancy:<br>&nbsp;&nbsp;&nbsp;&nbsp;<36 months: N<br>&nbsp;&nbsp;&nbsp;&nbsp;30 months -- 5 years: N<br>&nbsp;&nbsp;&nbsp;&nbsp;Preschool: N<br>&nbsp;&nbsp;&nbsp;&nbsp;Grade 1 - Age 12: N<br>
1762,Licensed Family,Hart Highlands Childcare,5963 Teresa Pl,,Prince George,V2K 2C9,53.982225,-122.797584,250-552-5467,,,N,N,N,N,N,N,N,N,N,N,N,N,N,N,N,N,N,,,N,N,N,N,N,N,N,N,Y,N,N,2026-05-20,https://www.healthspace.ca/Clients/NHA/NHA_Website.nsf/CCFL-Frameset,N,Y,N,Hart Highlands Childcare<br>Licensed Family<br>250-552-5467<br><br>Vacancy:<br>&nbsp;&nbsp;&nbsp;&nbsp;<36 months: N<br>&nbsp;&nbsp;&nbsp;&nbsp;30 months -- 5 years: Y<br>&nbsp;&nbsp;&nbsp;&nbsp;Preschool: N<br>&nbsp;&nbsp;&nbsp;&nbsp;Grade 1 - Age 12: N<br>
1763,Licensed Family,Lariah's Little Learners Childcare,4110 Campbell Ave,,Prince George,V2N 3A9,53.900322,-122.797773,250-562-9639,,,N,N,N,N,N,N,N,N,N,N,N,N,N,N,N,N,N,,,N,N,N,N,N,N,N,N,N,N,N,2026-05-15,https://www.healthspace.ca/Clients/NHA/NHA_Website.nsf/CCFL-Frameset,N,Y,N,Lariah's Little Learners Childcare<br>Licensed Family<br>250-562-9639<br><br>Vacancy:<br>&nbsp;&nbsp;&nbsp;&nbsp;<36 months: N<br>&nbsp;&nbsp;&nbsp;&nbsp;30 months -- 5 years: N<br>&nbsp;&nbsp;&nbsp;&nbsp;Preschool: N<br>&nbsp;&nbsp;&nbsp;&nbsp;Grade 1 - Age 12: N<br>
1764,Licensed Group,Valley Pine Learning Centre Inc,100-2485 West Railway St,,Abbotsford,V2S 2E5,49.046894,-122.288236,604-864-6424,,,N,N,N,N,N,N,N,N,N,N,N,N,N,N,N,N,N,,,N,N,N,N,N,N,N,Y,Y,N,N,2026-05-15,http://www.healthspace.ca/fha/childcare,N,Y,N,Valley Pine Learning Centre Inc<br>Licensed Group<br>604-864-6424<br><br>Vacancy:<br>&nbsp;&nbsp;&nbsp;&nbsp;<36 months: Y<br>&nbsp;&nbsp;&nbsp;&nbsp;30 months -- 5 years: Y<br>&nbsp;&nbsp;&nbsp;&nbsp;Preschool: N<br>&nbsp;&nbsp;&nbsp;&nbsp;Grade 1 - Age 12: N<br>
1765,Licensed Family,Smart Steps Daycare,31079 Southern Dr,,Abbotsford,V2T 5K2,49.057346,-122.363159,604-363-7339,,,N,N,N,N,N,N,N,N,N,N,N,N,N,N,N,N,N,,,N,N,N,N,N,N,N,N,N,N,N,2026-04-13,http://www.healthspace.ca/fha/childcare,N,Y,N,Smart Steps Daycare<br>Licensed Family<br>604-363-7339<br><br>Vacancy:<br>&nbsp;&nbsp;&nbsp;&nbsp;<36 months: N<br>&nbsp;&nbsp;&nbsp;&nbsp;30 months -- 5 years: N<br>&nbsp;&nbsp;&nbsp;&nbsp;Preschool: N<br>&nbsp;&nbsp;&nbsp;&nbsp;Grade 1 - Age 12: N<br>
1766,Licensed Family,A-1 Learning Centre,807 68Th Ave W,,Vancouver,V6P 2V1,49.210129,-123.124516,778-316-6778,,,N,N,N,N,N,N,N,N,N,N,N,N,N,N,N,N,N,,,N,N,N,N,N,N,N,N,Y,N,N,2026-05-07,https://inspections.vcha.ca/ChildCare/Table,N,Y,N,A-1 Learning Centre<br>Licensed Family<br>778-316-6778<br><br>Vacancy:<br>&nbsp;&nbsp;&nbsp;&nbsp;<36 months: N<br>&nbsp;&nbsp;&nbsp;&nbsp;30 months -- 5 years: Y<br>&nbsp;&nbsp;&nbsp;&nbsp;Preschool: N<br>&nbsp;&nbsp;&nbsp;&nbsp;Grade 1 - Age 12: N<br>
1767,Licensed Group,Pebbles And Piaget Early Learning Walnut Grove,9451 202Nd St,,Langley,V1M 3Y9,49.173689,-122.665475,778-919-3797,,,N,N,N,N,N,N,N,N,N,N,N,N,N,N,N,N,N,,,N,N,N,N,N,N,N,Y,Y,N,N,2026-05-02,http://www.healthspace.ca/fha/childcare,N,Y,N,Pebbles And Piaget Early Learning Walnut Grove<br>Licensed Group<br>778-919-3797<br><br>Vacancy:<br>&nbsp;&nbsp;&nbsp;&nbsp;<36 months: Y<br>&nbsp;&nbsp;&nbsp;&nbsp;30 months -- 5 years: Y<br>&nbsp;&nbsp;&nbsp;&nbsp;Preschool: N<br>&nbsp;&nbsp;&nbsp;&nbsp;Grade 1 - Age 12: N<br>
1768,Licensed Family,Revy Rascals,172 Pearkes Dr,,Revelstoke,V0E 2S0,51.014905,-118.216348,250-814-3672,,,N,N,N,N,N,N,N,N,N,N,N,N,N,N,N,N,N,,,N,N,N,N,N,N,N,N,N,N,N,2026-05-15,https://hedgehogportal.interiorhealth.ca/ChildCare/Map,N,Y,N,Revy Rascals<br>Licensed Family<br>250-814-3672<br><br>Vacancy:<br>&nbsp;&nbsp;&nbsp;&nbsp;<36 months: N<br>&nbsp;&nbsp;&nbsp;&nbsp;30 months -- 5 years: N<br>&nbsp;&nbsp;&nbsp;&nbsp;Preschool: N<br>&nbsp;&nbsp;&nbsp;&nbsp;Grade 1 - Age 12: N<br>
1769,Licensed Group,Academics Prekindergarten North Vancouver,163 15Th St E,,North Vancouver,V7L 3J4,49.32174,-123.069913,778-318-9181,,,Y,N,N,N,Y,N,Y,N,N,N,N,N,N,Y,Y,Y,Y,Included in fee,Not offered,N,N,N,Y,Y,Y,Y,N,N,N,N,2026-05-15,https://inspections.vcha.ca/ChildCare/Table,N,Y,Y,Academics Prekindergarten North Vancouver<br>Licensed Group<br>778-318-9181<br><br>Vacancy:<br>&nbsp;&nbsp;&nbsp;&nbsp;<36 months: N<br>&nbsp;&nbsp;&nbsp;&nbsp;30 months -- 5 years: N<br>&nbsp;&nbsp;&nbsp;&nbsp;Preschool: N<br>&nbsp;&nbsp;&nbsp;&nbsp;Grade 1 - Age 12: N<br>
1770,Licensed Group,Academics Prekindergarten North Vancouver,163 15Th St E,,North Vancouver,V7L 2P7,49.32174,-123.069913,778-318-9181,,,Y,N,N,N,Y,N,N,Y,Y,N,N,N,N,Y,Y,Y,Y,Included in fee,Not offered,Y,Y,Y,Y,Y,Y,Y,N,N,N,N,2026-05-15,https://inspections.vcha.ca/ChildCare/Table,N,Y,Y,Academics Prekindergarten North Vancouver<br>Licensed Group<br>778-318-9181<br><br>Vacancy:<br>&nbsp;&nbsp;&nbsp;&nbsp;<36 months: N<br>&nbsp;&nbsp;&nbsp;&nbsp;30 months -- 5 years: N<br>&nbsp;&nbsp;&nbsp;&nbsp;Preschool: N<br>&nbsp;&nbsp;&nbsp;&nbsp;Grade 1 - Age 12: N<br>
1771,Licensed Group,Hands And Hearts Early Learning Centre,310 Vla Rd,,Cawston,V0X 1C1,49.174873,-119.763959,778-319-1512,,,N,N,N,N,N,N,N,N,N,N,N,N,N,N,N,N,N,,,N,N,N,N,N,N,N,N,N,Y,N,2026-05-01,https://hedgehogportal.interiorhealth.ca/ChildCare/Map,N,Y,N,Hands And Hearts Early Learning Centre<br>Licensed Group<br>778-319-1512<br><br>Vacancy:<br>&nbsp;&nbsp;&nbsp;&nbsp;<36 months: N<br>&nbsp;&nbsp;&nbsp;&nbsp;30 months -- 5 years: N<br>&nbsp;&nbsp;&nbsp;&nbsp;Preschool: Y<br>&nbsp;&nbsp;&nbsp;&nbsp;Grade 1 - Age 12: N<br>
1772,Licensed Family,Wild Childcare Early Learning Centre,978 Mt Beaven Crt,,Vernon,V1B 2Y8,50.24368,-119.260346,250-870-2670,,,N,N,N,N,N,N,N,N,N,N,N,N,N,N,N,N,N,,,N,N,N,N,N,N,N,N,N,N,N,2026-04-15,https://hedgehogportal.interiorhealth.ca/ChildCare/Map,N,Y,N,Wild Childcare Early Learning Centre<br>Licensed Family<br>250-870-2670<br><br>Vacancy:<br>&nbsp;&nbsp;&nbsp;&nbsp;<36 months: N<br>&nbsp;&nbsp;&nbsp;&nbsp;30 months -- 5 years: N<br>&nbsp;&nbsp;&nbsp;&nbsp;Preschool: N<br>&nbsp;&nbsp;&nbsp;&nbsp;Grade 1 - Age 12: N<br>
1773,Licensed Group,Ilm - Pipers,100-4750 Hammond Bay Rd,,Nanaimo,V9T 5B1,49.231512,-123.978919,250-585-7898,,,N,N,N,N,N,N,N,N,N,N,N,N,N,N,N,N,N,,,N,N,N,N,N,N,N,Y,Y,N,Y,2026-05-15,https://www.healthspace.ca/clients/viha/viha_website.nsf/CCFL-Main?OpenView,N,Y,N,Ilm - Pipers<br>Licensed Group<br>250-585-7898<br><br>Vacancy:<br>&nbsp;&nbsp;&nbsp;&nbsp;<36 months: Y<br>&nbsp;&nbsp;&nbsp;&nbsp;30 months -- 5 years: Y<br>&nbsp;&nbsp;&nbsp;&nbsp;Preschool: N<br>&nbsp;&nbsp;&nbsp;&nbsp;Grade 1 - Age 12: Y<br>
1774,Licensed Group,Kindercare,4300 Red Mountain Rd,,Rossland,V0G 1Y0,49.102379,-117.819391,778-457-5006,,,N,N,N,N,N,N,N,N,N,N,N,N,N,N,N,N,N,,,N,N,N,N,N,N,N,Y,N,N,N,2026-05-04,,N,Y,N,Kindercare<br>Licensed Group<br>778-457-5006<br><br>Vacancy:<br>&nbsp;&nbsp;&nbsp;&nbsp;<36 months: Y<br>&nbsp;&nbsp;&nbsp;&nbsp;30 months -- 5 years: N<br>&nbsp;&nbsp;&nbsp;&nbsp;Preschool: N<br>&nbsp;&nbsp;&nbsp;&nbsp;Grade 1 - Age 12: N<br>
1775,Licensed Group,Ecole Millstream Elementary Seamless Day,626 Hoylake Ave,,Victoria,V9B 3P7,48.466097,-123.495873,250-478-8348,,,N,N,N,N,N,N,N,N,N,N,N,N,N,N,N,N,N,,,N,N,N,N,N,N,N,N,N,N,N,2026-05-13,https://www.healthspace.ca/clients/viha/viha_website.nsf/CCFL-Main?OpenView,N,Y,N,Ecole Millstream Elementary Seamless Day<br>Licensed Group<br>250-478-8348<br><br>Vacancy:<br>&nbsp;&nbsp;&nbsp;&nbsp;<36 months: N<br>&nbsp;&nbsp;&nbsp;&nbsp;30 months -- 5 years: N<br>&nbsp;&nbsp;&nbsp;&nbsp;Preschool: N<br>&nbsp;&nbsp;&nbsp;&nbsp;Grade 1 - Age 12: N<br>
1776,Licensed Family,Meme Childcare,3495 David Ave,,Coquitlam,V3E 0H7,49.294916,-122.743782,604-355-1702,https://meme familychildcare.wixsite.com/memechildcare,,N,N,N,N,N,N,N,N,N,N,N,N,N,N,N,N,N,,,N,N,N,N,N,N,N,N,N,N,N,2026-05-17,http://www.healthspace.ca/fha/childcare,N,Y,N,Meme Childcare<br>Licensed Family<br>604-355-1702<br><br>Vacancy:<br>&nbsp;&nbsp;&nbsp;&nbsp;<36 months: N<br>&nbsp;&nbsp;&nbsp;&nbsp;30 months -- 5 years: N<br>&nbsp;&nbsp;&nbsp;&nbsp;Preschool: N<br>&nbsp;&nbsp;&nbsp;&nbsp;Grade 1 - Age 12: N<br>
1777,Licensed Group,Mayra's Daycare,4 Grebe St,,Kitimat,V8C 1P1,54.057569,-128.634128,250-407-3022,,,N,N,N,N,N,N,N,N,N,N,N,N,N,N,N,N,N,,,N,N,N,N,N,N,N,N,N,N,N,2026-05-14,https://www.healthspace.ca/Clients/NHA/NHA_Website.nsf/CCFL-Frameset,N,Y,N,Mayra's Daycare<br>Licensed Group<br>250-407-3022<br><br>Vacancy:<br>&nbsp;&nbsp;&nbsp;&nbsp;<36 months: N<br>&nbsp;&nbsp;&nbsp;&nbsp;30 months -- 5 years: N<br>&nbsp;&nbsp;&nbsp;&nbsp;Preschool: N<br>&nbsp;&nbsp;&nbsp;&nbsp;Grade 1 - Age 12: N<br>
1778,Licensed Group,Smiling Stars Daycare,150-650 Seylynn Cres,,North Vancouver,V7J 0B2,49.31221,-123.030963,604-771-5791,,,N,N,N,N,N,N,N,N,N,N,N,N,N,N,N,N,N,,,N,N,N,N,N,N,N,N,N,N,N,2026-05-15,https://inspections.vcha.ca/ChildCare/Table,N,Y,Y,Smiling Stars Daycare<br>Licensed Group<br>604-771-5791<br><br>Vacancy:<br>&nbsp;&nbsp;&nbsp;&nbsp;<36 months: N<br>&nbsp;&nbsp;&nbsp;&nbsp;30 months -- 5 years: N<br>&nbsp;&nbsp;&nbsp;&nbsp;Preschool: N<br>&nbsp;&nbsp;&nbsp;&nbsp;Grade 1 - Age 12: N<br>
1779,Licensed Group,Smiling Stars Daycare,150-650 Seylynn Cres,,North Vancouver,V7J 0B2,49.312259,-123.031097,604-771-5791,,,N,N,N,N,N,N,N,N,N,N,N,N,N,N,N,N,N,,,N,N,N,N,N,N,N,N,N,N,N,2026-05-15,https://inspections.vcha.ca/ChildCare/Table,N,Y,Y,Smiling Stars Daycare<br>Licensed Group<br>604-771-5791<br><br>Vacancy:<br>&nbsp;&nbsp;&nbsp;&nbsp;<36 months: N<br>&nbsp;&nbsp;&nbsp;&nbsp;30 months -- 5 years: N<br>&nbsp;&nbsp;&nbsp;&nbsp;Preschool: N<br>&nbsp;&nbsp;&nbsp;&nbsp;Grade 1 - Age 12: N<br>
1780,Licensed Group,Global Montessori Centre,8860 Hudson St,,Vancouver,V6P 4N2,49.204996,-123.134356,604-558-1150,,,N,N,N,N,N,N,N,N,N,N,N,N,N,N,N,N,N,,,N,N,N,N,N,N,N,Y,N,N,N,2026-05-19,https://inspections.vcha.ca/ChildCare/Table,N,Y,N,Global Montessori Centre<br>Licensed Group<br>604-558-1150<br><br>Vacancy:<br>&nbsp;&nbsp;&nbsp;&nbsp;<36 months: Y<br>&nbsp;&nbsp;&nbsp;&nbsp;30 months -- 5 years: N<br>&nbsp;&nbsp;&nbsp;&nbsp;Preschool: N<br>&nbsp;&nbsp;&nbsp;&nbsp;Grade 1 - Age 12: N<br>
1781,Licensed Family,Joyful Day Care,641 Hillcrest Ave,,Nanaimo,V9R 3M8,49.151777,-123.959875,778-677-3332,,,N,N,N,N,N,N,N,N,N,N,N,N,N,N,N,N,N,,,N,N,N,N,N,N,N,Y,Y,N,N,2026-04-15,https://www.healthspace.ca/clients/viha/viha_website.nsf/CCFL-Main?OpenView,N,Y,N,Joyful Day Care<br>Licensed Family<br>778-677-3332<br><br>Vacancy:<br>&nbsp;&nbsp;&nbsp;&nbsp;<36 months: Y<br>&nbsp;&nbsp;&nbsp;&nbsp;30 months -- 5 years: Y<br>&nbsp;&nbsp;&nbsp;&nbsp;Preschool: N<br>&nbsp;&nbsp;&nbsp;&nbsp;Grade 1 - Age 12: N<br>
1782,Licensed Group,Marlbrough Neighbourhood Care,5151 Sanders St,,Burnaby,V5H 1T1,49.227953,-122.9897,604-431-0400,,,N,N,N,N,N,N,N,N,N,N,N,N,N,N,N,N,N,,,N,N,N,N,N,N,N,N,Y,N,Y,2026-05-14,http://www.healthspace.ca/fha/childcare,N,Y,N,Marlbrough Neighbourhood Care<br>Licensed Group<br>604-431-0400<br><br>Vacancy:<br>&nbsp;&nbsp;&nbsp;&nbsp;<36 months: N<br>&nbsp;&nbsp;&nbsp;&nbsp;30 months -- 5 years: Y<br>&nbsp;&nbsp;&nbsp;&nbsp;Preschool: N<br>&nbsp;&nbsp;&nbsp;&nbsp;Grade 1 - Age 12: Y<br>
1783,Licensed Family,Ideal Child Care Center,6880 208 St,,Langley,V2Y 0G2,49.127352,-122.645476,604-302-6775,IDEALCHILDCARE.CA,,N,N,N,N,N,N,N,N,N,N,N,N,N,N,N,N,N,,,N,N,N,N,N,N,N,N,N,N,N,2026-05-20,http://www.healthspace.ca/fha/childcare,N,Y,N,Ideal Child Care Center<br>Licensed Family<br>604-302-6775<br><br>Vacancy:<br>&nbsp;&nbsp;&nbsp;&nbsp;<36 months: N<br>&nbsp;&nbsp;&nbsp;&nbsp;30 months -- 5 years: N<br>&nbsp;&nbsp;&nbsp;&nbsp;Preschool: N<br>&nbsp;&nbsp;&nbsp;&nbsp;Grade 1 - Age 12: N<br>
1784,Licensed Group,Little Wonderland Childcare,7767 12Th Ave,,Burnaby,V3N 2K6,49.219182,-122.932664,778-885-9386,,,Y,N,N,N,N,N,Y,N,N,N,N,N,N,Y,N,N,Y,Included in fee,Include in fee,N,N,N,Y,Y,Y,Y,N,N,N,N,2026-05-15,http://www.healthspace.ca/fha/childcare,N,Y,N,Little Wonderland Childcare<br>Licensed Group<br>778-885-9386<br><br>Vacancy:<br>&nbsp;&nbsp;&nbsp;&nbsp;<36 months: N<br>&nbsp;&nbsp;&nbsp;&nbsp;30 months -- 5 years: N<br>&nbsp;&nbsp;&nbsp;&nbsp;Preschool: N<br>&nbsp;&nbsp;&nbsp;&nbsp;Grade 1 - Age 12: N<br>
1785,Licensed Family,Little Smiles Day Care Corp,14435 83 Ave,,Surrey,V3S 0P6,49.15411,-122.822815,604-722-6364,,,N,N,N,N,N,N,N,N,N,N,N,N,N,N,N,N,N,,,N,N,N,N,N,N,N,N,N,N,N,2026-04-29,http://www.healthspace.ca/fha/childcare,N,Y,N,Little Smiles Day Care Corp<br>Licensed Family<br>604-722-6364<br><br>Vacancy:<br>&nbsp;&nbsp;&nbsp;&nbsp;<36 months: N<br>&nbsp;&nbsp;&nbsp;&nbsp;30 months -- 5 years: N<br>&nbsp;&nbsp;&nbsp;&nbsp;Preschool: N<br>&nbsp;&nbsp;&nbsp;&nbsp;Grade 1 - Age 12: N<br>
1786,Licensed Group,Lift Early Learning Centre,1518 W 68Th Ave,,Vancouver,V6P 2V3,49.210289,-123.141356,778-952-6808,,,N,N,N,N,N,N,N,N,N,N,N,N,N,N,N,N,N,,,N,N,N,N,N,N,N,N,N,N,N,2026-05-20,https://inspections.vcha.ca/ChildCare/Table,N,Y,N,Lift Early Learning Centre<br>Licensed Group<br>778-952-6808<br><br>Vacancy:<br>&nbsp;&nbsp;&nbsp;&nbsp;<36 months: N<br>&nbsp;&nbsp;&nbsp;&nbsp;30 months -- 5 years: N<br>&nbsp;&nbsp;&nbsp;&nbsp;Preschool: N<br>&nbsp;&nbsp;&nbsp;&nbsp;Grade 1 - Age 12: N<br>
1787,Licensed Group,Winlaw Seamless Day - Our Place,5604 Winlaw Bridge Rd,,Winlaw,V0G 2J0,49.61352,-117.565646,250-226-7212,,,N,N,N,N,N,N,N,N,N,N,N,N,N,N,N,N,N,,,N,N,N,N,N,N,N,N,N,N,N,2026-05-05,https://hedgehogportal.interiorhealth.ca/ChildCare/Map,N,Y,N,Winlaw Seamless Day - Our Place<br>Licensed Group<br>250-226-7212<br><br>Vacancy:<br>&nbsp;&nbsp;&nbsp;&nbsp;<36 months: N<br>&nbsp;&nbsp;&nbsp;&nbsp;30 months -- 5 years: N<br>&nbsp;&nbsp;&nbsp;&nbsp;Preschool: N<br>&nbsp;&nbsp;&nbsp;&nbsp;Grade 1 - Age 12: N<br>
1788,Licensed Group,Nurturing Education Through Security And Trust,1927 Horizon Dr,,West Kelowna,V1Z 3L3,49.881116,-119.551035,250-469-1107,,,N,N,N,N,N,N,N,N,N,N,N,N,N,N,N,N,N,,,N,N,N,N,N,N,N,N,N,N,N,2026-04-29,https://hedgehogportal.interiorhealth.ca/ChildCare/Map,N,Y,N,Nurturing Education Through Security And Trust<br>Licensed Group<br>250-469-1107<br><br>Vacancy:<br>&nbsp;&nbsp;&nbsp;&nbsp;<36 months: N<br>&nbsp;&nbsp;&nbsp;&nbsp;30 months -- 5 years: N<br>&nbsp;&nbsp;&nbsp;&nbsp;Preschool: N<br>&nbsp;&nbsp;&nbsp;&nbsp;Grade 1 - Age 12: N<br>
1789,Licensed Group,Costumes & Crayons Daycare Center,1600 Johnson St,,Prince George,V2M 3A6,53.909752,-122.779405,236-423-0132,,,N,N,N,N,N,N,N,N,N,N,N,N,N,N,N,N,N,,,N,N,N,N,N,N,N,Y,Y,N,N,2026-04-20,https://www.healthspace.ca/Clients/NHA/NHA_Website.nsf/CCFL-Frameset,N,Y,N,Costumes & Crayons Daycare Center<br>Licensed Group<br>236-423-0132<br><br>Vacancy:<br>&nbsp;&nbsp;&nbsp;&nbsp;<36 months: Y<br>&nbsp;&nbsp;&nbsp;&nbsp;30 months -- 5 years: Y<br>&nbsp;&nbsp;&nbsp;&nbsp;Preschool: N<br>&nbsp;&nbsp;&nbsp;&nbsp;Grade 1 - Age 12: N<br>
1790,Licensed Group,Garderie Les Castors,6610 Lickman Rd,,Chilliwack,V2R 4A9,49.122239,-122.005725,604-736-5056,,,N,N,N,N,N,N,N,N,N,N,N,N,N,N,N,N,N,Not offered,Not offered,N,N,N,N,N,N,N,N,Y,N,Y,2026-04-30,http://www.healthspace.ca/fha/childcare,N,Y,N,Garderie Les Castors<br>Licensed Group<br>604-736-5056<br><br>Vacancy:<br>&nbsp;&nbsp;&nbsp;&nbsp;<36 months: N<br>&nbsp;&nbsp;&nbsp;&nbsp;30 months -- 5 years: Y<br>&nbsp;&nbsp;&nbsp;&nbsp;Preschool: N<br>&nbsp;&nbsp;&nbsp;&nbsp;Grade 1 - Age 12: Y<br>
1791,Licensed Family,Little Cubs Daycare Centre,14186 62A Ave,,Surrey,V3X 0B2,49.116091,-122.829451,604-786-4311,,,N,N,N,N,N,N,N,N,N,N,N,N,N,N,N,N,N,,,N,N,N,N,N,N,N,N,N,N,N,2026-05-15,http://www.healthspace.ca/fha/childcare,N,Y,N,Little Cubs Daycare Centre<br>Licensed Family<br>604-786-4311<br><br>Vacancy:<br>&nbsp;&nbsp;&nbsp;&nbsp;<36 months: N<br>&nbsp;&nbsp;&nbsp;&nbsp;30 months -- 5 years: N<br>&nbsp;&nbsp;&nbsp;&nbsp;Preschool: N<br>&nbsp;&nbsp;&nbsp;&nbsp;Grade 1 - Age 12: N<br>
1792,Licensed Group,Goodwin Academy Infant Toddler,13640 Grosvenor Rd,,Surrey,V3R 5C9,49.199502,-122.844258,604-518-7531,,,N,N,N,N,N,N,N,N,N,N,N,N,N,N,N,N,N,,,N,N,N,N,N,N,N,Y,N,N,N,2026-05-14,http://www.healthspace.ca/fha/childcare,N,Y,N,Goodwin Academy Infant Toddler<br>Licensed Group<br>604-518-7531<br><br>Vacancy:<br>&nbsp;&nbsp;&nbsp;&nbsp;<36 months: Y<br>&nbsp;&nbsp;&nbsp;&nbsp;30 months -- 5 years: N<br>&nbsp;&nbsp;&nbsp;&nbsp;Preschool: N<br>&nbsp;&nbsp;&nbsp;&nbsp;Grade 1 - Age 12: N<br>
1793,Licensed Group,Goodwin Academy Early Learning Centre,13642 Grosvenor Rd,,Surrey,V3R 5C9,49.199536,-122.844187,604-518-7531,,,N,N,N,N,N,N,N,N,N,N,N,N,N,N,N,N,N,,,N,N,N,N,N,N,N,Y,Y,N,N,2026-05-14,http://www.healthspace.ca/fha/childcare,N,Y,N,Goodwin Academy Early Learning Centre<br>Licensed Group<br>604-518-7531<br><br>Vacancy:<br>&nbsp;&nbsp;&nbsp;&nbsp;<36 months: Y<br>&nbsp;&nbsp;&nbsp;&nbsp;30 months -- 5 years: Y<br>&nbsp;&nbsp;&nbsp;&nbsp;Preschool: N<br>&nbsp;&nbsp;&nbsp;&nbsp;Grade 1 - Age 12: N<br>
1794,Licensed Group,Kids Zone Child Care Centre - Bradner Elementary,5291 Bradner Rd,,Abbotsford,V4X 2P5,49.098155,-122.427941,778-239-2075,,,N,N,N,N,N,N,N,N,N,N,N,N,N,N,N,N,N,,,N,N,N,N,N,N,N,N,Y,N,N,2026-04-19,http://www.healthspace.ca/fha/childcare,N,Y,N,Kids Zone Child Care Centre - Bradner Elementary<br>Licensed Group<br>778-239-2075<br><br>Vacancy:<br>&nbsp;&nbsp;&nbsp;&nbsp;<36 months: N<br>&nbsp;&nbsp;&nbsp;&nbsp;30 months -- 5 years: Y<br>&nbsp;&nbsp;&nbsp;&nbsp;Preschool: N<br>&nbsp;&nbsp;&nbsp;&nbsp;Grade 1 - Age 12: N<br>
1795,Licensed Group,Panorama Recreation Out Of School Care - Central Saanich,1209 Clarke Rd,,Brentwood Bay,V8M 1P8,48.576083,-123.44893,250-655-2172,,,N,N,N,N,N,N,N,N,N,N,N,N,N,N,N,N,N,,,N,N,N,N,N,N,N,N,N,N,N,2026-05-15,https://www.healthspace.ca/clients/viha/viha_website.nsf/CCFL-Main?OpenView,N,Y,N,Panorama Recreation Out Of School Care - Central Saanich<br>Licensed Group<br>250-655-2172<br><br>Vacancy:<br>&nbsp;&nbsp;&nbsp;&nbsp;<36 months: N<br>&nbsp;&nbsp;&nbsp;&nbsp;30 months -- 5 years: N<br>&nbsp;&nbsp;&nbsp;&nbsp;Preschool: N<br>&nbsp;&nbsp;&nbsp;&nbsp;Grade 1 - Age 12: N<br>
1796,Licensed Group,The Nest Early Learning Centre- Gcc 30M To Sa,101-1436 Portage Rd,,Pemberton,V0N 2L0,50.317825,-122.800049,604-384-4664,,,N,N,N,N,N,N,N,N,N,N,N,N,N,N,N,N,N,,,N,N,N,N,N,N,N,N,N,N,N,2026-05-19,https://inspections.vcha.ca/ChildCare/Table,N,Y,N,The Nest Early Learning Centre- Gcc 30M To Sa<br>Licensed Group<br>604-384-4664<br><br>Vacancy:<br>&nbsp;&nbsp;&nbsp;&nbsp;<36 months: N<br>&nbsp;&nbsp;&nbsp;&nbsp;30 months -- 5 years: N<br>&nbsp;&nbsp;&nbsp;&nbsp;Preschool: N<br>&nbsp;&nbsp;&nbsp;&nbsp;Grade 1 - Age 12: N<br>
1797,Licensed Group,Pure Play Child Care Shaughnessy,6108-2850 Shaughnessy St,,Port Coquitlam,V3C 6K5,49.265292,-122.777618,604-854-0327,,,N,N,N,N,N,N,N,N,N,N,N,N,N,N,N,N,N,,,N,N,N,N,N,N,N,Y,N,N,N,2026-05-06,http://www.healthspace.ca/fha/childcare,N,Y,N,Pure Play Child Care Shaughnessy<br>Licensed Group<br>604-854-0327<br><br>Vacancy:<br>&nbsp;&nbsp;&nbsp;&nbsp;<36 months: Y<br>&nbsp;&nbsp;&nbsp;&nbsp;30 months -- 5 years: N<br>&nbsp;&nbsp;&nbsp;&nbsp;Preschool: N<br>&nbsp;&nbsp;&nbsp;&nbsp;Grade 1 - Age 12: N<br>
1798,Licensed Group,Seedlings Forest Education Preschool,1310 Gladstone Ave,,Victoria,V8R 1S1,48.430704,-123.344487,250-880-0660,,,N,N,N,N,N,N,N,N,N,N,N,N,N,N,N,N,N,,,N,N,N,N,N,N,N,N,N,N,N,2026-05-15,https://www.healthspace.ca/clients/viha/viha_website.nsf/CCFL-Main?OpenView,N,Y,N,Seedlings Forest Education Preschool<br>Licensed Group<br>250-880-0660<br><br>Vacancy:<br>&nbsp;&nbsp;&nbsp;&nbsp;<36 months: N<br>&nbsp;&nbsp;&nbsp;&nbsp;30 months -- 5 years: N<br>&nbsp;&nbsp;&nbsp;&nbsp;Preschool: N<br>&nbsp;&nbsp;&nbsp;&nbsp;Grade 1 - Age 12: N<br>
1799,Licensed Family,Sinoah's Ark,2748 Sandon Dr,,Abbotsford,V2S 7J3,49.051171,-122.260831,604-615-1529,,,Y,N,N,N,N,N,Y,Y,N,Y,Y,N,N,N,N,N,N,Included in fee,Not offered,N,N,N,N,Y,Y,Y,N,N,N,N,2026-05-19,http://www.healthspace.ca/fha/childcare,N,Y,N,Sinoah's Ark<br>Licensed Family<br>604-615-1529<br><br>Vacancy:<br>&nbsp;&nbsp;&nbsp;&nbsp;<36 months: N<br>&nbsp;&nbsp;&nbsp;&nbsp;30 months -- 5 years: N<br>&nbsp;&nbsp;&nbsp;&nbsp;Preschool: N<br>&nbsp;&nbsp;&nbsp;&nbsp;Grade 1 - Age 12: N<br>
1800,Licensed Group,Garden House Infant And Toddlers Center Ltd.,529 13Th St E,,North Vancouver,V7L 2M3,49.319545,-123.058732,778-325-1016,,,N,N,N,N,N,N,N,N,N,N,N,N,N,N,N,N,N,,,N,N,N,N,N,N,N,Y,N,N,N,2026-05-17,https://inspections.vcha.ca/ChildCare/Table,N,Y,N,Garden House Infant And Toddlers Center Ltd.<br>Licensed Group<br>778-325-1016<br><br>Vacancy:<br>&nbsp;&nbsp;&nbsp;&nbsp;<36 months: Y<br>&nbsp;&nbsp;&nbsp;&nbsp;30 months -- 5 years: N<br>&nbsp;&nbsp;&nbsp;&nbsp;Preschool: N<br>&nbsp;&nbsp;&nbsp;&nbsp;Grade 1 - Age 12: N<br>
1801,Licensed Group,Willowbrae Academy South Surrey,3211 152Nd St,,Surrey,V3S 3M1,49.060346,-122.801765,604-506-7584,,,N,N,N,N,N,N,N,N,N,N,N,N,N,N,N,N,N,,,N,N,N,N,N,N,N,N,N,N,N,2026-04-27,http://www.healthspace.ca/fha/childcare,N,Y,N,Willowbrae Academy South Surrey<br>Licensed Group<br>604-506-7584<br><br>Vacancy:<br>&nbsp;&nbsp;&nbsp;&nbsp;<36 months: N<br>&nbsp;&nbsp;&nbsp;&nbsp;30 months -- 5 years: N<br>&nbsp;&nbsp;&nbsp;&nbsp;Preschool: N<br>&nbsp;&nbsp;&nbsp;&nbsp;Grade 1 - Age 12: N<br>
1802,Licensed Family,Dragonflies Childcare,7062 Tofino St,,Powell River,V8A 1G3,49.805512,-124.518002,604-414-7794,,,N,N,N,N,N,N,N,N,N,N,N,N,N,N,N,N,N,,,N,N,N,N,N,N,N,N,N,N,N,2026-05-15,https://inspections.vcha.ca/ChildCare/Table,N,Y,N,Dragonflies Childcare<br>Licensed Family<br>604-414-7794<br><br>Vacancy:<br>&nbsp;&nbsp;&nbsp;&nbsp;<36 months: N<br>&nbsp;&nbsp;&nbsp;&nbsp;30 months -- 5 years: N<br>&nbsp;&nbsp;&nbsp;&nbsp;Preschool: N<br>&nbsp;&nbsp;&nbsp;&nbsp;Grade 1 - Age 12: N<br>
1803,Licensed Family,Playhouse,3501 Casorso Rd,,Kelowna,V1W 3J6,49.856319,-119.484558,778-363-9343,,,N,N,N,N,N,N,N,N,N,N,N,N,N,N,N,N,N,,,N,N,N,N,N,N,N,Y,Y,N,N,2026-04-17,https://hedgehogportal.interiorhealth.ca/ChildCare/Map,N,Y,N,Playhouse<br>Licensed Family<br>778-363-9343<br><br>Vacancy:<br>&nbsp;&nbsp;&nbsp;&nbsp;<36 months: Y<br>&nbsp;&nbsp;&nbsp;&nbsp;30 months -- 5 years: Y<br>&nbsp;&nbsp;&nbsp;&nbsp;Preschool: N<br>&nbsp;&nbsp;&nbsp;&nbsp;Grade 1 - Age 12: N<br>
1804,Licensed Group,Serendipity Early Years Centre,10758 Cheryl Crt,,Lake Country,V4V 1W7,50.038898,-119.38832,250-718-6674,,,N,N,N,N,N,N,N,N,N,N,N,N,N,N,N,N,N,,,N,N,N,N,N,N,N,N,N,N,N,2026-05-15,https://hedgehogportal.interiorhealth.ca/ChildCare/Map,N,Y,N,Serendipity Early Years Centre<br>Licensed Group<br>250-718-6674<br><br>Vacancy:<br>&nbsp;&nbsp;&nbsp;&nbsp;<36 months: N<br>&nbsp;&nbsp;&nbsp;&nbsp;30 months -- 5 years: N<br>&nbsp;&nbsp;&nbsp;&nbsp;Preschool: N<br>&nbsp;&nbsp;&nbsp;&nbsp;Grade 1 - Age 12: N<br>
1805,Licensed Family,Sparkling Stars Daycare,171 Molnar Rd,,Kelowna,V1X 7B5,49.888089,-119.379465,236-795-2498,,,,,,,,,,,,,,,,,,,,,,,,,,,,,,,,,,,Y,Y,N,Sparkling Stars Daycare<br>Licensed Family<br>236-795-2498<br><br>Vacancy:<br>&nbsp;&nbsp;&nbsp;&nbsp;<36 months: None<br>&nbsp;&nbsp;&nbsp;&nbsp;30 months -- 5 years: None<br>&nbsp;&nbsp;&nbsp;&nbsp;Preschool: None<br>&nbsp;&nbsp;&nbsp;&nbsp;Grade 1 - Age 12: None<br>
1806,Licensed Group,Merville Montessori School,1245 Fenwick Rd,,Merville,V0R 2M0,49.786754,-125.062887,250-891-6543,,,N,N,N,N,N,N,N,N,N,N,N,N,N,N,N,N,N,,,N,N,N,N,N,N,N,N,N,N,N,2026-05-11,https://www.healthspace.ca/clients/viha/viha_website.nsf/CCFL-Main?OpenView,N,Y,N,Merville Montessori School<br>Licensed Group<br>250-891-6543<br><br>Vacancy:<br>&nbsp;&nbsp;&nbsp;&nbsp;<36 months: N<br>&nbsp;&nbsp;&nbsp;&nbsp;30 months -- 5 years: N<br>&nbsp;&nbsp;&nbsp;&nbsp;Preschool: N<br>&nbsp;&nbsp;&nbsp;&nbsp;Grade 1 - Age 12: N<br>
1807,Licensed Group,Early Learning Society Of Kamloops - Main Campus,1500 9 Ave,,Kamloops,V2C 3H4,50.663337,-120.320354,778-471-9321,,,N,N,N,N,N,N,N,N,N,N,N,N,N,N,N,N,N,,,N,N,N,N,N,N,N,N,N,Y,Y,2026-05-20,https://hedgehogportal.interiorhealth.ca/ChildCare/Map,N,Y,N,Early Learning Society Of Kamloops - Main Campus<br>Licensed Group<br>778-471-9321<br><br>Vacancy:<br>&nbsp;&nbsp;&nbsp;&nbsp;<36 months: N<br>&nbsp;&nbsp;&nbsp;&nbsp;30 months -- 5 years: N<br>&nbsp;&nbsp;&nbsp;&nbsp;Preschool: Y<br>&nbsp;&nbsp;&nbsp;&nbsp;Grade 1 - Age 12: Y<br>
1808,Licensed Group,Halfmoon Bay Just B4,8086 Northwood Rd,,Halfmoon Bay,V0N 1Y1,49.481905,-123.885052,604-741-5787,,,,,,,,,,,,,,,,,,,,,,,,,,,,,,,,,,,Y,N,N,Halfmoon Bay Just B4<br>Licensed Group<br>604-741-5787<br><br>Vacancy:<br>&nbsp;&nbsp;&nbsp;&nbsp;<36 months: None<br>&nbsp;&nbsp;&nbsp;&nbsp;30 months -- 5 years: None<br>&nbsp;&nbsp;&nbsp;&nbsp;Preschool: None<br>&nbsp;&nbsp;&nbsp;&nbsp;Grade 1 - Age 12: None<br>
1809,Licensed Group,Brackendale Elementary School,42000 Government Rd,,Squamish,V0N 1H0,49.770754,-123.151831,604-898-3651,,,Y,N,N,N,N,N,N,N,N,Y,Y,N,N,N,N,N,N,Not offered,Not offered,Y,N,Y,N,Y,Y,Y,N,N,N,N,2026-05-01,https://inspections.vcha.ca/ChildCare/Table,N,Y,N,Brackendale Elementary School<br>Licensed Group<br>604-898-3651<br><br>Vacancy:<br>&nbsp;&nbsp;&nbsp;&nbsp;<36 months: N<br>&nbsp;&nbsp;&nbsp;&nbsp;30 months -- 5 years: N<br>&nbsp;&nbsp;&nbsp;&nbsp;Preschool: N<br>&nbsp;&nbsp;&nbsp;&nbsp;Grade 1 - Age 12: N<br>
1810,Licensed Group,Adventure Daycare,2785A Mansfield Dr,,Courtenay,V9N 2M2,49.674475,-124.98058,250-897-6143,,,N,N,N,N,N,N,N,N,N,N,N,N,N,N,N,N,N,,,N,N,N,N,N,N,N,N,N,N,N,2026-05-15,https://www.healthspace.ca/clients/viha/viha_website.nsf/CCFL-Main?OpenView,N,Y,N,Adventure Daycare<br>Licensed Group<br>250-897-6143<br><br>Vacancy:<br>&nbsp;&nbsp;&nbsp;&nbsp;<36 months: N<br>&nbsp;&nbsp;&nbsp;&nbsp;30 months -- 5 years: N<br>&nbsp;&nbsp;&nbsp;&nbsp;Preschool: N<br>&nbsp;&nbsp;&nbsp;&nbsp;Grade 1 - Age 12: N<br>
1811,Licensed Group,Kindale Child Care Centre,2725 Patterson Ave,,Armstrong,V0E 1B0,50.446433,-119.19414,250-546-3005,,,N,N,N,N,N,N,N,N,N,N,N,N,N,N,N,N,N,,,N,N,N,N,N,N,N,N,Y,N,N,2026-04-30,https://hedgehogportal.interiorhealth.ca/ChildCare/Map,N,Y,N,Kindale Child Care Centre<br>Licensed Group<br>250-546-3005<br><br>Vacancy:<br>&nbsp;&nbsp;&nbsp;&nbsp;<36 months: N<br>&nbsp;&nbsp;&nbsp;&nbsp;30 months -- 5 years: Y<br>&nbsp;&nbsp;&nbsp;&nbsp;Preschool: N<br>&nbsp;&nbsp;&nbsp;&nbsp;Grade 1 - Age 12: N<br>
1812,Licensed Family,Lee's Li'l Rascals Childcare,7765 114A St,,Delta,V4C 7E5,49.144237,-122.905786,778-885-3671,,,N,N,N,N,N,N,N,N,N,N,N,N,N,N,N,N,N,,,N,N,N,N,N,N,N,N,N,N,N,2026-05-15,http://www.healthspace.ca/fha/childcare,N,Y,N,Lee's Li'l Rascals Childcare<br>Licensed Family<br>778-885-3671<br><br>Vacancy:<br>&nbsp;&nbsp;&nbsp;&nbsp;<36 months: N<br>&nbsp;&nbsp;&nbsp;&nbsp;30 months -- 5 years: N<br>&nbsp;&nbsp;&nbsp;&nbsp;Preschool: N<br>&nbsp;&nbsp;&nbsp;&nbsp;Grade 1 - Age 12: N<br>
1813,Licensed Family,Bad News Bears,1172 Sluggett Rd,,Brentwood Bay,V8M 1E9,48.574517,-123.450377,250-889-7280,,,N,N,N,N,N,N,N,N,N,N,N,N,N,N,N,N,N,,,N,N,N,N,N,N,N,N,Y,N,N,2026-05-06,https://www.healthspace.ca/clients/viha/viha_website.nsf/CCFL-Main?OpenView,N,Y,N,Bad News Bears<br>Licensed Family<br>250-889-7280<br><br>Vacancy:<br>&nbsp;&nbsp;&nbsp;&nbsp;<36 months: N<br>&nbsp;&nbsp;&nbsp;&nbsp;30 months -- 5 years: Y<br>&nbsp;&nbsp;&nbsp;&nbsp;Preschool: N<br>&nbsp;&nbsp;&nbsp;&nbsp;Grade 1 - Age 12: N<br>
1814,Licensed Family,Riverwalk Child Care,5231 Heaslip Rd,,Port Alberni,V9Y 7A1,49.260982,-124.820665,604-219-7347,,,N,N,N,N,N,N,N,N,N,N,N,N,N,N,N,N,N,,,N,N,N,N,N,N,N,Y,Y,N,N,2026-05-14,https://www.healthspace.ca/clients/viha/viha_website.nsf/CCFL-Main?OpenView,N,Y,N,Riverwalk Child Care<br>Licensed Family<br>604-219-7347<br><br>Vacancy:<br>&nbsp;&nbsp;&nbsp;&nbsp;<36 months: Y<br>&nbsp;&nbsp;&nbsp;&nbsp;30 months -- 5 years: Y<br>&nbsp;&nbsp;&nbsp;&nbsp;Preschool: N<br>&nbsp;&nbsp;&nbsp;&nbsp;Grade 1 - Age 12: N<br>
1815,Licensed Family,Lil Bee's Family Child Care,4411 Commercial St,,Vancouver,V5N 4G5,49.245353,-123.067919,604-617-7730,,,Y,N,N,N,N,N,Y,Y,N,N,N,Y,N,N,N,N,N,Included in fee,Not offered,N,N,N,N,N,N,N,N,N,N,Y,2026-05-15,https://inspections.vcha.ca/ChildCare/Table,N,Y,N,Lil Bee's Family Child Care<br>Licensed Family<br>604-617-7730<br><br>Vacancy:<br>&nbsp;&nbsp;&nbsp;&nbsp;<36 months: N<br>&nbsp;&nbsp;&nbsp;&nbsp;30 months -- 5 years: N<br>&nbsp;&nbsp;&nbsp;&nbsp;Preschool: N<br>&nbsp;&nbsp;&nbsp;&nbsp;Grade 1 - Age 12: Y<br>
1816,Licensed Group,Mother Bear Child Development Program,427 1St St W,,North Vancouver,V7M 1A7,49.315905,-123.087328,604-988-0667,,,N,N,N,N,N,N,N,N,N,N,N,N,N,N,N,N,N,,,N,N,N,N,N,N,N,N,N,N,N,2026-05-21,https://inspections.vcha.ca/ChildCare/Table,N,Y,Y,Mother Bear Child Development Program<br>Licensed Group<br>604-988-0667<br><br>Vacancy:<br>&nbsp;&nbsp;&nbsp;&nbsp;<36 months: N<br>&nbsp;&nbsp;&nbsp;&nbsp;30 months -- 5 years: N<br>&nbsp;&nbsp;&nbsp;&nbsp;Preschool: N<br>&nbsp;&nbsp;&nbsp;&nbsp;Grade 1 - Age 12: N<br>
1817,Licensed Family,Shine Bright Childcare,4601 George Rd,,Cowichan Bay,V0R 1N1,48.733974,-123.622035,250-701-6589,,,N,N,N,N,N,N,N,N,N,N,N,N,N,N,N,N,N,,,N,N,N,N,N,N,N,N,N,N,N,2026-05-17,https://www.healthspace.ca/clients/viha/viha_website.nsf/CCFL-Main?OpenView,N,Y,N,Shine Bright Childcare<br>Licensed Family<br>250-701-6589<br><br>Vacancy:<br>&nbsp;&nbsp;&nbsp;&nbsp;<36 months: N<br>&nbsp;&nbsp;&nbsp;&nbsp;30 months -- 5 years: N<br>&nbsp;&nbsp;&nbsp;&nbsp;Preschool: N<br>&nbsp;&nbsp;&nbsp;&nbsp;Grade 1 - Age 12: N<br>
1818,Licensed Group,Marina Bay Academy,3-5775 Marine Dr,,West Vancouver,V7W 2S1,49.35897,-123.267228,778-984-3200,,,Y,N,N,N,N,N,Y,Y,N,N,N,N,N,N,N,N,N,Extra fee,Extra fee,N,N,N,N,N,Y,N,N,N,N,N,2026-05-15,https://inspections.vcha.ca/ChildCare/Table,N,Y,Y,Marina Bay Academy<br>Licensed Group<br>778-984-3200<br><br>Vacancy:<br>&nbsp;&nbsp;&nbsp;&nbsp;<36 months: N<br>&nbsp;&nbsp;&nbsp;&nbsp;30 months -- 5 years: N<br>&nbsp;&nbsp;&nbsp;&nbsp;Preschool: N<br>&nbsp;&nbsp;&nbsp;&nbsp;Grade 1 - Age 12: N<br>
1819,Licensed Group,Marina Bay Academy,3-5775 Marine Dr,,West Vancouver,V7W 2S1,49.35897,-123.267228,778-984-3200,,,Y,N,Y,N,N,N,Y,Y,N,N,N,N,N,N,N,N,N,Extra fee,Extra fee,N,N,N,N,N,Y,N,N,N,N,N,2026-05-15,https://inspections.vcha.ca/ChildCare/Table,N,Y,Y,Marina Bay Academy<br>Licensed Group<br>778-984-3200<br><br>Vacancy:<br>&nbsp;&nbsp;&nbsp;&nbsp;<36 months: N<br>&nbsp;&nbsp;&nbsp;&nbsp;30 months -- 5 years: N<br>&nbsp;&nbsp;&nbsp;&nbsp;Preschool: N<br>&nbsp;&nbsp;&nbsp;&nbsp;Grade 1 - Age 12: N<br>
1820,Licensed Family,Little Bear Child Care,8375 Fremlin St,,Vancouver,V6P 3X1,49.2101,-123.127825,778-316-7385,,,N,N,N,N,N,N,N,N,N,N,N,N,N,N,N,N,N,,,N,N,N,N,N,N,N,Y,N,N,N,2026-05-16,https://inspections.vcha.ca/ChildCare/Table,N,Y,N,Little Bear Child Care<br>Licensed Family<br>778-316-7385<br><br>Vacancy:<br>&nbsp;&nbsp;&nbsp;&nbsp;<36 months: Y<br>&nbsp;&nbsp;&nbsp;&nbsp;30 months -- 5 years: N<br>&nbsp;&nbsp;&nbsp;&nbsp;Preschool: N<br>&nbsp;&nbsp;&nbsp;&nbsp;Grade 1 - Age 12: N<br>
1821,Licensed Group,Polka Dot Fine Art & Education,300-5761 Marine Way,,Burnaby,V5J 0A6,49.198036,-122.976285,604-724-4328,,,N,N,N,N,N,N,N,N,N,N,N,N,N,N,N,N,N,,,N,N,N,N,N,N,N,N,N,N,N,2026-05-11,http://www.healthspace.ca/fha/childcare,N,Y,N,Polka Dot Fine Art & Education<br>Licensed Group<br>604-724-4328<br><br>Vacancy:<br>&nbsp;&nbsp;&nbsp;&nbsp;<36 months: N<br>&nbsp;&nbsp;&nbsp;&nbsp;30 months -- 5 years: N<br>&nbsp;&nbsp;&nbsp;&nbsp;Preschool: N<br>&nbsp;&nbsp;&nbsp;&nbsp;Grade 1 - Age 12: N<br>
1822,Licensed Group,Wolf Pack Wilderness School,6040 East Sooke Rd,,Sooke,V9Z 0Z7,48.387262,-123.686796,250-532-3529,,,N,N,N,N,N,N,N,N,N,N,N,N,N,N,N,N,N,,,N,N,N,N,N,N,N,N,N,N,N,2026-04-23,https://www.healthspace.ca/clients/viha/viha_website.nsf/CCFL-Main?OpenView,N,Y,N,Wolf Pack Wilderness School<br>Licensed Group<br>250-532-3529<br><br>Vacancy:<br>&nbsp;&nbsp;&nbsp;&nbsp;<36 months: N<br>&nbsp;&nbsp;&nbsp;&nbsp;30 months -- 5 years: N<br>&nbsp;&nbsp;&nbsp;&nbsp;Preschool: N<br>&nbsp;&nbsp;&nbsp;&nbsp;Grade 1 - Age 12: N<br>
1823,Licensed Family,Little Star Bugs Daycare,4917 Telqua Dr,,108 Mile Ranch,V0K 2Z0,51.731311,-121.3345,250-706-3042,,,N,N,N,N,N,N,N,N,N,N,N,N,N,N,N,N,N,,,N,N,N,N,N,N,N,Y,Y,N,N,2026-04-27,https://hedgehogportal.interiorhealth.ca/ChildCare/Map,N,Y,N,Little Star Bugs Daycare<br>Licensed Family<br>250-706-3042<br><br>Vacancy:<br>&nbsp;&nbsp;&nbsp;&nbsp;<36 months: Y<br>&nbsp;&nbsp;&nbsp;&nbsp;30 months -- 5 years: Y<br>&nbsp;&nbsp;&nbsp;&nbsp;Preschool: N<br>&nbsp;&nbsp;&nbsp;&nbsp;Grade 1 - Age 12: N<br>
1824,Licensed Group,Simply Fun Shelbourne,3308 Kingsley St,,Victoria,V8P 4J9,48.451329,-123.332299,250-881-3958,,,N,N,N,N,N,N,N,N,N,N,N,N,N,N,N,N,N,,,N,N,N,N,N,N,N,Y,N,N,N,2026-05-06,https://www.healthspace.ca/clients/viha/viha_website.nsf/CCFL-Main?OpenView,N,Y,N,Simply Fun Shelbourne<br>Licensed Group<br>250-881-3958<br><br>Vacancy:<br>&nbsp;&nbsp;&nbsp;&nbsp;<36 months: Y<br>&nbsp;&nbsp;&nbsp;&nbsp;30 months -- 5 years: N<br>&nbsp;&nbsp;&nbsp;&nbsp;Preschool: N<br>&nbsp;&nbsp;&nbsp;&nbsp;Grade 1 - Age 12: N<br>
1825,Licensed Family,T.J.'S Daycare,646 Duncan Ave,,Kamloops,V2B 1R6,50.70198,-120.3585,250-371-2625,,,N,N,N,N,N,N,N,N,N,N,N,N,N,N,N,N,N,,,N,N,N,N,N,N,N,N,N,N,N,2026-05-15,https://hedgehogportal.interiorhealth.ca/ChildCare/Map,N,Y,N,T.J.'S Daycare<br>Licensed Family<br>250-371-2625<br><br>Vacancy:<br>&nbsp;&nbsp;&nbsp;&nbsp;<36 months: N<br>&nbsp;&nbsp;&nbsp;&nbsp;30 months -- 5 years: N<br>&nbsp;&nbsp;&nbsp;&nbsp;Preschool: N<br>&nbsp;&nbsp;&nbsp;&nbsp;Grade 1 - Age 12: N<br>
1826,Licensed Family,Scallywags Childcare,7561 Sapphire Dr,,Chilliwack,V2R 3B3,49.139619,-121.969404,604-793-8855,,,N,N,N,N,N,N,N,N,N,N,N,N,N,N,N,N,N,,,N,N,N,N,N,N,N,N,N,N,N,2026-05-15,http://www.healthspace.ca/fha/childcare,N,Y,N,Scallywags Childcare<br>Licensed Family<br>604-793-8855<br><br>Vacancy:<br>&nbsp;&nbsp;&nbsp;&nbsp;<36 months: N<br>&nbsp;&nbsp;&nbsp;&nbsp;30 months -- 5 years: N<br>&nbsp;&nbsp;&nbsp;&nbsp;Preschool: N<br>&nbsp;&nbsp;&nbsp;&nbsp;Grade 1 - Age 12: N<br>
1827,Licensed Group,Tsuma-As Justb4,5055 Compton Rd,,Port Alberni,V9Y 7B5,49.270717,-124.818578,250-918-8444,,,N,N,N,N,N,N,N,N,N,N,N,N,N,N,N,N,N,Not offered,Not offered,N,N,N,N,N,N,N,N,N,Y,N,2026-05-12,https://www.healthspace.ca/clients/viha/viha_website.nsf/CCFL-Main?OpenView,N,Y,N,Tsuma-As Justb4<br>Licensed Group<br>250-918-8444<br><br>Vacancy:<br>&nbsp;&nbsp;&nbsp;&nbsp;<36 months: N<br>&nbsp;&nbsp;&nbsp;&nbsp;30 months -- 5 years: N<br>&nbsp;&nbsp;&nbsp;&nbsp;Preschool: Y<br>&nbsp;&nbsp;&nbsp;&nbsp;Grade 1 - Age 12: N<br>
1828,Licensed Family,Giggles & Bows Licensed Family Daycare,1731 83 Ave,,Dawson Creek,V1G 0G5,55.779724,-120.25373,250-219-8383,,,N,N,N,N,N,N,N,N,N,N,N,N,N,N,N,N,N,,,N,N,N,N,N,N,N,Y,Y,N,N,2026-05-13,https://www.healthspace.ca/Clients/NHA/NHA_Website.nsf/CCFL-Frameset,N,Y,N,Giggles & Bows Licensed Family Daycare<br>Licensed Family<br>250-219-8383<br><br>Vacancy:<br>&nbsp;&nbsp;&nbsp;&nbsp;<36 months: Y<br>&nbsp;&nbsp;&nbsp;&nbsp;30 months -- 5 years: Y<br>&nbsp;&nbsp;&nbsp;&nbsp;Preschool: N<br>&nbsp;&nbsp;&nbsp;&nbsp;Grade 1 - Age 12: N<br>
1829,Licensed Group,Helew'u' Child Care Society,2190 Blair St,,Merritt,V1K 1R6,50.109916,-120.78216,250-315-7579,,,N,N,N,N,N,N,N,N,N,N,N,N,N,N,N,N,N,,,N,N,N,N,N,N,N,N,N,N,N,2026-04-30,https://hedgehogportal.interiorhealth.ca/ChildCare/Map,N,Y,N,Helew'u' Child Care Society<br>Licensed Group<br>250-315-7579<br><br>Vacancy:<br>&nbsp;&nbsp;&nbsp;&nbsp;<36 months: N<br>&nbsp;&nbsp;&nbsp;&nbsp;30 months -- 5 years: N<br>&nbsp;&nbsp;&nbsp;&nbsp;Preschool: N<br>&nbsp;&nbsp;&nbsp;&nbsp;Grade 1 - Age 12: N<br>
1830,Licensed Group,Bulkley Valley Little Horizons 2,4092 Mountainview Dr,,Smithers,V0J 2N1,54.787725,-127.171058,250-877-2000,,,N,N,N,N,N,N,N,N,N,N,N,N,N,N,N,N,N,,,N,N,N,N,N,N,N,N,N,N,N,2026-04-22,https://www.healthspace.ca/Clients/NHA/NHA_Website.nsf/CCFL-Frameset,N,Y,N,Bulkley Valley Little Horizons 2<br>Licensed Group<br>250-877-2000<br><br>Vacancy:<br>&nbsp;&nbsp;&nbsp;&nbsp;<36 months: N<br>&nbsp;&nbsp;&nbsp;&nbsp;30 months -- 5 years: N<br>&nbsp;&nbsp;&nbsp;&nbsp;Preschool: N<br>&nbsp;&nbsp;&nbsp;&nbsp;Grade 1 - Age 12: N<br>
1831,Licensed Group,Whistler Kids Dba Creekside Kids Rainbow Plaza,109-8200 Bear Paw Trail,,Whistler,V8E 1M2,50.156522,-122.95498,604-786-5990,,,N,N,N,N,N,N,N,N,N,N,N,N,N,N,N,N,N,,,N,N,N,N,N,N,N,N,N,N,N,2026-05-15,https://inspections.vcha.ca/ChildCare/Table,N,Y,Y,Whistler Kids Dba Creekside Kids Rainbow Plaza<br>Licensed Group<br>604-786-5990<br><br>Vacancy:<br>&nbsp;&nbsp;&nbsp;&nbsp;<36 months: N<br>&nbsp;&nbsp;&nbsp;&nbsp;30 months -- 5 years: N<br>&nbsp;&nbsp;&nbsp;&nbsp;Preschool: N<br>&nbsp;&nbsp;&nbsp;&nbsp;Grade 1 - Age 12: N<br>
1832,Licensed Group,Whistler Kids Dba Creekside Kids Rainbow Plaza,109-8200 Bear Paw Trail,,Whistler,V8E 1M2,50.156522,-122.95498,604-786-5990,,,N,N,N,N,N,N,N,N,N,N,N,N,N,N,N,N,N,,,N,N,N,N,N,N,N,N,N,N,N,2026-05-15,https://inspections.vcha.ca/ChildCare/Table,N,Y,Y,Whistler Kids Dba Creekside Kids Rainbow Plaza<br>Licensed Group<br>604-786-5990<br><br>Vacancy:<br>&nbsp;&nbsp;&nbsp;&nbsp;<36 months: N<br>&nbsp;&nbsp;&nbsp;&nbsp;30 months -- 5 years: N<br>&nbsp;&nbsp;&nbsp;&nbsp;Preschool: N<br>&nbsp;&nbsp;&nbsp;&nbsp;Grade 1 - Age 12: N<br>
1833,Licensed Family,Crafty Crayons,4069 10Th Ave,,Smithers,V0J 2N0,54.786572,-127.161297,250-643-0425,,,N,N,N,N,N,N,N,N,N,N,N,N,N,N,N,N,N,,,N,N,N,N,N,N,N,N,Y,N,N,2026-04-15,https://www.healthspace.ca/Clients/NHA/NHA_Website.nsf/CCFL-Frameset,N,N,N,Crafty Crayons<br>Licensed Family<br>250-643-0425<br><br>Vacancy:<br>&nbsp;&nbsp;&nbsp;&nbsp;<36 months: N<br>&nbsp;&nbsp;&nbsp;&nbsp;30 months -- 5 years: Y<br>&nbsp;&nbsp;&nbsp;&nbsp;Preschool: N<br>&nbsp;&nbsp;&nbsp;&nbsp;Grade 1 - Age 12: N<br>
1834,Licensed Family,Rainbow Unicorn Childcare Center,20723 90A Ave,,Langley,V1M 2R2,49.167636,-122.647849,236-863-7525,,,N,N,N,N,N,N,N,N,N,N,N,N,N,N,N,N,N,,,N,N,N,N,N,N,N,N,N,N,N,2026-05-19,http://www.healthspace.ca/fha/childcare,N,Y,N,Rainbow Unicorn Childcare Center<br>Licensed Family<br>236-863-7525<br><br>Vacancy:<br>&nbsp;&nbsp;&nbsp;&nbsp;<36 months: N<br>&nbsp;&nbsp;&nbsp;&nbsp;30 months -- 5 years: N<br>&nbsp;&nbsp;&nbsp;&nbsp;Preschool: N<br>&nbsp;&nbsp;&nbsp;&nbsp;Grade 1 - Age 12: N<br>
1835,Licensed Group,Cocomelon Learning Center,3011 28 St,,Vernon,V1T 4Z7,50.264837,-119.267494,306-471-4567,,,N,N,N,N,N,N,N,N,N,N,N,N,N,N,N,N,N,,,N,N,N,N,N,N,N,N,N,N,N,2026-05-15,https://hedgehogportal.interiorhealth.ca/ChildCare/Map,N,Y,N,Cocomelon Learning Center<br>Licensed Group<br>306-471-4567<br><br>Vacancy:<br>&nbsp;&nbsp;&nbsp;&nbsp;<36 months: N<br>&nbsp;&nbsp;&nbsp;&nbsp;30 months -- 5 years: N<br>&nbsp;&nbsp;&nbsp;&nbsp;Preschool: N<br>&nbsp;&nbsp;&nbsp;&nbsp;Grade 1 - Age 12: N<br>
1836,Licensed Group,Cherub's Inn Daycare,8469 Cedar St,,Mission,V4S 1A1,49.155596,-122.316981,778-255-7699,,,N,N,N,N,N,N,N,N,N,N,N,N,N,N,N,N,N,,,N,N,N,N,N,N,N,N,Y,N,N,2026-05-20,http://www.healthspace.ca/fha/childcare,N,Y,N,Cherub's Inn Daycare<br>Licensed Group<br>778-255-7699<br><br>Vacancy:<br>&nbsp;&nbsp;&nbsp;&nbsp;<36 months: N<br>&nbsp;&nbsp;&nbsp;&nbsp;30 months -- 5 years: Y<br>&nbsp;&nbsp;&nbsp;&nbsp;Preschool: N<br>&nbsp;&nbsp;&nbsp;&nbsp;Grade 1 - Age 12: N<br>
1837,Licensed Group,Thrive Childcare Inc.,9800 mcnaught Rd,,Chilliwack,V2P 6G2,49.179722,-121.925809,604-819-0708,,,N,N,N,N,N,N,N,N,N,N,N,N,N,N,N,N,N,,,N,N,N,N,N,N,N,N,N,N,N,2026-05-19,http://www.healthspace.ca/fha/childcare,N,Y,N,Thrive Childcare Inc.<br>Licensed Group<br>604-819-0708<br><br>Vacancy:<br>&nbsp;&nbsp;&nbsp;&nbsp;<36 months: N<br>&nbsp;&nbsp;&nbsp;&nbsp;30 months -- 5 years: N<br>&nbsp;&nbsp;&nbsp;&nbsp;Preschool: N<br>&nbsp;&nbsp;&nbsp;&nbsp;Grade 1 - Age 12: N<br>
1838,Licensed Family,Featherstone Early Development Centre,2209 Majoros Rd,,West Kelowna,V4T 2C2,49.830247,-119.614825,250-861-0669,,,Y,N,N,N,N,N,Y,Y,N,Y,Y,N,N,N,N,N,Y,Included in fee,Not offered,N,N,N,Y,Y,Y,Y,N,N,N,N,2026-05-15,https://hedgehogportal.interiorhealth.ca/ChildCare/Map,N,Y,N,Featherstone Early Development Centre<br>Licensed Family<br>250-861-0669<br><br>Vacancy:<br>&nbsp;&nbsp;&nbsp;&nbsp;<36 months: N<br>&nbsp;&nbsp;&nbsp;&nbsp;30 months -- 5 years: N<br>&nbsp;&nbsp;&nbsp;&nbsp;Preschool: N<br>&nbsp;&nbsp;&nbsp;&nbsp;Grade 1 - Age 12: N<br>
1839,Licensed Family,Story Place Childcare Center,2558 Peregrine Pl,,Coquitlam,V3E 2C4,49.286702,-122.818485,604-364-7191,www.storyplace.ca,,N,N,N,N,N,N,N,N,N,N,N,N,N,N,N,N,N,,,N,N,N,N,N,N,N,N,N,N,N,2026-05-14,http://www.healthspace.ca/fha/childcare,N,Y,N,Story Place Childcare Center<br>Licensed Family<br>604-364-7191<br><br>Vacancy:<br>&nbsp;&nbsp;&nbsp;&nbsp;<36 months: N<br>&nbsp;&nbsp;&nbsp;&nbsp;30 months -- 5 years: N<br>&nbsp;&nbsp;&nbsp;&nbsp;Preschool: N<br>&nbsp;&nbsp;&nbsp;&nbsp;Grade 1 - Age 12: N<br>
1840,Licensed Group,Encompass Language And Learning Centre,243-4750 Rutherford Rd,,Nanaimo,V9T 4K6,49.216624,-124.027305,250-802-6051,,,N,N,N,N,N,N,N,N,N,N,N,N,N,N,N,N,N,,,N,N,N,N,N,N,N,Y,Y,N,N,2026-05-15,https://www.healthspace.ca/clients/viha/viha_website.nsf/CCFL-Main?OpenView,N,Y,N,Encompass Language And Learning Centre<br>Licensed Group<br>250-802-6051<br><br>Vacancy:<br>&nbsp;&nbsp;&nbsp;&nbsp;<36 months: Y<br>&nbsp;&nbsp;&nbsp;&nbsp;30 months -- 5 years: Y<br>&nbsp;&nbsp;&nbsp;&nbsp;Preschool: N<br>&nbsp;&nbsp;&nbsp;&nbsp;Grade 1 - Age 12: N<br>
1841,Licensed Family,Magic Hill Family Child Care,1860 Bay St,,Nanaimo,V9T 3A3,49.205849,-123.981269,250-818-2496,,,N,N,N,N,N,N,N,N,N,N,N,N,N,N,N,N,N,,,N,N,N,N,N,N,N,Y,Y,N,N,2026-05-02,https://www.healthspace.ca/clients/viha/viha_website.nsf/CCFL-Main?OpenView,N,Y,N,Magic Hill Family Child Care<br>Licensed Family<br>250-818-2496<br><br>Vacancy:<br>&nbsp;&nbsp;&nbsp;&nbsp;<36 months: Y<br>&nbsp;&nbsp;&nbsp;&nbsp;30 months -- 5 years: Y<br>&nbsp;&nbsp;&nbsp;&nbsp;Preschool: N<br>&nbsp;&nbsp;&nbsp;&nbsp;Grade 1 - Age 12: N<br>
1842,Licensed Group,Nicomekl Seamless Day,20050 53 Ave,,Langley,V3A 5T9,49.097607,-122.667337,604-533-1469,,,,,,,,,,,,,,,,,,,,,,,,,,,,,,,,,,,Y,N,N,Nicomekl Seamless Day<br>Licensed Group<br>604-533-1469<br><br>Vacancy:<br>&nbsp;&nbsp;&nbsp;&nbsp;<36 months: None<br>&nbsp;&nbsp;&nbsp;&nbsp;30 months -- 5 years: None<br>&nbsp;&nbsp;&nbsp;&nbsp;Preschool: None<br>&nbsp;&nbsp;&nbsp;&nbsp;Grade 1 - Age 12: None<br>
1843,Licensed Family,Little Cherry Buds Daycare,6508 Tyson Rd,,Chilliwack,V2R 1S8,49.120296,-121.975889,604-997-1142,,,N,N,N,N,N,N,N,N,N,N,N,N,N,N,N,N,N,,,N,N,N,N,N,N,N,N,N,N,N,2026-05-15,http://www.healthspace.ca/fha/childcare,N,Y,N,Little Cherry Buds Daycare<br>Licensed Family<br>604-997-1142<br><br>Vacancy:<br>&nbsp;&nbsp;&nbsp;&nbsp;<36 months: N<br>&nbsp;&nbsp;&nbsp;&nbsp;30 months -- 5 years: N<br>&nbsp;&nbsp;&nbsp;&nbsp;Preschool: N<br>&nbsp;&nbsp;&nbsp;&nbsp;Grade 1 - Age 12: N<br>
1844,Licensed Family,Spring Angels Childcare,4644 Glenwood Ave,,North Vancouver,V7R 4G7,49.354829,-123.103966,604-783-3172,springangelschildcare.ca,,N,N,N,N,N,N,N,N,N,N,N,N,N,N,N,N,N,,,N,N,N,N,N,N,N,N,N,N,N,2026-04-27,https://inspections.vcha.ca/ChildCare/Table,N,Y,N,Spring Angels Childcare<br>Licensed Family<br>604-783-3172<br><br>Vacancy:<br>&nbsp;&nbsp;&nbsp;&nbsp;<36 months: N<br>&nbsp;&nbsp;&nbsp;&nbsp;30 months -- 5 years: N<br>&nbsp;&nbsp;&nbsp;&nbsp;Preschool: N<br>&nbsp;&nbsp;&nbsp;&nbsp;Grade 1 - Age 12: N<br>
1845,Licensed Group,Fun Planet Childcare And Learning Centre,3540 Mahon Ave,,North Vancouver,V7N 3T6,49.342076,-123.079195,604-767-3512,,,Y,N,N,N,N,N,Y,N,N,N,N,N,N,N,N,N,Y,Not offered,Not offered,N,N,N,N,N,Y,Y,N,N,N,N,2026-05-19,https://inspections.vcha.ca/ChildCare/Table,N,Y,N,Fun Planet Childcare And Learning Centre<br>Licensed Group<br>604-767-3512<br><br>Vacancy:<br>&nbsp;&nbsp;&nbsp;&nbsp;<36 months: N<br>&nbsp;&nbsp;&nbsp;&nbsp;30 months -- 5 years: N<br>&nbsp;&nbsp;&nbsp;&nbsp;Preschool: N<br>&nbsp;&nbsp;&nbsp;&nbsp;Grade 1 - Age 12: N<br>
1846,Licensed Family,Bizzy Bee Daycare,3356 2Nd St,,Cumberland,V0R 1S0,49.623318,-125.030202,250-702-8402,,,N,N,N,N,N,N,N,N,N,N,N,N,N,N,N,N,N,,,N,N,N,N,N,N,N,N,Y,N,N,2026-05-15,https://www.healthspace.ca/clients/viha/viha_website.nsf/CCFL-Main?OpenView,N,Y,N,Bizzy Bee Daycare<br>Licensed Family<br>250-702-8402<br><br>Vacancy:<br>&nbsp;&nbsp;&nbsp;&nbsp;<36 months: N<br>&nbsp;&nbsp;&nbsp;&nbsp;30 months -- 5 years: Y<br>&nbsp;&nbsp;&nbsp;&nbsp;Preschool: N<br>&nbsp;&nbsp;&nbsp;&nbsp;Grade 1 - Age 12: N<br>
1847,Licensed Group,Kings And Queens Child Care Centre Inc.,13508 106 Ave,,Surrey,V3T 2C5,49.195131,-122.847888,778-394-1291,,,N,N,N,N,N,N,N,N,N,N,N,N,N,N,N,N,N,,,N,N,N,N,N,N,N,N,N,N,N,2026-05-17,http://www.healthspace.ca/fha/childcare,N,Y,N,Kings And Queens Child Care Centre Inc.<br>Licensed Group<br>778-394-1291<br><br>Vacancy:<br>&nbsp;&nbsp;&nbsp;&nbsp;<36 months: N<br>&nbsp;&nbsp;&nbsp;&nbsp;30 months -- 5 years: N<br>&nbsp;&nbsp;&nbsp;&nbsp;Preschool: N<br>&nbsp;&nbsp;&nbsp;&nbsp;Grade 1 - Age 12: N<br>
1848,Licensed Group,Henderson Elementary School,5506 Willow Ave,,Powell River,V8A 4P4,49.865404,-124.543979,604-483-9162,,,N,N,N,N,N,N,N,N,N,N,N,N,N,N,N,N,N,,,N,N,N,N,N,N,N,N,N,N,Y,2026-05-11,https://inspections.vcha.ca/ChildCare/Table,N,Y,N,Henderson Elementary School<br>Licensed Group<br>604-483-9162<br><br>Vacancy:<br>&nbsp;&nbsp;&nbsp;&nbsp;<36 months: N<br>&nbsp;&nbsp;&nbsp;&nbsp;30 months -- 5 years: N<br>&nbsp;&nbsp;&nbsp;&nbsp;Preschool: N<br>&nbsp;&nbsp;&nbsp;&nbsp;Grade 1 - Age 12: Y<br>
1849,Licensed Group,Westview Elementary School,3900 Selkirk Ave,,Powell River,V8A 0T8,49.82178,-124.518393,604-485-5660,,,N,N,N,N,N,N,N,N,N,N,N,N,N,N,N,N,N,,,N,N,N,N,N,N,N,N,N,N,Y,2026-05-11,https://inspections.vcha.ca/ChildCare/Table,N,Y,N,Westview Elementary School<br>Licensed Group<br>604-485-5660<br><br>Vacancy:<br>&nbsp;&nbsp;&nbsp;&nbsp;<36 months: N<br>&nbsp;&nbsp;&nbsp;&nbsp;30 months -- 5 years: N<br>&nbsp;&nbsp;&nbsp;&nbsp;Preschool: N<br>&nbsp;&nbsp;&nbsp;&nbsp;Grade 1 - Age 12: Y<br>
1850,Licensed Group,James Thomson Elementary School,6388 Sutherland Ave,,Powell River,V8A 4W4,49.889423,-124.562824,604-483-3191,,,N,N,N,N,N,N,N,N,N,N,N,N,N,N,N,N,N,,,N,N,N,N,N,N,N,N,N,N,Y,2026-05-11,https://inspections.vcha.ca/ChildCare/Table,N,Y,N,James Thomson Elementary School<br>Licensed Group<br>604-483-3191<br><br>Vacancy:<br>&nbsp;&nbsp;&nbsp;&nbsp;<36 months: N<br>&nbsp;&nbsp;&nbsp;&nbsp;30 months -- 5 years: N<br>&nbsp;&nbsp;&nbsp;&nbsp;Preschool: N<br>&nbsp;&nbsp;&nbsp;&nbsp;Grade 1 - Age 12: Y<br>
1851,Licensed Group,Dynamic After School Care,1880A Baron Rd,,Kelowna,V1X 6G3,49.884659,-119.424481,250-763-8584,,,N,N,N,N,N,N,N,N,N,N,N,N,N,N,N,N,N,,,N,N,N,N,N,N,N,N,Y,N,N,2026-05-18,https://hedgehogportal.interiorhealth.ca/ChildCare/Map,N,Y,N,Dynamic After School Care<br>Licensed Group<br>250-763-8584<br><br>Vacancy:<br>&nbsp;&nbsp;&nbsp;&nbsp;<36 months: N<br>&nbsp;&nbsp;&nbsp;&nbsp;30 months -- 5 years: Y<br>&nbsp;&nbsp;&nbsp;&nbsp;Preschool: N<br>&nbsp;&nbsp;&nbsp;&nbsp;Grade 1 - Age 12: N<br>
1852,Licensed Group,Kids Learning Center,2797 50Th Ave E,,Vancouver,V5S 1N6,49.223839,-123.050842,778-628-3243,,,N,N,N,N,N,N,N,N,N,N,N,N,N,N,N,N,N,,,N,N,N,N,N,N,N,N,N,N,N,2026-04-20,https://inspections.vcha.ca/ChildCare/Table,N,Y,N,Kids Learning Center<br>Licensed Group<br>778-628-3243<br><br>Vacancy:<br>&nbsp;&nbsp;&nbsp;&nbsp;<36 months: N<br>&nbsp;&nbsp;&nbsp;&nbsp;30 months -- 5 years: N<br>&nbsp;&nbsp;&nbsp;&nbsp;Preschool: N<br>&nbsp;&nbsp;&nbsp;&nbsp;Grade 1 - Age 12: N<br>
1853,Licensed Group,Captain Alpha Childcare,4304 Parker St,,Burnaby,V5C 3C5,49.275358,-123.008023,778-888-8132,,,N,N,N,N,N,N,N,N,N,N,N,N,N,N,N,N,N,,,N,N,N,N,N,N,N,N,Y,N,Y,2026-05-12,http://www.healthspace.ca/fha/childcare,N,Y,N,Captain Alpha Childcare<br>Licensed Group<br>778-888-8132<br><br>Vacancy:<br>&nbsp;&nbsp;&nbsp;&nbsp;<36 months: N<br>&nbsp;&nbsp;&nbsp;&nbsp;30 months -- 5 years: Y<br>&nbsp;&nbsp;&nbsp;&nbsp;Preschool: N<br>&nbsp;&nbsp;&nbsp;&nbsp;Grade 1 - Age 12: Y<br>
1854,Licensed Family,Mini Marvels Family Child Care Centre,2736 Goldfinch Cres,,Nanaimo,V9T 3M2,49.201553,-124.023488,250-585-2503,,,N,N,N,N,N,N,N,N,N,N,N,N,N,N,N,N,N,,,N,N,N,N,N,N,N,N,N,N,N,2026-05-18,https://www.healthspace.ca/clients/viha/viha_website.nsf/CCFL-Main?OpenView,N,Y,N,Mini Marvels Family Child Care Centre<br>Licensed Family<br>250-585-2503<br><br>Vacancy:<br>&nbsp;&nbsp;&nbsp;&nbsp;<36 months: N<br>&nbsp;&nbsp;&nbsp;&nbsp;30 months -- 5 years: N<br>&nbsp;&nbsp;&nbsp;&nbsp;Preschool: N<br>&nbsp;&nbsp;&nbsp;&nbsp;Grade 1 - Age 12: N<br>
1855,Licensed Family,Christina's Creative Castle,6889 Nicholson Rd,,Delta,V4E 1Z8,49.128305,-122.892899,778-241-7749,,,N,N,N,N,N,N,N,N,N,N,N,N,N,N,N,N,N,,,N,N,N,N,N,N,N,N,N,N,N,2026-04-16,http://www.healthspace.ca/fha/childcare,N,Y,N,Christina's Creative Castle<br>Licensed Family<br>778-241-7749<br><br>Vacancy:<br>&nbsp;&nbsp;&nbsp;&nbsp;<36 months: N<br>&nbsp;&nbsp;&nbsp;&nbsp;30 months -- 5 years: N<br>&nbsp;&nbsp;&nbsp;&nbsp;Preschool: N<br>&nbsp;&nbsp;&nbsp;&nbsp;Grade 1 - Age 12: N<br>
1856,Licensed Group,Fun And Learning Out Of School,2481 Sunset Dr,,Kamloops,V2C 4K1,50.67479,-120.247658,250-571-5464,,,N,N,N,N,N,N,N,N,N,N,N,N,N,N,N,N,N,,,N,N,N,N,N,N,N,N,Y,N,Y,2026-05-20,https://hedgehogportal.interiorhealth.ca/ChildCare/Map,N,Y,N,Fun And Learning Out Of School<br>Licensed Group<br>250-571-5464<br><br>Vacancy:<br>&nbsp;&nbsp;&nbsp;&nbsp;<36 months: N<br>&nbsp;&nbsp;&nbsp;&nbsp;30 months -- 5 years: Y<br>&nbsp;&nbsp;&nbsp;&nbsp;Preschool: N<br>&nbsp;&nbsp;&nbsp;&nbsp;Grade 1 - Age 12: Y<br>
1857,Licensed Group,Little Campus Montessori Preschool,765 Rogers Ave,,Victoria,V8X 5K6,48.474346,-123.381257,250-920-9463,,,N,N,N,N,N,N,N,N,N,N,N,N,N,N,N,N,N,,,N,N,N,N,N,N,N,N,N,N,N,2026-05-16,,N,Y,N,Little Campus Montessori Preschool<br>Licensed Group<br>250-920-9463<br><br>Vacancy:<br>&nbsp;&nbsp;&nbsp;&nbsp;<36 months: N<br>&nbsp;&nbsp;&nbsp;&nbsp;30 months -- 5 years: N<br>&nbsp;&nbsp;&nbsp;&nbsp;Preschool: N<br>&nbsp;&nbsp;&nbsp;&nbsp;Grade 1 - Age 12: N<br>
1858,Licensed Family,Allegro Musical Daycare,3143 Sechelt Dr,,Coquitlam,V3B 5X8,49.2855,-122.782771,778-288-5484,,,N,N,N,N,N,N,N,N,N,N,N,N,N,N,N,N,N,,,N,N,N,N,N,N,N,N,N,N,N,2026-05-15,http://www.healthspace.ca/fha/childcare,N,Y,N,Allegro Musical Daycare<br>Licensed Family<br>778-288-5484<br><br>Vacancy:<br>&nbsp;&nbsp;&nbsp;&nbsp;<36 months: N<br>&nbsp;&nbsp;&nbsp;&nbsp;30 months -- 5 years: N<br>&nbsp;&nbsp;&nbsp;&nbsp;Preschool: N<br>&nbsp;&nbsp;&nbsp;&nbsp;Grade 1 - Age 12: N<br>
1859,Licensed Group,Reach Developmental Preschool North Delta,11415 84Th Ave Delta,,Delta,V4C 2L9,49.156934,-122.907107,604-946-6622,,,Y,N,N,N,N,N,N,N,Y,N,N,N,Y,N,N,N,N,Not offered,Not offered,Y,Y,N,Y,Y,Y,Y,N,N,Y,N,2026-05-01,http://www.healthspace.ca/fha/childcare,N,Y,N,Reach Developmental Preschool North Delta<br>Licensed Group<br>604-946-6622<br><br>Vacancy:<br>&nbsp;&nbsp;&nbsp;&nbsp;<36 months: N<br>&nbsp;&nbsp;&nbsp;&nbsp;30 months -- 5 years: N<br>&nbsp;&nbsp;&nbsp;&nbsp;Preschool: Y<br>&nbsp;&nbsp;&nbsp;&nbsp;Grade 1 - Age 12: N<br>
1860,Licensed Family,Chiddlers Daycare,210 Quinn St N,,Prince George,V2M 3J5,53.925816,-122.791498,236-423-4241,,,N,N,N,N,N,N,N,N,N,N,N,N,N,N,N,N,N,,,N,N,N,N,N,N,N,N,N,N,N,2026-05-15,https://www.healthspace.ca/Clients/NHA/NHA_Website.nsf/CCFL-Frameset,N,Y,N,Chiddlers Daycare<br>Licensed Family<br>236-423-4241<br><br>Vacancy:<br>&nbsp;&nbsp;&nbsp;&nbsp;<36 months: N<br>&nbsp;&nbsp;&nbsp;&nbsp;30 months -- 5 years: N<br>&nbsp;&nbsp;&nbsp;&nbsp;Preschool: N<br>&nbsp;&nbsp;&nbsp;&nbsp;Grade 1 - Age 12: N<br>
1861,Licensed Group,Produckidvity Academy - Leon,538 Leon Ave,,Kelowna,V1Y 6J6,49.884526,-119.492024,778-214-7406,,,N,N,N,N,N,N,N,N,N,N,N,N,N,N,N,N,N,,,N,N,N,N,N,N,N,N,N,N,N,2026-05-14,https://hedgehogportal.interiorhealth.ca/ChildCare/Map,N,Y,N,Produckidvity Academy - Leon<br>Licensed Group<br>778-214-7406<br><br>Vacancy:<br>&nbsp;&nbsp;&nbsp;&nbsp;<36 months: N<br>&nbsp;&nbsp;&nbsp;&nbsp;30 months -- 5 years: N<br>&nbsp;&nbsp;&nbsp;&nbsp;Preschool: N<br>&nbsp;&nbsp;&nbsp;&nbsp;Grade 1 - Age 12: N<br>
1862,Licensed Group,Les Grands Amis De Celine,1632 Bowen Rd,,Nanaimo,V9S 1G6,49.180647,-123.977059,250-667-5982,,,N,N,N,N,N,N,N,N,N,N,N,N,N,N,N,N,N,,,N,N,N,N,N,N,N,N,N,N,N,2026-05-18,,N,Y,N,Les Grands Amis De Celine<br>Licensed Group<br>250-667-5982<br><br>Vacancy:<br>&nbsp;&nbsp;&nbsp;&nbsp;<36 months: N<br>&nbsp;&nbsp;&nbsp;&nbsp;30 months -- 5 years: N<br>&nbsp;&nbsp;&nbsp;&nbsp;Preschool: N<br>&nbsp;&nbsp;&nbsp;&nbsp;Grade 1 - Age 12: N<br>
1863,Licensed Group,Mulberry Tree Infant And Toddler Childcare,3784 Frances St,,Burnaby,V5C 2N8,49.279063,-123.021486,604-428-1733,,,N,N,N,N,N,N,N,N,N,N,N,N,N,N,N,N,N,,,N,N,N,N,N,N,N,N,N,N,N,2026-05-15,http://www.healthspace.ca/fha/childcare,N,Y,N,Mulberry Tree Infant And Toddler Childcare<br>Licensed Group<br>604-428-1733<br><br>Vacancy:<br>&nbsp;&nbsp;&nbsp;&nbsp;<36 months: N<br>&nbsp;&nbsp;&nbsp;&nbsp;30 months -- 5 years: N<br>&nbsp;&nbsp;&nbsp;&nbsp;Preschool: N<br>&nbsp;&nbsp;&nbsp;&nbsp;Grade 1 - Age 12: N<br>
1864,Licensed Group,Kiddy Junction Academy - Division Iii,2752 E 41St Ave,,Vancouver,V5R 2X1,49.232702,-123.049712,604-336-9382,,,N,N,N,N,N,N,N,N,N,N,N,N,N,N,N,N,N,,,N,N,N,N,N,N,N,N,N,N,N,2026-05-21,https://inspections.vcha.ca/ChildCare/Table,N,Y,Y,Kiddy Junction Academy - Division Iii<br>Licensed Group<br>604-336-9382<br><br>Vacancy:<br>&nbsp;&nbsp;&nbsp;&nbsp;<36 months: N<br>&nbsp;&nbsp;&nbsp;&nbsp;30 months -- 5 years: N<br>&nbsp;&nbsp;&nbsp;&nbsp;Preschool: N<br>&nbsp;&nbsp;&nbsp;&nbsp;Grade 1 - Age 12: N<br>
1865,Licensed Group,Kiddy Junction Academy - Division Iii,2752 E 41St Ave,,Vancouver,V5R 2X1,49.232702,-123.049712,604-336-9382,,,N,N,N,N,N,N,N,N,N,N,N,N,N,N,N,N,N,,,N,N,N,N,N,N,N,N,N,N,N,2026-05-21,https://inspections.vcha.ca/ChildCare/Table,N,Y,Y,Kiddy Junction Academy - Division Iii<br>Licensed Group<br>604-336-9382<br><br>Vacancy:<br>&nbsp;&nbsp;&nbsp;&nbsp;<36 months: N<br>&nbsp;&nbsp;&nbsp;&nbsp;30 months -- 5 years: N<br>&nbsp;&nbsp;&nbsp;&nbsp;Preschool: N<br>&nbsp;&nbsp;&nbsp;&nbsp;Grade 1 - Age 12: N<br>
1866,Licensed Group,Fundamentals Childcare Centre Inc,12030 Blakely Rd,,Pitt Meadows,V3Y 1J6,49.22136,-122.682824,778-670-6630,,,N,N,N,N,N,N,N,N,N,N,N,N,N,N,N,N,N,,,N,N,N,N,N,N,N,N,Y,Y,N,2026-05-21,http://www.healthspace.ca/fha/childcare,N,Y,N,Fundamentals Childcare Centre Inc<br>Licensed Group<br>778-670-6630<br><br>Vacancy:<br>&nbsp;&nbsp;&nbsp;&nbsp;<36 months: N<br>&nbsp;&nbsp;&nbsp;&nbsp;30 months -- 5 years: Y<br>&nbsp;&nbsp;&nbsp;&nbsp;Preschool: Y<br>&nbsp;&nbsp;&nbsp;&nbsp;Grade 1 - Age 12: N<br>
1867,Licensed Group,Elowyn - Kettle Valley,103-5309 Main St,,Kelowna,V1W 4V3,49.794345,-119.512033,778-477-3095,,,N,N,N,N,N,N,N,N,N,N,N,N,N,N,N,N,N,,,N,N,N,N,N,N,N,N,Y,N,N,2026-05-19,https://hedgehogportal.interiorhealth.ca/ChildCare/Map,N,Y,N,Elowyn - Kettle Valley<br>Licensed Group<br>778-477-3095<br><br>Vacancy:<br>&nbsp;&nbsp;&nbsp;&nbsp;<36 months: N<br>&nbsp;&nbsp;&nbsp;&nbsp;30 months -- 5 years: Y<br>&nbsp;&nbsp;&nbsp;&nbsp;Preschool: N<br>&nbsp;&nbsp;&nbsp;&nbsp;Grade 1 - Age 12: N<br>
1868,Licensed Group,Little Cube Montessori Preschool & Kindergarten,106-3242 Westwood St,,Port Coquitlam,V3C 3L8,49.270638,-122.790137,604-475-0410,,,N,N,N,N,N,N,N,N,N,N,N,N,N,N,N,N,N,,,N,N,N,N,N,N,N,N,N,N,N,2026-04-25,http://www.healthspace.ca/fha/childcare,N,Y,N,Little Cube Montessori Preschool & Kindergarten<br>Licensed Group<br>604-475-0410<br><br>Vacancy:<br>&nbsp;&nbsp;&nbsp;&nbsp;<36 months: N<br>&nbsp;&nbsp;&nbsp;&nbsp;30 months -- 5 years: N<br>&nbsp;&nbsp;&nbsp;&nbsp;Preschool: N<br>&nbsp;&nbsp;&nbsp;&nbsp;Grade 1 - Age 12: N<br>
1869,Licensed Group,Red Apple Day Care Centre,32354 Marshall Rd,,Abbotsford,V2T 1A4,49.037839,-122.327722,778-669-0268,,,N,N,N,N,N,N,N,N,N,N,N,N,N,N,N,N,N,,,N,N,N,N,N,N,N,Y,N,N,N,2026-05-15,http://www.healthspace.ca/fha/childcare,N,Y,N,Red Apple Day Care Centre<br>Licensed Group<br>778-669-0268<br><br>Vacancy:<br>&nbsp;&nbsp;&nbsp;&nbsp;<36 months: Y<br>&nbsp;&nbsp;&nbsp;&nbsp;30 months -- 5 years: N<br>&nbsp;&nbsp;&nbsp;&nbsp;Preschool: N<br>&nbsp;&nbsp;&nbsp;&nbsp;Grade 1 - Age 12: N<br>
1870,Licensed Group,Kidz Circle,516 Dogwood St S,,Campbell River,V9W 6R4,49.997849,-125.248206,250-287-1179,,,N,N,N,N,N,N,N,N,N,N,N,N,N,N,N,N,N,,,N,N,N,N,N,N,N,N,N,N,N,2026-05-21,https://www.healthspace.ca/clients/viha/viha_website.nsf/CCFL-Main?OpenView,N,Y,N,Kidz Circle<br>Licensed Group<br>250-287-1179<br><br>Vacancy:<br>&nbsp;&nbsp;&nbsp;&nbsp;<36 months: N<br>&nbsp;&nbsp;&nbsp;&nbsp;30 months -- 5 years: N<br>&nbsp;&nbsp;&nbsp;&nbsp;Preschool: N<br>&nbsp;&nbsp;&nbsp;&nbsp;Grade 1 - Age 12: N<br>
1871,Licensed Family,Lily Pads Childcare Inc,15052 61 Ave,,Surrey,V3S 7W9,49.113417,-122.804871,778-903-3434,www.lilypadschildcaresurrey,,N,N,N,N,N,N,N,N,N,N,N,N,N,N,N,N,N,,,N,N,N,N,N,N,N,N,Y,N,N,2026-05-15,http://www.healthspace.ca/fha/childcare,N,Y,N,Lily Pads Childcare Inc<br>Licensed Family<br>778-903-3434<br><br>Vacancy:<br>&nbsp;&nbsp;&nbsp;&nbsp;<36 months: N<br>&nbsp;&nbsp;&nbsp;&nbsp;30 months -- 5 years: Y<br>&nbsp;&nbsp;&nbsp;&nbsp;Preschool: N<br>&nbsp;&nbsp;&nbsp;&nbsp;Grade 1 - Age 12: N<br>
1872,Licensed Group,West Oaks Childcare Ltd.,120 Middleton Ave,,Parksville,V9P 2G3,49.319876,-124.311777,250-951-9378,,,N,N,N,N,N,N,N,N,N,N,N,N,N,N,N,N,N,,,N,N,N,N,N,N,N,N,N,N,N,2026-05-14,https://www.healthspace.ca/clients/viha/viha_website.nsf/CCFL-Main?OpenView,N,Y,N,West Oaks Childcare Ltd.<br>Licensed Group<br>250-951-9378<br><br>Vacancy:<br>&nbsp;&nbsp;&nbsp;&nbsp;<36 months: N<br>&nbsp;&nbsp;&nbsp;&nbsp;30 months -- 5 years: N<br>&nbsp;&nbsp;&nbsp;&nbsp;Preschool: N<br>&nbsp;&nbsp;&nbsp;&nbsp;Grade 1 - Age 12: N<br>
1873,Licensed Group,Simply Fun Gordon Head,1620 Wycliffe Pl,,Victoria,V8N 4X4,48.489641,-123.328203,250-881-3958,,,N,N,N,N,N,N,N,N,N,N,N,N,N,N,N,N,N,,,N,N,N,N,N,N,N,Y,N,N,N,2026-05-06,,N,N,N,Simply Fun Gordon Head<br>Licensed Group<br>250-881-3958<br><br>Vacancy:<br>&nbsp;&nbsp;&nbsp;&nbsp;<36 months: Y<br>&nbsp;&nbsp;&nbsp;&nbsp;30 months -- 5 years: N<br>&nbsp;&nbsp;&nbsp;&nbsp;Preschool: N<br>&nbsp;&nbsp;&nbsp;&nbsp;Grade 1 - Age 12: N<br>
1874,Licensed Group,Little Lions Childcare,103-2955 Immel St,,Abbotsford,V2S 7E2,49.055429,-122.272052,778-347-0553,,,N,N,N,N,N,N,N,N,N,N,N,N,N,N,N,N,N,,,N,N,N,N,N,N,N,Y,Y,N,N,2026-05-19,,N,Y,N,Little Lions Childcare<br>Licensed Group<br>778-347-0553<br><br>Vacancy:<br>&nbsp;&nbsp;&nbsp;&nbsp;<36 months: Y<br>&nbsp;&nbsp;&nbsp;&nbsp;30 months -- 5 years: Y<br>&nbsp;&nbsp;&nbsp;&nbsp;Preschool: N<br>&nbsp;&nbsp;&nbsp;&nbsp;Grade 1 - Age 12: N<br>
1875,Licensed Family,Lunar Early Childhood Learning Academy,8583 Kimball St,,Mission,V2V 7P6,49.157851,-122.288689,604-202-8055,,,N,N,N,N,N,N,N,N,N,N,N,N,N,N,N,N,N,,,N,N,N,N,N,N,N,Y,Y,N,N,2026-05-15,http://www.healthspace.ca/fha/childcare,N,Y,N,Lunar Early Childhood Learning Academy<br>Licensed Family<br>604-202-8055<br><br>Vacancy:<br>&nbsp;&nbsp;&nbsp;&nbsp;<36 months: Y<br>&nbsp;&nbsp;&nbsp;&nbsp;30 months -- 5 years: Y<br>&nbsp;&nbsp;&nbsp;&nbsp;Preschool: N<br>&nbsp;&nbsp;&nbsp;&nbsp;Grade 1 - Age 12: N<br>
1876,Licensed Group,Lisa's Busy Bees Childcare Ltd.,4890 Locke Rd,,Port Alberni,V9Y 8P9,49.263109,-124.770833,250-731-6135,,,N,N,N,N,N,N,N,N,N,N,N,N,N,N,N,N,N,,,N,N,N,N,N,N,N,N,N,N,N,2026-05-06,,N,Y,N,Lisa's Busy Bees Childcare Ltd.<br>Licensed Group<br>250-731-6135<br><br>Vacancy:<br>&nbsp;&nbsp;&nbsp;&nbsp;<36 months: N<br>&nbsp;&nbsp;&nbsp;&nbsp;30 months -- 5 years: N<br>&nbsp;&nbsp;&nbsp;&nbsp;Preschool: N<br>&nbsp;&nbsp;&nbsp;&nbsp;Grade 1 - Age 12: N<br>
1877,Licensed Group,Just B4 Preschool,1437 Allison St,,Penticton,V2A 3X5,49.485871,-119.557539,250-770-7677,,,N,N,N,N,N,N,N,N,N,N,N,N,N,N,N,N,N,,,N,N,N,N,N,N,N,N,N,N,N,2026-05-19,,N,Y,N,Just B4 Preschool<br>Licensed Group<br>250-770-7677<br><br>Vacancy:<br>&nbsp;&nbsp;&nbsp;&nbsp;<36 months: N<br>&nbsp;&nbsp;&nbsp;&nbsp;30 months -- 5 years: N<br>&nbsp;&nbsp;&nbsp;&nbsp;Preschool: N<br>&nbsp;&nbsp;&nbsp;&nbsp;Grade 1 - Age 12: N<br>
1878,Licensed Family,Angel Pines Daycare,8-3457 Whatcom Rd,,Abbotsford,V3G 0B9,49.064128,-122.240465,778-929-0213,,,N,N,N,N,N,N,N,N,N,N,N,N,N,N,N,N,N,,,N,N,N,N,N,N,N,Y,N,N,N,2026-05-05,,N,Y,N,Angel Pines Daycare<br>Licensed Family<br>778-929-0213<br><br>Vacancy:<br>&nbsp;&nbsp;&nbsp;&nbsp;<36 months: Y<br>&nbsp;&nbsp;&nbsp;&nbsp;30 months -- 5 years: N<br>&nbsp;&nbsp;&nbsp;&nbsp;Preschool: N<br>&nbsp;&nbsp;&nbsp;&nbsp;Grade 1 - Age 12: N<br>
1879,Licensed Group,Kids Kingdom Early Learning Centre Ltd,106-2276 Clearbrook Rd,,Abbotsford,V2T 2X5,49.043611,-122.336474,778-956-9707,,,N,N,N,N,N,N,N,N,N,N,N,N,N,N,N,N,N,,,N,N,N,N,N,N,N,Y,Y,Y,N,2026-05-15,,N,Y,N,Kids Kingdom Early Learning Centre Ltd<br>Licensed Group<br>778-956-9707<br><br>Vacancy:<br>&nbsp;&nbsp;&nbsp;&nbsp;<36 months: Y<br>&nbsp;&nbsp;&nbsp;&nbsp;30 months -- 5 years: Y<br>&nbsp;&nbsp;&nbsp;&nbsp;Preschool: Y<br>&nbsp;&nbsp;&nbsp;&nbsp;Grade 1 - Age 12: N<br>
1880,Licensed Group,Twig +Owl/ Trillium,1321 Emerson Way,,North Vancouver,V7H 2B7,49.319272,-122.998365,604-929-5371,,,N,N,N,N,N,N,N,N,N,N,N,N,N,N,N,N,N,,,N,N,N,N,N,N,N,N,N,N,N,2026-04-19,,N,Y,N,Twig +Owl/ Trillium<br>Licensed Group<br>604-929-5371<br><br>Vacancy:<br>&nbsp;&nbsp;&nbsp;&nbsp;<36 months: N<br>&nbsp;&nbsp;&nbsp;&nbsp;30 months -- 5 years: N<br>&nbsp;&nbsp;&nbsp;&nbsp;Preschool: N<br>&nbsp;&nbsp;&nbsp;&nbsp;Grade 1 - Age 12: N<br>
1881,Licensed Group,Little People's Community Preschool,2733 W 41St Ave,,Vancouver,V6N 3C5,49.235426,-123.166457,604-261-2219,,,N,N,N,N,N,N,N,N,N,N,N,N,N,N,N,N,N,,,N,N,N,N,N,N,N,N,N,Y,N,2026-05-11,,N,Y,N,Little People's Community Preschool<br>Licensed Group<br>604-261-2219<br><br>Vacancy:<br>&nbsp;&nbsp;&nbsp;&nbsp;<36 months: N<br>&nbsp;&nbsp;&nbsp;&nbsp;30 months -- 5 years: N<br>&nbsp;&nbsp;&nbsp;&nbsp;Preschool: Y<br>&nbsp;&nbsp;&nbsp;&nbsp;Grade 1 - Age 12: N<br>
1882,Licensed Group,Coronation Montessori Preschool,422 Ballou Pl,,Kelowna,V1V 1V4,49.915723,-119.44763,778-484-3121,,,Y,N,N,N,N,N,N,N,Y,N,N,N,N,N,N,N,N,Not offered,Not offered,Y,N,N,N,Y,Y,Y,N,N,N,N,2026-04-20,,N,N,N,Coronation Montessori Preschool<br>Licensed Group<br>778-484-3121<br><br>Vacancy:<br>&nbsp;&nbsp;&nbsp;&nbsp;<36 months: N<br>&nbsp;&nbsp;&nbsp;&nbsp;30 months -- 5 years: N<br>&nbsp;&nbsp;&nbsp;&nbsp;Preschool: N<br>&nbsp;&nbsp;&nbsp;&nbsp;Grade 1 - Age 12: N<br>
1883,Licensed Family,Busy Beavers Children Centre Corp,8253 134 St,,Surrey,V3W 0C9,49.152782,-122.85154,604-375-2754,,,N,N,N,N,N,N,N,N,N,N,N,N,N,N,N,N,N,,,N,N,N,N,N,N,N,N,N,N,N,2026-05-15,,N,Y,N,Busy Beavers Children Centre Corp<br>Licensed Family<br>604-375-2754<br><br>Vacancy:<br>&nbsp;&nbsp;&nbsp;&nbsp;<36 months: N<br>&nbsp;&nbsp;&nbsp;&nbsp;30 months -- 5 years: N<br>&nbsp;&nbsp;&nbsp;&nbsp;Preschool: N<br>&nbsp;&nbsp;&nbsp;&nbsp;Grade 1 - Age 12: N<br>
1884,Licensed Family,Ab-Early Learning,727 Henderson Ave,,Coquitlam,V3K 1N7,49.237136,-122.877705,778-859-8010,,,N,N,N,N,N,N,N,N,N,N,N,N,N,N,N,N,N,,,N,N,N,N,N,N,N,N,Y,N,N,2026-05-02,,N,Y,N,Ab-Early Learning<br>Licensed Family<br>778-859-8010<br><br>Vacancy:<br>&nbsp;&nbsp;&nbsp;&nbsp;<36 months: N<br>&nbsp;&nbsp;&nbsp;&nbsp;30 months -- 5 years: Y<br>&nbsp;&nbsp;&nbsp;&nbsp;Preschool: N<br>&nbsp;&nbsp;&nbsp;&nbsp;Grade 1 - Age 12: N<br>
1885,Licensed Family,Peek 'N' Play Child Care Centre Inc,2317 Mouldstade Rd,,Abbotsford,V2S 3X5,49.044009,-122.286933,604-721-9626,,,N,N,N,N,N,N,N,N,N,N,N,N,N,N,N,N,N,,,N,N,N,N,N,N,N,N,N,N,Y,2026-05-02,,N,Y,N,Peek 'N' Play Child Care Centre Inc<br>Licensed Family<br>604-721-9626<br><br>Vacancy:<br>&nbsp;&nbsp;&nbsp;&nbsp;<36 months: N<br>&nbsp;&nbsp;&nbsp;&nbsp;30 months -- 5 years: N<br>&nbsp;&nbsp;&nbsp;&nbsp;Preschool: N<br>&nbsp;&nbsp;&nbsp;&nbsp;Grade 1 - Age 12: Y<br>
1886,Licensed Group,Ohana Academy Inc.,2091 Springfield Rd,,Kelowna,V1Y 7X1,49.876824,-119.444233,250-317-6406,,,N,N,N,N,N,N,N,N,N,N,N,N,N,N,N,N,N,,,N,N,N,N,N,N,N,N,N,Y,N,2026-04-21,,N,Y,N,Ohana Academy Inc.<br>Licensed Group<br>250-317-6406<br><br>Vacancy:<br>&nbsp;&nbsp;&nbsp;&nbsp;<36 months: N<br>&nbsp;&nbsp;&nbsp;&nbsp;30 months -- 5 years: N<br>&nbsp;&nbsp;&nbsp;&nbsp;Preschool: Y<br>&nbsp;&nbsp;&nbsp;&nbsp;Grade 1 - Age 12: N<br>
1887,Licensed Family,Pedal Pusher Daycare,2234 Mccoy Rd,,Victoria,V8N 1E6,48.470129,-123.315436,250-475-2217,,,N,N,N,N,N,N,N,N,N,N,N,N,N,N,N,N,N,,,N,N,N,N,N,N,N,N,N,N,N,2026-05-20,,N,Y,N,Pedal Pusher Daycare<br>Licensed Family<br>250-475-2217<br><br>Vacancy:<br>&nbsp;&nbsp;&nbsp;&nbsp;<36 months: N<br>&nbsp;&nbsp;&nbsp;&nbsp;30 months -- 5 years: N<br>&nbsp;&nbsp;&nbsp;&nbsp;Preschool: N<br>&nbsp;&nbsp;&nbsp;&nbsp;Grade 1 - Age 12: N<br>
1888,Licensed Group,Play And Learn Childcare Centre,4425 Saratoga Ct,,Burnaby,V5H 1C8,49.236227,-123.005438,604-258-9727,,,N,N,N,N,N,N,N,N,N,N,N,N,N,N,N,N,N,,,N,N,N,N,N,N,N,N,N,N,N,2026-05-15,,N,Y,N,Play And Learn Childcare Centre<br>Licensed Group<br>604-258-9727<br><br>Vacancy:<br>&nbsp;&nbsp;&nbsp;&nbsp;<36 months: N<br>&nbsp;&nbsp;&nbsp;&nbsp;30 months -- 5 years: N<br>&nbsp;&nbsp;&nbsp;&nbsp;Preschool: N<br>&nbsp;&nbsp;&nbsp;&nbsp;Grade 1 - Age 12: N<br>
1889,Licensed Family,Little Fish Daycare,32510 Badger Ave,,Mission,V2V 5S6,49.148929,-122.324173,604-832-2314,,,N,N,N,N,N,N,N,N,N,N,N,N,N,N,N,N,N,,,N,N,N,N,N,N,N,N,N,N,N,2026-05-17,,N,Y,N,Little Fish Daycare<br>Licensed Family<br>604-832-2314<br><br>Vacancy:<br>&nbsp;&nbsp;&nbsp;&nbsp;<36 months: N<br>&nbsp;&nbsp;&nbsp;&nbsp;30 months -- 5 years: N<br>&nbsp;&nbsp;&nbsp;&nbsp;Preschool: N<br>&nbsp;&nbsp;&nbsp;&nbsp;Grade 1 - Age 12: N<br>
1890,Licensed Family,Leaps & Bounds Childcare Center,19530 Park Rd,,Pitt Meadows,V3Y 1A9,49.225364,-122.679998,604-809-8966,,,N,N,N,N,N,N,N,N,N,N,N,N,N,N,N,N,N,,,N,N,N,N,N,N,N,N,N,N,N,2026-05-15,,N,Y,N,Leaps & Bounds Childcare Center<br>Licensed Family<br>604-809-8966<br><br>Vacancy:<br>&nbsp;&nbsp;&nbsp;&nbsp;<36 months: N<br>&nbsp;&nbsp;&nbsp;&nbsp;30 months -- 5 years: N<br>&nbsp;&nbsp;&nbsp;&nbsp;Preschool: N<br>&nbsp;&nbsp;&nbsp;&nbsp;Grade 1 - Age 12: N<br>
1891,Licensed Group,Logan Lake Laugh And Learn Daycare,130B Chartrand Ave,,Logan Lake,V0K 1W0,50.492882,-120.815878,250-523-3044,,,N,N,N,N,N,N,N,N,N,N,N,N,N,N,N,N,N,,,N,N,N,N,N,N,N,Y,Y,N,N,2026-03-16,,N,Y,N,Logan Lake Laugh And Learn Daycare<br>Licensed Group<br>250-523-3044<br><br>Vacancy:<br>&nbsp;&nbsp;&nbsp;&nbsp;<36 months: Y<br>&nbsp;&nbsp;&nbsp;&nbsp;30 months -- 5 years: Y<br>&nbsp;&nbsp;&nbsp;&nbsp;Preschool: N<br>&nbsp;&nbsp;&nbsp;&nbsp;Grade 1 - Age 12: N<br>
1892,Licensed Group,Kids Academy (2610),2610 St Johns St,,Port Moody,V3H 3B6,49.277037,-122.85388,604-353-3830,,,N,N,N,N,N,N,N,N,N,N,N,N,N,N,N,N,N,,,N,N,N,N,N,N,N,Y,Y,N,N,2026-05-13,,N,Y,N,Kids Academy (2610)<br>Licensed Group<br>604-353-3830<br><br>Vacancy:<br>&nbsp;&nbsp;&nbsp;&nbsp;<36 months: Y<br>&nbsp;&nbsp;&nbsp;&nbsp;30 months -- 5 years: Y<br>&nbsp;&nbsp;&nbsp;&nbsp;Preschool: N<br>&nbsp;&nbsp;&nbsp;&nbsp;Grade 1 - Age 12: N<br>
1893,Licensed Family,Starseeds,580 Peck Rd,,Kelowna,V1X 5V9,49.873374,-119.397316,250-584-4961,,,N,N,N,N,N,N,N,N,N,N,N,N,N,N,N,N,N,,,N,N,N,N,N,N,N,N,Y,N,Y,2026-05-14,,N,Y,N,Starseeds<br>Licensed Family<br>250-584-4961<br><br>Vacancy:<br>&nbsp;&nbsp;&nbsp;&nbsp;<36 months: N<br>&nbsp;&nbsp;&nbsp;&nbsp;30 months -- 5 years: Y<br>&nbsp;&nbsp;&nbsp;&nbsp;Preschool: N<br>&nbsp;&nbsp;&nbsp;&nbsp;Grade 1 - Age 12: Y<br>
1894,Licensed Family,A + Child Care Centre,6793 Elwell St,,Burnaby,V5E 1K2,49.221352,-122.962857,778-251-0130,,,N,N,N,N,N,N,N,N,N,N,N,N,N,N,N,N,N,,,N,N,N,N,N,N,N,N,N,N,N,2026-05-17,,N,Y,N,A + Child Care Centre<br>Licensed Family<br>778-251-0130<br><br>Vacancy:<br>&nbsp;&nbsp;&nbsp;&nbsp;<36 months: N<br>&nbsp;&nbsp;&nbsp;&nbsp;30 months -- 5 years: N<br>&nbsp;&nbsp;&nbsp;&nbsp;Preschool: N<br>&nbsp;&nbsp;&nbsp;&nbsp;Grade 1 - Age 12: N<br>
1895,Licensed Group,Parasol - Early Years Learning - 5,604 Tranquille Rd,,Kamloops,V2B 3H6,50.694488,-120.359842,250-819-1390,,,N,N,N,N,N,N,N,N,N,N,N,N,N,N,N,N,N,,,N,N,N,N,N,N,N,N,N,N,N,2026-04-18,,N,Y,N,Parasol - Early Years Learning - 5<br>Licensed Group<br>250-819-1390<br><br>Vacancy:<br>&nbsp;&nbsp;&nbsp;&nbsp;<36 months: N<br>&nbsp;&nbsp;&nbsp;&nbsp;30 months -- 5 years: N<br>&nbsp;&nbsp;&nbsp;&nbsp;Preschool: N<br>&nbsp;&nbsp;&nbsp;&nbsp;Grade 1 - Age 12: N<br>
1896,Licensed Group,Squamish Montessori School - Toddler,40850 Tantalus Rd,,Squamish,V8B 0L5,49.748558,-123.133607,604-892-1180,,,N,N,N,N,N,N,N,N,N,N,N,N,N,N,N,N,N,,,N,N,N,N,N,N,N,N,N,N,N,2026-03-26,,N,Y,N,Squamish Montessori School - Toddler<br>Licensed Group<br>604-892-1180<br><br>Vacancy:<br>&nbsp;&nbsp;&nbsp;&nbsp;<36 months: N<br>&nbsp;&nbsp;&nbsp;&nbsp;30 months -- 5 years: N<br>&nbsp;&nbsp;&nbsp;&nbsp;Preschool: N<br>&nbsp;&nbsp;&nbsp;&nbsp;Grade 1 - Age 12: N<br>
1897,Licensed Group,St. James Early Learning Centre,2700 28Th Ave,,Vernon,V1T 1V7,50.261848,-119.267475,250-372-5452,,,N,N,N,N,N,N,N,N,N,N,N,N,N,N,N,N,N,,,N,N,N,N,N,N,N,Y,Y,N,N,2026-05-04,,N,Y,N,St. James Early Learning Centre<br>Licensed Group<br>250-372-5452<br><br>Vacancy:<br>&nbsp;&nbsp;&nbsp;&nbsp;<36 months: Y<br>&nbsp;&nbsp;&nbsp;&nbsp;30 months -- 5 years: Y<br>&nbsp;&nbsp;&nbsp;&nbsp;Preschool: N<br>&nbsp;&nbsp;&nbsp;&nbsp;Grade 1 - Age 12: N<br>
1898,Licensed Group,Bright Rainbow Child Care,B & C - 6225 136Th St,,Surrey,V3X 1H3,49.115873,-122.845628,604-590-6771,,,N,N,N,N,N,N,N,N,N,N,N,N,N,N,N,N,N,,,N,N,N,N,N,N,N,N,N,N,N,2026-05-16,,N,Y,N,Bright Rainbow Child Care<br>Licensed Group<br>604-590-6771<br><br>Vacancy:<br>&nbsp;&nbsp;&nbsp;&nbsp;<36 months: N<br>&nbsp;&nbsp;&nbsp;&nbsp;30 months -- 5 years: N<br>&nbsp;&nbsp;&nbsp;&nbsp;Preschool: N<br>&nbsp;&nbsp;&nbsp;&nbsp;Grade 1 - Age 12: N<br>
1899,Licensed Family,Blossom Babies Child Care Centre,1221 Burkemont Pl,,Coquitlam,V3B 0C8,49.286573,-122.75692,604-761-4614,,,N,N,N,N,N,N,N,N,N,N,N,N,N,N,N,N,N,,,N,N,N,N,N,N,N,Y,Y,N,Y,2026-05-19,,N,Y,N,Blossom Babies Child Care Centre<br>Licensed Family<br>604-761-4614<br><br>Vacancy:<br>&nbsp;&nbsp;&nbsp;&nbsp;<36 months: Y<br>&nbsp;&nbsp;&nbsp;&nbsp;30 months -- 5 years: Y<br>&nbsp;&nbsp;&nbsp;&nbsp;Preschool: N<br>&nbsp;&nbsp;&nbsp;&nbsp;Grade 1 - Age 12: Y<br>
1900,Licensed Group,Evergreen Independent School Junior Kindergarten,3515 Watson Ave,,Cobble Hill,V0R 1L0,48.687355,-123.600951,250-743-2433,,,N,N,N,N,N,N,N,N,N,N,N,N,N,N,N,N,N,,,N,N,N,N,N,N,N,N,Y,N,N,2026-05-21,,N,Y,N,Evergreen Independent School Junior Kindergarten<br>Licensed Group<br>250-743-2433<br><br>Vacancy:<br>&nbsp;&nbsp;&nbsp;&nbsp;<36 months: N<br>&nbsp;&nbsp;&nbsp;&nbsp;30 months -- 5 years: Y<br>&nbsp;&nbsp;&nbsp;&nbsp;Preschool: N<br>&nbsp;&nbsp;&nbsp;&nbsp;Grade 1 - Age 12: N<br>
1901,Licensed Family,Busy Little Bees Daycare,10147 156A St,,Surrey,V4N 4S4,49.186959,-122.788703,778-895-0007,,,N,N,N,N,N,N,N,N,N,N,N,N,N,N,N,N,N,,,N,N,N,N,N,N,N,N,N,N,N,2026-05-15,,N,Y,N,Busy Little Bees Daycare<br>Licensed Family<br>778-895-0007<br><br>Vacancy:<br>&nbsp;&nbsp;&nbsp;&nbsp;<36 months: N<br>&nbsp;&nbsp;&nbsp;&nbsp;30 months -- 5 years: N<br>&nbsp;&nbsp;&nbsp;&nbsp;Preschool: N<br>&nbsp;&nbsp;&nbsp;&nbsp;Grade 1 - Age 12: N<br>
1902,Licensed Group,Goldstone Childcare Centres Inc,19160 70Th Ave,,Surrey,V4N 5W6,49.129875,-122.692019,604-729-0543,,,N,N,N,N,N,N,N,N,N,N,N,N,N,N,N,N,N,,,N,N,N,N,N,N,N,Y,Y,N,Y,2026-05-21,,N,Y,N,Goldstone Childcare Centres Inc<br>Licensed Group<br>604-729-0543<br><br>Vacancy:<br>&nbsp;&nbsp;&nbsp;&nbsp;<36 months: Y<br>&nbsp;&nbsp;&nbsp;&nbsp;30 months -- 5 years: Y<br>&nbsp;&nbsp;&nbsp;&nbsp;Preschool: N<br>&nbsp;&nbsp;&nbsp;&nbsp;Grade 1 - Age 12: Y<br>
1903,Licensed Group,Happyland Infant And Toddler Daycare,6295 Broadway,,Burnaby,V5B 2Y4,49.263655,-122.972741,778-883-9030,,,N,N,N,N,N,N,N,N,N,N,N,N,N,N,N,N,N,,,N,N,N,N,N,N,N,N,N,N,N,2026-05-15,,N,Y,N,Happyland Infant And Toddler Daycare<br>Licensed Group<br>778-883-9030<br><br>Vacancy:<br>&nbsp;&nbsp;&nbsp;&nbsp;<36 months: N<br>&nbsp;&nbsp;&nbsp;&nbsp;30 months -- 5 years: N<br>&nbsp;&nbsp;&nbsp;&nbsp;Preschool: N<br>&nbsp;&nbsp;&nbsp;&nbsp;Grade 1 - Age 12: N<br>
1904,Licensed Family,Children's Choice Early Learning Childcare,1043 Briarwood Cres,,Mill Bay,V0R 2P2,48.645622,-123.581012,250-380-8325,,,N,N,N,N,N,N,N,N,N,N,N,N,N,N,N,N,N,,,N,N,N,N,N,N,N,N,N,N,N,2026-05-15,,N,Y,N,Children's Choice Early Learning Childcare<br>Licensed Family<br>250-380-8325<br><br>Vacancy:<br>&nbsp;&nbsp;&nbsp;&nbsp;<36 months: N<br>&nbsp;&nbsp;&nbsp;&nbsp;30 months -- 5 years: N<br>&nbsp;&nbsp;&nbsp;&nbsp;Preschool: N<br>&nbsp;&nbsp;&nbsp;&nbsp;Grade 1 - Age 12: N<br>
1905,Licensed Family,Close To Home Daycare,203-2266 Island Hwy S,,Campbell River,V9W 1C3,49.970016,-125.215209,250-893-0466,,,N,N,N,N,N,N,N,N,N,N,N,N,N,N,N,N,N,,,N,N,N,N,N,N,N,N,N,N,N,2026-05-12,,N,Y,N,Close To Home Daycare<br>Licensed Family<br>250-893-0466<br><br>Vacancy:<br>&nbsp;&nbsp;&nbsp;&nbsp;<36 months: N<br>&nbsp;&nbsp;&nbsp;&nbsp;30 months -- 5 years: N<br>&nbsp;&nbsp;&nbsp;&nbsp;Preschool: N<br>&nbsp;&nbsp;&nbsp;&nbsp;Grade 1 - Age 12: N<br>
1906,Licensed Group,Grow And Discover Education Inc.,239 Puntledge Rd,,Courtenay,V9N 3P9,49.694591,-124.991674,250-334-1613,,,N,N,N,N,N,N,N,N,N,N,N,N,N,N,N,N,N,,,N,N,N,N,N,N,N,N,N,N,N,2026-05-15,,N,Y,N,Grow And Discover Education Inc.<br>Licensed Group<br>250-334-1613<br><br>Vacancy:<br>&nbsp;&nbsp;&nbsp;&nbsp;<36 months: N<br>&nbsp;&nbsp;&nbsp;&nbsp;30 months -- 5 years: N<br>&nbsp;&nbsp;&nbsp;&nbsp;Preschool: N<br>&nbsp;&nbsp;&nbsp;&nbsp;Grade 1 - Age 12: N<br>
1907,Licensed Group,Petite Girafe Montessori Academy,15977 28 Ave,,Surrey,V3Z 0E5,49.052976,-122.780112,604-385-5808,,,N,N,N,N,N,N,N,N,N,N,N,N,N,N,N,N,N,,,N,N,N,N,N,N,N,N,N,N,N,2026-05-15,,N,Y,N,Petite Girafe Montessori Academy<br>Licensed Group<br>604-385-5808<br><br>Vacancy:<br>&nbsp;&nbsp;&nbsp;&nbsp;<36 months: N<br>&nbsp;&nbsp;&nbsp;&nbsp;30 months -- 5 years: N<br>&nbsp;&nbsp;&nbsp;&nbsp;Preschool: N<br>&nbsp;&nbsp;&nbsp;&nbsp;Grade 1 - Age 12: N<br>
1908,Licensed Family,Jolly Step Early Learning Centre,10313 167A St,,Surrey,V4N 5H2,49.19017,-122.757846,778-889-5857,www.jollystepelc.com,,N,N,N,N,N,N,N,N,N,N,N,N,N,N,N,N,N,,,N,N,N,N,N,N,N,Y,Y,N,N,2026-05-15,,N,Y,N,Jolly Step Early Learning Centre<br>Licensed Family<br>778-889-5857<br><br>Vacancy:<br>&nbsp;&nbsp;&nbsp;&nbsp;<36 months: Y<br>&nbsp;&nbsp;&nbsp;&nbsp;30 months -- 5 years: Y<br>&nbsp;&nbsp;&nbsp;&nbsp;Preschool: N<br>&nbsp;&nbsp;&nbsp;&nbsp;Grade 1 - Age 12: N<br>
1909,Licensed Family,Little Creations Childcare Centre,13716 232A St,,Maple Ridge,V4R 0H1,49.251665,-122.578814,604-314-9266,,,N,N,N,N,N,N,N,N,N,N,N,N,N,N,N,N,N,,,N,N,N,N,N,N,N,N,N,N,N,2026-05-17,,N,Y,N,Little Creations Childcare Centre<br>Licensed Family<br>604-314-9266<br><br>Vacancy:<br>&nbsp;&nbsp;&nbsp;&nbsp;<36 months: N<br>&nbsp;&nbsp;&nbsp;&nbsp;30 months -- 5 years: N<br>&nbsp;&nbsp;&nbsp;&nbsp;Preschool: N<br>&nbsp;&nbsp;&nbsp;&nbsp;Grade 1 - Age 12: N<br>
1910,Licensed Group,Baby To Superstar Daycare,2936 Valleyvista Dr,,Coquitlam,V3E 2P4,49.29713,-122.798217,604-518-9355,,,N,N,N,N,N,N,N,N,N,N,N,N,N,N,N,N,N,,,N,N,N,N,N,N,N,Y,N,N,N,2026-05-19,,N,Y,N,Baby To Superstar Daycare<br>Licensed Group<br>604-518-9355<br><br>Vacancy:<br>&nbsp;&nbsp;&nbsp;&nbsp;<36 months: Y<br>&nbsp;&nbsp;&nbsp;&nbsp;30 months -- 5 years: N<br>&nbsp;&nbsp;&nbsp;&nbsp;Preschool: N<br>&nbsp;&nbsp;&nbsp;&nbsp;Grade 1 - Age 12: N<br>
1911,Licensed Group,Little Footprints Academy (Guildford),15326 103A Ave,,Surrey,V3R 7A2,49.190298,-122.797362,604-328-2091,,,N,N,N,N,N,N,N,N,N,N,N,N,N,N,N,N,N,,,N,N,N,N,N,N,N,N,N,N,N,2026-05-13,,N,Y,N,Little Footprints Academy (Guildford)<br>Licensed Group<br>604-328-2091<br><br>Vacancy:<br>&nbsp;&nbsp;&nbsp;&nbsp;<36 months: N<br>&nbsp;&nbsp;&nbsp;&nbsp;30 months -- 5 years: N<br>&nbsp;&nbsp;&nbsp;&nbsp;Preschool: N<br>&nbsp;&nbsp;&nbsp;&nbsp;Grade 1 - Age 12: N<br>
1912,Licensed Group,Cefa Park Royal,727 Park Royal North,,West Vancouver,V7T 1H9,49.327534,-123.135815,604-281-0720,,,N,N,N,N,N,N,N,N,N,N,N,N,N,N,N,N,N,,,N,N,N,N,N,N,N,N,Y,N,N,2026-05-20,,N,Y,Y,Cefa Park Royal<br>Licensed Group<br>604-281-0720<br><br>Vacancy:<br>&nbsp;&nbsp;&nbsp;&nbsp;<36 months: N<br>&nbsp;&nbsp;&nbsp;&nbsp;30 months -- 5 years: Y<br>&nbsp;&nbsp;&nbsp;&nbsp;Preschool: N<br>&nbsp;&nbsp;&nbsp;&nbsp;Grade 1 - Age 12: N<br>
1913,Licensed Group,Cefa Park Royal,727 Park Royal North,,West Vancouver,V7T 1H9,49.327534,-123.135815,604-281-0720,,,N,N,N,N,N,N,N,N,N,N,N,N,N,N,N,N,N,,,N,N,N,N,N,N,N,N,Y,N,N,2026-05-20,,N,Y,Y,Cefa Park Royal<br>Licensed Group<br>604-281-0720<br><br>Vacancy:<br>&nbsp;&nbsp;&nbsp;&nbsp;<36 months: N<br>&nbsp;&nbsp;&nbsp;&nbsp;30 months -- 5 years: Y<br>&nbsp;&nbsp;&nbsp;&nbsp;Preschool: N<br>&nbsp;&nbsp;&nbsp;&nbsp;Grade 1 - Age 12: N<br>
1914,Licensed Family,Clover Learning Ladder Childcare Inc,6370 166 St,,Surrey,V3S 0W4,49.118142,-122.762193,604-388-7479,,,N,N,N,N,N,N,N,N,N,N,N,N,N,N,N,N,N,,,N,N,N,N,N,N,N,Y,Y,N,N,2026-04-27,,N,Y,N,Clover Learning Ladder Childcare Inc<br>Licensed Family<br>604-388-7479<br><br>Vacancy:<br>&nbsp;&nbsp;&nbsp;&nbsp;<36 months: Y<br>&nbsp;&nbsp;&nbsp;&nbsp;30 months -- 5 years: Y<br>&nbsp;&nbsp;&nbsp;&nbsp;Preschool: N<br>&nbsp;&nbsp;&nbsp;&nbsp;Grade 1 - Age 12: N<br>
1915,Licensed Group,Power House Junior Kindergarten Ltd.,A - 7035 120Th St,,Delta,V4E 2A9,49.131016,-122.890475,604-417-0128,,,N,N,N,N,N,N,N,N,N,N,N,N,N,N,N,N,N,,,N,N,N,N,N,N,N,N,Y,N,N,2026-05-19,,N,Y,N,Power House Junior Kindergarten Ltd.<br>Licensed Group<br>604-417-0128<br><br>Vacancy:<br>&nbsp;&nbsp;&nbsp;&nbsp;<36 months: N<br>&nbsp;&nbsp;&nbsp;&nbsp;30 months -- 5 years: Y<br>&nbsp;&nbsp;&nbsp;&nbsp;Preschool: N<br>&nbsp;&nbsp;&nbsp;&nbsp;Grade 1 - Age 12: N<br>
1916,Licensed Family,Flourish Child Care Centre,16742 18B Ave,,Surrey,V3Z 1A2,49.035855,-122.758637,778-708-0651,,,N,N,N,N,N,N,N,N,N,N,N,N,N,N,N,N,N,,,N,N,N,N,N,N,N,N,N,N,N,2026-05-15,,N,Y,N,Flourish Child Care Centre<br>Licensed Family<br>778-708-0651<br><br>Vacancy:<br>&nbsp;&nbsp;&nbsp;&nbsp;<36 months: N<br>&nbsp;&nbsp;&nbsp;&nbsp;30 months -- 5 years: N<br>&nbsp;&nbsp;&nbsp;&nbsp;Preschool: N<br>&nbsp;&nbsp;&nbsp;&nbsp;Grade 1 - Age 12: N<br>
1917,Licensed Group,Ready Montessori Daycare,8060 Corless Pl,,Richmond,V7C 4X4,49.154335,-123.179497,778-803-9191,,,N,N,N,N,N,N,N,N,N,N,N,N,N,N,N,N,N,,,N,N,N,N,N,N,N,Y,N,N,N,2026-05-20,,N,Y,N,Ready Montessori Daycare<br>Licensed Group<br>778-803-9191<br><br>Vacancy:<br>&nbsp;&nbsp;&nbsp;&nbsp;<36 months: Y<br>&nbsp;&nbsp;&nbsp;&nbsp;30 months -- 5 years: N<br>&nbsp;&nbsp;&nbsp;&nbsp;Preschool: N<br>&nbsp;&nbsp;&nbsp;&nbsp;Grade 1 - Age 12: N<br>
1918,Licensed Group,Little Willows Silver Valley,100-13730 232 St,,Maple Ridge,V4R 2C5,49.251873,-122.579966,778-861-3583,,,N,N,N,N,N,N,N,N,N,N,N,N,N,N,N,N,N,,,N,N,N,N,N,N,N,N,N,N,N,2026-04-11,,N,Y,N,Little Willows Silver Valley<br>Licensed Group<br>778-861-3583<br><br>Vacancy:<br>&nbsp;&nbsp;&nbsp;&nbsp;<36 months: N<br>&nbsp;&nbsp;&nbsp;&nbsp;30 months -- 5 years: N<br>&nbsp;&nbsp;&nbsp;&nbsp;Preschool: N<br>&nbsp;&nbsp;&nbsp;&nbsp;Grade 1 - Age 12: N<br>
1919,Licensed Family,Awesome Childcare Centre,9443 149A St,,Surrey,V3R 7V6,49.174463,-122.808149,604-587-5913,,,Y,N,N,N,N,N,Y,Y,N,Y,Y,N,N,N,N,N,N,Not offered,Not offered,N,N,N,N,N,N,N,N,N,N,N,2026-05-15,,N,Y,N,Awesome Childcare Centre<br>Licensed Family<br>604-587-5913<br><br>Vacancy:<br>&nbsp;&nbsp;&nbsp;&nbsp;<36 months: N<br>&nbsp;&nbsp;&nbsp;&nbsp;30 months -- 5 years: N<br>&nbsp;&nbsp;&nbsp;&nbsp;Preschool: N<br>&nbsp;&nbsp;&nbsp;&nbsp;Grade 1 - Age 12: N<br>
1920,Licensed Group,Mighty Learners,5055 Compton Rd,,Port Alberni,V9Y 7B5,49.269987,-124.816867,604-309-0467,,,N,N,N,N,N,N,N,N,N,N,N,N,N,N,N,N,N,,,N,N,N,N,N,N,N,N,N,N,Y,2026-05-16,,N,Y,N,Mighty Learners<br>Licensed Group<br>604-309-0467<br><br>Vacancy:<br>&nbsp;&nbsp;&nbsp;&nbsp;<36 months: N<br>&nbsp;&nbsp;&nbsp;&nbsp;30 months -- 5 years: N<br>&nbsp;&nbsp;&nbsp;&nbsp;Preschool: N<br>&nbsp;&nbsp;&nbsp;&nbsp;Grade 1 - Age 12: Y<br>
1921,Licensed Group,Raccoon Den Child Care,4125 Metchosin Rd,,Victoria,V9C 3Z6,48.388727,-123.525445,250-391-7824,,,N,N,N,N,N,N,N,N,N,N,N,N,N,N,N,N,N,,,N,N,N,N,N,N,N,N,N,N,N,2026-05-15,,N,Y,N,Raccoon Den Child Care<br>Licensed Group<br>250-391-7824<br><br>Vacancy:<br>&nbsp;&nbsp;&nbsp;&nbsp;<36 months: N<br>&nbsp;&nbsp;&nbsp;&nbsp;30 months -- 5 years: N<br>&nbsp;&nbsp;&nbsp;&nbsp;Preschool: N<br>&nbsp;&nbsp;&nbsp;&nbsp;Grade 1 - Age 12: N<br>
1922,Licensed Family,Playing Pebbles Daycare Inc.,7600 116 St,,Delta,V4C 5T3,49.141253,-122.901037,778-927-4411,,,N,N,N,N,N,N,N,N,N,N,N,N,N,N,N,N,N,,,N,N,N,N,N,N,N,N,Y,N,N,2026-04-20,,N,Y,N,Playing Pebbles Daycare Inc.<br>Licensed Family<br>778-927-4411<br><br>Vacancy:<br>&nbsp;&nbsp;&nbsp;&nbsp;<36 months: N<br>&nbsp;&nbsp;&nbsp;&nbsp;30 months -- 5 years: Y<br>&nbsp;&nbsp;&nbsp;&nbsp;Preschool: N<br>&nbsp;&nbsp;&nbsp;&nbsp;Grade 1 - Age 12: N<br>
1923,Licensed Group,Creative Trails Preschool,20285 Dewdney Trunk Rd,,Maple Ridge,V2X 3C9,49.222226,-122.658653,604-861-9198,,,N,N,N,N,N,N,N,N,N,N,N,N,N,N,N,N,N,,,N,N,N,N,N,N,N,N,N,N,N,2026-05-03,,N,Y,N,Creative Trails Preschool<br>Licensed Group<br>604-861-9198<br><br>Vacancy:<br>&nbsp;&nbsp;&nbsp;&nbsp;<36 months: N<br>&nbsp;&nbsp;&nbsp;&nbsp;30 months -- 5 years: N<br>&nbsp;&nbsp;&nbsp;&nbsp;Preschool: N<br>&nbsp;&nbsp;&nbsp;&nbsp;Grade 1 - Age 12: N<br>
1924,Licensed Family,R.S. Little Hands Family Centre,1760 Philip Ave,,North Vancouver,V7P 2W2,49.325083,-123.113117,778-836-7692,,,N,N,N,N,N,N,N,N,N,N,N,N,N,N,N,N,N,,,N,N,N,N,N,N,N,N,N,N,N,2026-05-15,,N,Y,N,R.S. Little Hands Family Centre<br>Licensed Family<br>778-836-7692<br><br>Vacancy:<br>&nbsp;&nbsp;&nbsp;&nbsp;<36 months: N<br>&nbsp;&nbsp;&nbsp;&nbsp;30 months -- 5 years: N<br>&nbsp;&nbsp;&nbsp;&nbsp;Preschool: N<br>&nbsp;&nbsp;&nbsp;&nbsp;Grade 1 - Age 12: N<br>
1925,Licensed Family,Westhill's Childcare,2711 Celestial Crt,,Langford,V9B 3R6,48.446315,-123.543703,778-922-2561,,,N,N,N,N,N,N,N,N,N,N,N,N,N,N,N,N,N,,,N,N,N,N,N,N,N,N,Y,N,N,2026-05-15,,N,Y,N,Westhill's Childcare<br>Licensed Family<br>778-922-2561<br><br>Vacancy:<br>&nbsp;&nbsp;&nbsp;&nbsp;<36 months: N<br>&nbsp;&nbsp;&nbsp;&nbsp;30 months -- 5 years: Y<br>&nbsp;&nbsp;&nbsp;&nbsp;Preschool: N<br>&nbsp;&nbsp;&nbsp;&nbsp;Grade 1 - Age 12: N<br>
1926,Licensed Group,Launchpad Early Learning Centre,2813 Glen Dr,,Coquitlam,V3B 2P6,49.283082,-122.807544,778-320-8183,,,N,N,N,N,N,N,N,N,N,N,N,N,N,N,N,N,N,,,N,N,N,N,N,N,N,N,Y,N,N,2026-04-25,,N,Y,N,Launchpad Early Learning Centre<br>Licensed Group<br>778-320-8183<br><br>Vacancy:<br>&nbsp;&nbsp;&nbsp;&nbsp;<36 months: N<br>&nbsp;&nbsp;&nbsp;&nbsp;30 months -- 5 years: Y<br>&nbsp;&nbsp;&nbsp;&nbsp;Preschool: N<br>&nbsp;&nbsp;&nbsp;&nbsp;Grade 1 - Age 12: N<br>
1927,Licensed Family,New Path Child Care,20084 Fernridge Cres,,Langley,V2Z 1X4,49.043366,-122.662599,778-885-2495,,,N,N,N,N,N,N,N,N,N,N,N,N,N,N,N,N,N,,,N,N,N,N,N,N,N,N,N,N,N,2026-05-01,,N,Y,N,New Path Child Care<br>Licensed Family<br>778-885-2495<br><br>Vacancy:<br>&nbsp;&nbsp;&nbsp;&nbsp;<36 months: N<br>&nbsp;&nbsp;&nbsp;&nbsp;30 months -- 5 years: N<br>&nbsp;&nbsp;&nbsp;&nbsp;Preschool: N<br>&nbsp;&nbsp;&nbsp;&nbsp;Grade 1 - Age 12: N<br>
1928,Licensed Family,Acorn Studio,6037 Wardun Dr,,Nanaimo,V9T 6H6,49.226991,-124.057778,250-667-6632,,,N,N,N,N,N,N,N,N,N,N,N,N,N,N,N,N,N,,,N,N,N,N,N,N,N,N,N,N,N,2026-05-20,,N,Y,N,Acorn Studio<br>Licensed Family<br>250-667-6632<br><br>Vacancy:<br>&nbsp;&nbsp;&nbsp;&nbsp;<36 months: N<br>&nbsp;&nbsp;&nbsp;&nbsp;30 months -- 5 years: N<br>&nbsp;&nbsp;&nbsp;&nbsp;Preschool: N<br>&nbsp;&nbsp;&nbsp;&nbsp;Grade 1 - Age 12: N<br>
1929,Licensed Family,Megan's Munchkins,20701 51A Ave,,Langley,V3A 7T3,49.096216,-122.649253,604-534-2289,,,N,N,N,N,N,N,N,N,N,N,N,N,N,N,N,N,N,,,N,N,N,N,N,N,N,N,N,N,N,2026-05-15,,N,Y,N,Megan's Munchkins<br>Licensed Family<br>604-534-2289<br><br>Vacancy:<br>&nbsp;&nbsp;&nbsp;&nbsp;<36 months: N<br>&nbsp;&nbsp;&nbsp;&nbsp;30 months -- 5 years: N<br>&nbsp;&nbsp;&nbsp;&nbsp;Preschool: N<br>&nbsp;&nbsp;&nbsp;&nbsp;Grade 1 - Age 12: N<br>
1930,Licensed Group,Wonderful Beginnings Early Years,101-5170 Dallas Dr,,Kamloops,V2C 0C7,50.668575,-120.185807,306-471-4567,,,N,N,N,N,N,N,N,N,N,N,N,N,N,N,N,N,N,,,N,N,N,N,N,N,N,N,N,N,N,2026-05-15,,N,Y,N,Wonderful Beginnings Early Years<br>Licensed Group<br>306-471-4567<br><br>Vacancy:<br>&nbsp;&nbsp;&nbsp;&nbsp;<36 months: N<br>&nbsp;&nbsp;&nbsp;&nbsp;30 months -- 5 years: N<br>&nbsp;&nbsp;&nbsp;&nbsp;Preschool: N<br>&nbsp;&nbsp;&nbsp;&nbsp;Grade 1 - Age 12: N<br>
1931,Licensed Group,Fraserhood Childcare Centre,4585 Prince Albert St,,Vancouver,V5V 4K3,49.243742,-123.08809,604-724-6818,,,N,N,N,N,N,N,N,N,N,N,N,N,N,N,N,N,N,,,N,N,N,N,N,N,N,N,N,N,N,2026-05-04,,N,Y,N,Fraserhood Childcare Centre<br>Licensed Group<br>604-724-6818<br><br>Vacancy:<br>&nbsp;&nbsp;&nbsp;&nbsp;<36 months: N<br>&nbsp;&nbsp;&nbsp;&nbsp;30 months -- 5 years: N<br>&nbsp;&nbsp;&nbsp;&nbsp;Preschool: N<br>&nbsp;&nbsp;&nbsp;&nbsp;Grade 1 - Age 12: N<br>
1932,Licensed Family,Great Beginnings Daycare,7013 206 St,,Langely,V2Y 1S9,49.129972,-122.652043,778-986-2292,,,N,N,N,N,N,N,N,N,N,N,N,N,N,N,N,N,N,,,N,N,N,N,N,N,N,N,N,N,N,2026-04-01,,N,Y,N,Great Beginnings Daycare<br>Licensed Family<br>778-986-2292<br><br>Vacancy:<br>&nbsp;&nbsp;&nbsp;&nbsp;<36 months: N<br>&nbsp;&nbsp;&nbsp;&nbsp;30 months -- 5 years: N<br>&nbsp;&nbsp;&nbsp;&nbsp;Preschool: N<br>&nbsp;&nbsp;&nbsp;&nbsp;Grade 1 - Age 12: N<br>
1933,Licensed Group,Kidsfirst Early Childhood Centre,27871 113 Ave,,Maple Ridge,V2W 1M9,49.20851,-122.450601,778-919-3558,,,N,N,N,N,N,N,N,N,N,N,N,N,N,N,N,N,N,,,N,N,N,N,N,N,N,N,N,N,N,2026-05-20,,N,Y,N,Kidsfirst Early Childhood Centre<br>Licensed Group<br>778-919-3558<br><br>Vacancy:<br>&nbsp;&nbsp;&nbsp;&nbsp;<36 months: N<br>&nbsp;&nbsp;&nbsp;&nbsp;30 months -- 5 years: N<br>&nbsp;&nbsp;&nbsp;&nbsp;Preschool: N<br>&nbsp;&nbsp;&nbsp;&nbsp;Grade 1 - Age 12: N<br>
1934,Licensed Group,Just B4 Dormick Park Elementary,32161 Dormick Ave,,Abbotsford,V2T 1J6,49.044578,-122.332581,604-864-5437,,,N,N,N,N,N,N,N,N,N,N,N,N,N,N,N,N,N,,,N,N,N,N,N,N,N,N,N,N,N,2026-05-05,,N,Y,N,Just B4 Dormick Park Elementary<br>Licensed Group<br>604-864-5437<br><br>Vacancy:<br>&nbsp;&nbsp;&nbsp;&nbsp;<36 months: N<br>&nbsp;&nbsp;&nbsp;&nbsp;30 months -- 5 years: N<br>&nbsp;&nbsp;&nbsp;&nbsp;Preschool: N<br>&nbsp;&nbsp;&nbsp;&nbsp;Grade 1 - Age 12: N<br>
1935,Licensed Group,The Patch Kids Place Inc.,5370 248 St,,Aldergrove,V4W 1A7,49.09979,-122.535445,604-626-4547,,,N,N,N,N,N,N,N,N,N,N,N,N,N,N,N,N,N,,,N,N,N,N,N,N,N,N,Y,N,N,2026-05-08,,N,Y,N,The Patch Kids Place Inc.<br>Licensed Group<br>604-626-4547<br><br>Vacancy:<br>&nbsp;&nbsp;&nbsp;&nbsp;<36 months: N<br>&nbsp;&nbsp;&nbsp;&nbsp;30 months -- 5 years: Y<br>&nbsp;&nbsp;&nbsp;&nbsp;Preschool: N<br>&nbsp;&nbsp;&nbsp;&nbsp;Grade 1 - Age 12: N<br>
1936,Licensed Family,A Little Moore Love,9766 Linwood St,,Chilliwack,V2P 5L5,49.179662,-121.941652,604-866-0959,,,N,N,N,N,N,N,N,N,N,N,N,N,N,N,N,N,N,,,N,N,N,N,N,N,N,N,N,N,N,2026-03-25,,N,Y,N,A Little Moore Love<br>Licensed Family<br>604-866-0959<br><br>Vacancy:<br>&nbsp;&nbsp;&nbsp;&nbsp;<36 months: N<br>&nbsp;&nbsp;&nbsp;&nbsp;30 months -- 5 years: N<br>&nbsp;&nbsp;&nbsp;&nbsp;Preschool: N<br>&nbsp;&nbsp;&nbsp;&nbsp;Grade 1 - Age 12: N<br>
1937,Licensed Family,All Star's Licensed Family Child Care,5483 Mackie St,,Vancouver,V5Y 3H1,49.236198,-123.109679,604-445-5415,,,N,N,N,N,N,N,N,N,N,N,N,N,N,N,N,N,N,,,N,N,N,N,N,N,N,Y,N,N,N,2026-05-19,,N,Y,N,All Star's Licensed Family Child Care<br>Licensed Family<br>604-445-5415<br><br>Vacancy:<br>&nbsp;&nbsp;&nbsp;&nbsp;<36 months: Y<br>&nbsp;&nbsp;&nbsp;&nbsp;30 months -- 5 years: N<br>&nbsp;&nbsp;&nbsp;&nbsp;Preschool: N<br>&nbsp;&nbsp;&nbsp;&nbsp;Grade 1 - Age 12: N<br>
1938,Licensed Group,Little Willows Whonnock,28209 96 Ave,,Maple Ridge,V2W 1L4,49.178526,-122.440489,778-861-3583,,,N,N,N,N,N,N,N,N,N,N,N,N,N,N,N,N,N,,,N,N,N,N,N,N,N,N,N,Y,Y,2026-04-11,,N,Y,N,Little Willows Whonnock<br>Licensed Group<br>778-861-3583<br><br>Vacancy:<br>&nbsp;&nbsp;&nbsp;&nbsp;<36 months: N<br>&nbsp;&nbsp;&nbsp;&nbsp;30 months -- 5 years: N<br>&nbsp;&nbsp;&nbsp;&nbsp;Preschool: Y<br>&nbsp;&nbsp;&nbsp;&nbsp;Grade 1 - Age 12: Y<br>
1939,Licensed Group,Fine Art Montessori Childcare Centre Inc. (Famc),105-6488 Garden City Rd,,Richmond,V6Y 4M2,49.165841,-123.124535,604-304-6150,,,N,N,N,N,N,N,N,N,N,N,N,N,N,N,N,N,N,,,N,N,N,N,N,N,N,N,N,N,N,2026-05-20,,N,Y,Y,Fine Art Montessori Childcare Centre Inc. (Famc)<br>Licensed Group<br>604-304-6150<br><br>Vacancy:<br>&nbsp;&nbsp;&nbsp;&nbsp;<36 months: N<br>&nbsp;&nbsp;&nbsp;&nbsp;30 months -- 5 years: N<br>&nbsp;&nbsp;&nbsp;&nbsp;Preschool: N<br>&nbsp;&nbsp;&nbsp;&nbsp;Grade 1 - Age 12: N<br>
1940,Licensed Family,Cormorant Crew Daycare,212 Cormorant Rd,,Prince Rupert,V8J 4E8,54.310013,-130.302265,778-645-4546,,,N,N,N,N,N,N,N,N,N,N,N,N,N,N,N,N,N,,,N,N,N,N,N,N,N,N,N,N,N,2026-05-11,,N,Y,N,Cormorant Crew Daycare<br>Licensed Family<br>778-645-4546<br><br>Vacancy:<br>&nbsp;&nbsp;&nbsp;&nbsp;<36 months: N<br>&nbsp;&nbsp;&nbsp;&nbsp;30 months -- 5 years: N<br>&nbsp;&nbsp;&nbsp;&nbsp;Preschool: N<br>&nbsp;&nbsp;&nbsp;&nbsp;Grade 1 - Age 12: N<br>
1941,Licensed Family,Chelle's Cove Childcare,18967 59 Ave,,Surrey,V3S 7R8,49.109858,-122.698112,778-240-0445,,,N,N,N,N,N,N,N,N,N,N,N,N,N,N,N,N,N,,,N,N,N,N,N,N,N,N,N,N,N,2026-05-05,,N,Y,N,Chelle's Cove Childcare<br>Licensed Family<br>778-240-0445<br><br>Vacancy:<br>&nbsp;&nbsp;&nbsp;&nbsp;<36 months: N<br>&nbsp;&nbsp;&nbsp;&nbsp;30 months -- 5 years: N<br>&nbsp;&nbsp;&nbsp;&nbsp;Preschool: N<br>&nbsp;&nbsp;&nbsp;&nbsp;Grade 1 - Age 12: N<br>
1942,Licensed Group,Mossy Branches Inc,310 Queen St,,Hope,V0X 1L0,49.382521,-121.443885,778-318-6000,,,N,N,N,N,N,N,N,N,N,N,N,N,N,N,N,N,N,,,N,N,N,N,N,N,N,N,N,N,N,2026-05-14,,N,Y,N,Mossy Branches Inc<br>Licensed Group<br>778-318-6000<br><br>Vacancy:<br>&nbsp;&nbsp;&nbsp;&nbsp;<36 months: N<br>&nbsp;&nbsp;&nbsp;&nbsp;30 months -- 5 years: N<br>&nbsp;&nbsp;&nbsp;&nbsp;Preschool: N<br>&nbsp;&nbsp;&nbsp;&nbsp;Grade 1 - Age 12: N<br>
1943,Licensed Family,Sweet Pea's Daycare,3441 Eton Cres,,Abbotsford,V2S 4W1,49.064392,-122.267694,604-961-9606,,,N,N,N,N,N,N,N,N,N,N,N,N,N,N,N,N,N,,,N,N,N,N,N,N,N,Y,Y,N,N,2026-04-21,,N,Y,N,Sweet Pea's Daycare<br>Licensed Family<br>604-961-9606<br><br>Vacancy:<br>&nbsp;&nbsp;&nbsp;&nbsp;<36 months: Y<br>&nbsp;&nbsp;&nbsp;&nbsp;30 months -- 5 years: Y<br>&nbsp;&nbsp;&nbsp;&nbsp;Preschool: N<br>&nbsp;&nbsp;&nbsp;&nbsp;Grade 1 - Age 12: N<br>
1944,Licensed Family,Cuddle Bugz Childcare,3337 Limerick Rd,,Duncan,V9L 4P7,48.793634,-123.738194,250-710-5845,,,N,N,N,N,N,N,N,N,N,N,N,N,N,N,N,N,N,,,N,N,N,N,N,N,N,N,N,N,N,2026-05-14,,N,Y,N,Cuddle Bugz Childcare<br>Licensed Family<br>250-710-5845<br><br>Vacancy:<br>&nbsp;&nbsp;&nbsp;&nbsp;<36 months: N<br>&nbsp;&nbsp;&nbsp;&nbsp;30 months -- 5 years: N<br>&nbsp;&nbsp;&nbsp;&nbsp;Preschool: N<br>&nbsp;&nbsp;&nbsp;&nbsp;Grade 1 - Age 12: N<br>
1945,Licensed Family,Fairy & Kids Child Care,1230 Halifax Ave,,Port Coquitlam,V3B 7J5,49.280503,-122.749495,778-319-5474,,,N,N,N,N,N,N,N,N,N,N,N,N,N,N,N,N,N,,,N,N,N,N,N,N,N,Y,Y,N,N,2026-04-30,,N,Y,N,Fairy & Kids Child Care<br>Licensed Family<br>778-319-5474<br><br>Vacancy:<br>&nbsp;&nbsp;&nbsp;&nbsp;<36 months: Y<br>&nbsp;&nbsp;&nbsp;&nbsp;30 months -- 5 years: Y<br>&nbsp;&nbsp;&nbsp;&nbsp;Preschool: N<br>&nbsp;&nbsp;&nbsp;&nbsp;Grade 1 - Age 12: N<br>
1946,Licensed Group,Evans Childcare Center,7434 Evans Rd,,Chilliwack,V2R 1L2,49.136985,-121.977311,778-323-3100,,,N,N,N,N,N,N,N,N,N,N,N,N,N,N,N,N,N,,,N,N,N,N,N,N,N,N,N,N,N,2026-04-17,,N,Y,N,Evans Childcare Center<br>Licensed Group<br>778-323-3100<br><br>Vacancy:<br>&nbsp;&nbsp;&nbsp;&nbsp;<36 months: N<br>&nbsp;&nbsp;&nbsp;&nbsp;30 months -- 5 years: N<br>&nbsp;&nbsp;&nbsp;&nbsp;Preschool: N<br>&nbsp;&nbsp;&nbsp;&nbsp;Grade 1 - Age 12: N<br>
1947,Licensed Group,Komox Kids Care,1475 Salmonberry Dr,,Courtenay,V0R 2K0,49.7095,-124.914376,250-650-5919,,,N,N,N,N,N,N,N,N,N,N,N,N,N,N,N,N,N,,,N,N,N,N,N,N,N,N,N,N,Y,2026-05-17,,N,Y,N,Komox Kids Care<br>Licensed Group<br>250-650-5919<br><br>Vacancy:<br>&nbsp;&nbsp;&nbsp;&nbsp;<36 months: N<br>&nbsp;&nbsp;&nbsp;&nbsp;30 months -- 5 years: N<br>&nbsp;&nbsp;&nbsp;&nbsp;Preschool: N<br>&nbsp;&nbsp;&nbsp;&nbsp;Grade 1 - Age 12: Y<br>
1948,Licensed Group,A & B Learning Daycare,4605 Grassmere St,,Burnaby,V5G 2N8,49.238899,-123.000432,778-995-2628,,,N,N,N,N,N,N,N,N,N,N,N,N,N,N,N,N,N,,,N,N,N,N,N,N,N,Y,Y,N,N,2026-05-14,,N,Y,N,A & B Learning Daycare<br>Licensed Group<br>778-995-2628<br><br>Vacancy:<br>&nbsp;&nbsp;&nbsp;&nbsp;<36 months: Y<br>&nbsp;&nbsp;&nbsp;&nbsp;30 months -- 5 years: Y<br>&nbsp;&nbsp;&nbsp;&nbsp;Preschool: N<br>&nbsp;&nbsp;&nbsp;&nbsp;Grade 1 - Age 12: N<br>
1949,Licensed Group,"Into The Wild, Child Daycare",1224 103 Ave,,Dawson Creek,V1G 2G9,55.75937,-120.235373,709-270-0007,,,N,N,N,N,N,N,N,N,N,N,N,N,N,N,N,N,N,,,N,N,N,N,N,N,N,N,N,N,N,2026-05-19,,N,Y,N,"Into The Wild, Child Daycare<br>Licensed Group<br>709-270-0007<br><br>Vacancy:<br>&nbsp;&nbsp;&nbsp;&nbsp;<36 months: N<br>&nbsp;&nbsp;&nbsp;&nbsp;30 months -- 5 years: N<br>&nbsp;&nbsp;&nbsp;&nbsp;Preschool: N<br>&nbsp;&nbsp;&nbsp;&nbsp;Grade 1 - Age 12: N<br>"
1950,Licensed Family,Whimsical Woods Childcare Ltd.,408 Daladon Dr,,Logan Lake,V0K 1W0,50.481037,-120.808125,604-614-3358,,,N,N,N,N,N,N,N,N,N,N,N,N,N,N,N,N,N,,,N,N,N,N,N,N,N,N,N,N,N,2026-05-03,,N,Y,N,Whimsical Woods Childcare Ltd.<br>Licensed Family<br>604-614-3358<br><br>Vacancy:<br>&nbsp;&nbsp;&nbsp;&nbsp;<36 months: N<br>&nbsp;&nbsp;&nbsp;&nbsp;30 months -- 5 years: N<br>&nbsp;&nbsp;&nbsp;&nbsp;Preschool: N<br>&nbsp;&nbsp;&nbsp;&nbsp;Grade 1 - Age 12: N<br>
1951,Licensed Group,Smart Start Academy Inc.,1168-13351 Commerce Pky,,Richmond,V6V 2X7,49.172381,-123.072898,604-214-8622,,,N,N,N,N,N,N,N,N,N,N,N,N,N,N,N,N,N,,,N,N,N,N,N,N,N,N,N,N,N,2026-05-12,,N,Y,Y,Smart Start Academy Inc.<br>Licensed Group<br>604-214-8622<br><br>Vacancy:<br>&nbsp;&nbsp;&nbsp;&nbsp;<36 months: N<br>&nbsp;&nbsp;&nbsp;&nbsp;30 months -- 5 years: N<br>&nbsp;&nbsp;&nbsp;&nbsp;Preschool: N<br>&nbsp;&nbsp;&nbsp;&nbsp;Grade 1 - Age 12: N<br>
1952,Licensed Group,Smart Start Academy Inc.,1168-13351 Commerce Pky,,Richmond,V6V 2X7,49.172381,-123.072898,604-214-8622,,,N,N,N,N,N,N,N,N,N,N,N,N,N,N,N,N,N,,,N,N,N,N,N,N,N,N,Y,N,N,2026-05-12,,N,Y,Y,Smart Start Academy Inc.<br>Licensed Group<br>604-214-8622<br><br>Vacancy:<br>&nbsp;&nbsp;&nbsp;&nbsp;<36 months: N<br>&nbsp;&nbsp;&nbsp;&nbsp;30 months -- 5 years: Y<br>&nbsp;&nbsp;&nbsp;&nbsp;Preschool: N<br>&nbsp;&nbsp;&nbsp;&nbsp;Grade 1 - Age 12: N<br>
1953,Licensed Family,Seed To Sapling Childcare,3934 Wavecrest Rd,,Campbell River,V9H 1H7,49.924168,-125.185792,250-202-3218,,,N,N,N,N,N,N,N,N,N,N,N,N,N,N,N,N,N,,,N,N,N,N,N,N,N,N,N,N,N,2026-05-15,,N,Y,N,Seed To Sapling Childcare<br>Licensed Family<br>250-202-3218<br><br>Vacancy:<br>&nbsp;&nbsp;&nbsp;&nbsp;<36 months: N<br>&nbsp;&nbsp;&nbsp;&nbsp;30 months -- 5 years: N<br>&nbsp;&nbsp;&nbsp;&nbsp;Preschool: N<br>&nbsp;&nbsp;&nbsp;&nbsp;Grade 1 - Age 12: N<br>
1954,Licensed Group,Compass Childcare Ltd,2570 Fifth St,,Victoria,V8T 4A7,48.437099,-123.357529,250-590-2488,,,N,N,N,N,N,N,N,N,N,N,N,N,N,N,N,N,N,,,N,N,N,N,N,N,N,N,Y,N,N,2026-05-15,,N,Y,N,Compass Childcare Ltd<br>Licensed Group<br>250-590-2488<br><br>Vacancy:<br>&nbsp;&nbsp;&nbsp;&nbsp;<36 months: N<br>&nbsp;&nbsp;&nbsp;&nbsp;30 months -- 5 years: Y<br>&nbsp;&nbsp;&nbsp;&nbsp;Preschool: N<br>&nbsp;&nbsp;&nbsp;&nbsp;Grade 1 - Age 12: N<br>
1955,Licensed Group,Little Hands Learning Centre Ltd,3220 Clayton Rd,,Port Alberni,V9Y 8T5,49.294999,-124.777131,778-821-3515,,,N,N,N,N,N,N,N,N,N,N,N,N,N,N,N,N,N,,,N,N,N,N,N,N,N,N,Y,N,N,2026-05-15,,N,Y,N,Little Hands Learning Centre Ltd<br>Licensed Group<br>778-821-3515<br><br>Vacancy:<br>&nbsp;&nbsp;&nbsp;&nbsp;<36 months: N<br>&nbsp;&nbsp;&nbsp;&nbsp;30 months -- 5 years: Y<br>&nbsp;&nbsp;&nbsp;&nbsp;Preschool: N<br>&nbsp;&nbsp;&nbsp;&nbsp;Grade 1 - Age 12: N<br>
1956,Licensed Group,Ladner Community Centre,4734 51 St,,Delta,V4K 3R8,49.089092,-123.082532,604-946-3307,,,,,,,,,,,,,,,,,,,,,,,,,,,,,,,,,,,Y,Y,N,Ladner Community Centre<br>Licensed Group<br>604-946-3307<br><br>Vacancy:<br>&nbsp;&nbsp;&nbsp;&nbsp;<36 months: None<br>&nbsp;&nbsp;&nbsp;&nbsp;30 months -- 5 years: None<br>&nbsp;&nbsp;&nbsp;&nbsp;Preschool: None<br>&nbsp;&nbsp;&nbsp;&nbsp;Grade 1 - Age 12: None<br>
1957,Licensed Group,Wild Roots Early Learning,8263 Rogers Rd,,Vernon,V1B 3M7,50.326698,-119.15472,604-309-6408,,,N,N,N,N,N,N,N,N,N,N,N,N,N,N,N,N,N,,,N,N,N,N,N,N,N,N,N,N,N,2026-05-15,,N,Y,N,Wild Roots Early Learning<br>Licensed Group<br>604-309-6408<br><br>Vacancy:<br>&nbsp;&nbsp;&nbsp;&nbsp;<36 months: N<br>&nbsp;&nbsp;&nbsp;&nbsp;30 months -- 5 years: N<br>&nbsp;&nbsp;&nbsp;&nbsp;Preschool: N<br>&nbsp;&nbsp;&nbsp;&nbsp;Grade 1 - Age 12: N<br>
1958,Licensed Family,Kids Place Daycare,5264 Weeden Pl,,Chilliwack,V2R 5T9,49.09801,-121.952197,778-773-2015,,,N,N,N,N,N,N,N,N,N,N,N,N,N,N,N,N,N,,,N,N,N,N,N,N,N,N,Y,N,N,2026-05-15,,N,Y,N,Kids Place Daycare<br>Licensed Family<br>778-773-2015<br><br>Vacancy:<br>&nbsp;&nbsp;&nbsp;&nbsp;<36 months: N<br>&nbsp;&nbsp;&nbsp;&nbsp;30 months -- 5 years: Y<br>&nbsp;&nbsp;&nbsp;&nbsp;Preschool: N<br>&nbsp;&nbsp;&nbsp;&nbsp;Grade 1 - Age 12: N<br>
1959,Licensed Group,Le Soleil Montessori Infant Community Ltd.,5398 Nanaimo St,,Vancouver,V5P 4J4,49.236045,-123.058394,778-689-4608,,,N,N,N,N,N,N,N,N,N,N,N,N,N,N,N,N,N,,,N,N,N,N,N,N,N,N,N,N,N,2026-05-21,,N,Y,N,Le Soleil Montessori Infant Community Ltd.<br>Licensed Group<br>778-689-4608<br><br>Vacancy:<br>&nbsp;&nbsp;&nbsp;&nbsp;<36 months: N<br>&nbsp;&nbsp;&nbsp;&nbsp;30 months -- 5 years: N<br>&nbsp;&nbsp;&nbsp;&nbsp;Preschool: N<br>&nbsp;&nbsp;&nbsp;&nbsp;Grade 1 - Age 12: N<br>
1960,Licensed Group,Gtps Growing Together Child And Parent Society,1040 College St,,Duncan,V9L 2E8,48.786816,-123.716773,250-748-9754,,,N,N,N,N,N,N,N,N,N,N,N,N,N,N,N,N,N,,,N,N,N,N,N,N,N,N,N,N,N,2026-05-01,,N,Y,N,Gtps Growing Together Child And Parent Society<br>Licensed Group<br>250-748-9754<br><br>Vacancy:<br>&nbsp;&nbsp;&nbsp;&nbsp;<36 months: N<br>&nbsp;&nbsp;&nbsp;&nbsp;30 months -- 5 years: N<br>&nbsp;&nbsp;&nbsp;&nbsp;Preschool: N<br>&nbsp;&nbsp;&nbsp;&nbsp;Grade 1 - Age 12: N<br>
1961,Licensed Group,Meadowside,740 Sherk St,,Victoria,V9A 4A4,48.433837,-123.3896,250-995-1766,,,N,N,N,N,N,N,N,N,N,N,N,N,N,N,N,N,N,,,N,N,N,N,N,N,N,N,N,N,N,2026-05-21,,N,Y,N,Meadowside<br>Licensed Group<br>250-995-1766<br><br>Vacancy:<br>&nbsp;&nbsp;&nbsp;&nbsp;<36 months: N<br>&nbsp;&nbsp;&nbsp;&nbsp;30 months -- 5 years: N<br>&nbsp;&nbsp;&nbsp;&nbsp;Preschool: N<br>&nbsp;&nbsp;&nbsp;&nbsp;Grade 1 - Age 12: N<br>
1962,Licensed Group,Children Of The Island Early Learning Centre Inc.,2620 Mica Pl,,Victoria,V9B 5N1,48.459012,-123.517226,250-514-8344,,,N,N,N,N,N,N,N,N,N,N,N,N,N,N,N,N,N,,,N,N,N,N,N,N,N,N,N,N,N,2026-05-05,,N,Y,N,Children Of The Island Early Learning Centre Inc.<br>Licensed Group<br>250-514-8344<br><br>Vacancy:<br>&nbsp;&nbsp;&nbsp;&nbsp;<36 months: N<br>&nbsp;&nbsp;&nbsp;&nbsp;30 months -- 5 years: N<br>&nbsp;&nbsp;&nbsp;&nbsp;Preschool: N<br>&nbsp;&nbsp;&nbsp;&nbsp;Grade 1 - Age 12: N<br>
1963,Licensed Group,"Beanstalk Daycare, The",5361 Chinook St,,Chilliwack,V2R 0A4,49.099107,-121.989859,604-845-1050,,,N,N,N,N,N,N,N,N,N,N,N,N,N,N,N,N,N,,,N,N,N,N,N,N,N,N,N,N,N,2026-05-15,,N,Y,N,"Beanstalk Daycare, The<br>Licensed Group<br>604-845-1050<br><br>Vacancy:<br>&nbsp;&nbsp;&nbsp;&nbsp;<36 months: N<br>&nbsp;&nbsp;&nbsp;&nbsp;30 months -- 5 years: N<br>&nbsp;&nbsp;&nbsp;&nbsp;Preschool: N<br>&nbsp;&nbsp;&nbsp;&nbsp;Grade 1 - Age 12: N<br>"
1964,Licensed Group,Little Llama Montessori Academy,368 11Th St,,Courtenay,V9N 8H5,49.687056,-124.995885,778-881-5513,,,,,,,,,,,,,,,,,,,,,,,,,,,,,,,,,,,Y,N,N,Little Llama Montessori Academy<br>Licensed Group<br>778-881-5513<br><br>Vacancy:<br>&nbsp;&nbsp;&nbsp;&nbsp;<36 months: None<br>&nbsp;&nbsp;&nbsp;&nbsp;30 months -- 5 years: None<br>&nbsp;&nbsp;&nbsp;&nbsp;Preschool: None<br>&nbsp;&nbsp;&nbsp;&nbsp;Grade 1 - Age 12: None<br>
1965,Licensed Group,Montessori Children's Centre,759 Seymour St,,Kamloops,V2C 2H4,50.674731,-120.322532,778-220-9457,,,N,N,N,N,N,N,N,N,N,N,N,N,N,N,N,N,N,,,N,N,N,N,N,N,N,N,N,N,N,2026-05-17,,N,Y,N,Montessori Children's Centre<br>Licensed Group<br>778-220-9457<br><br>Vacancy:<br>&nbsp;&nbsp;&nbsp;&nbsp;<36 months: N<br>&nbsp;&nbsp;&nbsp;&nbsp;30 months -- 5 years: N<br>&nbsp;&nbsp;&nbsp;&nbsp;Preschool: N<br>&nbsp;&nbsp;&nbsp;&nbsp;Grade 1 - Age 12: N<br>
1966,Licensed Group,Rjds Early Learning Centre - Gan Aleph,8760 No. 5 Rd,,Richmond,V6Y 2V4,49.148399,-123.090838,604-275-3393,,,Y,N,N,N,N,N,Y,N,N,N,N,N,N,N,N,N,N,Not offered,Not offered,N,N,N,N,Y,Y,Y,N,N,N,N,2026-05-21,,N,Y,N,Rjds Early Learning Centre - Gan Aleph<br>Licensed Group<br>604-275-3393<br><br>Vacancy:<br>&nbsp;&nbsp;&nbsp;&nbsp;<36 months: N<br>&nbsp;&nbsp;&nbsp;&nbsp;30 months -- 5 years: N<br>&nbsp;&nbsp;&nbsp;&nbsp;Preschool: N<br>&nbsp;&nbsp;&nbsp;&nbsp;Grade 1 - Age 12: N<br>
1967,Licensed Group,Rjds Early Learning Centre - Gan Bet,8760 No. 5 Rd,,Richmond,V6Y 2V4,49.148399,-123.090838,604-275-3393,,,Y,N,N,N,N,N,N,Y,N,N,N,N,N,N,N,N,N,Not offered,Not offered,N,N,N,N,Y,Y,Y,N,N,N,N,2026-05-21,,N,Y,N,Rjds Early Learning Centre - Gan Bet<br>Licensed Group<br>604-275-3393<br><br>Vacancy:<br>&nbsp;&nbsp;&nbsp;&nbsp;<36 months: N<br>&nbsp;&nbsp;&nbsp;&nbsp;30 months -- 5 years: N<br>&nbsp;&nbsp;&nbsp;&nbsp;Preschool: N<br>&nbsp;&nbsp;&nbsp;&nbsp;Grade 1 - Age 12: N<br>
1968,Licensed Group,Rjds After School Care,8760 No. 5 Rd,,Richmond,V6Y 2V4,49.148399,-123.090838,604-275-3393,,,Y,N,N,N,N,N,N,N,N,Y,Y,N,N,N,N,N,N,Extra fee,Not offered,N,N,N,N,Y,Y,N,N,N,N,Y,2026-05-21,,N,Y,N,Rjds After School Care<br>Licensed Group<br>604-275-3393<br><br>Vacancy:<br>&nbsp;&nbsp;&nbsp;&nbsp;<36 months: N<br>&nbsp;&nbsp;&nbsp;&nbsp;30 months -- 5 years: N<br>&nbsp;&nbsp;&nbsp;&nbsp;Preschool: N<br>&nbsp;&nbsp;&nbsp;&nbsp;Grade 1 - Age 12: Y<br>
1969,Licensed Group,Headstart Childcare Inc.,21020 83 Ave,,Langley,V2Y 0K8,49.151963,-122.639396,604-888-0662,,,N,N,N,N,N,N,N,N,N,N,N,N,N,N,N,N,N,,,N,N,N,N,N,N,N,N,N,N,N,2026-04-21,,N,Y,N,Headstart Childcare Inc.<br>Licensed Group<br>604-888-0662<br><br>Vacancy:<br>&nbsp;&nbsp;&nbsp;&nbsp;<36 months: N<br>&nbsp;&nbsp;&nbsp;&nbsp;30 months -- 5 years: N<br>&nbsp;&nbsp;&nbsp;&nbsp;Preschool: N<br>&nbsp;&nbsp;&nbsp;&nbsp;Grade 1 - Age 12: N<br>
1970,Licensed Family,Nature Childcare,2928 Cumberland St,,Port Coquitlam,V3B 3V4,49.265701,-122.759698,778-895-0478,,,N,N,N,N,N,N,N,N,N,N,N,N,N,N,N,N,N,,,N,N,N,N,N,N,N,N,N,N,N,2026-05-21,,N,Y,N,Nature Childcare<br>Licensed Family<br>778-895-0478<br><br>Vacancy:<br>&nbsp;&nbsp;&nbsp;&nbsp;<36 months: N<br>&nbsp;&nbsp;&nbsp;&nbsp;30 months -- 5 years: N<br>&nbsp;&nbsp;&nbsp;&nbsp;Preschool: N<br>&nbsp;&nbsp;&nbsp;&nbsp;Grade 1 - Age 12: N<br>
1971,Licensed Group,George Bonner Elementary Out Of School Care,3060 Cobble Hill Rd,,Mill Bay,V0R 2P3,48.6671,-123.564354,250-710-1837,,,N,N,N,N,N,N,N,N,N,N,N,N,N,N,N,N,N,,,N,N,N,N,N,N,N,N,Y,N,Y,2026-05-21,,N,Y,N,George Bonner Elementary Out Of School Care<br>Licensed Group<br>250-710-1837<br><br>Vacancy:<br>&nbsp;&nbsp;&nbsp;&nbsp;<36 months: N<br>&nbsp;&nbsp;&nbsp;&nbsp;30 months -- 5 years: Y<br>&nbsp;&nbsp;&nbsp;&nbsp;Preschool: N<br>&nbsp;&nbsp;&nbsp;&nbsp;Grade 1 - Age 12: Y<br>
1972,Licensed Group,Drinkwater Elementary Out Of School Care,6236 Lane Rd,,Duncan,V9L 4E3,48.796688,-123.725864,250-710-1837,,,N,N,N,N,N,N,N,N,N,N,N,N,N,N,N,N,N,,,N,N,N,N,N,N,N,N,Y,N,Y,2026-05-21,,N,Y,N,Drinkwater Elementary Out Of School Care<br>Licensed Group<br>250-710-1837<br><br>Vacancy:<br>&nbsp;&nbsp;&nbsp;&nbsp;<36 months: N<br>&nbsp;&nbsp;&nbsp;&nbsp;30 months -- 5 years: Y<br>&nbsp;&nbsp;&nbsp;&nbsp;Preschool: N<br>&nbsp;&nbsp;&nbsp;&nbsp;Grade 1 - Age 12: Y<br>
1973,Licensed Group,Q'shintul Mill Bay Nature Out Of School Care,3175 Cobble Hill Rd,,Mill Bay,V0R 2P3,48.672182,-123.567427,250-710-1837,,,N,N,N,N,N,N,N,N,N,N,N,N,N,N,N,N,N,,,N,N,N,N,N,N,N,N,Y,N,Y,2026-05-21,,N,Y,N,Q'shintul Mill Bay Nature Out Of School Care<br>Licensed Group<br>250-710-1837<br><br>Vacancy:<br>&nbsp;&nbsp;&nbsp;&nbsp;<36 months: N<br>&nbsp;&nbsp;&nbsp;&nbsp;30 months -- 5 years: Y<br>&nbsp;&nbsp;&nbsp;&nbsp;Preschool: N<br>&nbsp;&nbsp;&nbsp;&nbsp;Grade 1 - Age 12: Y<br>
1974,Licensed Group,Ecole Cobble Hill Elementary Out Of School Care,3642 Learning Way,,Cobble Hill,V0R 1L2,48.69292,-123.589908,250-710-1837,,,N,N,N,N,N,N,N,N,N,N,N,N,N,N,N,N,N,,,N,N,N,N,N,N,N,N,N,N,N,2026-05-21,,N,Y,N,Ecole Cobble Hill Elementary Out Of School Care<br>Licensed Group<br>250-710-1837<br><br>Vacancy:<br>&nbsp;&nbsp;&nbsp;&nbsp;<36 months: N<br>&nbsp;&nbsp;&nbsp;&nbsp;30 months -- 5 years: N<br>&nbsp;&nbsp;&nbsp;&nbsp;Preschool: N<br>&nbsp;&nbsp;&nbsp;&nbsp;Grade 1 - Age 12: N<br>
1975,Licensed Group,Xland Montessori Learning Center,4492 Arbutus St,,Vancouver,V6J 4A2,49.245318,-123.152519,778-869-8583,,,N,N,N,N,N,N,N,N,N,N,N,N,N,N,N,N,N,,,N,N,N,N,N,N,N,N,N,N,N,2026-05-15,,N,Y,N,Xland Montessori Learning Center<br>Licensed Group<br>778-869-8583<br><br>Vacancy:<br>&nbsp;&nbsp;&nbsp;&nbsp;<36 months: N<br>&nbsp;&nbsp;&nbsp;&nbsp;30 months -- 5 years: N<br>&nbsp;&nbsp;&nbsp;&nbsp;Preschool: N<br>&nbsp;&nbsp;&nbsp;&nbsp;Grade 1 - Age 12: N<br>
1976,Licensed Family,Little Ducklings Daycare,7081 Sophia St,,Vancouver,V5X 0H4,49.220283,-123.099776,778-928-4555,,,N,N,N,N,N,N,N,N,N,N,N,N,N,N,N,N,N,,,N,N,N,N,N,N,N,N,N,N,N,2026-05-13,,N,Y,N,Little Ducklings Daycare<br>Licensed Family<br>778-928-4555<br><br>Vacancy:<br>&nbsp;&nbsp;&nbsp;&nbsp;<36 months: N<br>&nbsp;&nbsp;&nbsp;&nbsp;30 months -- 5 years: N<br>&nbsp;&nbsp;&nbsp;&nbsp;Preschool: N<br>&nbsp;&nbsp;&nbsp;&nbsp;Grade 1 - Age 12: N<br>
1977,Licensed Group,Willowbrae Academy Guildford,201-15679 104 Ave,,Surrey,V4N 2H4,49.192576,-122.78793,604-619-9010,,,N,N,N,N,N,N,N,N,N,N,N,N,N,N,N,N,N,,,N,N,N,N,N,N,N,N,N,N,N,2026-05-20,,N,Y,N,Willowbrae Academy Guildford<br>Licensed Group<br>604-619-9010<br><br>Vacancy:<br>&nbsp;&nbsp;&nbsp;&nbsp;<36 months: N<br>&nbsp;&nbsp;&nbsp;&nbsp;30 months -- 5 years: N<br>&nbsp;&nbsp;&nbsp;&nbsp;Preschool: N<br>&nbsp;&nbsp;&nbsp;&nbsp;Grade 1 - Age 12: N<br>
1978,Licensed Group,Badgers Afterschool,4742 Government St,,Windermere,V0B 2L2,50.464894,-115.986445,250-342-6331,,,N,N,N,N,N,N,N,N,N,N,N,N,N,N,N,N,N,,,N,N,N,N,N,N,N,N,N,N,Y,2026-04-14,,N,Y,N,Badgers Afterschool<br>Licensed Group<br>250-342-6331<br><br>Vacancy:<br>&nbsp;&nbsp;&nbsp;&nbsp;<36 months: N<br>&nbsp;&nbsp;&nbsp;&nbsp;30 months -- 5 years: N<br>&nbsp;&nbsp;&nbsp;&nbsp;Preschool: N<br>&nbsp;&nbsp;&nbsp;&nbsp;Grade 1 - Age 12: Y<br>
1979,Licensed Group,Victoria Kids Out And About,109-1830 Island Hwy,,Victoria,V9B 1J2,48.444408,-123.469191,250-479-4566,,,N,N,N,N,N,N,N,N,N,N,N,N,N,N,N,N,N,,,N,N,N,N,N,N,N,N,N,N,N,2026-05-15,,N,Y,N,Victoria Kids Out And About<br>Licensed Group<br>250-479-4566<br><br>Vacancy:<br>&nbsp;&nbsp;&nbsp;&nbsp;<36 months: N<br>&nbsp;&nbsp;&nbsp;&nbsp;30 months -- 5 years: N<br>&nbsp;&nbsp;&nbsp;&nbsp;Preschool: N<br>&nbsp;&nbsp;&nbsp;&nbsp;Grade 1 - Age 12: N<br>
1980,Licensed Group,The Revelstoke After School Society - Columbia Park,1806 Colbeck Rd,,Revelstoke,V0E 2S0,51.018567,-118.213524,250-683-8663,,,N,N,N,N,N,N,N,N,N,N,N,N,N,N,N,N,N,,,N,N,N,N,N,N,N,N,N,N,N,2026-05-19,,N,N,N,The Revelstoke After School Society - Columbia Park<br>Licensed Group<br>250-683-8663<br><br>Vacancy:<br>&nbsp;&nbsp;&nbsp;&nbsp;<36 months: N<br>&nbsp;&nbsp;&nbsp;&nbsp;30 months -- 5 years: N<br>&nbsp;&nbsp;&nbsp;&nbsp;Preschool: N<br>&nbsp;&nbsp;&nbsp;&nbsp;Grade 1 - Age 12: N<br>
1981,Licensed Group,Little Stampeders Daycare,3075 Cariboo Hwy 97,,150 Mile House,V0K 2G0,52.108829,-121.927964,250-305-8433,,,N,N,N,N,N,N,N,N,N,N,N,N,N,N,N,N,N,,,N,N,N,N,N,N,N,N,N,N,N,2026-05-17,,N,Y,N,Little Stampeders Daycare<br>Licensed Group<br>250-305-8433<br><br>Vacancy:<br>&nbsp;&nbsp;&nbsp;&nbsp;<36 months: N<br>&nbsp;&nbsp;&nbsp;&nbsp;30 months -- 5 years: N<br>&nbsp;&nbsp;&nbsp;&nbsp;Preschool: N<br>&nbsp;&nbsp;&nbsp;&nbsp;Grade 1 - Age 12: N<br>
1982,Licensed Group,Taking Shape Preschool,4685 Keith Rd,,West Vancouver,V7W 2M8,49.344693,-123.251104,778-839-1982,,,N,N,N,N,N,N,N,N,N,N,N,N,N,N,N,N,N,,,N,N,N,N,N,N,N,N,N,N,Y,2026-05-19,,N,Y,Y,Taking Shape Preschool<br>Licensed Group<br>778-839-1982<br><br>Vacancy:<br>&nbsp;&nbsp;&nbsp;&nbsp;<36 months: N<br>&nbsp;&nbsp;&nbsp;&nbsp;30 months -- 5 years: N<br>&nbsp;&nbsp;&nbsp;&nbsp;Preschool: N<br>&nbsp;&nbsp;&nbsp;&nbsp;Grade 1 - Age 12: Y<br>
1983,Licensed Group,Kids Zone Child Care Centre #5,9341 126 St,,Surrey,V3V 5C4,49.172652,-122.873891,778-239-2075,,,N,N,N,N,N,N,N,N,N,N,N,N,N,N,N,N,N,,,N,N,N,N,N,N,N,N,N,N,Y,2026-05-13,,N,N,N,Kids Zone Child Care Centre #5<br>Licensed Group<br>778-239-2075<br><br>Vacancy:<br>&nbsp;&nbsp;&nbsp;&nbsp;<36 months: N<br>&nbsp;&nbsp;&nbsp;&nbsp;30 months -- 5 years: N<br>&nbsp;&nbsp;&nbsp;&nbsp;Preschool: N<br>&nbsp;&nbsp;&nbsp;&nbsp;Grade 1 - Age 12: Y<br>
1984,Licensed Family,Loving Roots Childcare,7080 208A St,,Langley,V2Y 0J2,49.130719,-122.643356,604-996-3513,,,N,N,N,N,N,N,N,N,N,N,N,N,N,N,N,N,N,,,N,N,N,N,N,N,N,N,N,N,N,2026-04-23,,N,Y,N,Loving Roots Childcare<br>Licensed Family<br>604-996-3513<br><br>Vacancy:<br>&nbsp;&nbsp;&nbsp;&nbsp;<36 months: N<br>&nbsp;&nbsp;&nbsp;&nbsp;30 months -- 5 years: N<br>&nbsp;&nbsp;&nbsp;&nbsp;Preschool: N<br>&nbsp;&nbsp;&nbsp;&nbsp;Grade 1 - Age 12: N<br>
1985,Licensed Group,Marlborough Early Years Care,6051 Royal Oak Ave,,Burnaby,V5H 1R5,49.229297,-122.989822,604-431-0400,,,N,N,N,N,N,N,N,N,N,N,N,N,N,N,N,N,N,,,N,N,N,N,N,N,N,N,N,N,N,2026-05-14,,N,Y,N,Marlborough Early Years Care<br>Licensed Group<br>604-431-0400<br><br>Vacancy:<br>&nbsp;&nbsp;&nbsp;&nbsp;<36 months: N<br>&nbsp;&nbsp;&nbsp;&nbsp;30 months -- 5 years: N<br>&nbsp;&nbsp;&nbsp;&nbsp;Preschool: N<br>&nbsp;&nbsp;&nbsp;&nbsp;Grade 1 - Age 12: N<br>
1986,Licensed Group,Henderson Just B4 Preschool Program,5506 Willow Ave,,Powell River,V8A 4P4,49.865404,-124.543979,604-485-6271,,,N,N,N,N,N,N,N,N,N,N,N,N,N,N,N,N,N,,,N,N,N,N,N,N,N,N,N,Y,N,2026-05-11,,N,Y,N,Henderson Just B4 Preschool Program<br>Licensed Group<br>604-485-6271<br><br>Vacancy:<br>&nbsp;&nbsp;&nbsp;&nbsp;<36 months: N<br>&nbsp;&nbsp;&nbsp;&nbsp;30 months -- 5 years: N<br>&nbsp;&nbsp;&nbsp;&nbsp;Preschool: Y<br>&nbsp;&nbsp;&nbsp;&nbsp;Grade 1 - Age 12: N<br>
1987,Licensed Group,Westview Just B4 Preschool Program,3900 Selkirk Ave,,Powell River,V8A 0T8,49.82178,-124.518393,604-485-6271,,,N,N,N,N,N,N,N,N,N,N,N,N,N,N,N,N,N,,,N,N,N,N,N,N,N,N,N,Y,N,2026-05-11,,N,Y,N,Westview Just B4 Preschool Program<br>Licensed Group<br>604-485-6271<br><br>Vacancy:<br>&nbsp;&nbsp;&nbsp;&nbsp;<36 months: N<br>&nbsp;&nbsp;&nbsp;&nbsp;30 months -- 5 years: N<br>&nbsp;&nbsp;&nbsp;&nbsp;Preschool: Y<br>&nbsp;&nbsp;&nbsp;&nbsp;Grade 1 - Age 12: N<br>
1988,Licensed Group,Edgehill Elementary Seamless Day Program,7312 Abbotsford St,,Powell River,V8A 2G5,49.852063,-124.507095,604-485-5660,,,N,N,N,N,N,N,N,N,N,N,N,N,N,N,N,N,N,,,N,N,N,N,N,N,N,N,N,N,Y,2026-05-11,,N,Y,N,Edgehill Elementary Seamless Day Program<br>Licensed Group<br>604-485-5660<br><br>Vacancy:<br>&nbsp;&nbsp;&nbsp;&nbsp;<36 months: N<br>&nbsp;&nbsp;&nbsp;&nbsp;30 months -- 5 years: N<br>&nbsp;&nbsp;&nbsp;&nbsp;Preschool: N<br>&nbsp;&nbsp;&nbsp;&nbsp;Grade 1 - Age 12: Y<br>
1989,Licensed Group,Alexandra Neighbourhood House Children's Centre At Don Chris,6220 184 St,,Surrey,V3S 8E6,49.115312,-122.712285,604-535-0015,,,,,,,,,,,,,,,,,,,,,,,,,,,,,,,,,,,Y,Y,N,Alexandra Neighbourhood House Children's Centre At Don Chris<br>Licensed Group<br>604-535-0015<br><br>Vacancy:<br>&nbsp;&nbsp;&nbsp;&nbsp;<36 months: None<br>&nbsp;&nbsp;&nbsp;&nbsp;30 months -- 5 years: None<br>&nbsp;&nbsp;&nbsp;&nbsp;Preschool: None<br>&nbsp;&nbsp;&nbsp;&nbsp;Grade 1 - Age 12: None<br>
1990,Licensed Group,Alexandra Neighbourhood House Children's Centre At Don Chris,6256 184 St,,Surrey,V3S 8E6,49.116511,-122.71231,604-535-0015,,,,,,,,,,,,,,,,,,,,,,,,,,,,,,,,,,,Y,Y,N,Alexandra Neighbourhood House Children's Centre At Don Chris<br>Licensed Group<br>604-535-0015<br><br>Vacancy:<br>&nbsp;&nbsp;&nbsp;&nbsp;<36 months: None<br>&nbsp;&nbsp;&nbsp;&nbsp;30 months -- 5 years: None<br>&nbsp;&nbsp;&nbsp;&nbsp;Preschool: None<br>&nbsp;&nbsp;&nbsp;&nbsp;Grade 1 - Age 12: None<br>
1991,Licensed Group,Alexandra Neighbourhood House Children's Centre At Hillcrest,18599 65 Ave,,Surrey,V3S 8T2,49.121068,-122.707495,604-535-0015,,,N,N,N,N,N,N,N,N,N,N,N,N,N,N,N,N,N,Not offered,Not offered,N,N,N,N,N,N,N,N,N,N,Y,2026-04-08,,N,N,N,Alexandra Neighbourhood House Children's Centre At Hillcrest<br>Licensed Group<br>604-535-0015<br><br>Vacancy:<br>&nbsp;&nbsp;&nbsp;&nbsp;<36 months: N<br>&nbsp;&nbsp;&nbsp;&nbsp;30 months -- 5 years: N<br>&nbsp;&nbsp;&nbsp;&nbsp;Preschool: N<br>&nbsp;&nbsp;&nbsp;&nbsp;Grade 1 - Age 12: Y<br>
1992,Licensed Group,Alexandra Neighbourhood House Children's Centre At Rosemary,15516 36 Ave,,Surrey,V3Z 0J5,49.067176,-122.792662,604-535-0015,,,N,N,N,N,N,N,N,N,N,N,N,N,N,N,N,N,N,Not offered,Not offered,N,N,N,N,N,N,N,N,N,N,Y,2026-04-08,,N,N,N,Alexandra Neighbourhood House Children's Centre At Rosemary<br>Licensed Group<br>604-535-0015<br><br>Vacancy:<br>&nbsp;&nbsp;&nbsp;&nbsp;<36 months: N<br>&nbsp;&nbsp;&nbsp;&nbsp;30 months -- 5 years: N<br>&nbsp;&nbsp;&nbsp;&nbsp;Preschool: N<br>&nbsp;&nbsp;&nbsp;&nbsp;Grade 1 - Age 12: Y<br>
1993,Licensed Family,Little Bear Daycare,8611 Pierre Dr,,Summerland,V0H 1Z2,49.583136,-119.67648,250-486-3256,,,N,N,N,N,N,N,N,N,N,N,N,N,N,N,N,N,N,,,N,N,N,N,N,N,N,N,N,N,N,2026-04-16,,N,Y,N,Little Bear Daycare<br>Licensed Family<br>250-486-3256<br><br>Vacancy:<br>&nbsp;&nbsp;&nbsp;&nbsp;<36 months: N<br>&nbsp;&nbsp;&nbsp;&nbsp;30 months -- 5 years: N<br>&nbsp;&nbsp;&nbsp;&nbsp;Preschool: N<br>&nbsp;&nbsp;&nbsp;&nbsp;Grade 1 - Age 12: N<br>
1994,Licensed Group,Central Elementary Seamless Day,9435 Young Rd,,Chilliwack,V2P 2P9,49.173614,-121.952952,604-614-6263,,,N,N,N,N,N,N,N,N,N,N,N,N,N,N,N,N,N,,,N,N,N,N,N,N,N,N,N,N,Y,2026-05-06,,N,Y,N,Central Elementary Seamless Day<br>Licensed Group<br>604-614-6263<br><br>Vacancy:<br>&nbsp;&nbsp;&nbsp;&nbsp;<36 months: N<br>&nbsp;&nbsp;&nbsp;&nbsp;30 months -- 5 years: N<br>&nbsp;&nbsp;&nbsp;&nbsp;Preschool: N<br>&nbsp;&nbsp;&nbsp;&nbsp;Grade 1 - Age 12: Y<br>
1995,Licensed Group,Lululala Child Care,1663 Mcpherson Dr,,Port Coquitlam,V3C 6C9,49.246841,-122.783982,236-516-0026,,,N,N,N,N,N,N,N,N,N,N,N,N,N,N,N,N,N,,,N,N,N,N,N,N,N,Y,N,N,N,2026-05-01,,N,Y,N,Lululala Child Care<br>Licensed Group<br>236-516-0026<br><br>Vacancy:<br>&nbsp;&nbsp;&nbsp;&nbsp;<36 months: Y<br>&nbsp;&nbsp;&nbsp;&nbsp;30 months -- 5 years: N<br>&nbsp;&nbsp;&nbsp;&nbsp;Preschool: N<br>&nbsp;&nbsp;&nbsp;&nbsp;Grade 1 - Age 12: N<br>
1996,Licensed Group,West Quesnel Day School,774 Abbott Dr,,Quesnel,V2J 1H5,52.973252,-122.514521,250-992-7272,,,N,N,N,N,N,N,N,N,N,N,N,N,N,N,N,N,N,,,N,N,N,N,N,N,N,N,N,N,N,2026-05-01,,N,Y,N,West Quesnel Day School<br>Licensed Group<br>250-992-7272<br><br>Vacancy:<br>&nbsp;&nbsp;&nbsp;&nbsp;<36 months: N<br>&nbsp;&nbsp;&nbsp;&nbsp;30 months -- 5 years: N<br>&nbsp;&nbsp;&nbsp;&nbsp;Preschool: N<br>&nbsp;&nbsp;&nbsp;&nbsp;Grade 1 - Age 12: N<br>
1997,Licensed Family,First Avenue Child Care,162 Walter Hardwick Ave,,Vancouver,V5Y 0A7,49.270641,-123.108605,778-839-9999,,,N,N,N,N,N,N,N,N,N,N,N,N,N,N,N,N,N,,,N,N,N,N,N,N,N,N,N,N,N,2026-04-24,,N,Y,N,First Avenue Child Care<br>Licensed Family<br>778-839-9999<br><br>Vacancy:<br>&nbsp;&nbsp;&nbsp;&nbsp;<36 months: N<br>&nbsp;&nbsp;&nbsp;&nbsp;30 months -- 5 years: N<br>&nbsp;&nbsp;&nbsp;&nbsp;Preschool: N<br>&nbsp;&nbsp;&nbsp;&nbsp;Grade 1 - Age 12: N<br>
1998,Licensed Group,Trails Of Wonder Preschool Centre,5479 Dellview St,,Chilliwack,V2R 3W2,49.102613,-121.933684,778-688-7350,,,N,N,N,N,N,N,N,N,N,N,N,N,N,N,N,N,N,,,N,N,N,N,N,N,N,N,N,N,N,2026-05-01,,N,Y,N,Trails Of Wonder Preschool Centre<br>Licensed Group<br>778-688-7350<br><br>Vacancy:<br>&nbsp;&nbsp;&nbsp;&nbsp;<36 months: N<br>&nbsp;&nbsp;&nbsp;&nbsp;30 months -- 5 years: N<br>&nbsp;&nbsp;&nbsp;&nbsp;Preschool: N<br>&nbsp;&nbsp;&nbsp;&nbsp;Grade 1 - Age 12: N<br>
1999,Licensed Group,Raising Stars Preschool Ltd.,3404 24 St,,Vernon,V1T 4N6,50.267139,-119.26336,250-938-7264,,,Y,N,N,N,N,N,Y,Y,Y,N,N,N,N,N,N,N,Y,Not offered,Not offered,Y,N,N,Y,Y,Y,Y,N,N,N,N,2026-05-15,,N,Y,N,Raising Stars Preschool Ltd.<br>Licensed Group<br>250-938-7264<br><br>Vacancy:<br>&nbsp;&nbsp;&nbsp;&nbsp;<36 months: N<br>&nbsp;&nbsp;&nbsp;&nbsp;30 months -- 5 years: N<br>&nbsp;&nbsp;&nbsp;&nbsp;Preschool: N<br>&nbsp;&nbsp;&nbsp;&nbsp;Grade 1 - Age 12: N<br>
2000,Licensed Group,Next Level Childcare Society Afterschool Club,110-25 Helmcken Rd,,Victoria,V8Z 5G5,48.468721,-123.428609,778-265-7507,,,N,N,N,N,N,N,N,N,N,N,N,N,N,N,N,N,N,,,N,N,N,N,N,N,N,N,N,N,N,2026-05-15,,N,Y,N,Next Level Childcare Society Afterschool Club<br>Licensed Group<br>778-265-7507<br><br>Vacancy:<br>&nbsp;&nbsp;&nbsp;&nbsp;<36 months: N<br>&nbsp;&nbsp;&nbsp;&nbsp;30 months -- 5 years: N<br>&nbsp;&nbsp;&nbsp;&nbsp;Preschool: N<br>&nbsp;&nbsp;&nbsp;&nbsp;Grade 1 - Age 12: N<br>
2001,Licensed Family,Chilliwack Child Care,45983 Bridle Ridge Cres,,Chilliwack,V2R 5W2,49.095274,-121.951134,778-345-8800,,,N,N,N,N,N,N,N,N,N,N,N,N,N,N,N,N,N,,,N,N,N,N,N,N,N,N,Y,N,N,2026-05-15,,N,Y,N,Chilliwack Child Care<br>Licensed Family<br>778-345-8800<br><br>Vacancy:<br>&nbsp;&nbsp;&nbsp;&nbsp;<36 months: N<br>&nbsp;&nbsp;&nbsp;&nbsp;30 months -- 5 years: Y<br>&nbsp;&nbsp;&nbsp;&nbsp;Preschool: N<br>&nbsp;&nbsp;&nbsp;&nbsp;Grade 1 - Age 12: N<br>
2002,Licensed Group,Parkside Early Learning Center,3300 270 St,,Aldergrove,V4W 3H2,49.062746,-122.475076,604-856-7775,,,,,,,,,,,,,,,,,,,,,,,,,,,,,,,,,,,Y,N,N,Parkside Early Learning Center<br>Licensed Group<br>604-856-7775<br><br>Vacancy:<br>&nbsp;&nbsp;&nbsp;&nbsp;<36 months: None<br>&nbsp;&nbsp;&nbsp;&nbsp;30 months -- 5 years: None<br>&nbsp;&nbsp;&nbsp;&nbsp;Preschool: None<br>&nbsp;&nbsp;&nbsp;&nbsp;Grade 1 - Age 12: None<br>
2003,Licensed Family,Beautiful Minds,36120 Walter Rd,,Abbotsford,V3G 1K9,49.051541,-122.224773,604-729-9538,beautifulmindshome.wixsite.com,,N,N,N,N,N,N,N,N,N,N,N,N,N,N,N,N,N,,,N,N,N,N,N,N,N,Y,N,N,N,2026-05-15,,N,Y,N,Beautiful Minds<br>Licensed Family<br>604-729-9538<br><br>Vacancy:<br>&nbsp;&nbsp;&nbsp;&nbsp;<36 months: Y<br>&nbsp;&nbsp;&nbsp;&nbsp;30 months -- 5 years: N<br>&nbsp;&nbsp;&nbsp;&nbsp;Preschool: N<br>&nbsp;&nbsp;&nbsp;&nbsp;Grade 1 - Age 12: N<br>
2004,Licensed Family,Bright Minds,174 20Th Ave W,,Vancouver,V5Y 2C3,49.252558,-123.109086,604-876-1077,,,N,N,N,N,N,N,N,N,N,N,N,N,N,N,N,N,N,Extra fee,Extra fee,N,N,N,N,N,N,N,N,N,N,N,2026-05-20,,N,Y,N,Bright Minds<br>Licensed Family<br>604-876-1077<br><br>Vacancy:<br>&nbsp;&nbsp;&nbsp;&nbsp;<36 months: N<br>&nbsp;&nbsp;&nbsp;&nbsp;30 months -- 5 years: N<br>&nbsp;&nbsp;&nbsp;&nbsp;Preschool: N<br>&nbsp;&nbsp;&nbsp;&nbsp;Grade 1 - Age 12: N<br>
2005,Licensed Group,Birdsong Nature School Ltd,985 Shawnigan-Mill Bay Rd,,Mill Bay,V0R 2P2,48.658238,-123.570602,250-743-7300,,,N,N,N,N,N,N,N,N,N,N,N,N,N,N,N,N,N,,,N,N,N,N,N,N,N,N,Y,N,N,2026-05-19,,N,Y,N,Birdsong Nature School Ltd<br>Licensed Group<br>250-743-7300<br><br>Vacancy:<br>&nbsp;&nbsp;&nbsp;&nbsp;<36 months: N<br>&nbsp;&nbsp;&nbsp;&nbsp;30 months -- 5 years: Y<br>&nbsp;&nbsp;&nbsp;&nbsp;Preschool: N<br>&nbsp;&nbsp;&nbsp;&nbsp;Grade 1 - Age 12: N<br>
2006,Licensed Group,Irwin Park Elementary Seamless Day Before And After School,2455 Haywood Ave,,West Vancouver,V7V 1Y2,49.335898,-123.180618,604-981-1240,,,N,N,N,N,N,N,N,N,N,N,N,N,N,N,N,N,N,,,N,N,N,N,N,N,N,N,Y,N,N,2026-05-06,,N,Y,N,Irwin Park Elementary Seamless Day Before And After School<br>Licensed Group<br>604-981-1240<br><br>Vacancy:<br>&nbsp;&nbsp;&nbsp;&nbsp;<36 months: N<br>&nbsp;&nbsp;&nbsp;&nbsp;30 months -- 5 years: Y<br>&nbsp;&nbsp;&nbsp;&nbsp;Preschool: N<br>&nbsp;&nbsp;&nbsp;&nbsp;Grade 1 - Age 12: N<br>
2007,Licensed Group,Saints And Angels Preschool,1405 Como Lake Ave,,Coquitlam,V3J 3P4,49.264557,-122.854067,604-868-9117,,,N,N,N,N,N,N,N,N,N,N,N,N,N,N,N,N,N,,,N,N,N,N,N,N,N,N,N,N,N,2026-05-01,,N,Y,N,Saints And Angels Preschool<br>Licensed Group<br>604-868-9117<br><br>Vacancy:<br>&nbsp;&nbsp;&nbsp;&nbsp;<36 months: N<br>&nbsp;&nbsp;&nbsp;&nbsp;30 months -- 5 years: N<br>&nbsp;&nbsp;&nbsp;&nbsp;Preschool: N<br>&nbsp;&nbsp;&nbsp;&nbsp;Grade 1 - Age 12: N<br>
2008,Licensed Group,Godson Early Learning Program,33130 Bevan Ave,,Abbotsford,V2S 1T6,49.041056,-122.306649,604-864-5437,,,N,N,N,N,N,N,N,N,N,N,N,N,N,N,N,N,N,,,N,N,N,N,N,N,N,N,Y,Y,Y,2026-05-05,,N,Y,N,Godson Early Learning Program<br>Licensed Group<br>604-864-5437<br><br>Vacancy:<br>&nbsp;&nbsp;&nbsp;&nbsp;<36 months: N<br>&nbsp;&nbsp;&nbsp;&nbsp;30 months -- 5 years: Y<br>&nbsp;&nbsp;&nbsp;&nbsp;Preschool: Y<br>&nbsp;&nbsp;&nbsp;&nbsp;Grade 1 - Age 12: Y<br>
2009,Licensed Family,Rosemary Heights Childcare Ltd,3452 150 St,,Surrey,V3Z 0T5,49.064771,-122.806619,604-838-4180,,,N,N,N,N,N,N,N,N,N,N,N,N,N,N,N,N,N,,,N,N,N,N,N,N,N,N,Y,N,N,2026-05-18,,N,Y,N,Rosemary Heights Childcare Ltd<br>Licensed Family<br>604-838-4180<br><br>Vacancy:<br>&nbsp;&nbsp;&nbsp;&nbsp;<36 months: N<br>&nbsp;&nbsp;&nbsp;&nbsp;30 months -- 5 years: Y<br>&nbsp;&nbsp;&nbsp;&nbsp;Preschool: N<br>&nbsp;&nbsp;&nbsp;&nbsp;Grade 1 - Age 12: N<br>
2010,Licensed Group,Rainbow Home Child Care,16597 20 Ave,,Surrey,V3Z 1B9,49.038535,-122.762936,639-590-3153,,,N,N,N,N,N,N,N,N,N,N,N,N,N,N,N,N,N,,,N,N,N,N,N,N,N,N,N,Y,N,2026-04-28,,N,Y,N,Rainbow Home Child Care<br>Licensed Group<br>639-590-3153<br><br>Vacancy:<br>&nbsp;&nbsp;&nbsp;&nbsp;<36 months: N<br>&nbsp;&nbsp;&nbsp;&nbsp;30 months -- 5 years: N<br>&nbsp;&nbsp;&nbsp;&nbsp;Preschool: Y<br>&nbsp;&nbsp;&nbsp;&nbsp;Grade 1 - Age 12: N<br>
2011,Licensed Group,Lake Country Bloom Academy,10162 Newene Rd,,Lake Country,V4V 1V2,50.030512,-119.406039,780-265-1654,,,N,N,N,N,N,N,N,N,N,N,N,N,N,N,N,N,N,,,N,N,N,N,N,N,N,N,N,N,N,2026-05-01,,N,Y,N,Lake Country Bloom Academy<br>Licensed Group<br>780-265-1654<br><br>Vacancy:<br>&nbsp;&nbsp;&nbsp;&nbsp;<36 months: N<br>&nbsp;&nbsp;&nbsp;&nbsp;30 months -- 5 years: N<br>&nbsp;&nbsp;&nbsp;&nbsp;Preschool: N<br>&nbsp;&nbsp;&nbsp;&nbsp;Grade 1 - Age 12: N<br>
2012,Licensed Group,Pemberton Heights Saplings,1390 22Nd St W,,North Vancouver,V7P 2G4,49.330396,-123.112772,778-838-0335,,,N,N,N,N,N,N,N,N,N,N,N,N,N,N,N,N,N,,,N,N,N,N,N,N,N,Y,Y,N,N,2026-04-20,,N,Y,Y,Pemberton Heights Saplings<br>Licensed Group<br>778-838-0335<br><br>Vacancy:<br>&nbsp;&nbsp;&nbsp;&nbsp;<36 months: Y<br>&nbsp;&nbsp;&nbsp;&nbsp;30 months -- 5 years: Y<br>&nbsp;&nbsp;&nbsp;&nbsp;Preschool: N<br>&nbsp;&nbsp;&nbsp;&nbsp;Grade 1 - Age 12: N<br>
2013,Licensed Group,Pemberton Heights Saplings,1390 22Nd St W,,North Vancouver,V7P 2G4,49.330396,-123.112772,778-838-0335,,,N,N,N,N,N,N,N,N,N,N,N,N,N,N,N,N,N,,,N,N,N,N,N,N,N,N,N,N,N,2026-04-20,,N,Y,Y,Pemberton Heights Saplings<br>Licensed Group<br>778-838-0335<br><br>Vacancy:<br>&nbsp;&nbsp;&nbsp;&nbsp;<36 months: N<br>&nbsp;&nbsp;&nbsp;&nbsp;30 months -- 5 years: N<br>&nbsp;&nbsp;&nbsp;&nbsp;Preschool: N<br>&nbsp;&nbsp;&nbsp;&nbsp;Grade 1 - Age 12: N<br>
2014,Licensed Group,G.N. Sikh Preschool,7050 120 St,,Surrey,V3W 3M8,49.13132,-122.889985,778-876-6000,,,N,N,N,N,N,N,N,N,N,N,N,N,N,N,N,N,N,,,N,N,N,N,N,N,N,N,N,N,N,2026-05-01,,N,Y,N,G.N. Sikh Preschool<br>Licensed Group<br>778-876-6000<br><br>Vacancy:<br>&nbsp;&nbsp;&nbsp;&nbsp;<36 months: N<br>&nbsp;&nbsp;&nbsp;&nbsp;30 months -- 5 years: N<br>&nbsp;&nbsp;&nbsp;&nbsp;Preschool: N<br>&nbsp;&nbsp;&nbsp;&nbsp;Grade 1 - Age 12: N<br>
2015,Licensed Group,Little Footprints Academy (New West),200-505 Sixth St,,New Westminster,V3L 3B9,49.21238,-122.919273,604-328-2091,,,N,N,N,N,N,N,N,N,N,N,N,N,N,N,N,N,N,,,N,N,N,N,N,N,N,N,N,N,N,2026-05-13,,N,Y,N,Little Footprints Academy (New West)<br>Licensed Group<br>604-328-2091<br><br>Vacancy:<br>&nbsp;&nbsp;&nbsp;&nbsp;<36 months: N<br>&nbsp;&nbsp;&nbsp;&nbsp;30 months -- 5 years: N<br>&nbsp;&nbsp;&nbsp;&nbsp;Preschool: N<br>&nbsp;&nbsp;&nbsp;&nbsp;Grade 1 - Age 12: N<br>
2016,Licensed Family,Susie's Daycare,513 Hyslop Dr,,Penticton,V2A 8Z8,49.508694,-119.625509,250-462-5377,,,N,N,N,N,N,N,N,N,N,N,N,N,N,N,N,N,N,,,N,N,N,N,N,N,N,N,N,N,N,2026-05-20,,N,Y,N,Susie's Daycare<br>Licensed Family<br>250-462-5377<br><br>Vacancy:<br>&nbsp;&nbsp;&nbsp;&nbsp;<36 months: N<br>&nbsp;&nbsp;&nbsp;&nbsp;30 months -- 5 years: N<br>&nbsp;&nbsp;&nbsp;&nbsp;Preschool: N<br>&nbsp;&nbsp;&nbsp;&nbsp;Grade 1 - Age 12: N<br>
2017,Licensed Group,Munchkaroo Child Care,3260 Galloway Rd,,Victoria,V9C 2S7,48.424597,-123.496532,250-888-5084,,,N,N,N,N,N,N,N,N,N,N,N,N,N,N,N,N,N,,,N,N,N,N,N,N,N,N,N,N,N,2026-05-19,,N,Y,N,Munchkaroo Child Care<br>Licensed Group<br>250-888-5084<br><br>Vacancy:<br>&nbsp;&nbsp;&nbsp;&nbsp;<36 months: N<br>&nbsp;&nbsp;&nbsp;&nbsp;30 months -- 5 years: N<br>&nbsp;&nbsp;&nbsp;&nbsp;Preschool: N<br>&nbsp;&nbsp;&nbsp;&nbsp;Grade 1 - Age 12: N<br>
2018,Licensed Group,Little Horizons Child Care,4414 Hwy 16,,Smithers,V0J 2N0,54.790766,-127.178208,250-877-2000,,,N,N,N,N,N,N,N,N,N,N,N,N,N,N,N,N,N,,,N,N,N,N,N,N,N,N,N,N,N,2026-04-22,,N,Y,N,Little Horizons Child Care<br>Licensed Group<br>250-877-2000<br><br>Vacancy:<br>&nbsp;&nbsp;&nbsp;&nbsp;<36 months: N<br>&nbsp;&nbsp;&nbsp;&nbsp;30 months -- 5 years: N<br>&nbsp;&nbsp;&nbsp;&nbsp;Preschool: N<br>&nbsp;&nbsp;&nbsp;&nbsp;Grade 1 - Age 12: N<br>
2019,Licensed Group,Plateau Montessori Childcare,3285 Plateau Blvd,,Coquitlam,V3E 3B8,49.315309,-122.788803,604-916-9592,,,N,N,N,N,N,N,N,N,N,N,N,N,N,N,N,N,N,,,N,N,N,N,N,N,N,Y,N,N,N,2026-05-20,,N,Y,N,Plateau Montessori Childcare<br>Licensed Group<br>604-916-9592<br><br>Vacancy:<br>&nbsp;&nbsp;&nbsp;&nbsp;<36 months: Y<br>&nbsp;&nbsp;&nbsp;&nbsp;30 months -- 5 years: N<br>&nbsp;&nbsp;&nbsp;&nbsp;Preschool: N<br>&nbsp;&nbsp;&nbsp;&nbsp;Grade 1 - Age 12: N<br>
2020,Licensed Group,Burnaby Montessori School Ltd,5489 Kingsway,,Burnaby,V5H 2G1,49.223601,-122.984373,604-558-1661,,,N,N,N,N,N,N,N,N,N,N,N,N,N,N,N,N,N,,,N,N,N,N,N,N,N,N,N,N,N,2026-04-28,,N,Y,N,Burnaby Montessori School Ltd<br>Licensed Group<br>604-558-1661<br><br>Vacancy:<br>&nbsp;&nbsp;&nbsp;&nbsp;<36 months: N<br>&nbsp;&nbsp;&nbsp;&nbsp;30 months -- 5 years: N<br>&nbsp;&nbsp;&nbsp;&nbsp;Preschool: N<br>&nbsp;&nbsp;&nbsp;&nbsp;Grade 1 - Age 12: N<br>
2021,Licensed Group,Little Stars Daycare Centre,7760 Lawrence Dr,,Burnaby,V5A 3M9,49.260615,-122.940998,604-367-3696,,,N,N,N,N,N,N,N,N,N,N,N,N,N,N,N,N,N,,,N,N,N,N,N,N,N,N,N,N,N,2026-05-15,,N,Y,N,Little Stars Daycare Centre<br>Licensed Group<br>604-367-3696<br><br>Vacancy:<br>&nbsp;&nbsp;&nbsp;&nbsp;<36 months: N<br>&nbsp;&nbsp;&nbsp;&nbsp;30 months -- 5 years: N<br>&nbsp;&nbsp;&nbsp;&nbsp;Preschool: N<br>&nbsp;&nbsp;&nbsp;&nbsp;Grade 1 - Age 12: N<br>
2022,Licensed Family,Mama Luna Daycare,4672 Harvie Ave,,Powell River,V8A 2P3,49.84246,-124.525885,604-344-0310,,,N,N,N,N,N,N,N,N,N,N,N,N,N,N,N,N,N,,,N,N,N,N,N,N,N,N,N,N,N,2026-05-15,,N,Y,N,Mama Luna Daycare<br>Licensed Family<br>604-344-0310<br><br>Vacancy:<br>&nbsp;&nbsp;&nbsp;&nbsp;<36 months: N<br>&nbsp;&nbsp;&nbsp;&nbsp;30 months -- 5 years: N<br>&nbsp;&nbsp;&nbsp;&nbsp;Preschool: N<br>&nbsp;&nbsp;&nbsp;&nbsp;Grade 1 - Age 12: N<br>
2023,Licensed Family,Chantal's Daycare,1225 Hobson Ave,,Courtenay,V9N 6P1,49.699414,-124.970684,250-650-6656,,,N,N,N,N,N,N,N,N,N,N,N,N,N,N,N,N,N,,,N,N,N,N,N,N,N,N,N,N,N,2026-05-19,,N,Y,N,Chantal's Daycare<br>Licensed Family<br>250-650-6656<br><br>Vacancy:<br>&nbsp;&nbsp;&nbsp;&nbsp;<36 months: N<br>&nbsp;&nbsp;&nbsp;&nbsp;30 months -- 5 years: N<br>&nbsp;&nbsp;&nbsp;&nbsp;Preschool: N<br>&nbsp;&nbsp;&nbsp;&nbsp;Grade 1 - Age 12: N<br>
2024,Licensed Group,Coyote Creek ymca Kids Club,8131 156Th St,,Surrey,V3S 3R4,49.150335,-122.790341,604-307-4817,,,N,N,N,N,N,N,N,N,N,N,N,N,N,N,N,N,N,,,N,N,N,N,N,N,N,N,N,N,N,2026-05-14,,N,Y,N,Coyote Creek ymca Kids Club<br>Licensed Group<br>604-307-4817<br><br>Vacancy:<br>&nbsp;&nbsp;&nbsp;&nbsp;<36 months: N<br>&nbsp;&nbsp;&nbsp;&nbsp;30 months -- 5 years: N<br>&nbsp;&nbsp;&nbsp;&nbsp;Preschool: N<br>&nbsp;&nbsp;&nbsp;&nbsp;Grade 1 - Age 12: N<br>
2025,Licensed Group,Stitos ymca Kids Club,5337 Tyson Rd,,Chilliwack,V2R 0P1,49.09856,-121.978837,604-307-4872,,,N,N,N,N,N,N,N,N,N,N,N,N,N,N,N,N,N,,,N,N,N,N,N,N,N,N,N,N,N,2026-05-14,,N,Y,N,Stitos ymca Kids Club<br>Licensed Group<br>604-307-4872<br><br>Vacancy:<br>&nbsp;&nbsp;&nbsp;&nbsp;<36 months: N<br>&nbsp;&nbsp;&nbsp;&nbsp;30 months -- 5 years: N<br>&nbsp;&nbsp;&nbsp;&nbsp;Preschool: N<br>&nbsp;&nbsp;&nbsp;&nbsp;Grade 1 - Age 12: N<br>
2026,Licensed Group,Watson ymca Kids Club,45305 Watson Rd,,Chilliwack,V2R 2H5,49.112552,-121.970378,604-307-4865,,,N,N,N,N,N,N,N,N,N,N,N,N,N,N,N,N,N,,,N,N,N,N,N,N,N,N,N,N,N,2026-05-14,,N,Y,N,Watson ymca Kids Club<br>Licensed Group<br>604-307-4865<br><br>Vacancy:<br>&nbsp;&nbsp;&nbsp;&nbsp;<36 months: N<br>&nbsp;&nbsp;&nbsp;&nbsp;30 months -- 5 years: N<br>&nbsp;&nbsp;&nbsp;&nbsp;Preschool: N<br>&nbsp;&nbsp;&nbsp;&nbsp;Grade 1 - Age 12: N<br>
2027,Licensed Group,Tomsett ymca Kids Club,9671 Odlin Rd,,Richmond,V6X 1E1,49.183222,-123.115758,604-307-4820,,,N,N,N,N,N,N,N,N,N,N,N,N,N,N,N,N,N,,,N,N,N,N,N,N,N,N,N,N,N,2026-05-14,,N,Y,N,Tomsett ymca Kids Club<br>Licensed Group<br>604-307-4820<br><br>Vacancy:<br>&nbsp;&nbsp;&nbsp;&nbsp;<36 months: N<br>&nbsp;&nbsp;&nbsp;&nbsp;30 months -- 5 years: N<br>&nbsp;&nbsp;&nbsp;&nbsp;Preschool: N<br>&nbsp;&nbsp;&nbsp;&nbsp;Grade 1 - Age 12: N<br>
2028,Licensed Group,Kidspace Learning Centres Chilliwack Inc,6058 Glengarry Dr,,Chilliwack,V2R 2H8,49.111943,-121.966635,604-786-5990,,,N,N,N,N,N,N,N,N,N,N,N,N,N,N,N,N,N,,,N,N,N,N,N,N,N,N,N,N,N,2026-05-15,,N,Y,N,Kidspace Learning Centres Chilliwack Inc<br>Licensed Group<br>604-786-5990<br><br>Vacancy:<br>&nbsp;&nbsp;&nbsp;&nbsp;<36 months: N<br>&nbsp;&nbsp;&nbsp;&nbsp;30 months -- 5 years: N<br>&nbsp;&nbsp;&nbsp;&nbsp;Preschool: N<br>&nbsp;&nbsp;&nbsp;&nbsp;Grade 1 - Age 12: N<br>
2029,Licensed Family,Pacific Wynd Montessori All Day Learning Centre Inc.,7956 Brookwood Pl,,Chilliwack,V4Z 0A1,49.145935,-121.833012,604-339-8054,,,N,N,N,N,N,N,N,N,N,N,N,N,N,N,N,N,N,Extra fee,Extra fee,N,N,N,N,N,N,N,N,N,N,N,2026-05-11,,N,Y,N,Pacific Wynd Montessori All Day Learning Centre Inc.<br>Licensed Family<br>604-339-8054<br><br>Vacancy:<br>&nbsp;&nbsp;&nbsp;&nbsp;<36 months: N<br>&nbsp;&nbsp;&nbsp;&nbsp;30 months -- 5 years: N<br>&nbsp;&nbsp;&nbsp;&nbsp;Preschool: N<br>&nbsp;&nbsp;&nbsp;&nbsp;Grade 1 - Age 12: N<br>
2030,Licensed Family,Cailey Anne's Child Care,5471 Alpine Cres,,Chilliwack,V2R 3W4,49.102394,-121.934799,604-703-9826,,,N,N,N,N,N,N,N,N,N,N,N,N,N,N,N,N,N,,,N,N,N,N,N,N,N,Y,Y,N,N,2026-05-12,,N,Y,N,Cailey Anne's Child Care<br>Licensed Family<br>604-703-9826<br><br>Vacancy:<br>&nbsp;&nbsp;&nbsp;&nbsp;<36 months: Y<br>&nbsp;&nbsp;&nbsp;&nbsp;30 months -- 5 years: Y<br>&nbsp;&nbsp;&nbsp;&nbsp;Preschool: N<br>&nbsp;&nbsp;&nbsp;&nbsp;Grade 1 - Age 12: N<br>
2031,Licensed Group,Náang Naay,500 Skidegate Heights,,Skidegate,V0T 1S1,53.280073,-131.973973,250-559-8889,,,N,N,N,N,N,N,N,N,N,N,N,N,N,N,N,N,N,,,N,N,N,N,N,N,N,N,Y,N,Y,2026-05-13,,N,Y,N,Náang Naay<br>Licensed Group<br>250-559-8889<br><br>Vacancy:<br>&nbsp;&nbsp;&nbsp;&nbsp;<36 months: N<br>&nbsp;&nbsp;&nbsp;&nbsp;30 months -- 5 years: Y<br>&nbsp;&nbsp;&nbsp;&nbsp;Preschool: N<br>&nbsp;&nbsp;&nbsp;&nbsp;Grade 1 - Age 12: Y<br>
2032,Licensed Group,Ilm - Little Tots,3507 Littleford Rd,,Nanaimo,V9T 5J2,49.220212,-124.014806,250-585-7898,,,N,N,N,N,N,N,N,N,N,N,N,N,N,N,N,N,N,,,N,N,N,N,N,N,N,Y,N,N,N,2026-05-15,,N,Y,N,Ilm - Little Tots<br>Licensed Group<br>250-585-7898<br><br>Vacancy:<br>&nbsp;&nbsp;&nbsp;&nbsp;<36 months: Y<br>&nbsp;&nbsp;&nbsp;&nbsp;30 months -- 5 years: N<br>&nbsp;&nbsp;&nbsp;&nbsp;Preschool: N<br>&nbsp;&nbsp;&nbsp;&nbsp;Grade 1 - Age 12: N<br>
2033,Licensed Group,Kidikare Early Learning Centre,1112 Kings Ave,,West Vancouver,V7T 2C3,49.336074,-123.146155,604-364-9848,,,N,N,N,N,N,N,N,N,N,N,N,N,N,N,N,N,N,,,N,N,N,N,N,N,N,N,N,N,N,2026-04-20,,N,Y,N,Kidikare Early Learning Centre<br>Licensed Group<br>604-364-9848<br><br>Vacancy:<br>&nbsp;&nbsp;&nbsp;&nbsp;<36 months: N<br>&nbsp;&nbsp;&nbsp;&nbsp;30 months -- 5 years: N<br>&nbsp;&nbsp;&nbsp;&nbsp;Preschool: N<br>&nbsp;&nbsp;&nbsp;&nbsp;Grade 1 - Age 12: N<br>
2034,Licensed Group,Imagination Station Childcare Centre-Silverdale Crossing,29560 Lougheed Hwy,,Mission,V4S 1H7,49.162911,-122.40563,604-287-7009,,,N,N,N,N,N,N,N,N,N,N,N,N,N,N,N,N,N,,,N,N,N,N,N,N,N,Y,Y,Y,N,2026-04-16,,N,Y,N,Imagination Station Childcare Centre-Silverdale Crossing<br>Licensed Group<br>604-287-7009<br><br>Vacancy:<br>&nbsp;&nbsp;&nbsp;&nbsp;<36 months: Y<br>&nbsp;&nbsp;&nbsp;&nbsp;30 months -- 5 years: Y<br>&nbsp;&nbsp;&nbsp;&nbsp;Preschool: Y<br>&nbsp;&nbsp;&nbsp;&nbsp;Grade 1 - Age 12: N<br>
2035,Licensed Group,Dharma Kids Centre,8507 74 Ave,,Osoyoos,V0H 1V0,49.03168,-119.466087,250-502-8889,,,N,N,N,N,N,N,N,N,N,N,N,N,N,N,N,N,N,,,N,N,N,N,N,N,N,N,N,N,N,2026-05-15,,N,Y,N,Dharma Kids Centre<br>Licensed Group<br>250-502-8889<br><br>Vacancy:<br>&nbsp;&nbsp;&nbsp;&nbsp;<36 months: N<br>&nbsp;&nbsp;&nbsp;&nbsp;30 months -- 5 years: N<br>&nbsp;&nbsp;&nbsp;&nbsp;Preschool: N<br>&nbsp;&nbsp;&nbsp;&nbsp;Grade 1 - Age 12: N<br>
2036,Licensed Family,South Slope Day Care,4625 Neville St,,Burnaby,V5J 2H2,49.214161,-122.99912,778-892-3113,,,N,N,N,N,N,N,N,N,N,N,N,N,N,N,N,N,N,,,N,N,N,N,N,N,N,Y,Y,N,N,2026-04-01,,N,Y,N,South Slope Day Care<br>Licensed Family<br>778-892-3113<br><br>Vacancy:<br>&nbsp;&nbsp;&nbsp;&nbsp;<36 months: Y<br>&nbsp;&nbsp;&nbsp;&nbsp;30 months -- 5 years: Y<br>&nbsp;&nbsp;&nbsp;&nbsp;Preschool: N<br>&nbsp;&nbsp;&nbsp;&nbsp;Grade 1 - Age 12: N<br>
2037,Licensed Group,Hamilton Park,1487 Hamilton Rd,,Victoria,V8R 2Y2,48.440793,-123.339723,250-370-9101,,,N,N,N,N,N,N,N,N,N,N,N,N,N,N,N,N,N,,,N,N,N,N,N,N,N,N,N,N,N,2026-05-07,,N,Y,N,Hamilton Park<br>Licensed Group<br>250-370-9101<br><br>Vacancy:<br>&nbsp;&nbsp;&nbsp;&nbsp;<36 months: N<br>&nbsp;&nbsp;&nbsp;&nbsp;30 months -- 5 years: N<br>&nbsp;&nbsp;&nbsp;&nbsp;Preschool: N<br>&nbsp;&nbsp;&nbsp;&nbsp;Grade 1 - Age 12: N<br>
2038,Licensed Family,Bouncing Babies & Toddling Tots Childcare,2263 Park Cres,,Coquitlam,V3J 6T3,49.271867,-122.830813,778-789-2270,https://www.bouncingbabiesandtoddlingtotschildcare.com/,,N,N,N,N,N,N,N,N,N,N,N,N,N,N,N,N,N,,,N,N,N,N,N,N,N,N,N,N,N,2026-05-21,,N,Y,N,Bouncing Babies & Toddling Tots Childcare<br>Licensed Family<br>778-789-2270<br><br>Vacancy:<br>&nbsp;&nbsp;&nbsp;&nbsp;<36 months: N<br>&nbsp;&nbsp;&nbsp;&nbsp;30 months -- 5 years: N<br>&nbsp;&nbsp;&nbsp;&nbsp;Preschool: N<br>&nbsp;&nbsp;&nbsp;&nbsp;Grade 1 - Age 12: N<br>
2039,Licensed Family,Lori’S Kids,642 Canterbury Rd,,Victoria,V8Z 1Z7,48.466105,-123.383496,250-381-1027,,,N,N,N,N,N,N,N,N,N,N,N,N,N,N,N,N,N,,,N,N,N,N,N,N,N,N,N,N,N,2026-05-20,,N,Y,N,Lori’S Kids<br>Licensed Family<br>250-381-1027<br><br>Vacancy:<br>&nbsp;&nbsp;&nbsp;&nbsp;<36 months: N<br>&nbsp;&nbsp;&nbsp;&nbsp;30 months -- 5 years: N<br>&nbsp;&nbsp;&nbsp;&nbsp;Preschool: N<br>&nbsp;&nbsp;&nbsp;&nbsp;Grade 1 - Age 12: N<br>
2040,Licensed Family,Creative Tots Montessori & Daycare,3756 Burke St,,Burnaby,V5H 1A2,49.236738,-123.021607,236-476-2268,,,N,N,N,N,N,N,N,N,N,N,N,N,N,N,N,N,N,,,N,N,N,N,N,N,N,N,N,N,N,2026-05-19,,N,Y,N,Creative Tots Montessori & Daycare<br>Licensed Family<br>236-476-2268<br><br>Vacancy:<br>&nbsp;&nbsp;&nbsp;&nbsp;<36 months: N<br>&nbsp;&nbsp;&nbsp;&nbsp;30 months -- 5 years: N<br>&nbsp;&nbsp;&nbsp;&nbsp;Preschool: N<br>&nbsp;&nbsp;&nbsp;&nbsp;Grade 1 - Age 12: N<br>
2041,Licensed Group,Ambleside Montessori 2,1115 Haywood Ave,,West Vancouver,V7T 1T8,49.333758,-123.146422,604-961-3469,,,N,N,N,N,N,N,N,N,N,N,N,N,N,N,N,N,N,,,N,N,N,N,N,N,N,N,N,N,N,2026-05-15,,N,Y,N,Ambleside Montessori 2<br>Licensed Group<br>604-961-3469<br><br>Vacancy:<br>&nbsp;&nbsp;&nbsp;&nbsp;<36 months: N<br>&nbsp;&nbsp;&nbsp;&nbsp;30 months -- 5 years: N<br>&nbsp;&nbsp;&nbsp;&nbsp;Preschool: N<br>&nbsp;&nbsp;&nbsp;&nbsp;Grade 1 - Age 12: N<br>
2042,Licensed Family,Growing Steps Children Centre,9061 119A St,,Delta,V4C 6N9,49.168181,-122.892784,778-387-1787,,,N,N,N,N,N,N,N,N,N,N,N,N,N,N,N,N,N,,,N,N,N,N,N,N,N,N,Y,N,Y,2026-05-15,,N,Y,N,Growing Steps Children Centre<br>Licensed Family<br>778-387-1787<br><br>Vacancy:<br>&nbsp;&nbsp;&nbsp;&nbsp;<36 months: N<br>&nbsp;&nbsp;&nbsp;&nbsp;30 months -- 5 years: Y<br>&nbsp;&nbsp;&nbsp;&nbsp;Preschool: N<br>&nbsp;&nbsp;&nbsp;&nbsp;Grade 1 - Age 12: Y<br>
2043,Licensed Group,Cedar Grove Seamless Day Before & After School Care,1196 Chaster Rd,,Gibsons,V0N 1V0,49.392065,-123.535832,604-885-6787,,,,,,,,,,,,,,,,,,,,,,,,,,,,,,,,,,,Y,N,N,Cedar Grove Seamless Day Before & After School Care<br>Licensed Group<br>604-885-6787<br><br>Vacancy:<br>&nbsp;&nbsp;&nbsp;&nbsp;<36 months: None<br>&nbsp;&nbsp;&nbsp;&nbsp;30 months -- 5 years: None<br>&nbsp;&nbsp;&nbsp;&nbsp;Preschool: None<br>&nbsp;&nbsp;&nbsp;&nbsp;Grade 1 - Age 12: None<br>
2044,Licensed Group,Gibsons Just B4,783 School Rd,,Gibsons,V0N 1V9,49.405513,-123.514409,604-885-6787,,,,,,,,,,,,,,,,,,,,,,,,,,,,,,,,,,,Y,N,N,Gibsons Just B4<br>Licensed Group<br>604-885-6787<br><br>Vacancy:<br>&nbsp;&nbsp;&nbsp;&nbsp;<36 months: None<br>&nbsp;&nbsp;&nbsp;&nbsp;30 months -- 5 years: None<br>&nbsp;&nbsp;&nbsp;&nbsp;Preschool: None<br>&nbsp;&nbsp;&nbsp;&nbsp;Grade 1 - Age 12: None<br>
2045,Licensed Group,Gibsons Seamless Day Before & After School Care,783 School Rd,,Gibsons,V0N 1V9,49.405513,-123.514409,604-885-6787,,,,,,,,,,,,,,,,,,,,,,,,,,,,,,,,,,,Y,N,N,Gibsons Seamless Day Before & After School Care<br>Licensed Group<br>604-885-6787<br><br>Vacancy:<br>&nbsp;&nbsp;&nbsp;&nbsp;<36 months: None<br>&nbsp;&nbsp;&nbsp;&nbsp;30 months -- 5 years: None<br>&nbsp;&nbsp;&nbsp;&nbsp;Preschool: None<br>&nbsp;&nbsp;&nbsp;&nbsp;Grade 1 - Age 12: None<br>
2046,Licensed Group,Kinnikinnick Seamless Day Before & After School Care,6030 Lighthouse Ave,,Sechelt,V7Z 0R2,49.491095,-123.776104,604-885-6787,,,,,,,,,,,,,,,,,,,,,,,,,,,,,,,,,,,Y,N,N,Kinnikinnick Seamless Day Before & After School Care<br>Licensed Group<br>604-885-6787<br><br>Vacancy:<br>&nbsp;&nbsp;&nbsp;&nbsp;<36 months: None<br>&nbsp;&nbsp;&nbsp;&nbsp;30 months -- 5 years: None<br>&nbsp;&nbsp;&nbsp;&nbsp;Preschool: None<br>&nbsp;&nbsp;&nbsp;&nbsp;Grade 1 - Age 12: None<br>
2047,Licensed Group,The Preschool Next Door,201-22712 Dewdney Trunk Rd,,Maple Ridge,V2X 3K2,49.219689,-122.592854,778-908-6931,,,N,N,N,N,N,N,N,N,N,N,N,N,N,N,N,N,N,,,N,N,N,N,N,N,N,N,N,Y,N,2026-04-30,,N,Y,N,The Preschool Next Door<br>Licensed Group<br>778-908-6931<br><br>Vacancy:<br>&nbsp;&nbsp;&nbsp;&nbsp;<36 months: N<br>&nbsp;&nbsp;&nbsp;&nbsp;30 months -- 5 years: N<br>&nbsp;&nbsp;&nbsp;&nbsp;Preschool: Y<br>&nbsp;&nbsp;&nbsp;&nbsp;Grade 1 - Age 12: N<br>
2048,Licensed Family,Play And Learn Montessori Child Care,34 46Th Ave E,,Vancouver,V5W 1Z1,49.228274,-123.105093,778-996-8019,,,N,N,N,N,N,N,N,N,N,N,N,N,N,N,N,N,N,,,N,N,N,N,N,N,N,Y,N,N,N,2026-04-23,,N,Y,N,Play And Learn Montessori Child Care<br>Licensed Family<br>778-996-8019<br><br>Vacancy:<br>&nbsp;&nbsp;&nbsp;&nbsp;<36 months: Y<br>&nbsp;&nbsp;&nbsp;&nbsp;30 months -- 5 years: N<br>&nbsp;&nbsp;&nbsp;&nbsp;Preschool: N<br>&nbsp;&nbsp;&nbsp;&nbsp;Grade 1 - Age 12: N<br>
2049,Licensed Group,Little Caterpillars Childcare Inc,5137 Tolmie Rd,,Abbotsford,V3G 2V4,49.095643,-122.096306,604-799-7749,,,N,N,N,N,N,N,N,N,N,N,N,N,N,N,N,N,N,,,N,N,N,N,N,N,N,N,Y,N,Y,2026-05-05,,N,Y,N,Little Caterpillars Childcare Inc<br>Licensed Group<br>604-799-7749<br><br>Vacancy:<br>&nbsp;&nbsp;&nbsp;&nbsp;<36 months: N<br>&nbsp;&nbsp;&nbsp;&nbsp;30 months -- 5 years: Y<br>&nbsp;&nbsp;&nbsp;&nbsp;Preschool: N<br>&nbsp;&nbsp;&nbsp;&nbsp;Grade 1 - Age 12: Y<br>
2050,Licensed Group,Barney Group Daycare,2905 Walton Ave,,Coquitlam,V3B 2W4,49.290171,-122.801117,778-834-9771,,,N,N,N,N,N,N,N,N,N,N,N,N,N,N,N,N,N,,,N,N,N,N,N,N,N,N,N,N,N,2026-05-14,,N,Y,N,Barney Group Daycare<br>Licensed Group<br>778-834-9771<br><br>Vacancy:<br>&nbsp;&nbsp;&nbsp;&nbsp;<36 months: N<br>&nbsp;&nbsp;&nbsp;&nbsp;30 months -- 5 years: N<br>&nbsp;&nbsp;&nbsp;&nbsp;Preschool: N<br>&nbsp;&nbsp;&nbsp;&nbsp;Grade 1 - Age 12: N<br>
2051,Licensed Group,Shining Smile,W 21St-2325 21St Ave W,,Vancouver,V6L 1J6,49.25384,-123.158699,778-855-7855,,,N,N,N,N,N,N,N,N,N,N,N,N,N,N,N,N,N,,,N,N,N,N,N,N,N,N,N,N,N,2026-04-26,,N,Y,N,Shining Smile<br>Licensed Group<br>778-855-7855<br><br>Vacancy:<br>&nbsp;&nbsp;&nbsp;&nbsp;<36 months: N<br>&nbsp;&nbsp;&nbsp;&nbsp;30 months -- 5 years: N<br>&nbsp;&nbsp;&nbsp;&nbsp;Preschool: N<br>&nbsp;&nbsp;&nbsp;&nbsp;Grade 1 - Age 12: N<br>
2052,Licensed Group,Bgc Okanagan-Glenrosa,3430 Webber Rd,,West Kelowna,V4T 1G8,49.839497,-119.655914,250-258-0569,,,N,N,N,N,N,N,N,N,N,N,N,N,N,N,N,N,N,,,N,N,N,N,N,N,N,N,N,N,Y,2026-05-15,,N,Y,N,Bgc Okanagan-Glenrosa<br>Licensed Group<br>250-258-0569<br><br>Vacancy:<br>&nbsp;&nbsp;&nbsp;&nbsp;<36 months: N<br>&nbsp;&nbsp;&nbsp;&nbsp;30 months -- 5 years: N<br>&nbsp;&nbsp;&nbsp;&nbsp;Preschool: N<br>&nbsp;&nbsp;&nbsp;&nbsp;Grade 1 - Age 12: Y<br>
2053,Licensed Family,Mrs. Appleberry Daycare,1825 83 Ave,,Dawson Creek,V1G 0E4,55.779535,-120.256082,403-333-8820,,,N,N,N,N,N,N,N,N,N,N,N,N,N,N,N,N,N,,,N,N,N,N,N,N,N,N,N,N,N,2026-05-01,,N,Y,N,Mrs. Appleberry Daycare<br>Licensed Family<br>403-333-8820<br><br>Vacancy:<br>&nbsp;&nbsp;&nbsp;&nbsp;<36 months: N<br>&nbsp;&nbsp;&nbsp;&nbsp;30 months -- 5 years: N<br>&nbsp;&nbsp;&nbsp;&nbsp;Preschool: N<br>&nbsp;&nbsp;&nbsp;&nbsp;Grade 1 - Age 12: N<br>
2054,Licensed Group,Tsawwassen First Nation Youth Centre,2300 Falcon Way,,Tsawwassen,V4M 4G2,49.044292,-123.104061,604-790-7760,,,N,N,N,N,N,N,N,N,N,N,N,N,N,N,N,N,N,,,N,N,N,N,N,N,N,N,N,N,Y,2026-05-05,,N,Y,N,Tsawwassen First Nation Youth Centre<br>Licensed Group<br>604-790-7760<br><br>Vacancy:<br>&nbsp;&nbsp;&nbsp;&nbsp;<36 months: N<br>&nbsp;&nbsp;&nbsp;&nbsp;30 months -- 5 years: N<br>&nbsp;&nbsp;&nbsp;&nbsp;Preschool: N<br>&nbsp;&nbsp;&nbsp;&nbsp;Grade 1 - Age 12: Y<br>
2055,Licensed Group,Pleasant Valley Before And After School Care,6201 Dunbar Rd,,Nanaimo,V9T 2P2,49.226659,-124.045855,250-713-4257,,,N,N,N,N,N,N,N,N,N,N,N,N,N,N,N,N,N,,,N,N,N,N,N,N,N,N,N,N,N,2026-05-21,,N,Y,N,Pleasant Valley Before And After School Care<br>Licensed Group<br>250-713-4257<br><br>Vacancy:<br>&nbsp;&nbsp;&nbsp;&nbsp;<36 months: N<br>&nbsp;&nbsp;&nbsp;&nbsp;30 months -- 5 years: N<br>&nbsp;&nbsp;&nbsp;&nbsp;Preschool: N<br>&nbsp;&nbsp;&nbsp;&nbsp;Grade 1 - Age 12: N<br>
2056,Licensed Group,Wvccs After School Program Edgewater,5813 Sinclair St,,Edgewater,V0A 1E0,50.695422,-116.137498,250-341-7613,,,N,N,N,N,N,N,N,N,N,N,N,N,N,N,N,N,N,,,N,N,N,N,N,N,N,N,N,N,N,2026-05-11,,N,Y,N,Wvccs After School Program Edgewater<br>Licensed Group<br>250-341-7613<br><br>Vacancy:<br>&nbsp;&nbsp;&nbsp;&nbsp;<36 months: N<br>&nbsp;&nbsp;&nbsp;&nbsp;30 months -- 5 years: N<br>&nbsp;&nbsp;&nbsp;&nbsp;Preschool: N<br>&nbsp;&nbsp;&nbsp;&nbsp;Grade 1 - Age 12: N<br>
2057,Licensed Group,Wvccs After School Program Eileen Madison Elementary,2001 15 Ave,,Invermere,V0A 1K4,50.496374,-116.041306,250-341-7613,,,N,N,N,N,N,N,N,N,N,N,N,N,N,N,N,N,N,,,N,N,N,N,N,N,N,N,N,N,Y,2026-05-11,,N,Y,N,Wvccs After School Program Eileen Madison Elementary<br>Licensed Group<br>250-341-7613<br><br>Vacancy:<br>&nbsp;&nbsp;&nbsp;&nbsp;<36 months: N<br>&nbsp;&nbsp;&nbsp;&nbsp;30 months -- 5 years: N<br>&nbsp;&nbsp;&nbsp;&nbsp;Preschool: N<br>&nbsp;&nbsp;&nbsp;&nbsp;Grade 1 - Age 12: Y<br>
2058,Licensed Family,Young Dreamers Childcare,15749 92 Ave,,Surrey,V4N 3C3,49.170262,-122.785989,778-881-7211,,,N,N,N,N,N,N,N,N,N,N,N,N,N,N,N,N,N,,,N,N,N,N,N,N,N,N,N,N,N,2026-05-19,,N,Y,N,Young Dreamers Childcare<br>Licensed Family<br>778-881-7211<br><br>Vacancy:<br>&nbsp;&nbsp;&nbsp;&nbsp;<36 months: N<br>&nbsp;&nbsp;&nbsp;&nbsp;30 months -- 5 years: N<br>&nbsp;&nbsp;&nbsp;&nbsp;Preschool: N<br>&nbsp;&nbsp;&nbsp;&nbsp;Grade 1 - Age 12: N<br>
2059,Licensed Group,Cefa Early Learning Victoria Douglas,3233 Douglas St,,Victoria,V8Z 3K8,48.448538,-123.372184,250-590-6006,,,N,N,N,N,N,N,N,N,N,N,N,N,N,N,N,N,N,,,N,N,N,N,N,N,N,N,N,N,N,2026-04-16,,N,Y,N,Cefa Early Learning Victoria Douglas<br>Licensed Group<br>250-590-6006<br><br>Vacancy:<br>&nbsp;&nbsp;&nbsp;&nbsp;<36 months: N<br>&nbsp;&nbsp;&nbsp;&nbsp;30 months -- 5 years: N<br>&nbsp;&nbsp;&nbsp;&nbsp;Preschool: N<br>&nbsp;&nbsp;&nbsp;&nbsp;Grade 1 - Age 12: N<br>
2060,Licensed Family,Honey Bee's Daycare,646 Cairndale Rd,,Victoria,V9C 3L3,48.421598,-123.503571,250-213-2363,,,N,N,N,N,N,N,N,N,N,N,N,N,N,N,N,N,N,,,N,N,N,N,N,N,N,N,N,N,N,2026-05-15,,N,Y,N,Honey Bee's Daycare<br>Licensed Family<br>250-213-2363<br><br>Vacancy:<br>&nbsp;&nbsp;&nbsp;&nbsp;<36 months: N<br>&nbsp;&nbsp;&nbsp;&nbsp;30 months -- 5 years: N<br>&nbsp;&nbsp;&nbsp;&nbsp;Preschool: N<br>&nbsp;&nbsp;&nbsp;&nbsp;Grade 1 - Age 12: N<br>
2061,Licensed Family,Wild Woods Playschool,2091 Noel Ave,,Comox,V9M 1Z1,49.682342,-124.938872,250-888-3894,,,N,N,N,N,N,N,N,N,N,N,N,N,N,N,N,N,N,Not offered,Not offered,N,N,N,N,N,N,N,N,Y,N,N,2026-04-24,,N,N,N,Wild Woods Playschool<br>Licensed Family<br>250-888-3894<br><br>Vacancy:<br>&nbsp;&nbsp;&nbsp;&nbsp;<36 months: N<br>&nbsp;&nbsp;&nbsp;&nbsp;30 months -- 5 years: Y<br>&nbsp;&nbsp;&nbsp;&nbsp;Preschool: N<br>&nbsp;&nbsp;&nbsp;&nbsp;Grade 1 - Age 12: N<br>
2062,Licensed Family,Lisa's Daycare,3-12267 190 St,,Pitt Meadows,V3Y 2N9,49.225608,-122.695289,604-306-2385,,,N,N,N,N,N,N,N,N,N,N,N,N,N,N,N,N,N,,,N,N,N,N,N,N,N,Y,Y,N,Y,2026-05-06,,N,Y,N,Lisa's Daycare<br>Licensed Family<br>604-306-2385<br><br>Vacancy:<br>&nbsp;&nbsp;&nbsp;&nbsp;<36 months: Y<br>&nbsp;&nbsp;&nbsp;&nbsp;30 months -- 5 years: Y<br>&nbsp;&nbsp;&nbsp;&nbsp;Preschool: N<br>&nbsp;&nbsp;&nbsp;&nbsp;Grade 1 - Age 12: Y<br>
2063,Licensed Group,Braefoot Childcare Program,1440 Harrop Rd,,Victoria,V8P 2S6,48.47016,-123.345322,250-721-2244,,,N,N,N,N,N,N,N,N,N,N,N,N,N,N,N,N,N,,,N,N,N,N,N,N,N,Y,Y,N,Y,2026-05-20,,N,Y,N,Braefoot Childcare Program<br>Licensed Group<br>250-721-2244<br><br>Vacancy:<br>&nbsp;&nbsp;&nbsp;&nbsp;<36 months: Y<br>&nbsp;&nbsp;&nbsp;&nbsp;30 months -- 5 years: Y<br>&nbsp;&nbsp;&nbsp;&nbsp;Preschool: N<br>&nbsp;&nbsp;&nbsp;&nbsp;Grade 1 - Age 12: Y<br>
2064,Licensed Group,Union Gospel Mission Child Care Centre,616 Cordova St E,,Vancouver,V6A 1L9,49.281869,-123.091,604-428-2936,,,N,N,N,N,N,N,N,N,N,N,N,N,N,N,N,N,N,,,N,N,N,N,N,N,N,Y,N,N,N,2026-05-01,,N,Y,Y,Union Gospel Mission Child Care Centre<br>Licensed Group<br>604-428-2936<br><br>Vacancy:<br>&nbsp;&nbsp;&nbsp;&nbsp;<36 months: Y<br>&nbsp;&nbsp;&nbsp;&nbsp;30 months -- 5 years: N<br>&nbsp;&nbsp;&nbsp;&nbsp;Preschool: N<br>&nbsp;&nbsp;&nbsp;&nbsp;Grade 1 - Age 12: N<br>
2065,Licensed Group,Union Gospel Mission Child Care Centre,616 Cordova St E,,Vancouver,V6A 1L9,49.281869,-123.091,604-428-2936,,,N,N,N,N,N,N,N,N,N,N,N,N,N,N,N,N,N,,,N,N,N,N,N,N,N,N,Y,N,N,2026-05-01,,N,Y,Y,Union Gospel Mission Child Care Centre<br>Licensed Group<br>604-428-2936<br><br>Vacancy:<br>&nbsp;&nbsp;&nbsp;&nbsp;<36 months: N<br>&nbsp;&nbsp;&nbsp;&nbsp;30 months -- 5 years: Y<br>&nbsp;&nbsp;&nbsp;&nbsp;Preschool: N<br>&nbsp;&nbsp;&nbsp;&nbsp;Grade 1 - Age 12: N<br>
2066,Licensed Group,Union Gospel Mission - Eastsiders Out Of School Care,616 Cordova St E,,Vancouver,V6A 1L9,49.281869,-123.091,604-253-4044,,,N,N,N,N,N,N,N,N,N,N,N,N,N,N,N,N,N,,,N,N,N,N,N,N,N,N,N,N,N,2026-05-01,,N,Y,N,Union Gospel Mission - Eastsiders Out Of School Care<br>Licensed Group<br>604-253-4044<br><br>Vacancy:<br>&nbsp;&nbsp;&nbsp;&nbsp;<36 months: N<br>&nbsp;&nbsp;&nbsp;&nbsp;30 months -- 5 years: N<br>&nbsp;&nbsp;&nbsp;&nbsp;Preschool: N<br>&nbsp;&nbsp;&nbsp;&nbsp;Grade 1 - Age 12: N<br>
2067,Licensed Group,Angels Playhouse Daycare Society (Sperling Ave),6850 Sperling Ave,,Burnaby,V5E 2V9,49.221475,-122.964359,604-809-3868,,,N,N,N,N,N,N,N,N,N,N,N,N,N,N,N,N,N,,,N,N,N,N,N,N,N,Y,N,N,N,2026-05-18,,N,N,N,Angels Playhouse Daycare Society (Sperling Ave)<br>Licensed Group<br>604-809-3868<br><br>Vacancy:<br>&nbsp;&nbsp;&nbsp;&nbsp;<36 months: Y<br>&nbsp;&nbsp;&nbsp;&nbsp;30 months -- 5 years: N<br>&nbsp;&nbsp;&nbsp;&nbsp;Preschool: N<br>&nbsp;&nbsp;&nbsp;&nbsp;Grade 1 - Age 12: N<br>
2068,Licensed Group,Little Mangos Childcare Centre,5201 Dallas Dr,,Kamloops,V2C 4W4,50.667782,-120.184249,250-634-8219,,,N,N,N,N,N,N,N,N,N,N,N,N,N,N,N,N,N,Extra fee,Extra fee,N,N,N,N,N,N,N,N,N,N,N,2026-05-15,,N,Y,N,Little Mangos Childcare Centre<br>Licensed Group<br>250-634-8219<br><br>Vacancy:<br>&nbsp;&nbsp;&nbsp;&nbsp;<36 months: N<br>&nbsp;&nbsp;&nbsp;&nbsp;30 months -- 5 years: N<br>&nbsp;&nbsp;&nbsp;&nbsp;Preschool: N<br>&nbsp;&nbsp;&nbsp;&nbsp;Grade 1 - Age 12: N<br>
2069,Licensed Group,Hillside Montessori Inc.,1205 Rogers Way,,Kamloops,V1S 1R9,50.65105,-120.370472,250-299-1324,,,N,N,N,N,N,N,N,N,N,N,N,N,N,N,N,N,N,,,N,N,N,N,N,N,N,N,Y,Y,N,2026-03-24,,N,Y,N,Hillside Montessori Inc.<br>Licensed Group<br>250-299-1324<br><br>Vacancy:<br>&nbsp;&nbsp;&nbsp;&nbsp;<36 months: N<br>&nbsp;&nbsp;&nbsp;&nbsp;30 months -- 5 years: Y<br>&nbsp;&nbsp;&nbsp;&nbsp;Preschool: Y<br>&nbsp;&nbsp;&nbsp;&nbsp;Grade 1 - Age 12: N<br>
2070,Licensed Group,Whole Education Academy,10019 Granville Ave,,Richmond,V6Y 1R5,49.163097,-123.113415,236-454-1520,,,N,N,N,N,N,N,N,N,N,N,N,N,N,N,N,N,N,,,N,N,N,N,N,N,N,N,N,N,N,2026-05-12,,N,Y,Y,Whole Education Academy<br>Licensed Group<br>236-454-1520<br><br>Vacancy:<br>&nbsp;&nbsp;&nbsp;&nbsp;<36 months: N<br>&nbsp;&nbsp;&nbsp;&nbsp;30 months -- 5 years: N<br>&nbsp;&nbsp;&nbsp;&nbsp;Preschool: N<br>&nbsp;&nbsp;&nbsp;&nbsp;Grade 1 - Age 12: N<br>
2071,Licensed Group,Whole Education Academy,10019 Granville Ave,,Richmond,V6Y 1R5,49.163097,-123.113415,236-454-1520,,,N,N,N,N,N,N,N,N,N,N,N,N,N,N,N,N,N,,,N,N,N,N,N,N,N,N,N,N,N,2026-05-12,,N,Y,Y,Whole Education Academy<br>Licensed Group<br>236-454-1520<br><br>Vacancy:<br>&nbsp;&nbsp;&nbsp;&nbsp;<36 months: N<br>&nbsp;&nbsp;&nbsp;&nbsp;30 months -- 5 years: N<br>&nbsp;&nbsp;&nbsp;&nbsp;Preschool: N<br>&nbsp;&nbsp;&nbsp;&nbsp;Grade 1 - Age 12: N<br>
2072,Licensed Group,St. Casimir's Before And After School Program,1303 E 27Th Ave,,Vancouver,V5V 2L9,49.246732,-123.078083,604-876-1156,,,N,N,N,N,N,N,N,N,N,N,N,N,N,N,N,N,N,,,N,N,N,N,N,N,N,N,N,N,N,2026-05-01,,N,Y,N,St. Casimir's Before And After School Program<br>Licensed Group<br>604-876-1156<br><br>Vacancy:<br>&nbsp;&nbsp;&nbsp;&nbsp;<36 months: N<br>&nbsp;&nbsp;&nbsp;&nbsp;30 months -- 5 years: N<br>&nbsp;&nbsp;&nbsp;&nbsp;Preschool: N<br>&nbsp;&nbsp;&nbsp;&nbsp;Grade 1 - Age 12: N<br>
2073,Licensed Group,Chris' Home Daycare,7110 Maureen Cres,,Burnaby,V5A 1H4,49.279226,-122.955947,604-363-4669,,,N,N,N,N,N,N,N,N,N,N,N,N,N,N,N,N,N,,,N,N,N,N,N,N,N,N,N,N,N,2026-05-20,,N,Y,N,Chris' Home Daycare<br>Licensed Group<br>604-363-4669<br><br>Vacancy:<br>&nbsp;&nbsp;&nbsp;&nbsp;<36 months: N<br>&nbsp;&nbsp;&nbsp;&nbsp;30 months -- 5 years: N<br>&nbsp;&nbsp;&nbsp;&nbsp;Preschool: N<br>&nbsp;&nbsp;&nbsp;&nbsp;Grade 1 - Age 12: N<br>
2074,Licensed Group,Smiley Daycare,77 Malta Pl,,Vancouver,V5M 4C4,49.254701,-123.025536,604-416-5050,,,N,N,N,N,N,N,N,N,N,N,N,N,N,N,N,N,N,,,N,N,N,N,N,N,N,N,N,N,N,2026-05-17,,N,Y,N,Smiley Daycare<br>Licensed Group<br>604-416-5050<br><br>Vacancy:<br>&nbsp;&nbsp;&nbsp;&nbsp;<36 months: N<br>&nbsp;&nbsp;&nbsp;&nbsp;30 months -- 5 years: N<br>&nbsp;&nbsp;&nbsp;&nbsp;Preschool: N<br>&nbsp;&nbsp;&nbsp;&nbsp;Grade 1 - Age 12: N<br>
2075,Licensed Family,Pocokids Care & Learn,1525 Bridgman Ave,,Port Coquitlam,V3B 6H4,49.261121,-122.756886,778-886-7048,,,N,N,N,N,N,N,N,N,N,N,N,N,N,N,N,N,N,,,N,N,N,N,N,N,N,N,N,N,N,2026-05-16,,N,Y,N,Pocokids Care & Learn<br>Licensed Family<br>778-886-7048<br><br>Vacancy:<br>&nbsp;&nbsp;&nbsp;&nbsp;<36 months: N<br>&nbsp;&nbsp;&nbsp;&nbsp;30 months -- 5 years: N<br>&nbsp;&nbsp;&nbsp;&nbsp;Preschool: N<br>&nbsp;&nbsp;&nbsp;&nbsp;Grade 1 - Age 12: N<br>
2076,Licensed Family,Little Angels Daycare,42-40653 Tantalus Rd,,Garibaldi Highlands,V0N 1T0,49.745264,-123.134326,604-849-2145,,,N,N,N,N,N,N,N,N,N,N,N,N,N,N,N,N,N,,,N,N,N,N,N,N,N,N,N,N,N,2026-05-15,,N,Y,N,Little Angels Daycare<br>Licensed Family<br>604-849-2145<br><br>Vacancy:<br>&nbsp;&nbsp;&nbsp;&nbsp;<36 months: N<br>&nbsp;&nbsp;&nbsp;&nbsp;30 months -- 5 years: N<br>&nbsp;&nbsp;&nbsp;&nbsp;Preschool: N<br>&nbsp;&nbsp;&nbsp;&nbsp;Grade 1 - Age 12: N<br>
2077,Licensed Group,Pemberton Heights Saplings,1390 W 22Nd St,,North Vancouver,V7P 2G4,49.330396,-123.112772,226-978-5527,,,N,N,N,N,N,N,N,N,N,N,N,N,N,N,N,N,N,,,N,N,N,N,N,N,N,N,N,N,Y,2026-04-20,,N,Y,N,Pemberton Heights Saplings<br>Licensed Group<br>226-978-5527<br><br>Vacancy:<br>&nbsp;&nbsp;&nbsp;&nbsp;<36 months: N<br>&nbsp;&nbsp;&nbsp;&nbsp;30 months -- 5 years: N<br>&nbsp;&nbsp;&nbsp;&nbsp;Preschool: N<br>&nbsp;&nbsp;&nbsp;&nbsp;Grade 1 - Age 12: Y<br>
2078,Licensed Group,Elfi First School,10727 Delsom Cres,,Delta,V4C 0A8,49.155063,-122.926005,604-998-7980,,,N,N,N,N,N,N,N,N,N,N,N,N,N,N,N,N,N,,,N,N,N,N,N,N,N,N,Y,N,N,2026-05-19,,N,Y,N,Elfi First School<br>Licensed Group<br>604-998-7980<br><br>Vacancy:<br>&nbsp;&nbsp;&nbsp;&nbsp;<36 months: N<br>&nbsp;&nbsp;&nbsp;&nbsp;30 months -- 5 years: Y<br>&nbsp;&nbsp;&nbsp;&nbsp;Preschool: N<br>&nbsp;&nbsp;&nbsp;&nbsp;Grade 1 - Age 12: N<br>
2079,Licensed Family,Kid Kat Childcare,2433 Ottawa St,,Port Coquitlam,V3B 7N6,49.259209,-122.746934,604-612-3892,https://kidkatchildcare.ca,,N,N,N,N,N,N,N,N,N,N,N,N,N,N,N,N,N,,,N,N,N,N,N,N,N,N,N,N,N,2026-04-30,,N,Y,N,Kid Kat Childcare<br>Licensed Family<br>604-612-3892<br><br>Vacancy:<br>&nbsp;&nbsp;&nbsp;&nbsp;<36 months: N<br>&nbsp;&nbsp;&nbsp;&nbsp;30 months -- 5 years: N<br>&nbsp;&nbsp;&nbsp;&nbsp;Preschool: N<br>&nbsp;&nbsp;&nbsp;&nbsp;Grade 1 - Age 12: N<br>
2080,Licensed Group,Redwood Academy Richmond,120-11060 Horseshoe Way,,Richmond,V7A 4V5,49.13073,-123.094436,604-370-6699,,,Y,N,N,N,N,N,Y,Y,N,N,N,N,N,N,N,N,N,Included in fee,Not offered,N,N,N,N,N,Y,Y,N,N,N,N,2026-05-15,,N,Y,Y,Redwood Academy Richmond<br>Licensed Group<br>604-370-6699<br><br>Vacancy:<br>&nbsp;&nbsp;&nbsp;&nbsp;<36 months: N<br>&nbsp;&nbsp;&nbsp;&nbsp;30 months -- 5 years: N<br>&nbsp;&nbsp;&nbsp;&nbsp;Preschool: N<br>&nbsp;&nbsp;&nbsp;&nbsp;Grade 1 - Age 12: N<br>
2081,Licensed Group,Redwood Academy Richmond,120-11060 Horseshoe Way,,Richmond,V7A 4V5,49.13073,-123.094436,604-370-6699,,,Y,N,N,N,N,N,Y,Y,N,N,N,N,N,N,N,N,N,Included in fee,Not offered,N,N,N,N,N,Y,Y,N,N,N,N,2026-05-15,,N,Y,Y,Redwood Academy Richmond<br>Licensed Group<br>604-370-6699<br><br>Vacancy:<br>&nbsp;&nbsp;&nbsp;&nbsp;<36 months: N<br>&nbsp;&nbsp;&nbsp;&nbsp;30 months -- 5 years: N<br>&nbsp;&nbsp;&nbsp;&nbsp;Preschool: N<br>&nbsp;&nbsp;&nbsp;&nbsp;Grade 1 - Age 12: N<br>
2082,Licensed Group,Peach Blossom Childcare Centre,1534 Main St,,North Vancouver,V7J 1E2,49.271665,-123.100056,604-990-1261,,,N,N,N,N,N,N,N,N,N,N,N,N,N,N,N,N,N,,,N,N,N,N,N,N,N,N,N,N,N,2026-05-19,,N,Y,Y,Peach Blossom Childcare Centre<br>Licensed Group<br>604-990-1261<br><br>Vacancy:<br>&nbsp;&nbsp;&nbsp;&nbsp;<36 months: N<br>&nbsp;&nbsp;&nbsp;&nbsp;30 months -- 5 years: N<br>&nbsp;&nbsp;&nbsp;&nbsp;Preschool: N<br>&nbsp;&nbsp;&nbsp;&nbsp;Grade 1 - Age 12: N<br>
2083,Licensed Group,Peach Blossom Childcare Centre,1534 Main St,,North Vancouver,V7J 1E2,49.305188,-123.031083,604-990-1261,,,N,N,N,N,N,N,N,N,N,N,N,N,N,N,N,N,N,,,N,N,N,N,N,N,N,N,N,N,N,2026-05-19,,N,Y,Y,Peach Blossom Childcare Centre<br>Licensed Group<br>604-990-1261<br><br>Vacancy:<br>&nbsp;&nbsp;&nbsp;&nbsp;<36 months: N<br>&nbsp;&nbsp;&nbsp;&nbsp;30 months -- 5 years: N<br>&nbsp;&nbsp;&nbsp;&nbsp;Preschool: N<br>&nbsp;&nbsp;&nbsp;&nbsp;Grade 1 - Age 12: N<br>
2084,Licensed Family,All Day Smiles Child Care Centre,36517 Carnarvon Crt,,Abbotsford,V3G 3G4,49.055157,-122.214052,778-680-4200,,,N,N,N,N,N,N,N,N,N,N,N,N,N,N,N,N,N,,,N,N,N,N,N,N,N,N,N,N,N,2026-05-21,,N,Y,N,All Day Smiles Child Care Centre<br>Licensed Family<br>778-680-4200<br><br>Vacancy:<br>&nbsp;&nbsp;&nbsp;&nbsp;<36 months: N<br>&nbsp;&nbsp;&nbsp;&nbsp;30 months -- 5 years: N<br>&nbsp;&nbsp;&nbsp;&nbsp;Preschool: N<br>&nbsp;&nbsp;&nbsp;&nbsp;Grade 1 - Age 12: N<br>
2085,Licensed Family,Riverwood Academics & Discovery,688 Omineca Pl,,Port Coquitlam,V3B 7N9,49.267987,-122.734225,236-947-3127,,,N,N,N,N,N,N,N,N,N,N,N,N,N,N,N,N,N,,,N,N,N,N,N,N,N,Y,Y,N,Y,2026-05-11,,N,N,N,Riverwood Academics & Discovery<br>Licensed Family<br>236-947-3127<br><br>Vacancy:<br>&nbsp;&nbsp;&nbsp;&nbsp;<36 months: Y<br>&nbsp;&nbsp;&nbsp;&nbsp;30 months -- 5 years: Y<br>&nbsp;&nbsp;&nbsp;&nbsp;Preschool: N<br>&nbsp;&nbsp;&nbsp;&nbsp;Grade 1 - Age 12: Y<br>
2086,Licensed Family,Cheerful Minds Childcare,5373 Somerset Dr,,Nanaimo,V9T 2K5,49.216557,-124.036951,250-816-1713,,,Y,N,N,N,N,N,Y,Y,N,Y,Y,N,N,N,N,N,Y,Not offered,Extra fee,N,N,N,Y,Y,Y,Y,N,Y,N,N,2026-05-15,,N,Y,N,Cheerful Minds Childcare<br>Licensed Family<br>250-816-1713<br><br>Vacancy:<br>&nbsp;&nbsp;&nbsp;&nbsp;<36 months: N<br>&nbsp;&nbsp;&nbsp;&nbsp;30 months -- 5 years: Y<br>&nbsp;&nbsp;&nbsp;&nbsp;Preschool: N<br>&nbsp;&nbsp;&nbsp;&nbsp;Grade 1 - Age 12: N<br>
2087,Licensed Group,Lindsay Park Afterschool Program,602 Salmo St,,Kimberley,V1A 2M8,49.692719,-115.983116,250-427-1779,,,N,N,N,N,N,N,N,N,N,N,N,N,N,N,N,N,N,,,N,N,N,N,N,N,N,N,N,N,N,2026-05-14,,N,N,N,Lindsay Park Afterschool Program<br>Licensed Group<br>250-427-1779<br><br>Vacancy:<br>&nbsp;&nbsp;&nbsp;&nbsp;<36 months: N<br>&nbsp;&nbsp;&nbsp;&nbsp;30 months -- 5 years: N<br>&nbsp;&nbsp;&nbsp;&nbsp;Preschool: N<br>&nbsp;&nbsp;&nbsp;&nbsp;Grade 1 - Age 12: N<br>
2088,Licensed Group,Smilekids Childcare,4126 Cabot Place,,Victoria,V8N 4V8,48.477315,-123.324672,250-884-4126,,,N,N,N,N,N,N,N,N,N,N,N,N,N,N,N,N,N,,,N,N,N,N,N,N,N,N,N,N,N,2026-05-04,,N,Y,N,Smilekids Childcare<br>Licensed Group<br>250-884-4126<br><br>Vacancy:<br>&nbsp;&nbsp;&nbsp;&nbsp;<36 months: N<br>&nbsp;&nbsp;&nbsp;&nbsp;30 months -- 5 years: N<br>&nbsp;&nbsp;&nbsp;&nbsp;Preschool: N<br>&nbsp;&nbsp;&nbsp;&nbsp;Grade 1 - Age 12: N<br>
2089,Licensed Group,Kiddie Club Infant Toddler Childcare,6177 Leibly Ave,,Burnaby,V5E 3C7,49.228485,-122.961196,778-863-8811,,,N,N,N,N,N,N,N,N,N,N,N,N,N,N,N,N,N,,,N,N,N,N,N,N,N,N,N,N,N,2026-05-19,,N,Y,N,Kiddie Club Infant Toddler Childcare<br>Licensed Group<br>778-863-8811<br><br>Vacancy:<br>&nbsp;&nbsp;&nbsp;&nbsp;<36 months: N<br>&nbsp;&nbsp;&nbsp;&nbsp;30 months -- 5 years: N<br>&nbsp;&nbsp;&nbsp;&nbsp;Preschool: N<br>&nbsp;&nbsp;&nbsp;&nbsp;Grade 1 - Age 12: N<br>
2090,Licensed Family,Little Arrows Vernon In-Home Multi-Age Child Care,6650 L & A Rd,,Vernon,V1B 3T1,50.302828,-119.233453,250-307-5636,,,N,N,N,N,N,N,N,N,N,N,N,N,N,N,N,N,N,,,N,N,N,N,N,N,N,N,N,N,N,2026-05-15,,N,Y,N,Little Arrows Vernon In-Home Multi-Age Child Care<br>Licensed Family<br>250-307-5636<br><br>Vacancy:<br>&nbsp;&nbsp;&nbsp;&nbsp;<36 months: N<br>&nbsp;&nbsp;&nbsp;&nbsp;30 months -- 5 years: N<br>&nbsp;&nbsp;&nbsp;&nbsp;Preschool: N<br>&nbsp;&nbsp;&nbsp;&nbsp;Grade 1 - Age 12: N<br>
2091,Licensed Group,Starlight Child Care Centre,728 Colborne St,,New Westminster,V3L 2E2,49.220311,-122.914155,778-389-9669,,,N,N,N,N,N,N,N,N,N,N,N,N,N,N,N,N,N,,,N,N,N,N,N,N,N,N,N,N,N,2026-05-15,,N,Y,N,Starlight Child Care Centre<br>Licensed Group<br>778-389-9669<br><br>Vacancy:<br>&nbsp;&nbsp;&nbsp;&nbsp;<36 months: N<br>&nbsp;&nbsp;&nbsp;&nbsp;30 months -- 5 years: N<br>&nbsp;&nbsp;&nbsp;&nbsp;Preschool: N<br>&nbsp;&nbsp;&nbsp;&nbsp;Grade 1 - Age 12: N<br>
2092,Licensed Family,Wild Dream Educare,22451 Rathburn Dr,,Richmond,V6V 2P9,49.176476,-122.973688,778-885-3559,https://www.wilddreamedu.com/,,N,N,N,N,N,N,N,N,N,N,N,N,N,N,N,N,N,,,N,N,N,N,N,N,N,N,N,N,N,2026-04-07,,N,Y,N,Wild Dream Educare<br>Licensed Family<br>778-885-3559<br><br>Vacancy:<br>&nbsp;&nbsp;&nbsp;&nbsp;<36 months: N<br>&nbsp;&nbsp;&nbsp;&nbsp;30 months -- 5 years: N<br>&nbsp;&nbsp;&nbsp;&nbsp;Preschool: N<br>&nbsp;&nbsp;&nbsp;&nbsp;Grade 1 - Age 12: N<br>
2093,Licensed Group,Friendz At Five Corners,21562 Old Yale Rd,,Langley,V3A 4M8,49.089823,-122.626124,604-788-2892,,,N,N,N,N,N,N,N,N,N,N,N,N,N,N,N,N,N,,,N,N,N,N,N,N,N,N,Y,N,Y,2026-05-15,,N,Y,N,Friendz At Five Corners<br>Licensed Group<br>604-788-2892<br><br>Vacancy:<br>&nbsp;&nbsp;&nbsp;&nbsp;<36 months: N<br>&nbsp;&nbsp;&nbsp;&nbsp;30 months -- 5 years: Y<br>&nbsp;&nbsp;&nbsp;&nbsp;Preschool: N<br>&nbsp;&nbsp;&nbsp;&nbsp;Grade 1 - Age 12: Y<br>
2094,Licensed Family,Cheryl's Early Learning,7204 Wright Rd,,Sooke,V9Z 0S5,48.361978,-123.74283,250-208-1408,,,N,N,N,N,N,N,N,N,N,N,N,N,N,N,N,N,N,,,N,N,N,N,N,N,N,N,Y,N,N,2026-05-03,,N,Y,N,Cheryl's Early Learning<br>Licensed Family<br>250-208-1408<br><br>Vacancy:<br>&nbsp;&nbsp;&nbsp;&nbsp;<36 months: N<br>&nbsp;&nbsp;&nbsp;&nbsp;30 months -- 5 years: Y<br>&nbsp;&nbsp;&nbsp;&nbsp;Preschool: N<br>&nbsp;&nbsp;&nbsp;&nbsp;Grade 1 - Age 12: N<br>
2095,Licensed Family,Humming Birdz Daycare,2526 Gibson Rd,,Courtenay,V9J 1L5,49.728786,-124.980606,250-334-2380,,,Y,N,N,N,N,N,Y,Y,N,N,N,N,N,N,N,N,N,Not offered,Not offered,N,N,N,N,N,N,N,N,N,N,N,2026-05-19,,N,Y,N,Humming Birdz Daycare<br>Licensed Family<br>250-334-2380<br><br>Vacancy:<br>&nbsp;&nbsp;&nbsp;&nbsp;<36 months: N<br>&nbsp;&nbsp;&nbsp;&nbsp;30 months -- 5 years: N<br>&nbsp;&nbsp;&nbsp;&nbsp;Preschool: N<br>&nbsp;&nbsp;&nbsp;&nbsp;Grade 1 - Age 12: N<br>
2096,Licensed Group,Sweet Beginnings Childcare Center,1102 3Rd St,,Castlegar,V1N 1Z9,49.326451,-117.66458,778-460-0123,,,N,N,N,N,N,N,N,N,N,N,N,N,N,N,N,N,N,,,N,N,N,N,N,N,N,N,N,N,N,2026-05-18,,N,Y,N,Sweet Beginnings Childcare Center<br>Licensed Group<br>778-460-0123<br><br>Vacancy:<br>&nbsp;&nbsp;&nbsp;&nbsp;<36 months: N<br>&nbsp;&nbsp;&nbsp;&nbsp;30 months -- 5 years: N<br>&nbsp;&nbsp;&nbsp;&nbsp;Preschool: N<br>&nbsp;&nbsp;&nbsp;&nbsp;Grade 1 - Age 12: N<br>
2097,Licensed Family,Miss B's Family Daycare,5372 Hwy 95A,,Cranbrook,V1C 7B6,49.566267,-115.777188,250-417-9501,,,N,N,N,N,N,N,N,N,N,N,N,N,N,N,N,N,N,,,N,N,N,N,N,N,N,N,N,N,N,2026-05-02,,N,Y,N,Miss B's Family Daycare<br>Licensed Family<br>250-417-9501<br><br>Vacancy:<br>&nbsp;&nbsp;&nbsp;&nbsp;<36 months: N<br>&nbsp;&nbsp;&nbsp;&nbsp;30 months -- 5 years: N<br>&nbsp;&nbsp;&nbsp;&nbsp;Preschool: N<br>&nbsp;&nbsp;&nbsp;&nbsp;Grade 1 - Age 12: N<br>
2098,Licensed Group,Kelly Creek Community School,2341 Zilinsky Rd,,Powell River,V8A 0N8,49.778901,-124.376593,604-487-9925,,,N,N,N,N,N,N,N,N,N,N,N,N,N,N,N,N,N,,,N,N,N,N,N,N,N,N,N,N,N,2026-05-08,,N,Y,N,Kelly Creek Community School<br>Licensed Group<br>604-487-9925<br><br>Vacancy:<br>&nbsp;&nbsp;&nbsp;&nbsp;<36 months: N<br>&nbsp;&nbsp;&nbsp;&nbsp;30 months -- 5 years: N<br>&nbsp;&nbsp;&nbsp;&nbsp;Preschool: N<br>&nbsp;&nbsp;&nbsp;&nbsp;Grade 1 - Age 12: N<br>
2099,Licensed Family,Little Fox Child Care,3263 King Edward Ave W,,Vancouver,V6L 1V6,49.25036,-123.177452,778-987-8812,,,N,N,N,N,N,N,N,N,N,N,N,N,N,N,N,N,N,,,N,N,N,N,N,N,N,N,N,N,N,2026-05-15,,N,Y,N,Little Fox Child Care<br>Licensed Family<br>778-987-8812<br><br>Vacancy:<br>&nbsp;&nbsp;&nbsp;&nbsp;<36 months: N<br>&nbsp;&nbsp;&nbsp;&nbsp;30 months -- 5 years: N<br>&nbsp;&nbsp;&nbsp;&nbsp;Preschool: N<br>&nbsp;&nbsp;&nbsp;&nbsp;Grade 1 - Age 12: N<br>
2100,Licensed Group,Kids Learning Center - Nanaimo St,7067 Nanaimo St,,Vancouver,V5P 4M1,49.219534,-123.059393,778-628-3243,,,N,N,N,N,N,N,N,N,N,N,N,N,N,N,N,N,N,,,N,N,N,N,N,N,N,N,N,N,N,2026-04-20,,N,Y,N,Kids Learning Center - Nanaimo St<br>Licensed Group<br>778-628-3243<br><br>Vacancy:<br>&nbsp;&nbsp;&nbsp;&nbsp;<36 months: N<br>&nbsp;&nbsp;&nbsp;&nbsp;30 months -- 5 years: N<br>&nbsp;&nbsp;&nbsp;&nbsp;Preschool: N<br>&nbsp;&nbsp;&nbsp;&nbsp;Grade 1 - Age 12: N<br>
2101,Licensed Group,Growing Minds Before & After School Care,642 A Shuswap Ave,,Chase,V0E 1M0,50.819283,-119.689688,778-347-1405,,,N,N,N,N,N,N,N,N,N,N,N,N,N,N,N,N,N,,,N,N,N,N,N,N,N,N,N,N,N,2026-05-19,,N,Y,N,Growing Minds Before & After School Care<br>Licensed Group<br>778-347-1405<br><br>Vacancy:<br>&nbsp;&nbsp;&nbsp;&nbsp;<36 months: N<br>&nbsp;&nbsp;&nbsp;&nbsp;30 months -- 5 years: N<br>&nbsp;&nbsp;&nbsp;&nbsp;Preschool: N<br>&nbsp;&nbsp;&nbsp;&nbsp;Grade 1 - Age 12: N<br>
2102,Licensed Family,Inez's Daycare,782 mcdougal St,,Williams Lake,V2G 1W8,52.142094,-122.145449,778-961-0263,,,N,N,N,N,N,N,N,N,N,N,N,N,N,N,N,N,N,,,N,N,N,N,N,N,N,N,N,N,N,2026-05-15,,N,Y,N,Inez's Daycare<br>Licensed Family<br>778-961-0263<br><br>Vacancy:<br>&nbsp;&nbsp;&nbsp;&nbsp;<36 months: N<br>&nbsp;&nbsp;&nbsp;&nbsp;30 months -- 5 years: N<br>&nbsp;&nbsp;&nbsp;&nbsp;Preschool: N<br>&nbsp;&nbsp;&nbsp;&nbsp;Grade 1 - Age 12: N<br>
2103,Licensed Group,Megan's Ll Sparwood Kid's Corp,102-1290 Ponderosa Dr,,Sparwood,V0B 2G2,49.746695,-114.89365,778-518-2033,,,N,N,N,N,N,N,N,N,N,N,N,N,N,N,N,N,N,,,N,N,N,N,N,N,N,N,N,N,Y,2026-05-21,,N,Y,N,Megan's Ll Sparwood Kid's Corp<br>Licensed Group<br>778-518-2033<br><br>Vacancy:<br>&nbsp;&nbsp;&nbsp;&nbsp;<36 months: N<br>&nbsp;&nbsp;&nbsp;&nbsp;30 months -- 5 years: N<br>&nbsp;&nbsp;&nbsp;&nbsp;Preschool: N<br>&nbsp;&nbsp;&nbsp;&nbsp;Grade 1 - Age 12: Y<br>
2104,Licensed Family,Northern Roots Family Child Care,541 Runnals Ave,,Prince George,V2N 1Z1,53.887111,-122.761925,778-281-0262,,,N,N,N,N,N,N,N,N,N,N,N,N,N,N,N,N,N,,,N,N,N,N,N,N,N,N,Y,N,Y,2026-04-29,,N,Y,N,Northern Roots Family Child Care<br>Licensed Family<br>778-281-0262<br><br>Vacancy:<br>&nbsp;&nbsp;&nbsp;&nbsp;<36 months: N<br>&nbsp;&nbsp;&nbsp;&nbsp;30 months -- 5 years: Y<br>&nbsp;&nbsp;&nbsp;&nbsp;Preschool: N<br>&nbsp;&nbsp;&nbsp;&nbsp;Grade 1 - Age 12: Y<br>
2105,Licensed Group,Village Childcare,1959 K. L. O. Rd,,Kelowna,V1W 2H8,49.86049,-119.45191,250-300-5498,,,N,N,N,N,N,N,N,N,N,N,N,N,N,N,N,N,N,,,N,N,N,N,N,N,N,N,N,N,N,2026-05-04,,N,Y,N,Village Childcare<br>Licensed Group<br>250-300-5498<br><br>Vacancy:<br>&nbsp;&nbsp;&nbsp;&nbsp;<36 months: N<br>&nbsp;&nbsp;&nbsp;&nbsp;30 months -- 5 years: N<br>&nbsp;&nbsp;&nbsp;&nbsp;Preschool: N<br>&nbsp;&nbsp;&nbsp;&nbsp;Grade 1 - Age 12: N<br>
2106,Licensed Family,Hill Top Daycare,47425 Swallow Cres,,Chilliwack,V2P 7P8,49.184877,-121.911741,604-353-8705,,,Y,N,N,N,N,N,Y,Y,N,Y,Y,N,N,N,N,N,N,Included in fee,Not offered,N,N,N,N,N,N,N,Y,Y,N,Y,2026-05-15,,N,Y,N,Hill Top Daycare<br>Licensed Family<br>604-353-8705<br><br>Vacancy:<br>&nbsp;&nbsp;&nbsp;&nbsp;<36 months: Y<br>&nbsp;&nbsp;&nbsp;&nbsp;30 months -- 5 years: Y<br>&nbsp;&nbsp;&nbsp;&nbsp;Preschool: N<br>&nbsp;&nbsp;&nbsp;&nbsp;Grade 1 - Age 12: Y<br>
2107,Licensed Family,Sapperton Child Care,308 Braid St,,New Westminster,V3L 3R1,49.231368,-122.893553,604-525-4374,,,N,N,N,N,N,N,N,N,N,N,N,N,N,N,N,N,N,,,N,N,N,N,N,N,N,N,N,N,N,2026-04-26,,N,Y,N,Sapperton Child Care<br>Licensed Family<br>604-525-4374<br><br>Vacancy:<br>&nbsp;&nbsp;&nbsp;&nbsp;<36 months: N<br>&nbsp;&nbsp;&nbsp;&nbsp;30 months -- 5 years: N<br>&nbsp;&nbsp;&nbsp;&nbsp;Preschool: N<br>&nbsp;&nbsp;&nbsp;&nbsp;Grade 1 - Age 12: N<br>
2108,Licensed Family,Little Tots Childcare,7312 Aldeen Rd,,Prince George,V2N 5P8,53.854196,-122.806052,778-823-1716,,,Y,N,N,N,N,N,Y,Y,N,N,N,N,N,N,N,N,N,Included in fee,Not offered,N,N,N,N,N,N,N,N,N,N,N,2026-05-14,,N,Y,N,Little Tots Childcare<br>Licensed Family<br>778-823-1716<br><br>Vacancy:<br>&nbsp;&nbsp;&nbsp;&nbsp;<36 months: N<br>&nbsp;&nbsp;&nbsp;&nbsp;30 months -- 5 years: N<br>&nbsp;&nbsp;&nbsp;&nbsp;Preschool: N<br>&nbsp;&nbsp;&nbsp;&nbsp;Grade 1 - Age 12: N<br>
2109,Licensed Group,Wibble Wobble Childcare - Clearbrook,2137 Beaver St,,Abbotsford,V2T 3C7,49.040722,-122.329506,778-955-3030,,,N,N,N,N,N,N,N,N,N,N,N,N,N,N,N,N,N,,,N,N,N,N,N,N,N,N,N,N,N,2026-05-18,,N,Y,N,Wibble Wobble Childcare - Clearbrook<br>Licensed Group<br>778-955-3030<br><br>Vacancy:<br>&nbsp;&nbsp;&nbsp;&nbsp;<36 months: N<br>&nbsp;&nbsp;&nbsp;&nbsp;30 months -- 5 years: N<br>&nbsp;&nbsp;&nbsp;&nbsp;Preschool: N<br>&nbsp;&nbsp;&nbsp;&nbsp;Grade 1 - Age 12: N<br>
2110,Licensed Group,Cherry Blossom Childcare,140 Oswego St,,Victoria,V8V 2B1,48.416926,-123.379701,250-588-3147,,,N,N,N,N,N,N,N,N,N,N,N,N,N,N,N,N,N,,,N,N,N,N,N,N,N,Y,Y,N,N,2026-05-19,,N,Y,N,Cherry Blossom Childcare<br>Licensed Group<br>250-588-3147<br><br>Vacancy:<br>&nbsp;&nbsp;&nbsp;&nbsp;<36 months: Y<br>&nbsp;&nbsp;&nbsp;&nbsp;30 months -- 5 years: Y<br>&nbsp;&nbsp;&nbsp;&nbsp;Preschool: N<br>&nbsp;&nbsp;&nbsp;&nbsp;Grade 1 - Age 12: N<br>
2111,Licensed Family,Love Bugs Childcare Centre,3775 Carrall Rd,,West Kelowna,V4T 2C6,49.827801,-119.609279,604-328-0125,,,N,N,N,N,N,N,N,N,N,N,N,N,N,N,N,N,N,,,N,N,N,N,N,N,N,N,Y,N,N,2026-05-19,,N,Y,N,Love Bugs Childcare Centre<br>Licensed Family<br>604-328-0125<br><br>Vacancy:<br>&nbsp;&nbsp;&nbsp;&nbsp;<36 months: N<br>&nbsp;&nbsp;&nbsp;&nbsp;30 months -- 5 years: Y<br>&nbsp;&nbsp;&nbsp;&nbsp;Preschool: N<br>&nbsp;&nbsp;&nbsp;&nbsp;Grade 1 - Age 12: N<br>
2112,Licensed Family,Little Walkers Dayhome,1490 18Th St,,Invermere,V0A 1K4,50.499239,-116.041049,867-444-1365,,,N,N,N,N,N,N,N,N,N,N,N,N,N,N,N,N,N,,,N,N,N,N,N,N,N,N,Y,N,Y,2026-05-16,,N,Y,N,Little Walkers Dayhome<br>Licensed Family<br>867-444-1365<br><br>Vacancy:<br>&nbsp;&nbsp;&nbsp;&nbsp;<36 months: N<br>&nbsp;&nbsp;&nbsp;&nbsp;30 months -- 5 years: Y<br>&nbsp;&nbsp;&nbsp;&nbsp;Preschool: N<br>&nbsp;&nbsp;&nbsp;&nbsp;Grade 1 - Age 12: Y<br>
2113,Licensed Group,Amelia House Junior Playschool Society,7232 Lantzville Rd,,Lantzville,V0R 2H0,49.251931,-124.077381,250-667-5453,,,N,N,N,N,N,N,N,N,N,N,N,N,N,N,N,N,N,,,N,N,N,N,N,N,N,N,N,N,N,2026-04-17,,N,Y,N,Amelia House Junior Playschool Society<br>Licensed Group<br>250-667-5453<br><br>Vacancy:<br>&nbsp;&nbsp;&nbsp;&nbsp;<36 months: N<br>&nbsp;&nbsp;&nbsp;&nbsp;30 months -- 5 years: N<br>&nbsp;&nbsp;&nbsp;&nbsp;Preschool: N<br>&nbsp;&nbsp;&nbsp;&nbsp;Grade 1 - Age 12: N<br>
2114,Licensed Family,Lil Monkeys Family Daycare,12505 Izon Crt,,Maple Ridge,V2X 9W6,49.229123,-122.597695,604-463-6691,,,N,N,N,N,N,N,N,N,N,N,N,N,N,N,N,N,N,,,N,N,N,N,N,N,N,N,N,N,N,2026-05-15,,N,Y,N,Lil Monkeys Family Daycare<br>Licensed Family<br>604-463-6691<br><br>Vacancy:<br>&nbsp;&nbsp;&nbsp;&nbsp;<36 months: N<br>&nbsp;&nbsp;&nbsp;&nbsp;30 months -- 5 years: N<br>&nbsp;&nbsp;&nbsp;&nbsp;Preschool: N<br>&nbsp;&nbsp;&nbsp;&nbsp;Grade 1 - Age 12: N<br>
2115,Licensed Family,Essential Learning Center,2628 Wild Horse Dr,,West Kelowna,V4T 2K9,49.85275,-119.638676,250-681-2138,,,N,N,N,N,N,N,Y,Y,N,N,N,N,N,N,N,N,N,Not offered,Not offered,N,N,N,N,N,Y,Y,N,N,N,N,2026-05-18,,N,Y,N,Essential Learning Center<br>Licensed Family<br>250-681-2138<br><br>Vacancy:<br>&nbsp;&nbsp;&nbsp;&nbsp;<36 months: N<br>&nbsp;&nbsp;&nbsp;&nbsp;30 months -- 5 years: N<br>&nbsp;&nbsp;&nbsp;&nbsp;Preschool: N<br>&nbsp;&nbsp;&nbsp;&nbsp;Grade 1 - Age 12: N<br>
2116,Licensed Group,Regent Road ymca Kids Club,18711 74 Ave,,Surrey,V4N 6C2,49.137275,-122.704388,604-307-4840,,,N,N,N,N,N,N,N,N,N,N,N,N,N,N,N,N,N,,,N,N,N,N,N,N,N,N,N,N,N,2026-05-14,,N,Y,N,Regent Road ymca Kids Club<br>Licensed Group<br>604-307-4840<br><br>Vacancy:<br>&nbsp;&nbsp;&nbsp;&nbsp;<36 months: N<br>&nbsp;&nbsp;&nbsp;&nbsp;30 months -- 5 years: N<br>&nbsp;&nbsp;&nbsp;&nbsp;Preschool: N<br>&nbsp;&nbsp;&nbsp;&nbsp;Grade 1 - Age 12: N<br>
2117,Licensed Group,Surrey Centre ymca Kids Club,16670 Old mclellan Rd,,Surrey,V3S 1K3,49.109679,-122.759152,604-307-4845,,,N,N,N,N,N,N,N,N,N,N,N,N,N,N,N,N,N,,,N,N,N,N,N,N,N,N,N,N,N,2026-05-14,,N,Y,N,Surrey Centre ymca Kids Club<br>Licensed Group<br>604-307-4845<br><br>Vacancy:<br>&nbsp;&nbsp;&nbsp;&nbsp;<36 months: N<br>&nbsp;&nbsp;&nbsp;&nbsp;30 months -- 5 years: N<br>&nbsp;&nbsp;&nbsp;&nbsp;Preschool: N<br>&nbsp;&nbsp;&nbsp;&nbsp;Grade 1 - Age 12: N<br>
2118,Licensed Group,Rupert ymca Kids Club,3150 Kitchener St,,Surrey,V5K 0G1,49.27223,-123.03763,604-218-3426,,,N,N,N,N,N,N,N,N,N,N,N,N,N,N,N,N,N,,,N,N,N,N,N,N,N,N,N,N,N,2026-05-14,,N,Y,N,Rupert ymca Kids Club<br>Licensed Group<br>604-218-3426<br><br>Vacancy:<br>&nbsp;&nbsp;&nbsp;&nbsp;<36 months: N<br>&nbsp;&nbsp;&nbsp;&nbsp;30 months -- 5 years: N<br>&nbsp;&nbsp;&nbsp;&nbsp;Preschool: N<br>&nbsp;&nbsp;&nbsp;&nbsp;Grade 1 - Age 12: N<br>
2119,Licensed Group,Little Bubz Daycare Inc,11689 99A Ave,,Surrey,V3V 7K5,49.18328,-122.89859,778-792-2884,,,N,N,N,N,N,N,N,N,N,N,N,N,N,N,N,N,N,,,N,N,N,N,N,N,N,N,N,N,N,2026-05-12,,N,Y,N,Little Bubz Daycare Inc<br>Licensed Group<br>778-792-2884<br><br>Vacancy:<br>&nbsp;&nbsp;&nbsp;&nbsp;<36 months: N<br>&nbsp;&nbsp;&nbsp;&nbsp;30 months -- 5 years: N<br>&nbsp;&nbsp;&nbsp;&nbsp;Preschool: N<br>&nbsp;&nbsp;&nbsp;&nbsp;Grade 1 - Age 12: N<br>
2120,Licensed Group,Willoughby Early Learning Daycare Corp.,21155 80A Ave,,Langley,V2Y 0K3,49.148676,-122.636604,604-779-1783,,,N,N,N,N,N,N,N,N,N,N,N,N,N,N,N,N,N,,,N,N,N,N,N,N,N,N,N,N,N,2026-05-18,,N,Y,N,Willoughby Early Learning Daycare Corp.<br>Licensed Group<br>604-779-1783<br><br>Vacancy:<br>&nbsp;&nbsp;&nbsp;&nbsp;<36 months: N<br>&nbsp;&nbsp;&nbsp;&nbsp;30 months -- 5 years: N<br>&nbsp;&nbsp;&nbsp;&nbsp;Preschool: N<br>&nbsp;&nbsp;&nbsp;&nbsp;Grade 1 - Age 12: N<br>
2121,Licensed Group,Rural Roots Early Learning Centre,7511 Columbia Ave,,Radium Hot Springs,V0A 1M0,50.61954,-116.077242,250-427-5560,,,Y,N,N,N,N,N,Y,Y,N,N,N,N,N,N,N,N,N,Not offered,Not offered,N,N,N,N,N,Y,Y,N,N,N,N,2026-05-15,,N,Y,N,Rural Roots Early Learning Centre<br>Licensed Group<br>250-427-5560<br><br>Vacancy:<br>&nbsp;&nbsp;&nbsp;&nbsp;<36 months: N<br>&nbsp;&nbsp;&nbsp;&nbsp;30 months -- 5 years: N<br>&nbsp;&nbsp;&nbsp;&nbsp;Preschool: N<br>&nbsp;&nbsp;&nbsp;&nbsp;Grade 1 - Age 12: N<br>
2122,Licensed Group,Ic Early Learning Center,6336 Royal Oak Ave,,Burnaby,V5H 3N7,49.22672,-122.988507,604-500-5559,,,N,N,N,N,N,N,N,N,N,N,N,N,N,N,N,N,N,,,N,N,N,N,N,N,N,N,N,N,N,2026-05-20,,N,Y,N,Ic Early Learning Center<br>Licensed Group<br>604-500-5559<br><br>Vacancy:<br>&nbsp;&nbsp;&nbsp;&nbsp;<36 months: N<br>&nbsp;&nbsp;&nbsp;&nbsp;30 months -- 5 years: N<br>&nbsp;&nbsp;&nbsp;&nbsp;Preschool: N<br>&nbsp;&nbsp;&nbsp;&nbsp;Grade 1 - Age 12: N<br>
2123,Licensed Group,Junior Scholars - Sullivan,101-15385 56 Ave,,Surrey,V3S 0X9,49.104655,-122.796585,604-372-0213,,,N,N,N,N,N,N,N,N,N,N,N,N,N,N,N,N,N,,,N,N,N,N,N,N,N,Y,Y,N,N,2026-05-17,,N,Y,N,Junior Scholars - Sullivan<br>Licensed Group<br>604-372-0213<br><br>Vacancy:<br>&nbsp;&nbsp;&nbsp;&nbsp;<36 months: Y<br>&nbsp;&nbsp;&nbsp;&nbsp;30 months -- 5 years: Y<br>&nbsp;&nbsp;&nbsp;&nbsp;Preschool: N<br>&nbsp;&nbsp;&nbsp;&nbsp;Grade 1 - Age 12: N<br>
2124,Licensed Family,Avin Child Care,20472 123 Ave,,Maple Ridge,V2X 4A7,49.226041,-122.654122,236-883-1592,,,N,N,N,N,N,N,N,N,N,N,N,N,N,N,N,N,N,,,N,N,N,N,N,N,N,N,N,N,N,2026-05-15,,N,Y,N,Avin Child Care<br>Licensed Family<br>236-883-1592<br><br>Vacancy:<br>&nbsp;&nbsp;&nbsp;&nbsp;<36 months: N<br>&nbsp;&nbsp;&nbsp;&nbsp;30 months -- 5 years: N<br>&nbsp;&nbsp;&nbsp;&nbsp;Preschool: N<br>&nbsp;&nbsp;&nbsp;&nbsp;Grade 1 - Age 12: N<br>
2125,Licensed Family,Bumble Berry Daycare,3830 Hayward Ave,,Royston,V0R 2V0,49.643607,-124.935253,250-218-0138,,,N,N,N,N,N,N,N,N,N,N,N,N,N,N,N,N,N,,,N,N,N,N,N,N,N,N,N,N,N,2026-05-14,,N,Y,N,Bumble Berry Daycare<br>Licensed Family<br>250-218-0138<br><br>Vacancy:<br>&nbsp;&nbsp;&nbsp;&nbsp;<36 months: N<br>&nbsp;&nbsp;&nbsp;&nbsp;30 months -- 5 years: N<br>&nbsp;&nbsp;&nbsp;&nbsp;Preschool: N<br>&nbsp;&nbsp;&nbsp;&nbsp;Grade 1 - Age 12: N<br>
2126,Licensed Group,The Big Playhouse Cambie,12160 Woodhead Rd,,Richmond,V6V 1G3,49.182108,-123.089085,778-378-8470,,,N,N,N,N,N,N,N,N,N,N,N,N,N,N,N,N,N,,,N,N,N,N,N,N,N,N,N,N,N,2026-05-15,,N,Y,N,The Big Playhouse Cambie<br>Licensed Group<br>778-378-8470<br><br>Vacancy:<br>&nbsp;&nbsp;&nbsp;&nbsp;<36 months: N<br>&nbsp;&nbsp;&nbsp;&nbsp;30 months -- 5 years: N<br>&nbsp;&nbsp;&nbsp;&nbsp;Preschool: N<br>&nbsp;&nbsp;&nbsp;&nbsp;Grade 1 - Age 12: N<br>
2127,Licensed Family,Lady Bugs Daycare,5288 Armstrong Crt,,Powell River,V8A 4H3,49.859445,-124.514837,604-414-5158,,,N,N,N,N,N,N,N,N,N,N,N,N,N,N,N,N,N,,,N,N,N,N,N,N,N,N,N,N,N,2026-05-15,,N,Y,N,Lady Bugs Daycare<br>Licensed Family<br>604-414-5158<br><br>Vacancy:<br>&nbsp;&nbsp;&nbsp;&nbsp;<36 months: N<br>&nbsp;&nbsp;&nbsp;&nbsp;30 months -- 5 years: N<br>&nbsp;&nbsp;&nbsp;&nbsp;Preschool: N<br>&nbsp;&nbsp;&nbsp;&nbsp;Grade 1 - Age 12: N<br>
2128,Licensed Group,Thornhill Primary Just B4 Preschool,3860 Paquette Ave,,Terrace,V8G 3S8,54.511109,-128.538281,250-635-7066,,,N,N,N,N,N,N,N,N,N,N,N,N,N,N,N,N,N,,,N,N,N,N,N,N,N,N,N,Y,N,2026-05-07,,N,Y,N,Thornhill Primary Just B4 Preschool<br>Licensed Group<br>250-635-7066<br><br>Vacancy:<br>&nbsp;&nbsp;&nbsp;&nbsp;<36 months: N<br>&nbsp;&nbsp;&nbsp;&nbsp;30 months -- 5 years: N<br>&nbsp;&nbsp;&nbsp;&nbsp;Preschool: Y<br>&nbsp;&nbsp;&nbsp;&nbsp;Grade 1 - Age 12: N<br>
2129,Licensed Group,Ilm - Chemainus,3172 Garner St,,Chemainus,V0R 1K2,48.93027,-123.732499,250-324-7778,,,N,N,N,N,N,N,N,N,N,N,N,N,N,N,N,N,N,,,N,N,N,N,N,N,N,Y,Y,N,N,2026-05-15,,N,Y,N,Ilm - Chemainus<br>Licensed Group<br>250-324-7778<br><br>Vacancy:<br>&nbsp;&nbsp;&nbsp;&nbsp;<36 months: Y<br>&nbsp;&nbsp;&nbsp;&nbsp;30 months -- 5 years: Y<br>&nbsp;&nbsp;&nbsp;&nbsp;Preschool: N<br>&nbsp;&nbsp;&nbsp;&nbsp;Grade 1 - Age 12: N<br>
2130,Licensed Group,Quality Time Childcare Centre Inc.,2865 Cruickshank St,,Abbotsford,V2T 5E7,49.054293,-122.324592,778-551-3099,,,N,N,N,N,N,N,N,N,N,N,N,N,N,N,N,N,N,,,N,N,N,N,N,N,N,N,N,N,N,2026-05-15,,N,Y,N,Quality Time Childcare Centre Inc.<br>Licensed Group<br>778-551-3099<br><br>Vacancy:<br>&nbsp;&nbsp;&nbsp;&nbsp;<36 months: N<br>&nbsp;&nbsp;&nbsp;&nbsp;30 months -- 5 years: N<br>&nbsp;&nbsp;&nbsp;&nbsp;Preschool: N<br>&nbsp;&nbsp;&nbsp;&nbsp;Grade 1 - Age 12: N<br>
2131,Licensed Family,Fraser Little Thinkers Childcare,1033 Fraserview St,,Port Coquitlam,V3C 5H4,49.232217,-122.774573,604-314-7172,,,N,N,N,N,N,N,N,N,N,N,N,N,N,N,N,N,N,,,N,N,N,N,N,N,N,Y,N,N,N,2026-05-13,,N,Y,N,Fraser Little Thinkers Childcare<br>Licensed Family<br>604-314-7172<br><br>Vacancy:<br>&nbsp;&nbsp;&nbsp;&nbsp;<36 months: Y<br>&nbsp;&nbsp;&nbsp;&nbsp;30 months -- 5 years: N<br>&nbsp;&nbsp;&nbsp;&nbsp;Preschool: N<br>&nbsp;&nbsp;&nbsp;&nbsp;Grade 1 - Age 12: N<br>
2132,Licensed Group,Club Kidz,8763 Paulsen Rd,,Black Creek,V9J 1J8,49.855493,-125.118373,780-607-3101,,,N,N,N,N,N,N,N,N,N,N,N,N,N,N,N,N,N,,,N,N,N,N,N,N,N,N,N,N,Y,2026-05-16,,N,Y,N,Club Kidz<br>Licensed Group<br>780-607-3101<br><br>Vacancy:<br>&nbsp;&nbsp;&nbsp;&nbsp;<36 months: N<br>&nbsp;&nbsp;&nbsp;&nbsp;30 months -- 5 years: N<br>&nbsp;&nbsp;&nbsp;&nbsp;Preschool: N<br>&nbsp;&nbsp;&nbsp;&nbsp;Grade 1 - Age 12: Y<br>
2133,Licensed Group,Queen's Park Elementary School,330 Power St,,Penticton,V2A 5X2,49.496021,-119.6024,250-770-7680,,,N,N,N,N,N,N,N,N,N,N,N,N,N,N,N,N,N,,,N,N,N,N,N,N,N,N,N,N,N,2026-05-19,,N,Y,N,Queen's Park Elementary School<br>Licensed Group<br>250-770-7680<br><br>Vacancy:<br>&nbsp;&nbsp;&nbsp;&nbsp;<36 months: N<br>&nbsp;&nbsp;&nbsp;&nbsp;30 months -- 5 years: N<br>&nbsp;&nbsp;&nbsp;&nbsp;Preschool: N<br>&nbsp;&nbsp;&nbsp;&nbsp;Grade 1 - Age 12: N<br>
2134,Licensed Family,Blue Tree Family Home Daycare,2539 19Th Ave E,,Vancouver,V5M 2S2,49.253453,-123.053609,604-202-1048,,,N,N,N,N,N,N,N,N,N,N,N,N,N,N,N,N,N,,,N,N,N,N,N,N,N,N,N,N,N,2026-05-11,,N,Y,N,Blue Tree Family Home Daycare<br>Licensed Family<br>604-202-1048<br><br>Vacancy:<br>&nbsp;&nbsp;&nbsp;&nbsp;<36 months: N<br>&nbsp;&nbsp;&nbsp;&nbsp;30 months -- 5 years: N<br>&nbsp;&nbsp;&nbsp;&nbsp;Preschool: N<br>&nbsp;&nbsp;&nbsp;&nbsp;Grade 1 - Age 12: N<br>
2135,Licensed Family,Sweet Peas Daycare,4707 Cokato Rd,,Fernie,V0B 1M4,49.457681,-115.054541,250-278-0098,,,N,N,N,N,N,N,N,N,N,N,N,N,N,N,N,N,N,,,N,N,N,N,N,N,N,N,N,N,N,2026-05-19,,N,Y,N,Sweet Peas Daycare<br>Licensed Family<br>250-278-0098<br><br>Vacancy:<br>&nbsp;&nbsp;&nbsp;&nbsp;<36 months: N<br>&nbsp;&nbsp;&nbsp;&nbsp;30 months -- 5 years: N<br>&nbsp;&nbsp;&nbsp;&nbsp;Preschool: N<br>&nbsp;&nbsp;&nbsp;&nbsp;Grade 1 - Age 12: N<br>
2136,Licensed Group,Shortreed Elementary Before And After School Care,27330 28 Ave,,Aldergrove,V4W 3K1,49.052343,-122.466258,604-856-4167,,,,,,,,,,,,,,,,,,,,,,,,,,,,,,,,,,,Y,N,N,Shortreed Elementary Before And After School Care<br>Licensed Group<br>604-856-4167<br><br>Vacancy:<br>&nbsp;&nbsp;&nbsp;&nbsp;<36 months: None<br>&nbsp;&nbsp;&nbsp;&nbsp;30 months -- 5 years: None<br>&nbsp;&nbsp;&nbsp;&nbsp;Preschool: None<br>&nbsp;&nbsp;&nbsp;&nbsp;Grade 1 - Age 12: None<br>
2137,Licensed Family,Moon Childcare Centre,15945 80 Ave,,Surrey,V4N 0V2,49.148374,-122.78021,778-316-9193,,,N,N,N,N,N,N,N,N,N,N,N,N,N,N,N,N,N,,,N,N,N,N,N,N,N,N,N,N,N,2026-05-16,,N,Y,N,Moon Childcare Centre<br>Licensed Family<br>778-316-9193<br><br>Vacancy:<br>&nbsp;&nbsp;&nbsp;&nbsp;<36 months: N<br>&nbsp;&nbsp;&nbsp;&nbsp;30 months -- 5 years: N<br>&nbsp;&nbsp;&nbsp;&nbsp;Preschool: N<br>&nbsp;&nbsp;&nbsp;&nbsp;Grade 1 - Age 12: N<br>
2138,Licensed Group,Kin Outdoor Learning Centre,1614 184 St,,Surrey,V3Z 9V2,49.031451,-122.713112,778-954-8205,,,N,N,N,N,N,N,N,N,N,N,N,N,N,N,N,N,N,,,N,N,N,N,N,N,N,N,N,N,N,2026-05-15,,N,Y,N,Kin Outdoor Learning Centre<br>Licensed Group<br>778-954-8205<br><br>Vacancy:<br>&nbsp;&nbsp;&nbsp;&nbsp;<36 months: N<br>&nbsp;&nbsp;&nbsp;&nbsp;30 months -- 5 years: N<br>&nbsp;&nbsp;&nbsp;&nbsp;Preschool: N<br>&nbsp;&nbsp;&nbsp;&nbsp;Grade 1 - Age 12: N<br>
2139,Licensed Family,Giggleberries Early Education Centre,23658 113A Ave,,Maple Ridge,V2W 0C7,49.208053,-122.566379,778-345-7134,,,N,N,N,N,N,N,N,N,N,N,N,N,N,N,N,N,N,,,N,N,N,N,N,N,N,N,N,N,N,2026-05-15,,N,Y,N,Giggleberries Early Education Centre<br>Licensed Family<br>778-345-7134<br><br>Vacancy:<br>&nbsp;&nbsp;&nbsp;&nbsp;<36 months: N<br>&nbsp;&nbsp;&nbsp;&nbsp;30 months -- 5 years: N<br>&nbsp;&nbsp;&nbsp;&nbsp;Preschool: N<br>&nbsp;&nbsp;&nbsp;&nbsp;Grade 1 - Age 12: N<br>
2140,Licensed Family,Funny Bunny's Family Child Care,3478 25Th Ave E,,Vancouver,V5R 1K1,49.247634,-123.029313,778-881-8013,,,N,N,N,N,N,N,N,N,N,N,N,N,N,N,N,N,N,,,N,N,N,N,N,N,N,Y,Y,N,N,2026-05-05,,N,Y,N,Funny Bunny's Family Child Care<br>Licensed Family<br>778-881-8013<br><br>Vacancy:<br>&nbsp;&nbsp;&nbsp;&nbsp;<36 months: Y<br>&nbsp;&nbsp;&nbsp;&nbsp;30 months -- 5 years: Y<br>&nbsp;&nbsp;&nbsp;&nbsp;Preschool: N<br>&nbsp;&nbsp;&nbsp;&nbsp;Grade 1 - Age 12: N<br>
2141,Licensed Family,Mi Otra Casa Family Daycare,2-2404 35 Ave,,Vernon,V1T 2S4,50.267273,-119.263918,250-540-2283,,,N,N,N,N,N,N,N,N,N,N,N,N,N,N,N,N,N,,,N,N,N,N,N,N,N,N,Y,N,N,2026-05-15,,N,Y,N,Mi Otra Casa Family Daycare<br>Licensed Family<br>250-540-2283<br><br>Vacancy:<br>&nbsp;&nbsp;&nbsp;&nbsp;<36 months: N<br>&nbsp;&nbsp;&nbsp;&nbsp;30 months -- 5 years: Y<br>&nbsp;&nbsp;&nbsp;&nbsp;Preschool: N<br>&nbsp;&nbsp;&nbsp;&nbsp;Grade 1 - Age 12: N<br>
2142,Licensed Group,Little Dreamers Childcare Ltd.,#140 - #150 - 3720 Townline Rd,,Abbotsford,V2T 5W8,49.069309,-122.358912,604-614-5308,,,N,N,N,N,N,N,N,N,N,N,N,N,N,N,N,N,N,,,N,N,N,N,N,N,N,Y,Y,N,N,2026-05-20,,N,Y,N,Little Dreamers Childcare Ltd.<br>Licensed Group<br>604-614-5308<br><br>Vacancy:<br>&nbsp;&nbsp;&nbsp;&nbsp;<36 months: Y<br>&nbsp;&nbsp;&nbsp;&nbsp;30 months -- 5 years: Y<br>&nbsp;&nbsp;&nbsp;&nbsp;Preschool: N<br>&nbsp;&nbsp;&nbsp;&nbsp;Grade 1 - Age 12: N<br>
2143,Licensed Family,Wings & Roots Daycare,210 Larsen Ave,,Enderby,V0E 1V2,50.558028,-119.132963,778-215-2547,,,N,N,N,N,N,N,N,N,N,N,N,N,N,N,N,N,N,,,N,N,N,N,N,N,N,N,N,N,N,2026-05-17,,N,Y,N,Wings & Roots Daycare<br>Licensed Family<br>778-215-2547<br><br>Vacancy:<br>&nbsp;&nbsp;&nbsp;&nbsp;<36 months: N<br>&nbsp;&nbsp;&nbsp;&nbsp;30 months -- 5 years: N<br>&nbsp;&nbsp;&nbsp;&nbsp;Preschool: N<br>&nbsp;&nbsp;&nbsp;&nbsp;Grade 1 - Age 12: N<br>
2144,Licensed Group,Moberly Childcare Centre,1052 61St Ave E,,Vancouver,V5X 2C4,49.214447,-123.084382,778-895-3185,,,N,N,N,N,N,N,N,N,N,N,N,N,N,N,N,N,N,,,N,N,N,N,N,N,N,N,N,N,N,2026-05-02,,N,Y,N,Moberly Childcare Centre<br>Licensed Group<br>778-895-3185<br><br>Vacancy:<br>&nbsp;&nbsp;&nbsp;&nbsp;<36 months: N<br>&nbsp;&nbsp;&nbsp;&nbsp;30 months -- 5 years: N<br>&nbsp;&nbsp;&nbsp;&nbsp;Preschool: N<br>&nbsp;&nbsp;&nbsp;&nbsp;Grade 1 - Age 12: N<br>
2145,Licensed Group,Alexandra Neighbourhood House Children's Centre At Sunnyside,2828 159 St,,Surrey,V3Z 0E5,49.053588,-122.781916,779-239-2514,,,N,N,N,N,N,N,N,N,N,N,N,N,N,N,N,N,N,Not offered,Not offered,N,N,N,N,N,N,N,N,Y,N,Y,2026-04-08,,N,N,N,Alexandra Neighbourhood House Children's Centre At Sunnyside<br>Licensed Group<br>779-239-2514<br><br>Vacancy:<br>&nbsp;&nbsp;&nbsp;&nbsp;<36 months: N<br>&nbsp;&nbsp;&nbsp;&nbsp;30 months -- 5 years: Y<br>&nbsp;&nbsp;&nbsp;&nbsp;Preschool: N<br>&nbsp;&nbsp;&nbsp;&nbsp;Grade 1 - Age 12: Y<br>
2146,Licensed Group,Alexandra Neighbourhood House Children's Centre @ White Rock,1273 Fir St,,White Rock,V4B 5A6,49.024814,-122.799759,778-239-2514,,,N,N,N,N,N,N,N,N,N,N,N,N,N,N,N,N,N,Not offered,Not offered,N,N,N,N,N,N,N,N,N,N,Y,2026-04-08,,N,N,N,Alexandra Neighbourhood House Children's Centre @ White Rock<br>Licensed Group<br>778-239-2514<br><br>Vacancy:<br>&nbsp;&nbsp;&nbsp;&nbsp;<36 months: N<br>&nbsp;&nbsp;&nbsp;&nbsp;30 months -- 5 years: N<br>&nbsp;&nbsp;&nbsp;&nbsp;Preschool: N<br>&nbsp;&nbsp;&nbsp;&nbsp;Grade 1 - Age 12: Y<br>
2147,Licensed Group,Noah's Ark Daycare,1550 Tranquille Rd,,Kamloops,V2B 3K9,50.702468,-120.381716,250-571-2414,,,N,N,N,N,N,N,N,N,N,N,N,N,N,N,N,N,N,,,N,N,N,N,N,N,N,N,N,N,N,2026-05-15,,N,Y,N,Noah's Ark Daycare<br>Licensed Group<br>250-571-2414<br><br>Vacancy:<br>&nbsp;&nbsp;&nbsp;&nbsp;<36 months: N<br>&nbsp;&nbsp;&nbsp;&nbsp;30 months -- 5 years: N<br>&nbsp;&nbsp;&nbsp;&nbsp;Preschool: N<br>&nbsp;&nbsp;&nbsp;&nbsp;Grade 1 - Age 12: N<br>
2148,Licensed Group,Harrow House Academy - Early Learning Centre,135-7951 Alderbridge Way,,Richmond,V6X 2A4,49.177435,-123.137585,604-779-7951,,,N,N,N,N,N,N,N,N,N,N,N,N,N,N,N,N,N,,,N,N,N,N,N,N,N,Y,N,N,N,2026-05-15,,N,Y,Y,Harrow House Academy - Early Learning Centre<br>Licensed Group<br>604-779-7951<br><br>Vacancy:<br>&nbsp;&nbsp;&nbsp;&nbsp;<36 months: Y<br>&nbsp;&nbsp;&nbsp;&nbsp;30 months -- 5 years: N<br>&nbsp;&nbsp;&nbsp;&nbsp;Preschool: N<br>&nbsp;&nbsp;&nbsp;&nbsp;Grade 1 - Age 12: N<br>
2149,Licensed Group,Harrow House Academy - Early Learning Centre,135-7951 Alderbridge Way,,Richmond,V6X 2A4,49.177435,-123.137585,604-779-7951,,,N,N,N,N,N,N,N,N,N,N,N,N,N,N,N,N,N,,,N,N,N,N,N,N,N,N,N,N,N,2026-05-15,,N,Y,Y,Harrow House Academy - Early Learning Centre<br>Licensed Group<br>604-779-7951<br><br>Vacancy:<br>&nbsp;&nbsp;&nbsp;&nbsp;<36 months: N<br>&nbsp;&nbsp;&nbsp;&nbsp;30 months -- 5 years: N<br>&nbsp;&nbsp;&nbsp;&nbsp;Preschool: N<br>&nbsp;&nbsp;&nbsp;&nbsp;Grade 1 - Age 12: N<br>
2150,Licensed Group,Sullivan ymca Kids Club,6016 152 St,,Surrey,V3S 3K6,49.111938,-122.800001,604-307-4842,,,N,N,N,N,N,N,N,N,N,N,N,N,N,N,N,N,N,,,N,N,N,N,N,N,N,N,N,N,N,2026-05-14,,N,Y,N,Sullivan ymca Kids Club<br>Licensed Group<br>604-307-4842<br><br>Vacancy:<br>&nbsp;&nbsp;&nbsp;&nbsp;<36 months: N<br>&nbsp;&nbsp;&nbsp;&nbsp;30 months -- 5 years: N<br>&nbsp;&nbsp;&nbsp;&nbsp;Preschool: N<br>&nbsp;&nbsp;&nbsp;&nbsp;Grade 1 - Age 12: N<br>
2151,Licensed Group,Creating Smiles - Cindrich,13455 90 Ave,,Surrey,V3V 8A2,49.166522,-122.849952,778-239-2075,,,N,N,N,N,N,N,N,N,N,N,N,N,N,N,N,N,N,,,N,N,N,N,N,N,N,N,N,N,Y,2026-05-13,,N,N,N,Creating Smiles - Cindrich<br>Licensed Group<br>778-239-2075<br><br>Vacancy:<br>&nbsp;&nbsp;&nbsp;&nbsp;<36 months: N<br>&nbsp;&nbsp;&nbsp;&nbsp;30 months -- 5 years: N<br>&nbsp;&nbsp;&nbsp;&nbsp;Preschool: N<br>&nbsp;&nbsp;&nbsp;&nbsp;Grade 1 - Age 12: Y<br>
2152,Licensed Group,Frost Road ymca Kids Club,8606 162 St,,Surrey,V4N 1B5,49.159288,-122.773038,604-307-4249,,,N,N,N,N,N,N,N,N,N,N,N,N,N,N,N,N,N,,,N,N,N,N,N,N,N,N,N,N,N,2026-05-14,,N,Y,N,Frost Road ymca Kids Club<br>Licensed Group<br>604-307-4249<br><br>Vacancy:<br>&nbsp;&nbsp;&nbsp;&nbsp;<36 months: N<br>&nbsp;&nbsp;&nbsp;&nbsp;30 months -- 5 years: N<br>&nbsp;&nbsp;&nbsp;&nbsp;Preschool: N<br>&nbsp;&nbsp;&nbsp;&nbsp;Grade 1 - Age 12: N<br>
2153,Licensed Family,Princeton Castle Childcare,3368 Princeton Ave,,Coquitlam,V3E 0G2,49.298296,-122.758795,604-618-9876,,,N,N,N,N,N,N,N,N,N,N,N,N,N,N,N,N,N,,,N,N,N,N,N,N,N,Y,Y,N,N,2026-05-16,,N,Y,N,Princeton Castle Childcare<br>Licensed Family<br>604-618-9876<br><br>Vacancy:<br>&nbsp;&nbsp;&nbsp;&nbsp;<36 months: Y<br>&nbsp;&nbsp;&nbsp;&nbsp;30 months -- 5 years: Y<br>&nbsp;&nbsp;&nbsp;&nbsp;Preschool: N<br>&nbsp;&nbsp;&nbsp;&nbsp;Grade 1 - Age 12: N<br>
2154,Licensed Family,Butterfly Wings Day Care Inc.,14305 68B Ave,,Surrey,V3W 8X1,49.127887,-122.825825,236-878-7073,,,N,N,N,N,N,N,N,N,N,N,N,N,N,N,N,N,N,,,N,N,N,N,N,N,N,N,N,N,N,2026-05-17,,N,Y,N,Butterfly Wings Day Care Inc.<br>Licensed Family<br>236-878-7073<br><br>Vacancy:<br>&nbsp;&nbsp;&nbsp;&nbsp;<36 months: N<br>&nbsp;&nbsp;&nbsp;&nbsp;30 months -- 5 years: N<br>&nbsp;&nbsp;&nbsp;&nbsp;Preschool: N<br>&nbsp;&nbsp;&nbsp;&nbsp;Grade 1 - Age 12: N<br>
2155,Licensed Group,Tremblay Elementary Just B4 Preschool,11311 13A St,,Dawson Creek,V1G 3X8,55.746602,-120.239825,250-782-8147,,,N,N,N,N,N,N,N,N,N,N,N,N,N,N,N,N,N,,,N,N,N,N,N,N,N,N,N,N,N,2026-04-30,,N,Y,N,Tremblay Elementary Just B4 Preschool<br>Licensed Group<br>250-782-8147<br><br>Vacancy:<br>&nbsp;&nbsp;&nbsp;&nbsp;<36 months: N<br>&nbsp;&nbsp;&nbsp;&nbsp;30 months -- 5 years: N<br>&nbsp;&nbsp;&nbsp;&nbsp;Preschool: N<br>&nbsp;&nbsp;&nbsp;&nbsp;Grade 1 - Age 12: N<br>
2156,Licensed Family,Abm Childcare Center,32533 Ptarmigan Dr,,Mission,V2V 5K6,49.146565,-122.323592,604-360-1247,,,N,N,N,N,N,N,N,N,N,N,N,N,N,N,N,N,N,,,N,N,N,N,N,N,N,Y,Y,N,Y,2026-05-15,,N,Y,N,Abm Childcare Center<br>Licensed Family<br>604-360-1247<br><br>Vacancy:<br>&nbsp;&nbsp;&nbsp;&nbsp;<36 months: Y<br>&nbsp;&nbsp;&nbsp;&nbsp;30 months -- 5 years: Y<br>&nbsp;&nbsp;&nbsp;&nbsp;Preschool: N<br>&nbsp;&nbsp;&nbsp;&nbsp;Grade 1 - Age 12: Y<br>
2157,Licensed Family,Z & Z Family Daycare,15973 Buena Vista Ave,,White Rock,V4B 2A2,49.024076,-122.779906,204-297-9379,,,N,N,N,N,N,N,N,N,N,N,N,N,N,N,N,N,N,,,N,N,N,N,N,N,N,N,N,N,N,2026-05-19,,N,Y,N,Z & Z Family Daycare<br>Licensed Family<br>204-297-9379<br><br>Vacancy:<br>&nbsp;&nbsp;&nbsp;&nbsp;<36 months: N<br>&nbsp;&nbsp;&nbsp;&nbsp;30 months -- 5 years: N<br>&nbsp;&nbsp;&nbsp;&nbsp;Preschool: N<br>&nbsp;&nbsp;&nbsp;&nbsp;Grade 1 - Age 12: N<br>
2158,Licensed Family,Busy Bees Learning Centre Ltd,1787 Garden Ave,,North Vancouver,V7P 3A6,49.325707,-123.119282,778-957-0030,,,N,N,N,N,N,N,N,N,N,N,N,N,N,N,N,N,N,,,N,N,N,N,N,N,N,N,N,N,N,2026-05-15,,N,Y,N,Busy Bees Learning Centre Ltd<br>Licensed Family<br>778-957-0030<br><br>Vacancy:<br>&nbsp;&nbsp;&nbsp;&nbsp;<36 months: N<br>&nbsp;&nbsp;&nbsp;&nbsp;30 months -- 5 years: N<br>&nbsp;&nbsp;&nbsp;&nbsp;Preschool: N<br>&nbsp;&nbsp;&nbsp;&nbsp;Grade 1 - Age 12: N<br>
2159,Licensed Group,Leap Forward Out Of School Care,9240 112Th St,,Delta,V4C 4X8,49.170876,-122.909415,236-978-8141,,,N,N,N,N,N,N,N,N,N,N,N,N,N,N,N,N,N,,,N,N,N,N,N,N,N,N,N,N,Y,2026-05-08,,N,Y,N,Leap Forward Out Of School Care<br>Licensed Group<br>236-978-8141<br><br>Vacancy:<br>&nbsp;&nbsp;&nbsp;&nbsp;<36 months: N<br>&nbsp;&nbsp;&nbsp;&nbsp;30 months -- 5 years: N<br>&nbsp;&nbsp;&nbsp;&nbsp;Preschool: N<br>&nbsp;&nbsp;&nbsp;&nbsp;Grade 1 - Age 12: Y<br>
2160,Licensed Family,Yorkson Childcare Academy,20683 76B Ave,,Langley,V2Y 3P6,49.142303,-122.648948,604-657-5888,www.yorksonchildcare.com,,N,N,N,N,N,N,N,N,N,N,N,N,N,N,N,N,N,,,N,N,N,N,N,N,N,N,N,N,N,2026-04-30,,N,Y,N,Yorkson Childcare Academy<br>Licensed Family<br>604-657-5888<br><br>Vacancy:<br>&nbsp;&nbsp;&nbsp;&nbsp;<36 months: N<br>&nbsp;&nbsp;&nbsp;&nbsp;30 months -- 5 years: N<br>&nbsp;&nbsp;&nbsp;&nbsp;Preschool: N<br>&nbsp;&nbsp;&nbsp;&nbsp;Grade 1 - Age 12: N<br>
2161,Licensed Group,Oceanside Elementary Childcare,980 Wright Rd,,Parksville,V9P 2G6,49.338701,-124.354576,250-248-4662,,,N,N,N,N,N,N,N,N,N,N,N,N,N,N,N,N,N,,,N,N,N,N,N,N,N,N,N,N,Y,2026-05-05,,N,N,N,Oceanside Elementary Childcare<br>Licensed Group<br>250-248-4662<br><br>Vacancy:<br>&nbsp;&nbsp;&nbsp;&nbsp;<36 months: N<br>&nbsp;&nbsp;&nbsp;&nbsp;30 months -- 5 years: N<br>&nbsp;&nbsp;&nbsp;&nbsp;Preschool: N<br>&nbsp;&nbsp;&nbsp;&nbsp;Grade 1 - Age 12: Y<br>
2162,Licensed Group,Just B4 Queensborough,833 Salter St,,New Westminster,V3M 6G8,49.186183,-122.940658,604-517-6398,,,N,N,N,N,N,N,N,N,N,N,N,N,N,N,N,N,N,,,N,N,N,N,N,N,N,N,N,Y,N,2026-03-16,,N,Y,N,Just B4 Queensborough<br>Licensed Group<br>604-517-6398<br><br>Vacancy:<br>&nbsp;&nbsp;&nbsp;&nbsp;<36 months: N<br>&nbsp;&nbsp;&nbsp;&nbsp;30 months -- 5 years: N<br>&nbsp;&nbsp;&nbsp;&nbsp;Preschool: Y<br>&nbsp;&nbsp;&nbsp;&nbsp;Grade 1 - Age 12: N<br>
2163,Licensed Group,Creative Nest Academy,103-9103 Glover Rd,,Fort Langley,V2Y 2R1,49.168196,-122.580569,604-319-5028,,,N,N,N,N,N,N,N,N,N,N,N,N,N,N,N,N,N,,,N,N,N,N,N,N,N,N,Y,N,N,2026-05-18,,N,Y,N,Creative Nest Academy<br>Licensed Group<br>604-319-5028<br><br>Vacancy:<br>&nbsp;&nbsp;&nbsp;&nbsp;<36 months: N<br>&nbsp;&nbsp;&nbsp;&nbsp;30 months -- 5 years: Y<br>&nbsp;&nbsp;&nbsp;&nbsp;Preschool: N<br>&nbsp;&nbsp;&nbsp;&nbsp;Grade 1 - Age 12: N<br>
2164,Licensed Group,ymca Hudson's Hope School Age Care,10441 Holland St,,Hudson's Hope,V0C 1V0,56.025434,-121.921624,250-960-9336,,,N,N,N,N,N,N,N,N,N,N,N,N,N,N,N,N,N,,,N,N,N,N,N,N,N,N,N,N,N,2026-05-14,,N,Y,N,ymca Hudson's Hope School Age Care<br>Licensed Group<br>250-960-9336<br><br>Vacancy:<br>&nbsp;&nbsp;&nbsp;&nbsp;<36 months: N<br>&nbsp;&nbsp;&nbsp;&nbsp;30 months -- 5 years: N<br>&nbsp;&nbsp;&nbsp;&nbsp;Preschool: N<br>&nbsp;&nbsp;&nbsp;&nbsp;Grade 1 - Age 12: N<br>
2165,Licensed Family,Granville House Montessori School,4355 Granville St,,Vancouver,V6H 3L6,49.24667,-123.139624,780-504-7860,,,N,N,N,N,N,N,N,N,N,N,N,N,N,N,N,N,N,,,N,N,N,N,N,N,N,N,N,N,N,2026-05-21,,N,N,Y,Granville House Montessori School<br>Licensed Family<br>780-504-7860<br><br>Vacancy:<br>&nbsp;&nbsp;&nbsp;&nbsp;<36 months: N<br>&nbsp;&nbsp;&nbsp;&nbsp;30 months -- 5 years: N<br>&nbsp;&nbsp;&nbsp;&nbsp;Preschool: N<br>&nbsp;&nbsp;&nbsp;&nbsp;Grade 1 - Age 12: N<br>
2166,Licensed Group,Little Leaders Childcare Centre,2760 Emerson St,,Abbotsford,V2T 3J6,49.052201,-122.317751,604-217-1404,,,N,N,N,N,N,N,N,N,N,N,N,N,N,N,N,N,N,Not offered,Not offered,N,N,N,N,N,N,N,N,N,N,N,2026-05-04,,N,Y,N,Little Leaders Childcare Centre<br>Licensed Group<br>604-217-1404<br><br>Vacancy:<br>&nbsp;&nbsp;&nbsp;&nbsp;<36 months: N<br>&nbsp;&nbsp;&nbsp;&nbsp;30 months -- 5 years: N<br>&nbsp;&nbsp;&nbsp;&nbsp;Preschool: N<br>&nbsp;&nbsp;&nbsp;&nbsp;Grade 1 - Age 12: N<br>
2167,Licensed Family,On The Farm Child Care,8620 Island Hwy,,Black Creek,V9J 1H3,49.849332,-125.132929,778-922-3003,,,N,N,N,N,N,N,N,N,N,N,N,N,N,N,N,N,N,,,N,N,N,N,N,N,N,N,N,N,N,2026-05-08,,N,Y,N,On The Farm Child Care<br>Licensed Family<br>778-922-3003<br><br>Vacancy:<br>&nbsp;&nbsp;&nbsp;&nbsp;<36 months: N<br>&nbsp;&nbsp;&nbsp;&nbsp;30 months -- 5 years: N<br>&nbsp;&nbsp;&nbsp;&nbsp;Preschool: N<br>&nbsp;&nbsp;&nbsp;&nbsp;Grade 1 - Age 12: N<br>
2168,Licensed Family,Rising Journey Multi Age Daycare Inc,14210 61A Ave,,Surrey,V3X 0E5,49.114156,-122.828323,778-384-8750,,,N,N,N,N,N,N,N,N,N,N,N,N,N,N,N,N,N,,,N,N,N,N,N,N,N,N,N,N,N,2026-05-16,,N,Y,N,Rising Journey Multi Age Daycare Inc<br>Licensed Family<br>778-384-8750<br><br>Vacancy:<br>&nbsp;&nbsp;&nbsp;&nbsp;<36 months: N<br>&nbsp;&nbsp;&nbsp;&nbsp;30 months -- 5 years: N<br>&nbsp;&nbsp;&nbsp;&nbsp;Preschool: N<br>&nbsp;&nbsp;&nbsp;&nbsp;Grade 1 - Age 12: N<br>
2169,Licensed Family,Step By Step,2165 Gibson Rd,,Port Alberni,V9Y 1A6,49.218985,-124.807111,778-421-0997,,,N,N,N,N,N,N,N,N,N,N,N,N,N,N,N,N,N,,,N,N,N,N,N,N,N,N,N,N,N,2026-05-13,,N,Y,N,Step By Step<br>Licensed Family<br>778-421-0997<br><br>Vacancy:<br>&nbsp;&nbsp;&nbsp;&nbsp;<36 months: N<br>&nbsp;&nbsp;&nbsp;&nbsp;30 months -- 5 years: N<br>&nbsp;&nbsp;&nbsp;&nbsp;Preschool: N<br>&nbsp;&nbsp;&nbsp;&nbsp;Grade 1 - Age 12: N<br>
2170,Licensed Group,Fern Valley,3881 Bruce St,,Port Alberni,V9Y 1J6,49.22774,-124.792194,250-720-3102,,,N,N,N,N,N,N,N,N,N,N,N,N,N,N,N,N,N,,,N,N,N,N,N,N,N,N,N,N,N,2026-05-20,,N,Y,N,Fern Valley<br>Licensed Group<br>250-720-3102<br><br>Vacancy:<br>&nbsp;&nbsp;&nbsp;&nbsp;<36 months: N<br>&nbsp;&nbsp;&nbsp;&nbsp;30 months -- 5 years: N<br>&nbsp;&nbsp;&nbsp;&nbsp;Preschool: N<br>&nbsp;&nbsp;&nbsp;&nbsp;Grade 1 - Age 12: N<br>
2171,Licensed Family,Annette’S Family Childcare,5830 Hammond Bay Rd,,Nanaimo,V9T 5N3,49.234248,-124.018185,604-816-9792,,,N,N,N,N,N,N,N,N,N,N,N,N,N,N,N,N,N,Not offered,Not offered,N,N,N,N,N,N,N,Y,Y,N,N,2026-05-16,,N,N,N,Annette’S Family Childcare<br>Licensed Family<br>604-816-9792<br><br>Vacancy:<br>&nbsp;&nbsp;&nbsp;&nbsp;<36 months: Y<br>&nbsp;&nbsp;&nbsp;&nbsp;30 months -- 5 years: Y<br>&nbsp;&nbsp;&nbsp;&nbsp;Preschool: N<br>&nbsp;&nbsp;&nbsp;&nbsp;Grade 1 - Age 12: N<br>
2172,Licensed Group,Tiny Titans Childcare,3-7585 Main St W,,Radium Hot Springs,V0A 1M0,50.617807,-116.069958,250-341-5671,,,N,N,N,N,N,N,N,N,N,N,N,N,N,N,N,N,N,,,N,N,N,N,N,N,N,N,Y,N,N,2026-04-01,,N,Y,N,Tiny Titans Childcare<br>Licensed Group<br>250-341-5671<br><br>Vacancy:<br>&nbsp;&nbsp;&nbsp;&nbsp;<36 months: N<br>&nbsp;&nbsp;&nbsp;&nbsp;30 months -- 5 years: Y<br>&nbsp;&nbsp;&nbsp;&nbsp;Preschool: N<br>&nbsp;&nbsp;&nbsp;&nbsp;Grade 1 - Age 12: N<br>
2173,Licensed Family,The Creative Zone,7937 St John Cres,,Prince George,V2N 4H9,53.855962,-122.775058,250-964-9585,,,Y,N,N,N,N,N,Y,Y,N,N,N,N,N,N,N,N,N,Not offered,Extra fee,N,N,N,N,N,Y,Y,N,N,N,N,2026-05-15,,N,Y,N,The Creative Zone<br>Licensed Family<br>250-964-9585<br><br>Vacancy:<br>&nbsp;&nbsp;&nbsp;&nbsp;<36 months: N<br>&nbsp;&nbsp;&nbsp;&nbsp;30 months -- 5 years: N<br>&nbsp;&nbsp;&nbsp;&nbsp;Preschool: N<br>&nbsp;&nbsp;&nbsp;&nbsp;Grade 1 - Age 12: N<br>
2174,Licensed Group,Little Moon Childcare Centre,100-3871 No. 3 Rd,,Richmond,V6X 2B8,49.185582,-123.136348,604-227-4166,,,N,N,N,N,N,N,N,N,N,N,N,N,N,N,N,N,N,,,N,N,N,N,N,N,N,N,Y,N,N,2026-04-27,,N,Y,Y,Little Moon Childcare Centre<br>Licensed Group<br>604-227-4166<br><br>Vacancy:<br>&nbsp;&nbsp;&nbsp;&nbsp;<36 months: N<br>&nbsp;&nbsp;&nbsp;&nbsp;30 months -- 5 years: Y<br>&nbsp;&nbsp;&nbsp;&nbsp;Preschool: N<br>&nbsp;&nbsp;&nbsp;&nbsp;Grade 1 - Age 12: N<br>
2175,Licensed Group,Le Petit Hibou Preschool Society,3430 Webber Rd,,West Kelowna,V4T 1G8,49.839497,-119.655914,250-768-7123,,,,,,,,,,,,,,,,,,,,,,,,,,,,,,,,,,,Y,Y,N,Le Petit Hibou Preschool Society<br>Licensed Group<br>250-768-7123<br><br>Vacancy:<br>&nbsp;&nbsp;&nbsp;&nbsp;<36 months: None<br>&nbsp;&nbsp;&nbsp;&nbsp;30 months -- 5 years: None<br>&nbsp;&nbsp;&nbsp;&nbsp;Preschool: None<br>&nbsp;&nbsp;&nbsp;&nbsp;Grade 1 - Age 12: None<br>
2176,Licensed Group,Creative Beginnings Child Care Center,6878 142 St,,Surrey,V3W 5M9,49.127662,-122.82858,778-565-1291,,,N,N,N,N,N,N,N,N,N,N,N,N,N,N,N,N,N,,,N,N,N,N,N,N,N,N,Y,N,N,2026-05-01,,N,Y,N,Creative Beginnings Child Care Center<br>Licensed Group<br>778-565-1291<br><br>Vacancy:<br>&nbsp;&nbsp;&nbsp;&nbsp;<36 months: N<br>&nbsp;&nbsp;&nbsp;&nbsp;30 months -- 5 years: Y<br>&nbsp;&nbsp;&nbsp;&nbsp;Preschool: N<br>&nbsp;&nbsp;&nbsp;&nbsp;Grade 1 - Age 12: N<br>
2177,Licensed Group,Smile N Grow Day Care Inc.,9474 153Rd St,,Surrey,V3R 9C7,49.174687,-122.798108,604-649-9769,,,N,N,N,N,N,N,N,N,N,N,N,N,N,N,N,N,N,,,N,N,N,N,N,N,N,N,N,N,N,2026-05-17,,N,Y,N,Smile N Grow Day Care Inc.<br>Licensed Group<br>604-649-9769<br><br>Vacancy:<br>&nbsp;&nbsp;&nbsp;&nbsp;<36 months: N<br>&nbsp;&nbsp;&nbsp;&nbsp;30 months -- 5 years: N<br>&nbsp;&nbsp;&nbsp;&nbsp;Preschool: N<br>&nbsp;&nbsp;&nbsp;&nbsp;Grade 1 - Age 12: N<br>
2178,Licensed Group,Mayne Island Daycare,493A Felix Jack Rd,,Mayne Island,V0N 2J2,48.8471,-123.289071,250-539-0639,,,Y,N,N,N,N,N,Y,Y,N,Y,Y,N,N,N,N,N,N,Not offered,Not offered,N,N,N,N,Y,Y,Y,N,N,N,N,2026-04-16,,N,Y,N,Mayne Island Daycare<br>Licensed Group<br>250-539-0639<br><br>Vacancy:<br>&nbsp;&nbsp;&nbsp;&nbsp;<36 months: N<br>&nbsp;&nbsp;&nbsp;&nbsp;30 months -- 5 years: N<br>&nbsp;&nbsp;&nbsp;&nbsp;Preschool: N<br>&nbsp;&nbsp;&nbsp;&nbsp;Grade 1 - Age 12: N<br>
2179,Licensed Group,Conrad Elementary School Seamless Day Kindergarten,825 Conrad St,,Prince Rupert,V8J 3B8,54.320901,-130.300224,250-624-4935,,,N,N,N,N,N,N,N,N,N,N,N,N,N,N,N,N,N,,,N,N,N,N,N,N,N,N,Y,N,Y,2026-05-19,,N,Y,N,Conrad Elementary School Seamless Day Kindergarten<br>Licensed Group<br>250-624-4935<br><br>Vacancy:<br>&nbsp;&nbsp;&nbsp;&nbsp;<36 months: N<br>&nbsp;&nbsp;&nbsp;&nbsp;30 months -- 5 years: Y<br>&nbsp;&nbsp;&nbsp;&nbsp;Preschool: N<br>&nbsp;&nbsp;&nbsp;&nbsp;Grade 1 - Age 12: Y<br>
2180,Licensed Group,Little Beginners Childcare Centre Ltd,45840 Yale Rd,,Chilliwack,V2P 2N8,49.164959,-121.958481,604-751-0973,,,N,N,N,N,N,N,N,N,N,N,N,N,N,N,N,N,N,,,N,N,N,N,N,N,N,N,Y,N,N,2026-05-19,,N,Y,N,Little Beginners Childcare Centre Ltd<br>Licensed Group<br>604-751-0973<br><br>Vacancy:<br>&nbsp;&nbsp;&nbsp;&nbsp;<36 months: N<br>&nbsp;&nbsp;&nbsp;&nbsp;30 months -- 5 years: Y<br>&nbsp;&nbsp;&nbsp;&nbsp;Preschool: N<br>&nbsp;&nbsp;&nbsp;&nbsp;Grade 1 - Age 12: N<br>
2181,Licensed Group,Amazing Kidz Childcare,3780 Lozells Ave,,Burnaby,V5A 2Z1,49.250333,-122.941511,236-863-1758,,,N,N,N,N,N,N,N,N,N,N,N,N,N,N,N,N,N,,,N,N,N,N,N,N,N,N,N,N,N,2026-05-17,,N,Y,N,Amazing Kidz Childcare<br>Licensed Group<br>236-863-1758<br><br>Vacancy:<br>&nbsp;&nbsp;&nbsp;&nbsp;<36 months: N<br>&nbsp;&nbsp;&nbsp;&nbsp;30 months -- 5 years: N<br>&nbsp;&nbsp;&nbsp;&nbsp;Preschool: N<br>&nbsp;&nbsp;&nbsp;&nbsp;Grade 1 - Age 12: N<br>
2182,Licensed Group,Holly ymca Kids Club,10719 150Th St,,Surrey,V3R 4C8,49.197093,-122.806511,604-307-4836,,,N,N,N,N,N,N,N,N,N,N,N,N,N,N,N,N,N,,,N,N,N,N,N,N,N,N,N,N,N,2026-05-14,,N,Y,N,Holly ymca Kids Club<br>Licensed Group<br>604-307-4836<br><br>Vacancy:<br>&nbsp;&nbsp;&nbsp;&nbsp;<36 months: N<br>&nbsp;&nbsp;&nbsp;&nbsp;30 months -- 5 years: N<br>&nbsp;&nbsp;&nbsp;&nbsp;Preschool: N<br>&nbsp;&nbsp;&nbsp;&nbsp;Grade 1 - Age 12: N<br>
2183,Licensed Group,Weir ymca Kids Club,2900 44Th Ave E,,Vancouver,V5R 3A9,49.229772,-123.044445,604-306-6951,,,N,N,N,N,N,N,N,N,N,N,N,N,N,N,N,N,N,,,N,N,N,N,N,N,N,N,N,N,N,2026-05-14,,N,Y,N,Weir ymca Kids Club<br>Licensed Group<br>604-306-6951<br><br>Vacancy:<br>&nbsp;&nbsp;&nbsp;&nbsp;<36 months: N<br>&nbsp;&nbsp;&nbsp;&nbsp;30 months -- 5 years: N<br>&nbsp;&nbsp;&nbsp;&nbsp;Preschool: N<br>&nbsp;&nbsp;&nbsp;&nbsp;Grade 1 - Age 12: N<br>
2184,Licensed Family,Care & Love Family Child Care,5485 Altavista Dr,,Nanaimo,V9T 6P3,49.227815,-124.012079,604-724-7841,,,N,N,N,N,N,N,N,N,N,N,N,N,N,N,N,N,N,,,N,N,N,N,N,N,N,N,N,N,N,2026-05-18,,N,Y,N,Care & Love Family Child Care<br>Licensed Family<br>604-724-7841<br><br>Vacancy:<br>&nbsp;&nbsp;&nbsp;&nbsp;<36 months: N<br>&nbsp;&nbsp;&nbsp;&nbsp;30 months -- 5 years: N<br>&nbsp;&nbsp;&nbsp;&nbsp;Preschool: N<br>&nbsp;&nbsp;&nbsp;&nbsp;Grade 1 - Age 12: N<br>
2185,Licensed Family,Full Steam Ahead Family Childcare,1187 Marine Dr,,Gibsons,V0N 1V1,49.426188,-123.482588,778-227-6720,,,N,N,N,N,N,N,N,N,N,N,N,N,N,N,N,N,N,,,N,N,N,N,N,N,N,N,N,N,N,2026-05-05,,N,Y,N,Full Steam Ahead Family Childcare<br>Licensed Family<br>778-227-6720<br><br>Vacancy:<br>&nbsp;&nbsp;&nbsp;&nbsp;<36 months: N<br>&nbsp;&nbsp;&nbsp;&nbsp;30 months -- 5 years: N<br>&nbsp;&nbsp;&nbsp;&nbsp;Preschool: N<br>&nbsp;&nbsp;&nbsp;&nbsp;Grade 1 - Age 12: N<br>
2186,Licensed Group,Early Steps,4890 Hastings St,,Burnaby,V5C 2K9,49.280271,-122.992918,604-862-6980,,,N,N,N,N,N,N,N,N,N,N,N,N,N,N,N,N,N,,,N,N,N,N,N,N,N,N,N,N,N,2026-05-19,,N,Y,N,Early Steps<br>Licensed Group<br>604-862-6980<br><br>Vacancy:<br>&nbsp;&nbsp;&nbsp;&nbsp;<36 months: N<br>&nbsp;&nbsp;&nbsp;&nbsp;30 months -- 5 years: N<br>&nbsp;&nbsp;&nbsp;&nbsp;Preschool: N<br>&nbsp;&nbsp;&nbsp;&nbsp;Grade 1 - Age 12: N<br>
2187,Licensed Group,The Beanstalk Daycare,5500 Chinook St,,Chilliwack,V2R 0T3,49.102393,-121.989247,604-845-1050,,,N,N,N,N,N,N,N,N,N,N,N,N,N,N,N,N,N,,,N,N,N,N,N,N,N,N,N,N,N,2026-05-15,,N,Y,N,The Beanstalk Daycare<br>Licensed Group<br>604-845-1050<br><br>Vacancy:<br>&nbsp;&nbsp;&nbsp;&nbsp;<36 months: N<br>&nbsp;&nbsp;&nbsp;&nbsp;30 months -- 5 years: N<br>&nbsp;&nbsp;&nbsp;&nbsp;Preschool: N<br>&nbsp;&nbsp;&nbsp;&nbsp;Grade 1 - Age 12: N<br>
2188,Licensed Group,Doulgas Park Early Learning Care,5409 206 St,,Langley,V3A 2C5,49.100954,-122.652938,778-241-0568,,,,,,,,,,,,,,,,,,,,,,,,,,,,,,,,,,,Y,N,N,Doulgas Park Early Learning Care<br>Licensed Group<br>778-241-0568<br><br>Vacancy:<br>&nbsp;&nbsp;&nbsp;&nbsp;<36 months: None<br>&nbsp;&nbsp;&nbsp;&nbsp;30 months -- 5 years: None<br>&nbsp;&nbsp;&nbsp;&nbsp;Preschool: None<br>&nbsp;&nbsp;&nbsp;&nbsp;Grade 1 - Age 12: None<br>
2189,Licensed Group,Newton Recreation Centre,13730 72Nd Ave,,Surrey,V3W 2P4,49.13312,-122.841965,604-501-5530,,,N,N,N,N,N,N,N,N,N,N,N,N,N,N,N,N,N,,,N,N,N,N,N,N,N,N,N,Y,N,2026-04-30,,N,Y,N,Newton Recreation Centre<br>Licensed Group<br>604-501-5530<br><br>Vacancy:<br>&nbsp;&nbsp;&nbsp;&nbsp;<36 months: N<br>&nbsp;&nbsp;&nbsp;&nbsp;30 months -- 5 years: N<br>&nbsp;&nbsp;&nbsp;&nbsp;Preschool: Y<br>&nbsp;&nbsp;&nbsp;&nbsp;Grade 1 - Age 12: N<br>
2190,Licensed Group,Galaxy Daycare Centre Ltd,8187 Woodlake Crt,,Burnaby,V5A 3P3,49.250102,-122.92672,604-218-4961,,,N,N,N,N,N,N,N,N,N,N,N,N,N,N,N,N,N,,,N,N,N,N,N,N,N,N,N,N,N,2026-05-19,,N,Y,N,Galaxy Daycare Centre Ltd<br>Licensed Group<br>604-218-4961<br><br>Vacancy:<br>&nbsp;&nbsp;&nbsp;&nbsp;<36 months: N<br>&nbsp;&nbsp;&nbsp;&nbsp;30 months -- 5 years: N<br>&nbsp;&nbsp;&nbsp;&nbsp;Preschool: N<br>&nbsp;&nbsp;&nbsp;&nbsp;Grade 1 - Age 12: N<br>
2191,Licensed Group,Lil Clubhouse Childcare,11295 Mellis Dr,,Richmond,V6X 1L8,49.186096,-123.098669,604-722-4076,,,N,N,N,N,N,N,N,N,N,N,N,N,N,N,N,N,N,,,N,N,N,N,N,N,N,N,N,N,N,2026-05-15,,N,Y,Y,Lil Clubhouse Childcare<br>Licensed Group<br>604-722-4076<br><br>Vacancy:<br>&nbsp;&nbsp;&nbsp;&nbsp;<36 months: N<br>&nbsp;&nbsp;&nbsp;&nbsp;30 months -- 5 years: N<br>&nbsp;&nbsp;&nbsp;&nbsp;Preschool: N<br>&nbsp;&nbsp;&nbsp;&nbsp;Grade 1 - Age 12: N<br>
2192,Licensed Group,Lil Clubhouse Childcare,11295 Mellis Dr,,Richmond,V6X 1L8,49.186096,-123.098669,604-722-4076,,,N,N,N,N,N,N,N,N,N,N,N,N,N,N,N,N,N,,,N,N,N,N,N,N,N,N,Y,N,N,2026-05-20,,N,Y,Y,Lil Clubhouse Childcare<br>Licensed Group<br>604-722-4076<br><br>Vacancy:<br>&nbsp;&nbsp;&nbsp;&nbsp;<36 months: N<br>&nbsp;&nbsp;&nbsp;&nbsp;30 months -- 5 years: Y<br>&nbsp;&nbsp;&nbsp;&nbsp;Preschool: N<br>&nbsp;&nbsp;&nbsp;&nbsp;Grade 1 - Age 12: N<br>
2193,Licensed Group,Skwo:Wech Children's Center,331 Richmond St,,New Westminster,V3L 4B7,49.226579,-122.899941,604-562-5092,,,N,N,N,N,N,N,N,N,N,N,N,N,N,N,N,N,N,,,N,N,N,N,N,N,N,N,N,N,N,2026-04-20,,N,Y,N,Skwo:Wech Children's Center<br>Licensed Group<br>604-562-5092<br><br>Vacancy:<br>&nbsp;&nbsp;&nbsp;&nbsp;<36 months: N<br>&nbsp;&nbsp;&nbsp;&nbsp;30 months -- 5 years: N<br>&nbsp;&nbsp;&nbsp;&nbsp;Preschool: N<br>&nbsp;&nbsp;&nbsp;&nbsp;Grade 1 - Age 12: N<br>
2194,Licensed Group,Highlands Out Of School Care,3150 Colwood Dr,,North Vancouver,V7R 2R6,49.338469,-123.097063,604-985-6958,,,N,N,N,N,N,N,N,N,N,N,N,N,N,N,N,N,N,,,N,N,N,N,N,N,N,N,N,N,N,2026-05-06,,N,Y,Y,Highlands Out Of School Care<br>Licensed Group<br>604-985-6958<br><br>Vacancy:<br>&nbsp;&nbsp;&nbsp;&nbsp;<36 months: N<br>&nbsp;&nbsp;&nbsp;&nbsp;30 months -- 5 years: N<br>&nbsp;&nbsp;&nbsp;&nbsp;Preschool: N<br>&nbsp;&nbsp;&nbsp;&nbsp;Grade 1 - Age 12: N<br>
2195,Licensed Group,Bee Haven Child Care- The Cove- Infant Toddler,1018 Deep Cove Rd,,North Vancouver,V7G 1S3,49.3161,-122.953263,778-996-2075,,,N,N,N,N,N,N,N,N,N,N,N,N,N,N,N,N,N,,,N,N,N,N,N,N,N,N,N,N,N,2026-05-14,,N,Y,N,Bee Haven Child Care- The Cove- Infant Toddler<br>Licensed Group<br>778-996-2075<br><br>Vacancy:<br>&nbsp;&nbsp;&nbsp;&nbsp;<36 months: N<br>&nbsp;&nbsp;&nbsp;&nbsp;30 months -- 5 years: N<br>&nbsp;&nbsp;&nbsp;&nbsp;Preschool: N<br>&nbsp;&nbsp;&nbsp;&nbsp;Grade 1 - Age 12: N<br>
2196,Licensed Group,Bee Haven Child Care- The Cove- 3-5'S,1026 Deep Cove Rd,,North Vancouver,V7G 1S3,49.3161,-122.953263,778-996-2075,,,N,N,N,N,N,N,N,N,N,N,N,N,N,N,N,N,N,,,N,N,N,N,N,N,N,N,N,N,N,2026-05-14,,N,Y,N,Bee Haven Child Care- The Cove- 3-5'S<br>Licensed Group<br>778-996-2075<br><br>Vacancy:<br>&nbsp;&nbsp;&nbsp;&nbsp;<36 months: N<br>&nbsp;&nbsp;&nbsp;&nbsp;30 months -- 5 years: N<br>&nbsp;&nbsp;&nbsp;&nbsp;Preschool: N<br>&nbsp;&nbsp;&nbsp;&nbsp;Grade 1 - Age 12: N<br>
2197,Licensed Group,Cassie Hall Elementary Seamless Day K / Just B4 Preschool,2620 Eby St,,Terrace,V8G 2X3,54.50787,-128.597332,250-635-5646,,,N,N,N,N,N,N,N,N,N,N,N,N,N,N,N,N,N,,,N,N,N,N,N,N,N,N,N,N,Y,2026-05-07,,N,Y,N,Cassie Hall Elementary Seamless Day K / Just B4 Preschool<br>Licensed Group<br>250-635-5646<br><br>Vacancy:<br>&nbsp;&nbsp;&nbsp;&nbsp;<36 months: N<br>&nbsp;&nbsp;&nbsp;&nbsp;30 months -- 5 years: N<br>&nbsp;&nbsp;&nbsp;&nbsp;Preschool: N<br>&nbsp;&nbsp;&nbsp;&nbsp;Grade 1 - Age 12: Y<br>
2198,Licensed Group,The Children's Centre At Duncan Elementary,1033 Nagle St,,Duncan,V9L 2E6,48.786331,-123.716402,250-597-0308,,,N,N,N,N,N,N,N,N,N,N,N,N,N,N,N,N,N,,,N,N,N,N,N,N,N,N,N,N,N,2026-05-16,,N,Y,N,The Children's Centre At Duncan Elementary<br>Licensed Group<br>250-597-0308<br><br>Vacancy:<br>&nbsp;&nbsp;&nbsp;&nbsp;<36 months: N<br>&nbsp;&nbsp;&nbsp;&nbsp;30 months -- 5 years: N<br>&nbsp;&nbsp;&nbsp;&nbsp;Preschool: N<br>&nbsp;&nbsp;&nbsp;&nbsp;Grade 1 - Age 12: N<br>
2199,Licensed Group,Jericho Kids' Club 1 (Bayview),3505 7Th Ave W,,Vancouver,V6R 0E9,49.266441,-123.182738,604-736-4080,,,N,N,N,N,N,N,N,N,N,N,N,N,N,N,N,N,N,,,N,N,N,N,N,N,N,N,N,N,N,2026-05-21,,N,Y,N,Jericho Kids' Club 1 (Bayview)<br>Licensed Group<br>604-736-4080<br><br>Vacancy:<br>&nbsp;&nbsp;&nbsp;&nbsp;<36 months: N<br>&nbsp;&nbsp;&nbsp;&nbsp;30 months -- 5 years: N<br>&nbsp;&nbsp;&nbsp;&nbsp;Preschool: N<br>&nbsp;&nbsp;&nbsp;&nbsp;Grade 1 - Age 12: N<br>
2200,Licensed Group,Aves Flow,13040 No. 2 Rd,,Richmond,V7E 0C4,49.118345,-123.157932,778-239-9000,,,N,N,N,N,N,N,N,N,N,N,N,N,N,N,N,N,N,,,N,N,N,N,N,N,N,N,N,N,N,2026-05-16,,N,Y,Y,Aves Flow<br>Licensed Group<br>778-239-9000<br><br>Vacancy:<br>&nbsp;&nbsp;&nbsp;&nbsp;<36 months: N<br>&nbsp;&nbsp;&nbsp;&nbsp;30 months -- 5 years: N<br>&nbsp;&nbsp;&nbsp;&nbsp;Preschool: N<br>&nbsp;&nbsp;&nbsp;&nbsp;Grade 1 - Age 12: N<br>
2201,Licensed Group,Aves Flow,13040 No. 2 Rd,,Richmond,V7E 0C4,49.118345,-123.157932,778-239-9000,,,N,N,N,N,N,N,N,N,N,N,N,N,N,N,N,N,N,,,N,N,N,N,N,N,N,N,N,N,N,2026-05-16,,N,Y,Y,Aves Flow<br>Licensed Group<br>778-239-9000<br><br>Vacancy:<br>&nbsp;&nbsp;&nbsp;&nbsp;<36 months: N<br>&nbsp;&nbsp;&nbsp;&nbsp;30 months -- 5 years: N<br>&nbsp;&nbsp;&nbsp;&nbsp;Preschool: N<br>&nbsp;&nbsp;&nbsp;&nbsp;Grade 1 - Age 12: N<br>
2202,Licensed Group,South Nelson Kidz Klub,814 Latimer St,,Nelson,V1L 4V7,49.489562,-117.286123,250-777-3710,,,N,N,N,N,N,N,N,N,N,N,N,N,N,N,N,N,N,,,N,N,N,N,N,N,N,N,N,N,N,2026-05-21,,N,Y,N,South Nelson Kidz Klub<br>Licensed Group<br>250-777-3710<br><br>Vacancy:<br>&nbsp;&nbsp;&nbsp;&nbsp;<36 months: N<br>&nbsp;&nbsp;&nbsp;&nbsp;30 months -- 5 years: N<br>&nbsp;&nbsp;&nbsp;&nbsp;Preschool: N<br>&nbsp;&nbsp;&nbsp;&nbsp;Grade 1 - Age 12: N<br>
2203,Licensed Group,Gleneagles Saplings,6262 Marine Dr,,West Vancouver,V7W 2S5,49.364695,-123.277504,778-838-0335,,,N,N,N,N,N,N,N,N,N,N,N,N,N,N,N,N,N,,,N,N,N,N,N,N,N,N,N,N,Y,2026-05-19,,N,Y,Y,Gleneagles Saplings<br>Licensed Group<br>778-838-0335<br><br>Vacancy:<br>&nbsp;&nbsp;&nbsp;&nbsp;<36 months: N<br>&nbsp;&nbsp;&nbsp;&nbsp;30 months -- 5 years: N<br>&nbsp;&nbsp;&nbsp;&nbsp;Preschool: N<br>&nbsp;&nbsp;&nbsp;&nbsp;Grade 1 - Age 12: Y<br>
2204,Licensed Group,Bee Haven Child Care - The Cove - School Age,1018 Deep Cove Rd,,North Vancouver,V7G 1S3,49.3161,-122.953263,778-996-2075,,,N,N,N,N,N,N,N,N,N,N,N,N,N,N,N,N,N,,,N,N,N,N,N,N,N,N,N,N,N,2026-05-14,,N,Y,N,Bee Haven Child Care - The Cove - School Age<br>Licensed Group<br>778-996-2075<br><br>Vacancy:<br>&nbsp;&nbsp;&nbsp;&nbsp;<36 months: N<br>&nbsp;&nbsp;&nbsp;&nbsp;30 months -- 5 years: N<br>&nbsp;&nbsp;&nbsp;&nbsp;Preschool: N<br>&nbsp;&nbsp;&nbsp;&nbsp;Grade 1 - Age 12: N<br>
2205,Licensed Group,Playtime Childcare Society - Forest Park Location,2050 Latimer Rd,,Nanaimo,V9S 2W5,49.189854,-123.987859,250-714-4555,,,N,N,N,N,N,N,N,N,N,N,N,N,N,N,N,N,N,,,N,N,N,N,N,N,N,Y,Y,N,N,2026-05-15,,N,Y,N,Playtime Childcare Society - Forest Park Location<br>Licensed Group<br>250-714-4555<br><br>Vacancy:<br>&nbsp;&nbsp;&nbsp;&nbsp;<36 months: Y<br>&nbsp;&nbsp;&nbsp;&nbsp;30 months -- 5 years: Y<br>&nbsp;&nbsp;&nbsp;&nbsp;Preschool: N<br>&nbsp;&nbsp;&nbsp;&nbsp;Grade 1 - Age 12: N<br>
2206,Licensed Group,Aspire Preschool Inc,3-415 Dunedin St,,Victoria,V8T 5G8,48.440527,-123.376071,778-899-0985,,,N,N,N,N,N,N,N,N,N,N,N,N,N,N,N,N,N,,,N,N,N,N,N,N,N,N,N,N,N,2026-04-29,,N,Y,N,Aspire Preschool Inc<br>Licensed Group<br>778-899-0985<br><br>Vacancy:<br>&nbsp;&nbsp;&nbsp;&nbsp;<36 months: N<br>&nbsp;&nbsp;&nbsp;&nbsp;30 months -- 5 years: N<br>&nbsp;&nbsp;&nbsp;&nbsp;Preschool: N<br>&nbsp;&nbsp;&nbsp;&nbsp;Grade 1 - Age 12: N<br>
2207,Licensed Group,Ilm - Palsson,9A Grosskleg Way,,Lake Cowichan,V0R 2G0,48.832223,-124.053034,250-585-7897,,,N,N,N,N,N,N,N,N,N,N,N,N,N,N,N,N,N,,,N,N,N,N,N,N,N,Y,Y,N,N,2026-05-15,,N,Y,N,Ilm - Palsson<br>Licensed Group<br>250-585-7897<br><br>Vacancy:<br>&nbsp;&nbsp;&nbsp;&nbsp;<36 months: Y<br>&nbsp;&nbsp;&nbsp;&nbsp;30 months -- 5 years: Y<br>&nbsp;&nbsp;&nbsp;&nbsp;Preschool: N<br>&nbsp;&nbsp;&nbsp;&nbsp;Grade 1 - Age 12: N<br>
2208,Licensed Group,Kids Club After School Program,100-125 10Th Ave S,,Cranbrook,V1C 2N1,49.508986,-115.767988,250-417-9049,,,N,N,N,N,N,N,N,N,N,N,N,N,N,N,N,N,N,,,N,N,N,N,N,N,N,N,Y,N,Y,2026-05-14,,N,N,N,Kids Club After School Program<br>Licensed Group<br>250-417-9049<br><br>Vacancy:<br>&nbsp;&nbsp;&nbsp;&nbsp;<36 months: N<br>&nbsp;&nbsp;&nbsp;&nbsp;30 months -- 5 years: Y<br>&nbsp;&nbsp;&nbsp;&nbsp;Preschool: N<br>&nbsp;&nbsp;&nbsp;&nbsp;Grade 1 - Age 12: Y<br>
2209,Licensed Family,Little Learners,5040 Graham Ave,,Terrace,V8G 1B4,54.506942,-128.617318,250-460-0939,,,N,N,N,N,N,N,N,N,N,N,N,N,N,N,N,N,N,,,N,N,N,N,N,N,N,N,N,N,N,2026-05-15,,N,Y,N,Little Learners<br>Licensed Family<br>250-460-0939<br><br>Vacancy:<br>&nbsp;&nbsp;&nbsp;&nbsp;<36 months: N<br>&nbsp;&nbsp;&nbsp;&nbsp;30 months -- 5 years: N<br>&nbsp;&nbsp;&nbsp;&nbsp;Preschool: N<br>&nbsp;&nbsp;&nbsp;&nbsp;Grade 1 - Age 12: N<br>
2210,Licensed Family,Wiz Wise Childcare Centre,6904 208 St,,Langley,V2Y 0G2,49.127831,-122.64551,778-886-9271,,,N,N,N,N,N,N,Y,Y,N,Y,Y,N,N,N,N,N,Y,Not offered,Not offered,N,N,N,N,N,N,N,N,N,N,N,2026-05-03,,N,Y,N,Wiz Wise Childcare Centre<br>Licensed Family<br>778-886-9271<br><br>Vacancy:<br>&nbsp;&nbsp;&nbsp;&nbsp;<36 months: N<br>&nbsp;&nbsp;&nbsp;&nbsp;30 months -- 5 years: N<br>&nbsp;&nbsp;&nbsp;&nbsp;Preschool: N<br>&nbsp;&nbsp;&nbsp;&nbsp;Grade 1 - Age 12: N<br>
2211,Licensed Family,3 Bee's Marble Hill Daycare,7267 Marble Hill Rd,,Chilliwack,V4Z 0A3,49.134604,-121.836529,604-440-5923,,,N,N,N,N,N,N,N,N,N,N,N,N,N,N,N,N,N,,,N,N,N,N,N,N,N,Y,Y,N,Y,2026-05-15,,N,Y,N,3 Bee's Marble Hill Daycare<br>Licensed Family<br>604-440-5923<br><br>Vacancy:<br>&nbsp;&nbsp;&nbsp;&nbsp;<36 months: Y<br>&nbsp;&nbsp;&nbsp;&nbsp;30 months -- 5 years: Y<br>&nbsp;&nbsp;&nbsp;&nbsp;Preschool: N<br>&nbsp;&nbsp;&nbsp;&nbsp;Grade 1 - Age 12: Y<br>
2212,Licensed Family,Apple Daycare Center,16166 95A Ave,,Surrey,V4N 2P2,49.175996,-122.774346,604-968-3713,,,N,N,N,N,N,N,N,N,N,N,N,N,N,N,N,N,N,,,N,N,N,N,N,N,N,N,N,N,N,2026-05-15,,N,Y,N,Apple Daycare Center<br>Licensed Family<br>604-968-3713<br><br>Vacancy:<br>&nbsp;&nbsp;&nbsp;&nbsp;<36 months: N<br>&nbsp;&nbsp;&nbsp;&nbsp;30 months -- 5 years: N<br>&nbsp;&nbsp;&nbsp;&nbsp;Preschool: N<br>&nbsp;&nbsp;&nbsp;&nbsp;Grade 1 - Age 12: N<br>
2213,Licensed Family,Tiny Tykes Family Childcare,46095 Brooks Ave,,Chilliwack,V2P 1C1,49.159161,-121.949094,778-955-7987,,,N,N,N,N,N,N,N,N,N,N,N,N,N,N,N,N,N,,,N,N,N,N,N,N,N,N,N,N,N,2026-05-15,,N,Y,N,Tiny Tykes Family Childcare<br>Licensed Family<br>778-955-7987<br><br>Vacancy:<br>&nbsp;&nbsp;&nbsp;&nbsp;<36 months: N<br>&nbsp;&nbsp;&nbsp;&nbsp;30 months -- 5 years: N<br>&nbsp;&nbsp;&nbsp;&nbsp;Preschool: N<br>&nbsp;&nbsp;&nbsp;&nbsp;Grade 1 - Age 12: N<br>
2214,Licensed Group,Kiddie Cloud Montessori Ltd. - Group Child Care 30M To S/A,38320 Westway Ave,,Squamish,V8B 0W6,49.702488,-123.128785,604-390-0729,,,N,N,N,N,N,N,N,N,N,N,N,N,N,N,N,N,N,,,N,N,N,N,N,N,N,Y,Y,N,N,2026-05-15,,N,Y,N,Kiddie Cloud Montessori Ltd. - Group Child Care 30M To S/A<br>Licensed Group<br>604-390-0729<br><br>Vacancy:<br>&nbsp;&nbsp;&nbsp;&nbsp;<36 months: Y<br>&nbsp;&nbsp;&nbsp;&nbsp;30 months -- 5 years: Y<br>&nbsp;&nbsp;&nbsp;&nbsp;Preschool: N<br>&nbsp;&nbsp;&nbsp;&nbsp;Grade 1 - Age 12: N<br>
2215,Licensed Family,Patty-Cake Family Childcare,2572 Crown Crest Dr,,West Kelowna,V4T 3N3,49.863296,-119.624752,604-961-0785,,,N,N,N,N,N,N,N,N,N,N,N,N,N,N,N,N,N,,,N,N,N,N,N,N,N,N,N,N,N,2026-05-14,,N,Y,N,Patty-Cake Family Childcare<br>Licensed Family<br>604-961-0785<br><br>Vacancy:<br>&nbsp;&nbsp;&nbsp;&nbsp;<36 months: N<br>&nbsp;&nbsp;&nbsp;&nbsp;30 months -- 5 years: N<br>&nbsp;&nbsp;&nbsp;&nbsp;Preschool: N<br>&nbsp;&nbsp;&nbsp;&nbsp;Grade 1 - Age 12: N<br>
2216,Licensed Family,Kids & I Daycare Ltd,31505 Southern Dr,,Abbotsford,V2T 5P1,49.05931,-122.351688,604-679-9035,,,N,N,N,N,N,N,N,N,N,N,N,N,N,N,N,N,N,,,N,N,N,N,N,N,N,N,Y,N,N,2026-05-17,,N,Y,N,Kids & I Daycare Ltd<br>Licensed Family<br>604-679-9035<br><br>Vacancy:<br>&nbsp;&nbsp;&nbsp;&nbsp;<36 months: N<br>&nbsp;&nbsp;&nbsp;&nbsp;30 months -- 5 years: Y<br>&nbsp;&nbsp;&nbsp;&nbsp;Preschool: N<br>&nbsp;&nbsp;&nbsp;&nbsp;Grade 1 - Age 12: N<br>
2217,Licensed Group,Jitterbugs Childcare Inc. - Valley View,6-1400 Cowichan Bay Rd,,Cobble Hill,V0R 1L3,48.71016,-123.608215,250-710-4508,,,N,N,N,N,N,N,N,N,N,N,N,N,N,N,N,N,N,,,N,N,N,N,N,N,N,Y,Y,Y,Y,2026-05-19,,N,Y,N,Jitterbugs Childcare Inc. - Valley View<br>Licensed Group<br>250-710-4508<br><br>Vacancy:<br>&nbsp;&nbsp;&nbsp;&nbsp;<36 months: Y<br>&nbsp;&nbsp;&nbsp;&nbsp;30 months -- 5 years: Y<br>&nbsp;&nbsp;&nbsp;&nbsp;Preschool: Y<br>&nbsp;&nbsp;&nbsp;&nbsp;Grade 1 - Age 12: Y<br>
2218,Licensed Group,Braefoot Childcare Program - Marigold Campus,3751 Grange Rd,,Victoria,V8Z 4T2,48.461848,-123.409157,778-535-6351,,,N,N,N,N,N,N,N,N,N,N,N,N,N,N,N,N,N,,,N,N,N,N,N,N,N,Y,Y,N,Y,2026-05-20,,N,Y,N,Braefoot Childcare Program - Marigold Campus<br>Licensed Group<br>778-535-6351<br><br>Vacancy:<br>&nbsp;&nbsp;&nbsp;&nbsp;<36 months: Y<br>&nbsp;&nbsp;&nbsp;&nbsp;30 months -- 5 years: Y<br>&nbsp;&nbsp;&nbsp;&nbsp;Preschool: N<br>&nbsp;&nbsp;&nbsp;&nbsp;Grade 1 - Age 12: Y<br>
2219,Licensed Family,Brainy Kids Montessori Daycare Inc,8482 Hall Pl,,Delta,V4C 6A1,49.157229,-122.897944,236-880-7136,,,N,N,N,N,N,N,N,N,N,N,N,N,N,N,N,N,N,,,N,N,N,N,N,N,N,N,N,N,N,2026-04-21,,N,Y,N,Brainy Kids Montessori Daycare Inc<br>Licensed Family<br>236-880-7136<br><br>Vacancy:<br>&nbsp;&nbsp;&nbsp;&nbsp;<36 months: N<br>&nbsp;&nbsp;&nbsp;&nbsp;30 months -- 5 years: N<br>&nbsp;&nbsp;&nbsp;&nbsp;Preschool: N<br>&nbsp;&nbsp;&nbsp;&nbsp;Grade 1 - Age 12: N<br>
2220,Licensed Family,Nubo Kids Center,101-7312 Magnolia Terr,,Burnaby,V5E 4M2,49.216604,-122.963483,604-771-9827,,,N,N,N,N,N,N,N,N,N,N,N,N,N,N,N,N,N,,,N,N,N,N,N,N,N,N,N,N,N,2026-04-28,,N,Y,N,Nubo Kids Center<br>Licensed Family<br>604-771-9827<br><br>Vacancy:<br>&nbsp;&nbsp;&nbsp;&nbsp;<36 months: N<br>&nbsp;&nbsp;&nbsp;&nbsp;30 months -- 5 years: N<br>&nbsp;&nbsp;&nbsp;&nbsp;Preschool: N<br>&nbsp;&nbsp;&nbsp;&nbsp;Grade 1 - Age 12: N<br>
2221,Licensed Group,Ocean Rain International Daycare Center - Hillside,1038 Hillside Ave,,Victoria,V8T 2A5,48.439942,-123.3576,250-590-3331,,,Y,N,N,N,N,N,Y,Y,N,N,N,N,N,Y,N,N,N,Not offered,Not offered,N,N,N,N,N,Y,Y,N,N,N,N,2026-05-15,,N,Y,N,Ocean Rain International Daycare Center - Hillside<br>Licensed Group<br>250-590-3331<br><br>Vacancy:<br>&nbsp;&nbsp;&nbsp;&nbsp;<36 months: N<br>&nbsp;&nbsp;&nbsp;&nbsp;30 months -- 5 years: N<br>&nbsp;&nbsp;&nbsp;&nbsp;Preschool: N<br>&nbsp;&nbsp;&nbsp;&nbsp;Grade 1 - Age 12: N<br>
2222,Licensed Group,Acre Wood Daycare And Early Learning Incorporated,201 & 202 - 9842 Resthaven Dr,,Sidney,V8L 3E6,48.649997,-123.402554,613-252-4833,,,N,N,N,N,N,N,N,N,N,N,N,N,N,N,N,N,N,,,N,N,N,N,N,N,N,N,N,N,N,2026-05-15,,N,Y,N,Acre Wood Daycare And Early Learning Incorporated<br>Licensed Group<br>613-252-4833<br><br>Vacancy:<br>&nbsp;&nbsp;&nbsp;&nbsp;<36 months: N<br>&nbsp;&nbsp;&nbsp;&nbsp;30 months -- 5 years: N<br>&nbsp;&nbsp;&nbsp;&nbsp;Preschool: N<br>&nbsp;&nbsp;&nbsp;&nbsp;Grade 1 - Age 12: N<br>
2223,Licensed Group,Taylin Child Care South Surrey,2350 148Th St,,Surrey,V4A 4M7,49.04441,-122.81198,604-349-4066,,,N,N,N,N,N,N,N,N,N,N,N,N,N,N,N,N,N,,,N,N,N,N,N,N,N,N,N,N,N,2026-05-15,,N,Y,N,Taylin Child Care South Surrey<br>Licensed Group<br>604-349-4066<br><br>Vacancy:<br>&nbsp;&nbsp;&nbsp;&nbsp;<36 months: N<br>&nbsp;&nbsp;&nbsp;&nbsp;30 months -- 5 years: N<br>&nbsp;&nbsp;&nbsp;&nbsp;Preschool: N<br>&nbsp;&nbsp;&nbsp;&nbsp;Grade 1 - Age 12: N<br>
2224,Licensed Family,Love N Care Childcare,911 Wild Ridge Way,,Victoria,V9C 0H1,48.407877,-123.532225,250-739-9429,,,N,N,N,N,N,N,N,N,N,N,N,N,N,N,N,N,N,,,N,N,N,N,N,N,N,N,N,N,N,2026-05-16,,N,Y,N,Love N Care Childcare<br>Licensed Family<br>250-739-9429<br><br>Vacancy:<br>&nbsp;&nbsp;&nbsp;&nbsp;<36 months: N<br>&nbsp;&nbsp;&nbsp;&nbsp;30 months -- 5 years: N<br>&nbsp;&nbsp;&nbsp;&nbsp;Preschool: N<br>&nbsp;&nbsp;&nbsp;&nbsp;Grade 1 - Age 12: N<br>
2225,Licensed Family,Colorful Cornerstone Mandarin Academic Learning Centre,3374 Watkins Ave,,Coquitlam,V3E 0H5,49.299122,-122.757788,604-900-3074,,,N,N,N,N,N,N,N,N,N,N,N,N,N,N,N,N,N,,,N,N,N,N,N,N,N,Y,Y,N,Y,2026-04-16,,N,Y,N,Colorful Cornerstone Mandarin Academic Learning Centre<br>Licensed Family<br>604-900-3074<br><br>Vacancy:<br>&nbsp;&nbsp;&nbsp;&nbsp;<36 months: Y<br>&nbsp;&nbsp;&nbsp;&nbsp;30 months -- 5 years: Y<br>&nbsp;&nbsp;&nbsp;&nbsp;Preschool: N<br>&nbsp;&nbsp;&nbsp;&nbsp;Grade 1 - Age 12: Y<br>
2226,Licensed Family,Tiny Roots Daycare,9468 119 St,,Delta,V4C 6M6,49.174849,-122.894066,778-855-3736,,,N,N,N,N,N,N,N,N,N,N,N,N,N,N,N,N,N,,,N,N,N,N,N,N,N,Y,Y,N,N,2026-05-11,,N,Y,N,Tiny Roots Daycare<br>Licensed Family<br>778-855-3736<br><br>Vacancy:<br>&nbsp;&nbsp;&nbsp;&nbsp;<36 months: Y<br>&nbsp;&nbsp;&nbsp;&nbsp;30 months -- 5 years: Y<br>&nbsp;&nbsp;&nbsp;&nbsp;Preschool: N<br>&nbsp;&nbsp;&nbsp;&nbsp;Grade 1 - Age 12: N<br>
2227,Licensed Family,Bright Beginnings,8703 Lakeview Dr,,Coldstream,V1B 1W6,50.229946,-119.285134,250-550-6340,,,N,N,N,N,N,N,N,N,N,N,N,N,N,N,N,N,N,,,N,N,N,N,N,N,N,N,N,N,N,2026-04-29,,N,Y,N,Bright Beginnings<br>Licensed Family<br>250-550-6340<br><br>Vacancy:<br>&nbsp;&nbsp;&nbsp;&nbsp;<36 months: N<br>&nbsp;&nbsp;&nbsp;&nbsp;30 months -- 5 years: N<br>&nbsp;&nbsp;&nbsp;&nbsp;Preschool: N<br>&nbsp;&nbsp;&nbsp;&nbsp;Grade 1 - Age 12: N<br>
2228,Licensed Family,Little Sunshine Day Care,2660 Albert Way,,Abbotsford,V2T 2R2,49.050629,-122.346389,604-584-3536,,,Y,N,N,N,N,N,Y,Y,N,Y,Y,N,Y,N,N,N,N,Not offered,Include in fee,N,N,N,N,N,N,N,N,N,N,N,2026-05-16,,N,Y,N,Little Sunshine Day Care<br>Licensed Family<br>604-584-3536<br><br>Vacancy:<br>&nbsp;&nbsp;&nbsp;&nbsp;<36 months: N<br>&nbsp;&nbsp;&nbsp;&nbsp;30 months -- 5 years: N<br>&nbsp;&nbsp;&nbsp;&nbsp;Preschool: N<br>&nbsp;&nbsp;&nbsp;&nbsp;Grade 1 - Age 12: N<br>
2229,Licensed Family,Riverside Family Childcare,80 River Terr,,Nanaimo,V9X 1E1,49.073707,-123.917163,250-802-2372,,,N,N,N,N,N,N,N,N,N,N,N,N,N,N,N,N,N,,,N,N,N,N,N,N,N,N,N,N,N,2026-05-15,,N,Y,N,Riverside Family Childcare<br>Licensed Family<br>250-802-2372<br><br>Vacancy:<br>&nbsp;&nbsp;&nbsp;&nbsp;<36 months: N<br>&nbsp;&nbsp;&nbsp;&nbsp;30 months -- 5 years: N<br>&nbsp;&nbsp;&nbsp;&nbsp;Preschool: N<br>&nbsp;&nbsp;&nbsp;&nbsp;Grade 1 - Age 12: N<br>
2230,Licensed Group,Making Waves Childcare Inc.,119-12809 Kelly Ave,,Summerland,V0H 1Z2,49.600205,-119.68003,250-328-4083,,,N,N,N,N,N,N,N,N,N,N,N,N,N,N,N,N,N,,,N,N,N,N,N,N,N,N,N,N,N,2026-05-11,,N,Y,N,Making Waves Childcare Inc.<br>Licensed Group<br>250-328-4083<br><br>Vacancy:<br>&nbsp;&nbsp;&nbsp;&nbsp;<36 months: N<br>&nbsp;&nbsp;&nbsp;&nbsp;30 months -- 5 years: N<br>&nbsp;&nbsp;&nbsp;&nbsp;Preschool: N<br>&nbsp;&nbsp;&nbsp;&nbsp;Grade 1 - Age 12: N<br>
2231,Licensed Family,Polly's Playhouse,9625 Sixth St,,Sidney,V8L 2W1,48.645059,-123.401173,250-652-5872,,,N,N,N,N,N,N,N,N,N,N,N,N,N,N,N,N,N,,,N,N,N,N,N,N,N,N,N,N,N,2026-05-15,,N,Y,N,Polly's Playhouse<br>Licensed Family<br>250-652-5872<br><br>Vacancy:<br>&nbsp;&nbsp;&nbsp;&nbsp;<36 months: N<br>&nbsp;&nbsp;&nbsp;&nbsp;30 months -- 5 years: N<br>&nbsp;&nbsp;&nbsp;&nbsp;Preschool: N<br>&nbsp;&nbsp;&nbsp;&nbsp;Grade 1 - Age 12: N<br>
2232,Licensed Family,Cedar Early Learning Centre,1491 Berkley Rd,,North Vancouver,V7H 1Y5,49.320878,-123.00529,604-987-3181,,,N,N,N,N,N,N,N,N,N,N,N,N,N,N,N,N,N,,,N,N,N,N,N,N,N,Y,Y,N,N,2026-05-11,,N,Y,N,Cedar Early Learning Centre<br>Licensed Family<br>604-987-3181<br><br>Vacancy:<br>&nbsp;&nbsp;&nbsp;&nbsp;<36 months: Y<br>&nbsp;&nbsp;&nbsp;&nbsp;30 months -- 5 years: Y<br>&nbsp;&nbsp;&nbsp;&nbsp;Preschool: N<br>&nbsp;&nbsp;&nbsp;&nbsp;Grade 1 - Age 12: N<br>
2233,Licensed Group,Chuchuwayha Early Learning Centre,161 B Snaza'ist Rd,,Hedley,V0X 1K0,49.356678,-120.07884,250-292-8099,,,N,N,N,N,N,N,N,N,N,N,N,N,N,N,N,N,N,,,N,N,N,N,N,N,N,Y,Y,N,N,2026-05-08,,N,Y,N,Chuchuwayha Early Learning Centre<br>Licensed Group<br>250-292-8099<br><br>Vacancy:<br>&nbsp;&nbsp;&nbsp;&nbsp;<36 months: Y<br>&nbsp;&nbsp;&nbsp;&nbsp;30 months -- 5 years: Y<br>&nbsp;&nbsp;&nbsp;&nbsp;Preschool: N<br>&nbsp;&nbsp;&nbsp;&nbsp;Grade 1 - Age 12: N<br>
2234,Licensed Group,Kids Canvas Childcare (Surrey),9243 152Nd St,,Surrey,V3R 4G1,49.170806,-122.801529,778-926-5707,,,N,N,N,N,N,N,N,N,N,N,N,N,N,N,N,N,N,,,N,N,N,N,N,N,N,N,N,N,N,2026-05-17,,N,Y,N,Kids Canvas Childcare (Surrey)<br>Licensed Group<br>778-926-5707<br><br>Vacancy:<br>&nbsp;&nbsp;&nbsp;&nbsp;<36 months: N<br>&nbsp;&nbsp;&nbsp;&nbsp;30 months -- 5 years: N<br>&nbsp;&nbsp;&nbsp;&nbsp;Preschool: N<br>&nbsp;&nbsp;&nbsp;&nbsp;Grade 1 - Age 12: N<br>
2235,Licensed Family,Megans Nature Childcare,4236 Churchill Rd,,Prince George,V2K 1C3,53.94497,-122.79841,250-640-4076,,,N,N,N,N,N,N,N,N,N,N,N,N,N,N,N,N,N,,,N,N,N,N,N,N,N,N,N,N,N,2026-05-14,,N,Y,N,Megans Nature Childcare<br>Licensed Family<br>250-640-4076<br><br>Vacancy:<br>&nbsp;&nbsp;&nbsp;&nbsp;<36 months: N<br>&nbsp;&nbsp;&nbsp;&nbsp;30 months -- 5 years: N<br>&nbsp;&nbsp;&nbsp;&nbsp;Preschool: N<br>&nbsp;&nbsp;&nbsp;&nbsp;Grade 1 - Age 12: N<br>
2236,Licensed Group,Lynn Early Learning Centre,3504 Chandler St,,Coquitlam,V3E 0K2,49.297193,-122.743705,604-902-7905,,,N,N,N,N,N,N,N,N,N,N,N,N,N,N,N,N,N,,,N,N,N,N,N,N,N,N,N,N,N,2026-04-30,,N,Y,N,Lynn Early Learning Centre<br>Licensed Group<br>604-902-7905<br><br>Vacancy:<br>&nbsp;&nbsp;&nbsp;&nbsp;<36 months: N<br>&nbsp;&nbsp;&nbsp;&nbsp;30 months -- 5 years: N<br>&nbsp;&nbsp;&nbsp;&nbsp;Preschool: N<br>&nbsp;&nbsp;&nbsp;&nbsp;Grade 1 - Age 12: N<br>
2237,Licensed Family,Revelstoke Sunnyside Daycare,9A-1306 Downie St,,Revelstoke,V0E 2S2,50.986191,-118.196439,250-534-9321,,,N,N,N,N,N,N,N,N,N,N,N,N,N,N,N,N,N,,,N,N,N,N,N,N,N,N,N,N,N,2026-04-22,,N,N,N,Revelstoke Sunnyside Daycare<br>Licensed Family<br>250-534-9321<br><br>Vacancy:<br>&nbsp;&nbsp;&nbsp;&nbsp;<36 months: N<br>&nbsp;&nbsp;&nbsp;&nbsp;30 months -- 5 years: N<br>&nbsp;&nbsp;&nbsp;&nbsp;Preschool: N<br>&nbsp;&nbsp;&nbsp;&nbsp;Grade 1 - Age 12: N<br>
2238,Licensed Group,Grasshoppers Childcare Centre,907 Ethel St,,Kelowna,V1Y 2W1,49.898732,-119.48135,250-717-7631,,,N,N,N,N,N,N,N,N,N,N,N,N,N,N,N,N,N,,,N,N,N,N,N,N,N,Y,Y,N,N,2026-05-18,,N,Y,N,Grasshoppers Childcare Centre<br>Licensed Group<br>250-717-7631<br><br>Vacancy:<br>&nbsp;&nbsp;&nbsp;&nbsp;<36 months: Y<br>&nbsp;&nbsp;&nbsp;&nbsp;30 months -- 5 years: Y<br>&nbsp;&nbsp;&nbsp;&nbsp;Preschool: N<br>&nbsp;&nbsp;&nbsp;&nbsp;Grade 1 - Age 12: N<br>
2239,Licensed Group,Glow And Grow Children's Centre,705 Blythwood Dr,,North Vancouver,V7N 2W8,49.338653,-123.088493,604-396-1851,,,N,N,N,N,N,N,N,N,N,N,N,N,N,N,N,N,N,,,N,N,N,N,N,N,N,Y,Y,Y,N,2026-05-15,,N,Y,N,Glow And Grow Children's Centre<br>Licensed Group<br>604-396-1851<br><br>Vacancy:<br>&nbsp;&nbsp;&nbsp;&nbsp;<36 months: Y<br>&nbsp;&nbsp;&nbsp;&nbsp;30 months -- 5 years: Y<br>&nbsp;&nbsp;&nbsp;&nbsp;Preschool: Y<br>&nbsp;&nbsp;&nbsp;&nbsp;Grade 1 - Age 12: N<br>
2240,Licensed Group,Jolly Giant Childcare - 2522 Nadely,2522 Nadely Cres,,Nanaimo,V9T 5T1,49.194822,-124.008568,250-585-8890,,,N,N,N,N,N,N,N,N,N,N,N,N,N,N,N,N,N,,,N,N,N,N,N,N,N,N,N,N,N,2026-05-15,,N,Y,N,Jolly Giant Childcare - 2522 Nadely<br>Licensed Group<br>250-585-8890<br><br>Vacancy:<br>&nbsp;&nbsp;&nbsp;&nbsp;<36 months: N<br>&nbsp;&nbsp;&nbsp;&nbsp;30 months -- 5 years: N<br>&nbsp;&nbsp;&nbsp;&nbsp;Preschool: N<br>&nbsp;&nbsp;&nbsp;&nbsp;Grade 1 - Age 12: N<br>
2241,Licensed Group,Blossom Early Childhood Center,3937 Quadra St,,Victoria,V8X 1J5,48.46531,-123.360165,778-677-4021,,,N,N,N,N,N,N,N,N,N,N,N,N,N,N,N,N,N,,,N,N,N,N,N,N,N,Y,N,N,N,2026-05-04,,N,Y,N,Blossom Early Childhood Center<br>Licensed Group<br>778-677-4021<br><br>Vacancy:<br>&nbsp;&nbsp;&nbsp;&nbsp;<36 months: Y<br>&nbsp;&nbsp;&nbsp;&nbsp;30 months -- 5 years: N<br>&nbsp;&nbsp;&nbsp;&nbsp;Preschool: N<br>&nbsp;&nbsp;&nbsp;&nbsp;Grade 1 - Age 12: N<br>
2242,Licensed Group,Comfort First Early Learning,1450 Peninsula Rd,,Ucluelet,V0R 3A0,48.93973,-125.544269,250-266-4290,,,N,N,N,N,N,N,N,N,N,N,N,N,N,N,N,N,N,,,N,N,N,N,N,N,N,N,N,N,N,2026-04-30,,N,Y,N,Comfort First Early Learning<br>Licensed Group<br>250-266-4290<br><br>Vacancy:<br>&nbsp;&nbsp;&nbsp;&nbsp;<36 months: N<br>&nbsp;&nbsp;&nbsp;&nbsp;30 months -- 5 years: N<br>&nbsp;&nbsp;&nbsp;&nbsp;Preschool: N<br>&nbsp;&nbsp;&nbsp;&nbsp;Grade 1 - Age 12: N<br>
2243,Licensed Group,The Learning Cove,5505 Butler St,,Summerland,V0H 1Z1,49.598524,-119.652928,647-677-7739,,,N,N,N,N,N,N,N,N,N,N,N,N,N,N,N,N,N,,,N,N,N,N,N,N,N,N,N,N,N,2026-05-15,,N,Y,N,The Learning Cove<br>Licensed Group<br>647-677-7739<br><br>Vacancy:<br>&nbsp;&nbsp;&nbsp;&nbsp;<36 months: N<br>&nbsp;&nbsp;&nbsp;&nbsp;30 months -- 5 years: N<br>&nbsp;&nbsp;&nbsp;&nbsp;Preschool: N<br>&nbsp;&nbsp;&nbsp;&nbsp;Grade 1 - Age 12: N<br>
2244,Licensed Family,Annar Fine Art Academy,2900 Waterford Pl,,Coquitlam,V3E 2S1,49.296179,-122.794089,778-822-7120,,,N,N,N,N,N,N,N,N,N,N,N,N,N,N,N,N,N,,,N,N,N,N,N,N,N,Y,Y,N,N,2026-05-15,,N,Y,N,Annar Fine Art Academy<br>Licensed Family<br>778-822-7120<br><br>Vacancy:<br>&nbsp;&nbsp;&nbsp;&nbsp;<36 months: Y<br>&nbsp;&nbsp;&nbsp;&nbsp;30 months -- 5 years: Y<br>&nbsp;&nbsp;&nbsp;&nbsp;Preschool: N<br>&nbsp;&nbsp;&nbsp;&nbsp;Grade 1 - Age 12: N<br>
2245,Licensed Family,Kids Clubhouse,934 Calverhall St,,North Vancouver,V7L 1Y2,49.316078,-123.046202,778-340-0081,,,N,N,N,N,N,N,N,N,N,N,N,N,N,N,N,N,N,,,N,N,N,N,N,N,N,N,N,N,N,2026-05-18,,N,Y,N,Kids Clubhouse<br>Licensed Family<br>778-340-0081<br><br>Vacancy:<br>&nbsp;&nbsp;&nbsp;&nbsp;<36 months: N<br>&nbsp;&nbsp;&nbsp;&nbsp;30 months -- 5 years: N<br>&nbsp;&nbsp;&nbsp;&nbsp;Preschool: N<br>&nbsp;&nbsp;&nbsp;&nbsp;Grade 1 - Age 12: N<br>
2246,Licensed Group,Edgewood Park Child Care Centre,16736 22A Ave,,Surrey,V3Z 0M7,49.042741,-122.759252,778-319-6866,,,,,,,,,,,,,,,,,,,,,,,,,,,,,,,,,,,Y,Y,N,Edgewood Park Child Care Centre<br>Licensed Group<br>778-319-6866<br><br>Vacancy:<br>&nbsp;&nbsp;&nbsp;&nbsp;<36 months: None<br>&nbsp;&nbsp;&nbsp;&nbsp;30 months -- 5 years: None<br>&nbsp;&nbsp;&nbsp;&nbsp;Preschool: None<br>&nbsp;&nbsp;&nbsp;&nbsp;Grade 1 - Age 12: None<br>
2247,Licensed Group,Davidson ymca Kids Club,15550 99A Ave,,Surrey,V3R 9H5,49.183217,-122.791334,604-307-4863,,,N,N,N,N,N,N,N,N,N,N,N,N,N,N,N,N,N,,,N,N,N,N,N,N,N,N,N,N,N,2026-05-14,,N,Y,N,Davidson ymca Kids Club<br>Licensed Group<br>604-307-4863<br><br>Vacancy:<br>&nbsp;&nbsp;&nbsp;&nbsp;<36 months: N<br>&nbsp;&nbsp;&nbsp;&nbsp;30 months -- 5 years: N<br>&nbsp;&nbsp;&nbsp;&nbsp;Preschool: N<br>&nbsp;&nbsp;&nbsp;&nbsp;Grade 1 - Age 12: N<br>
2248,Licensed Family,Nurture And Grow Childcare,710 Whitehead St,,Sicamous,V0E 2V1,50.836984,-118.973347,403-598-2982,,,N,N,N,N,N,N,N,N,N,N,N,N,N,N,N,N,N,,,N,N,N,N,N,N,N,N,N,N,N,2026-05-12,,N,Y,N,Nurture And Grow Childcare<br>Licensed Family<br>403-598-2982<br><br>Vacancy:<br>&nbsp;&nbsp;&nbsp;&nbsp;<36 months: N<br>&nbsp;&nbsp;&nbsp;&nbsp;30 months -- 5 years: N<br>&nbsp;&nbsp;&nbsp;&nbsp;Preschool: N<br>&nbsp;&nbsp;&nbsp;&nbsp;Grade 1 - Age 12: N<br>
2249,Licensed Group,Tiny Hoppers Nanaimo,6660 Mary Ellen Dr,,Nanaimo,V9V 1T7,49.237426,-124.054267,250-739-6999,,,N,N,N,N,N,N,N,N,N,N,N,N,N,N,N,N,N,,,N,N,N,N,N,N,N,N,N,N,N,2026-05-18,,N,Y,N,Tiny Hoppers Nanaimo<br>Licensed Group<br>250-739-6999<br><br>Vacancy:<br>&nbsp;&nbsp;&nbsp;&nbsp;<36 months: N<br>&nbsp;&nbsp;&nbsp;&nbsp;30 months -- 5 years: N<br>&nbsp;&nbsp;&nbsp;&nbsp;Preschool: N<br>&nbsp;&nbsp;&nbsp;&nbsp;Grade 1 - Age 12: N<br>
2250,Licensed Group,ymca Tumbler Ridge School Age Child Care,355 Monkman Way,,Tumbler Ridge,V0C 2W0,55.12979,-121.004206,250-961-7046,,,N,N,N,N,N,N,N,N,N,N,N,N,N,N,N,N,N,,,N,N,N,N,N,N,N,N,N,N,N,2026-05-14,,N,Y,N,ymca Tumbler Ridge School Age Child Care<br>Licensed Group<br>250-961-7046<br><br>Vacancy:<br>&nbsp;&nbsp;&nbsp;&nbsp;<36 months: N<br>&nbsp;&nbsp;&nbsp;&nbsp;30 months -- 5 years: N<br>&nbsp;&nbsp;&nbsp;&nbsp;Preschool: N<br>&nbsp;&nbsp;&nbsp;&nbsp;Grade 1 - Age 12: N<br>
2251,Licensed Group,Uy'sqwalawun Childcare Centre,702 Capilano Rd,,Lantzville,V0R 2H0,49.248966,-124.123108,250-390-0003,,,N,N,N,N,N,N,N,N,N,N,N,N,N,N,N,N,N,,,N,N,N,N,N,N,N,Y,Y,N,Y,2026-04-17,,N,Y,N,Uy'sqwalawun Childcare Centre<br>Licensed Group<br>250-390-0003<br><br>Vacancy:<br>&nbsp;&nbsp;&nbsp;&nbsp;<36 months: Y<br>&nbsp;&nbsp;&nbsp;&nbsp;30 months -- 5 years: Y<br>&nbsp;&nbsp;&nbsp;&nbsp;Preschool: N<br>&nbsp;&nbsp;&nbsp;&nbsp;Grade 1 - Age 12: Y<br>
2252,Licensed Group,Happy Smile Childcare Centre,7615 17Th Ave,,Burnaby,V3N 1L6,49.221341,-122.940799,778-697-0998,,,N,N,N,N,N,N,N,N,N,N,N,N,N,N,N,N,N,,,N,N,N,N,N,N,N,N,N,N,N,2026-04-27,,N,Y,N,Happy Smile Childcare Centre<br>Licensed Group<br>778-697-0998<br><br>Vacancy:<br>&nbsp;&nbsp;&nbsp;&nbsp;<36 months: N<br>&nbsp;&nbsp;&nbsp;&nbsp;30 months -- 5 years: N<br>&nbsp;&nbsp;&nbsp;&nbsp;Preschool: N<br>&nbsp;&nbsp;&nbsp;&nbsp;Grade 1 - Age 12: N<br>
2253,Licensed Group,Cocomelon Learning Centre 27Th Ave,4405 27 Ave,,Vernon,V1T 6L2,50.261123,-119.299119,306-471-4567,,,N,N,N,N,N,N,N,N,N,N,N,N,N,N,N,N,N,,,N,N,N,N,N,N,N,N,N,N,N,2026-05-15,,N,Y,N,Cocomelon Learning Centre 27Th Ave<br>Licensed Group<br>306-471-4567<br><br>Vacancy:<br>&nbsp;&nbsp;&nbsp;&nbsp;<36 months: N<br>&nbsp;&nbsp;&nbsp;&nbsp;30 months -- 5 years: N<br>&nbsp;&nbsp;&nbsp;&nbsp;Preschool: N<br>&nbsp;&nbsp;&nbsp;&nbsp;Grade 1 - Age 12: N<br>
2254,Licensed Group,H&S Daycare Ltd,21467 Dewdney Trunk Rd,,Maple Ridge,V2X 3G5,49.221128,-122.62629,604-561-9615,,,N,N,N,N,N,N,N,N,N,N,N,N,N,N,N,N,N,,,N,N,N,N,N,N,N,Y,Y,N,Y,2026-05-15,,N,Y,N,H&S Daycare Ltd<br>Licensed Group<br>604-561-9615<br><br>Vacancy:<br>&nbsp;&nbsp;&nbsp;&nbsp;<36 months: Y<br>&nbsp;&nbsp;&nbsp;&nbsp;30 months -- 5 years: Y<br>&nbsp;&nbsp;&nbsp;&nbsp;Preschool: N<br>&nbsp;&nbsp;&nbsp;&nbsp;Grade 1 - Age 12: Y<br>
2255,Licensed Group,Lfas Care Center,9096 Trattle St,,Langley,V1M 2S3,49.168154,-122.586922,604-880-7297,,,N,N,N,N,N,N,N,N,N,N,N,N,N,N,N,N,N,,,N,N,N,N,N,N,N,N,N,N,N,2026-05-03,,N,Y,N,Lfas Care Center<br>Licensed Group<br>604-880-7297<br><br>Vacancy:<br>&nbsp;&nbsp;&nbsp;&nbsp;<36 months: N<br>&nbsp;&nbsp;&nbsp;&nbsp;30 months -- 5 years: N<br>&nbsp;&nbsp;&nbsp;&nbsp;Preschool: N<br>&nbsp;&nbsp;&nbsp;&nbsp;Grade 1 - Age 12: N<br>
2256,Licensed Family,Kirsty's Daycare,3615 Veranda Crt,,Westbank,V4T 3C5,49.841042,-119.600332,778-385-3675,,,N,N,N,N,N,N,N,N,N,N,N,N,N,N,N,N,N,,,N,N,N,N,N,N,N,N,N,N,N,2026-04-13,,N,Y,N,Kirsty's Daycare<br>Licensed Family<br>778-385-3675<br><br>Vacancy:<br>&nbsp;&nbsp;&nbsp;&nbsp;<36 months: N<br>&nbsp;&nbsp;&nbsp;&nbsp;30 months -- 5 years: N<br>&nbsp;&nbsp;&nbsp;&nbsp;Preschool: N<br>&nbsp;&nbsp;&nbsp;&nbsp;Grade 1 - Age 12: N<br>
2257,Licensed Group,Tiny Forest Childcare,1851 Salisbury Ave,,Port Coquitlam,V3B 1X6,49.272697,-122.765875,604-445-8840,,,N,N,N,N,N,N,N,N,N,N,N,N,N,N,N,N,N,,,N,N,N,N,N,N,N,N,N,N,N,2026-05-15,,N,Y,N,Tiny Forest Childcare<br>Licensed Group<br>604-445-8840<br><br>Vacancy:<br>&nbsp;&nbsp;&nbsp;&nbsp;<36 months: N<br>&nbsp;&nbsp;&nbsp;&nbsp;30 months -- 5 years: N<br>&nbsp;&nbsp;&nbsp;&nbsp;Preschool: N<br>&nbsp;&nbsp;&nbsp;&nbsp;Grade 1 - Age 12: N<br>
2258,Licensed Group,Treetops Montessori,1525 Taylor Way,,West Vancouver,V7S 1N5,49.338532,-123.13589,604-925-2414,,,N,N,N,N,N,N,N,N,N,N,N,N,N,N,N,N,N,,,N,N,N,N,N,N,N,Y,Y,N,N,2026-03-14,,N,Y,N,Treetops Montessori<br>Licensed Group<br>604-925-2414<br><br>Vacancy:<br>&nbsp;&nbsp;&nbsp;&nbsp;<36 months: Y<br>&nbsp;&nbsp;&nbsp;&nbsp;30 months -- 5 years: Y<br>&nbsp;&nbsp;&nbsp;&nbsp;Preschool: N<br>&nbsp;&nbsp;&nbsp;&nbsp;Grade 1 - Age 12: N<br>
2259,Licensed Group,Tree House Infant And Toddler Daycare,6897 Sussex Ave,,Burnaby,V5J 3V1,49.221021,-123.005458,778-387-8009,,,N,N,N,N,N,N,N,N,N,N,N,N,N,N,N,N,N,,,N,N,N,N,N,N,N,N,N,N,N,2026-05-17,,N,Y,N,Tree House Infant And Toddler Daycare<br>Licensed Group<br>778-387-8009<br><br>Vacancy:<br>&nbsp;&nbsp;&nbsp;&nbsp;<36 months: N<br>&nbsp;&nbsp;&nbsp;&nbsp;30 months -- 5 years: N<br>&nbsp;&nbsp;&nbsp;&nbsp;Preschool: N<br>&nbsp;&nbsp;&nbsp;&nbsp;Grade 1 - Age 12: N<br>
2260,Licensed Group,Elkford Childcare Centre,816A Michel Rd,,Elkford,V0B 1H0,50.024759,-114.923445,250-425-5125,,,N,N,N,N,N,N,N,N,N,N,N,N,N,N,N,N,N,,,N,N,N,N,N,N,N,N,N,N,N,2026-05-20,,N,Y,N,Elkford Childcare Centre<br>Licensed Group<br>250-425-5125<br><br>Vacancy:<br>&nbsp;&nbsp;&nbsp;&nbsp;<36 months: N<br>&nbsp;&nbsp;&nbsp;&nbsp;30 months -- 5 years: N<br>&nbsp;&nbsp;&nbsp;&nbsp;Preschool: N<br>&nbsp;&nbsp;&nbsp;&nbsp;Grade 1 - Age 12: N<br>
2261,Licensed Group,Bigs Nbc Early Learning Centre,1788 Diefenbaker Dr,,Prince George,V2M 2L3,53.899139,-122.758591,250-563-7410,,,N,N,N,N,N,N,N,N,N,N,N,N,N,N,N,N,N,,,N,N,N,N,N,N,N,N,Y,N,N,2026-05-15,,N,Y,N,Bigs Nbc Early Learning Centre<br>Licensed Group<br>250-563-7410<br><br>Vacancy:<br>&nbsp;&nbsp;&nbsp;&nbsp;<36 months: N<br>&nbsp;&nbsp;&nbsp;&nbsp;30 months -- 5 years: Y<br>&nbsp;&nbsp;&nbsp;&nbsp;Preschool: N<br>&nbsp;&nbsp;&nbsp;&nbsp;Grade 1 - Age 12: N<br>
2262,Licensed Family,April Daycare,1604 Grand Blvd E,,North Vancouver,V7L 3Y1,49.323471,-123.056244,778-999-9398,,,N,N,N,N,N,N,N,N,N,N,N,N,N,N,N,N,N,,,N,N,N,N,N,N,N,Y,Y,N,N,2026-05-15,,N,Y,N,April Daycare<br>Licensed Family<br>778-999-9398<br><br>Vacancy:<br>&nbsp;&nbsp;&nbsp;&nbsp;<36 months: Y<br>&nbsp;&nbsp;&nbsp;&nbsp;30 months -- 5 years: Y<br>&nbsp;&nbsp;&nbsp;&nbsp;Preschool: N<br>&nbsp;&nbsp;&nbsp;&nbsp;Grade 1 - Age 12: N<br>
2263,Licensed Group,Skowkale S'iwesa:Ylhem Childcare Centre,46337 Smokehouse Rd,,Chilliwack,V4Z 1A2,49.13584,-121.944302,604-703-3766,,,N,N,N,N,N,N,N,N,N,N,N,N,N,N,N,N,N,,,N,N,N,N,N,N,N,N,N,N,N,2026-04-27,,N,Y,N,Skowkale S'iwesa:Ylhem Childcare Centre<br>Licensed Group<br>604-703-3766<br><br>Vacancy:<br>&nbsp;&nbsp;&nbsp;&nbsp;<36 months: N<br>&nbsp;&nbsp;&nbsp;&nbsp;30 months -- 5 years: N<br>&nbsp;&nbsp;&nbsp;&nbsp;Preschool: N<br>&nbsp;&nbsp;&nbsp;&nbsp;Grade 1 - Age 12: N<br>
2264,Licensed Family,Super 8 Childcare Centre,27096 28 Ave,,Aldergrove,V4W 3A3,49.052907,-122.473562,604-369-7415,,,N,N,N,N,N,N,N,N,N,N,N,N,N,N,N,N,N,,,N,N,N,N,N,N,N,N,N,N,N,2026-05-01,,N,Y,N,Super 8 Childcare Centre<br>Licensed Family<br>604-369-7415<br><br>Vacancy:<br>&nbsp;&nbsp;&nbsp;&nbsp;<36 months: N<br>&nbsp;&nbsp;&nbsp;&nbsp;30 months -- 5 years: N<br>&nbsp;&nbsp;&nbsp;&nbsp;Preschool: N<br>&nbsp;&nbsp;&nbsp;&nbsp;Grade 1 - Age 12: N<br>
2265,Licensed Family,Sky's The Limit Childcare,2319 mcmillan Dr,,Prince George,V2K 5R6,53.94632,-122.757964,250-617-6370,,,N,N,N,N,N,N,N,N,N,N,N,N,N,N,N,N,N,,,N,N,N,N,N,N,N,N,N,N,N,2026-05-11,,N,Y,N,Sky's The Limit Childcare<br>Licensed Family<br>250-617-6370<br><br>Vacancy:<br>&nbsp;&nbsp;&nbsp;&nbsp;<36 months: N<br>&nbsp;&nbsp;&nbsp;&nbsp;30 months -- 5 years: N<br>&nbsp;&nbsp;&nbsp;&nbsp;Preschool: N<br>&nbsp;&nbsp;&nbsp;&nbsp;Grade 1 - Age 12: N<br>
2266,Licensed Family,Open Mind Childcare,7296 18Th Ave,,Burnaby,V3N 1H3,49.217571,-122.949557,604-369-9418,,,N,N,N,N,N,N,N,N,N,N,N,N,N,N,N,N,N,,,N,N,N,N,N,N,N,N,N,N,N,2026-05-20,,N,Y,N,Open Mind Childcare<br>Licensed Family<br>604-369-9418<br><br>Vacancy:<br>&nbsp;&nbsp;&nbsp;&nbsp;<36 months: N<br>&nbsp;&nbsp;&nbsp;&nbsp;30 months -- 5 years: N<br>&nbsp;&nbsp;&nbsp;&nbsp;Preschool: N<br>&nbsp;&nbsp;&nbsp;&nbsp;Grade 1 - Age 12: N<br>
2267,Licensed Group,Smart Kids Learning Centre Inc,13632 108 Ave,,Surrey,V3T 2K5,49.198682,-122.843915,778-865-9816,,,N,N,N,N,N,N,N,N,N,N,N,N,N,N,N,N,N,,,N,N,N,N,N,N,N,N,N,N,N,2026-05-05,,N,Y,N,Smart Kids Learning Centre Inc<br>Licensed Group<br>778-865-9816<br><br>Vacancy:<br>&nbsp;&nbsp;&nbsp;&nbsp;<36 months: N<br>&nbsp;&nbsp;&nbsp;&nbsp;30 months -- 5 years: N<br>&nbsp;&nbsp;&nbsp;&nbsp;Preschool: N<br>&nbsp;&nbsp;&nbsp;&nbsp;Grade 1 - Age 12: N<br>
2268,Licensed Family,Cubs On Kent Daycare Ltd,10033 Kent Rd,,Chilliwack,V2P 5X5,49.184195,-121.935395,778-552-7713,,,N,N,N,N,N,N,N,N,N,N,N,N,N,N,N,N,N,,,N,N,N,N,N,N,N,Y,N,N,N,2026-05-18,,N,Y,N,Cubs On Kent Daycare Ltd<br>Licensed Family<br>778-552-7713<br><br>Vacancy:<br>&nbsp;&nbsp;&nbsp;&nbsp;<36 months: Y<br>&nbsp;&nbsp;&nbsp;&nbsp;30 months -- 5 years: N<br>&nbsp;&nbsp;&nbsp;&nbsp;Preschool: N<br>&nbsp;&nbsp;&nbsp;&nbsp;Grade 1 - Age 12: N<br>
2269,Licensed Group,Sunflower Daycare,885 Baker St,,Coquitlam,V3J 6W9,49.2695,-122.823843,604-618-9739,,,N,N,N,N,N,N,N,N,N,N,N,N,N,N,N,N,N,,,N,N,N,N,N,N,N,N,N,N,N,2026-04-27,,N,Y,N,Sunflower Daycare<br>Licensed Group<br>604-618-9739<br><br>Vacancy:<br>&nbsp;&nbsp;&nbsp;&nbsp;<36 months: N<br>&nbsp;&nbsp;&nbsp;&nbsp;30 months -- 5 years: N<br>&nbsp;&nbsp;&nbsp;&nbsp;Preschool: N<br>&nbsp;&nbsp;&nbsp;&nbsp;Grade 1 - Age 12: N<br>
2270,Licensed Family,Presidential Kids Academy Childcare Centre Inc.,1602 Vineyard Dr,,West Kelowna,V4T 2V8,49.842691,-119.582994,778-721-8162,,,N,N,N,N,N,N,N,N,N,N,N,N,N,N,N,N,N,,,N,N,N,N,N,N,N,N,N,N,N,2026-05-19,,N,Y,N,Presidential Kids Academy Childcare Centre Inc.<br>Licensed Family<br>778-721-8162<br><br>Vacancy:<br>&nbsp;&nbsp;&nbsp;&nbsp;<36 months: N<br>&nbsp;&nbsp;&nbsp;&nbsp;30 months -- 5 years: N<br>&nbsp;&nbsp;&nbsp;&nbsp;Preschool: N<br>&nbsp;&nbsp;&nbsp;&nbsp;Grade 1 - Age 12: N<br>
2271,Licensed Family,Wonderful Childcare Centre,8080 Buller Ave,,Burnaby,V5J 4T5,49.210437,-122.977075,778-452-5796,wonderfulchildcarecentre.com,,N,N,N,N,N,N,N,N,N,N,N,N,N,N,N,N,N,,,N,N,N,N,N,N,N,N,N,N,N,2026-05-15,,N,Y,N,Wonderful Childcare Centre<br>Licensed Family<br>778-452-5796<br><br>Vacancy:<br>&nbsp;&nbsp;&nbsp;&nbsp;<36 months: N<br>&nbsp;&nbsp;&nbsp;&nbsp;30 months -- 5 years: N<br>&nbsp;&nbsp;&nbsp;&nbsp;Preschool: N<br>&nbsp;&nbsp;&nbsp;&nbsp;Grade 1 - Age 12: N<br>
2272,Licensed Group,Cyrus Childcare Centre,14672 108A Ave,,Surrey,V3R 1W7,49.19948,-122.815637,604-500-6291,,,N,N,N,N,N,N,N,N,N,N,N,N,N,N,N,N,N,,,N,N,N,N,N,N,N,N,Y,N,N,2026-05-18,,N,Y,N,Cyrus Childcare Centre<br>Licensed Group<br>604-500-6291<br><br>Vacancy:<br>&nbsp;&nbsp;&nbsp;&nbsp;<36 months: N<br>&nbsp;&nbsp;&nbsp;&nbsp;30 months -- 5 years: Y<br>&nbsp;&nbsp;&nbsp;&nbsp;Preschool: N<br>&nbsp;&nbsp;&nbsp;&nbsp;Grade 1 - Age 12: N<br>
2273,Licensed Family,Modern Day Mommy Daycare,842 Stemwinder Ave,,Oliver,V0H 1T6,49.179698,-119.560965,250-689-2013,,,N,N,N,N,N,N,N,N,N,N,N,N,N,N,N,N,N,,,N,N,N,N,N,N,N,N,N,N,N,2026-05-21,,N,Y,N,Modern Day Mommy Daycare<br>Licensed Family<br>250-689-2013<br><br>Vacancy:<br>&nbsp;&nbsp;&nbsp;&nbsp;<36 months: N<br>&nbsp;&nbsp;&nbsp;&nbsp;30 months -- 5 years: N<br>&nbsp;&nbsp;&nbsp;&nbsp;Preschool: N<br>&nbsp;&nbsp;&nbsp;&nbsp;Grade 1 - Age 12: N<br>
2274,Licensed Family,Country Critters Daycare,299 Blair St,,Quesnel,V2J 5G7,52.977272,-122.51856,250-983-2248,,,N,N,N,N,N,N,N,N,N,N,N,N,N,N,N,N,N,,,N,N,N,N,N,N,N,N,N,N,N,2026-04-18,,N,Y,N,Country Critters Daycare<br>Licensed Family<br>250-983-2248<br><br>Vacancy:<br>&nbsp;&nbsp;&nbsp;&nbsp;<36 months: N<br>&nbsp;&nbsp;&nbsp;&nbsp;30 months -- 5 years: N<br>&nbsp;&nbsp;&nbsp;&nbsp;Preschool: N<br>&nbsp;&nbsp;&nbsp;&nbsp;Grade 1 - Age 12: N<br>
2275,Licensed Family,A & B Childcare Centre,6620 Colborne Ave,,Burnaby,V5E 2N6,49.223817,-122.970411,778-682-3611,,,N,N,N,N,N,N,N,N,N,N,N,N,N,N,N,N,N,,,N,N,N,N,N,N,N,Y,Y,N,N,2026-05-14,,N,Y,N,A & B Childcare Centre<br>Licensed Family<br>778-682-3611<br><br>Vacancy:<br>&nbsp;&nbsp;&nbsp;&nbsp;<36 months: Y<br>&nbsp;&nbsp;&nbsp;&nbsp;30 months -- 5 years: Y<br>&nbsp;&nbsp;&nbsp;&nbsp;Preschool: N<br>&nbsp;&nbsp;&nbsp;&nbsp;Grade 1 - Age 12: N<br>
2276,Licensed Group,Into The Woods Childcare Studio,330 Dorset Rd,,Qualicum Beach,V9K 1H5,49.344274,-124.454767,250-738-3004,,,N,N,N,N,N,N,N,N,N,N,N,N,N,N,N,N,N,,,N,N,N,N,N,N,N,N,Y,N,N,2026-05-15,,N,Y,N,Into The Woods Childcare Studio<br>Licensed Group<br>250-738-3004<br><br>Vacancy:<br>&nbsp;&nbsp;&nbsp;&nbsp;<36 months: N<br>&nbsp;&nbsp;&nbsp;&nbsp;30 months -- 5 years: Y<br>&nbsp;&nbsp;&nbsp;&nbsp;Preschool: N<br>&nbsp;&nbsp;&nbsp;&nbsp;Grade 1 - Age 12: N<br>
2277,Licensed Group,Precious Jewels Childcare Infant Toddler Program,1130 Springfield Rd,,Kelowna,V1Y 8H5,49.877308,-119.475833,250-899-7671,,,N,N,N,N,N,N,N,N,N,N,N,N,N,N,N,N,N,,,N,N,N,N,N,N,N,N,N,N,N,2026-05-15,,N,Y,N,Precious Jewels Childcare Infant Toddler Program<br>Licensed Group<br>250-899-7671<br><br>Vacancy:<br>&nbsp;&nbsp;&nbsp;&nbsp;<36 months: N<br>&nbsp;&nbsp;&nbsp;&nbsp;30 months -- 5 years: N<br>&nbsp;&nbsp;&nbsp;&nbsp;Preschool: N<br>&nbsp;&nbsp;&nbsp;&nbsp;Grade 1 - Age 12: N<br>
2278,Licensed Group,The Alex Early Care And Learning Centre,100-3235 Flint St,,Port Coquitlam,V3B 4J7,49.271509,-122.770713,778-828-9930,,,N,N,N,N,N,N,N,N,N,N,N,N,N,N,N,N,N,,,N,N,N,N,N,N,N,Y,Y,N,N,2026-05-01,,N,Y,N,The Alex Early Care And Learning Centre<br>Licensed Group<br>778-828-9930<br><br>Vacancy:<br>&nbsp;&nbsp;&nbsp;&nbsp;<36 months: Y<br>&nbsp;&nbsp;&nbsp;&nbsp;30 months -- 5 years: Y<br>&nbsp;&nbsp;&nbsp;&nbsp;Preschool: N<br>&nbsp;&nbsp;&nbsp;&nbsp;Grade 1 - Age 12: N<br>
2279,Licensed Group,Blueberry Field Child Care Inc.,3720 Broadway St,,Richmond,V7E 4Y8,49.127092,-123.183614,778-708-1751,,,N,N,N,N,N,N,N,N,N,N,N,N,N,N,N,N,N,,,N,N,N,N,N,N,N,N,N,N,N,2026-05-19,,N,Y,N,Blueberry Field Child Care Inc.<br>Licensed Group<br>778-708-1751<br><br>Vacancy:<br>&nbsp;&nbsp;&nbsp;&nbsp;<36 months: N<br>&nbsp;&nbsp;&nbsp;&nbsp;30 months -- 5 years: N<br>&nbsp;&nbsp;&nbsp;&nbsp;Preschool: N<br>&nbsp;&nbsp;&nbsp;&nbsp;Grade 1 - Age 12: N<br>
2280,Licensed Family,Excel Childcare Centre,14218 82A Ave,,Surrey,V3W 0V6,49.152697,-122.828381,647-336-5153,www.excelchildcarecenter.ca,,N,N,N,N,N,N,N,N,N,N,N,N,N,N,N,N,N,,,N,N,N,N,N,N,N,N,N,N,N,2026-05-20,,N,Y,N,Excel Childcare Centre<br>Licensed Family<br>647-336-5153<br><br>Vacancy:<br>&nbsp;&nbsp;&nbsp;&nbsp;<36 months: N<br>&nbsp;&nbsp;&nbsp;&nbsp;30 months -- 5 years: N<br>&nbsp;&nbsp;&nbsp;&nbsp;Preschool: N<br>&nbsp;&nbsp;&nbsp;&nbsp;Grade 1 - Age 12: N<br>
2281,Licensed Family,Hana Child Care Ltd,1257 Beedie Dr,,Coquitlam,V3E 1P9,49.292201,-122.767347,778-928-7862,,,N,N,N,N,N,N,N,N,N,N,N,N,N,N,N,N,N,,,N,N,N,N,N,N,N,N,N,N,N,2026-05-18,,N,Y,N,Hana Child Care Ltd<br>Licensed Family<br>778-928-7862<br><br>Vacancy:<br>&nbsp;&nbsp;&nbsp;&nbsp;<36 months: N<br>&nbsp;&nbsp;&nbsp;&nbsp;30 months -- 5 years: N<br>&nbsp;&nbsp;&nbsp;&nbsp;Preschool: N<br>&nbsp;&nbsp;&nbsp;&nbsp;Grade 1 - Age 12: N<br>
2282,Licensed Family,Dreamworks Daycare,4474 Capilano Rd,,North Vancouver,V7R 4J9,49.352343,-123.106957,778-829-2024,,,N,N,N,N,N,N,N,N,N,N,N,N,N,N,N,N,N,,,N,N,N,N,N,N,N,N,Y,N,N,2026-05-11,,N,Y,N,Dreamworks Daycare<br>Licensed Family<br>778-829-2024<br><br>Vacancy:<br>&nbsp;&nbsp;&nbsp;&nbsp;<36 months: N<br>&nbsp;&nbsp;&nbsp;&nbsp;30 months -- 5 years: Y<br>&nbsp;&nbsp;&nbsp;&nbsp;Preschool: N<br>&nbsp;&nbsp;&nbsp;&nbsp;Grade 1 - Age 12: N<br>
2283,Licensed Family,Little Champs Childcare,2124 Broadway St,,Abbotsford,V2T 3G5,49.040478,-122.322371,778-552-0006,,,N,N,N,N,N,N,N,N,N,N,N,N,N,N,N,N,N,,,N,N,N,N,N,N,N,Y,Y,N,N,2026-05-04,,N,Y,N,Little Champs Childcare<br>Licensed Family<br>778-552-0006<br><br>Vacancy:<br>&nbsp;&nbsp;&nbsp;&nbsp;<36 months: Y<br>&nbsp;&nbsp;&nbsp;&nbsp;30 months -- 5 years: Y<br>&nbsp;&nbsp;&nbsp;&nbsp;Preschool: N<br>&nbsp;&nbsp;&nbsp;&nbsp;Grade 1 - Age 12: N<br>
2284,Licensed Group,Little Montessorians,719 Carleton Ave,,Burnaby,V5C 4V1,49.278089,-123.011668,778-898-0860,,,Y,N,N,N,N,N,Y,Y,N,N,N,Y,N,Y,N,N,N,Extra fee,Not offered,N,N,N,N,N,N,N,N,N,N,N,2026-05-04,,N,Y,N,Little Montessorians<br>Licensed Group<br>778-898-0860<br><br>Vacancy:<br>&nbsp;&nbsp;&nbsp;&nbsp;<36 months: N<br>&nbsp;&nbsp;&nbsp;&nbsp;30 months -- 5 years: N<br>&nbsp;&nbsp;&nbsp;&nbsp;Preschool: N<br>&nbsp;&nbsp;&nbsp;&nbsp;Grade 1 - Age 12: N<br>
2285,Licensed Family,Toddler Town Family Daycare,2265 Bonnie Pl,,Kamloops,V2B 4Y8,50.708445,-120.409889,604-360-5643,,,N,N,N,N,N,N,N,N,N,N,N,N,N,N,N,N,N,,,N,N,N,N,N,N,N,N,N,N,N,2026-04-27,,N,Y,N,Toddler Town Family Daycare<br>Licensed Family<br>604-360-5643<br><br>Vacancy:<br>&nbsp;&nbsp;&nbsp;&nbsp;<36 months: N<br>&nbsp;&nbsp;&nbsp;&nbsp;30 months -- 5 years: N<br>&nbsp;&nbsp;&nbsp;&nbsp;Preschool: N<br>&nbsp;&nbsp;&nbsp;&nbsp;Grade 1 - Age 12: N<br>
2286,Licensed Family,Green Valley Child Care,6675 School Lane,,Chilliwack,V2R 2C7,49.123447,-121.955083,604-795-0151,,,N,N,N,N,N,N,N,N,N,N,N,N,N,N,N,N,N,,,N,N,N,N,N,N,N,N,N,N,N,2026-05-15,,N,Y,N,Green Valley Child Care<br>Licensed Family<br>604-795-0151<br><br>Vacancy:<br>&nbsp;&nbsp;&nbsp;&nbsp;<36 months: N<br>&nbsp;&nbsp;&nbsp;&nbsp;30 months -- 5 years: N<br>&nbsp;&nbsp;&nbsp;&nbsp;Preschool: N<br>&nbsp;&nbsp;&nbsp;&nbsp;Grade 1 - Age 12: N<br>
2287,Licensed Group,Walnut Road Elementary - Seamless Day,16152 82 Ave,,Surrey,V4N 0N5,49.1517,-122.773619,604-595-5164,,,N,N,N,N,N,N,N,N,N,N,N,N,N,N,N,N,N,Not offered,Not offered,N,N,N,N,N,N,N,N,Y,N,N,2026-04-01,,N,N,N,Walnut Road Elementary - Seamless Day<br>Licensed Group<br>604-595-5164<br><br>Vacancy:<br>&nbsp;&nbsp;&nbsp;&nbsp;<36 months: N<br>&nbsp;&nbsp;&nbsp;&nbsp;30 months -- 5 years: Y<br>&nbsp;&nbsp;&nbsp;&nbsp;Preschool: N<br>&nbsp;&nbsp;&nbsp;&nbsp;Grade 1 - Age 12: N<br>
2288,Licensed Family,Image And Reggio (I&R) Child Care Centre,20844 117 Ave,,Maple Ridge,V2X 7S8,49.214221,-122.643443,778-896-4512,,,N,N,N,N,N,N,N,N,N,N,N,N,N,N,N,N,N,,,N,N,N,N,N,N,N,N,N,N,N,2026-05-13,,N,Y,N,Image And Reggio (I&R) Child Care Centre<br>Licensed Family<br>778-896-4512<br><br>Vacancy:<br>&nbsp;&nbsp;&nbsp;&nbsp;<36 months: N<br>&nbsp;&nbsp;&nbsp;&nbsp;30 months -- 5 years: N<br>&nbsp;&nbsp;&nbsp;&nbsp;Preschool: N<br>&nbsp;&nbsp;&nbsp;&nbsp;Grade 1 - Age 12: N<br>
2289,Licensed Family,Tiny Steps Childcare Ltd,12088 77 Ave,,Surrey,V3W 1J3,49.143062,-122.887528,778-669-0788,,,N,N,N,N,N,N,N,N,N,N,N,N,N,N,N,N,N,,,N,N,N,N,N,N,N,N,N,N,N,2026-05-15,,N,Y,N,Tiny Steps Childcare Ltd<br>Licensed Family<br>778-669-0788<br><br>Vacancy:<br>&nbsp;&nbsp;&nbsp;&nbsp;<36 months: N<br>&nbsp;&nbsp;&nbsp;&nbsp;30 months -- 5 years: N<br>&nbsp;&nbsp;&nbsp;&nbsp;Preschool: N<br>&nbsp;&nbsp;&nbsp;&nbsp;Grade 1 - Age 12: N<br>
2290,Licensed Group,Momentum Childcare,21 12Th Ave S,,Cranbrook,V1C 2R8,49.511239,-115.765198,250-417-7708,,,Y,N,N,N,N,N,Y,Y,N,N,N,N,N,N,N,N,N,Not offered,Not offered,N,N,N,N,Y,Y,Y,N,N,N,N,2026-04-12,,N,Y,N,Momentum Childcare<br>Licensed Group<br>250-417-7708<br><br>Vacancy:<br>&nbsp;&nbsp;&nbsp;&nbsp;<36 months: N<br>&nbsp;&nbsp;&nbsp;&nbsp;30 months -- 5 years: N<br>&nbsp;&nbsp;&nbsp;&nbsp;Preschool: N<br>&nbsp;&nbsp;&nbsp;&nbsp;Grade 1 - Age 12: N<br>
2291,Licensed Group,Happy Hummingbirds Childcare,223B Mills St,,Parksville,V9P 2N5,49.317935,-124.300539,250-533-9284,,,N,N,N,N,N,N,N,N,N,N,N,N,N,N,N,N,N,,,N,N,N,N,N,N,N,N,N,N,N,2026-05-16,,N,Y,N,Happy Hummingbirds Childcare<br>Licensed Group<br>250-533-9284<br><br>Vacancy:<br>&nbsp;&nbsp;&nbsp;&nbsp;<36 months: N<br>&nbsp;&nbsp;&nbsp;&nbsp;30 months -- 5 years: N<br>&nbsp;&nbsp;&nbsp;&nbsp;Preschool: N<br>&nbsp;&nbsp;&nbsp;&nbsp;Grade 1 - Age 12: N<br>
2292,Licensed Family,5 Steps Childcare,4084 207A St,,Langley,V3A 2G6,49.076166,-122.649053,647-821-5512,,,N,N,N,N,N,N,N,N,N,N,N,N,N,N,N,N,N,,,N,N,N,N,N,N,N,Y,N,N,N,2026-05-08,,N,Y,N,5 Steps Childcare<br>Licensed Family<br>647-821-5512<br><br>Vacancy:<br>&nbsp;&nbsp;&nbsp;&nbsp;<36 months: Y<br>&nbsp;&nbsp;&nbsp;&nbsp;30 months -- 5 years: N<br>&nbsp;&nbsp;&nbsp;&nbsp;Preschool: N<br>&nbsp;&nbsp;&nbsp;&nbsp;Grade 1 - Age 12: N<br>
2293,Licensed Group,Bayview Community Preschool,3505 W 7Th Ave,,Vancouver,V6R 3L1,49.266441,-123.182738,236-996-9098,,,N,N,N,N,N,N,N,N,N,N,N,N,N,N,N,N,N,,,N,N,N,N,N,N,N,N,N,Y,N,2026-05-01,,N,Y,N,Bayview Community Preschool<br>Licensed Group<br>236-996-9098<br><br>Vacancy:<br>&nbsp;&nbsp;&nbsp;&nbsp;<36 months: N<br>&nbsp;&nbsp;&nbsp;&nbsp;30 months -- 5 years: N<br>&nbsp;&nbsp;&nbsp;&nbsp;Preschool: Y<br>&nbsp;&nbsp;&nbsp;&nbsp;Grade 1 - Age 12: N<br>
2294,Licensed Group,Crescent Heights Academy Child Care-Cloverdale,17465 60 Ave,,Surrey,V3S 1T9,49.112304,-122.738973,604-427-2282,,,,,,,,,,,,,,,,,,,,,,,,,,,,,,,,,,,Y,Y,N,Crescent Heights Academy Child Care-Cloverdale<br>Licensed Group<br>604-427-2282<br><br>Vacancy:<br>&nbsp;&nbsp;&nbsp;&nbsp;<36 months: None<br>&nbsp;&nbsp;&nbsp;&nbsp;30 months -- 5 years: None<br>&nbsp;&nbsp;&nbsp;&nbsp;Preschool: None<br>&nbsp;&nbsp;&nbsp;&nbsp;Grade 1 - Age 12: None<br>
2295,Licensed Group,Crescent Heights Academy Child Care-Clayton,19533 64 Ave,,Surrey,V3S 4J3,49.119503,-122.681797,604-427-2282,,,,,,,,,,,,,,,,,,,,,,,,,,,,,,,,,,,Y,Y,N,Crescent Heights Academy Child Care-Clayton<br>Licensed Group<br>604-427-2282<br><br>Vacancy:<br>&nbsp;&nbsp;&nbsp;&nbsp;<36 months: None<br>&nbsp;&nbsp;&nbsp;&nbsp;30 months -- 5 years: None<br>&nbsp;&nbsp;&nbsp;&nbsp;Preschool: None<br>&nbsp;&nbsp;&nbsp;&nbsp;Grade 1 - Age 12: None<br>
2296,Licensed Group,Corpus Christi Child Care Centre,2362 Waverley Ave,,Vancouver,V5P 4K5,49.226982,-123.058117,604-321-1117,,,N,N,N,N,N,N,N,N,N,N,N,N,N,N,N,N,N,,,N,N,N,N,N,N,N,N,N,N,N,2026-05-04,,N,Y,N,Corpus Christi Child Care Centre<br>Licensed Group<br>604-321-1117<br><br>Vacancy:<br>&nbsp;&nbsp;&nbsp;&nbsp;<36 months: N<br>&nbsp;&nbsp;&nbsp;&nbsp;30 months -- 5 years: N<br>&nbsp;&nbsp;&nbsp;&nbsp;Preschool: N<br>&nbsp;&nbsp;&nbsp;&nbsp;Grade 1 - Age 12: N<br>
2297,Licensed Family,Angels At Home Family Childcare,4720 Wyne Cres,,Richmond,V6V 2V3,49.178006,-123.081978,778-322-9472,,,,,,,,,,,,,,,,,,,,,,,,,,,,,,,,,,,Y,Y,N,Angels At Home Family Childcare<br>Licensed Family<br>778-322-9472<br><br>Vacancy:<br>&nbsp;&nbsp;&nbsp;&nbsp;<36 months: None<br>&nbsp;&nbsp;&nbsp;&nbsp;30 months -- 5 years: None<br>&nbsp;&nbsp;&nbsp;&nbsp;Preschool: None<br>&nbsp;&nbsp;&nbsp;&nbsp;Grade 1 - Age 12: None<br>
2298,Licensed Group,"Beanstalk Daycare, The",44490 Bayshore Ave,,Chilliwack,V2R 0A5,49.100307,-121.992058,604-845-1050,,,N,N,N,N,N,N,N,N,N,N,N,N,N,N,N,N,N,,,N,N,N,N,N,N,N,N,N,N,N,2026-05-15,,N,Y,N,"Beanstalk Daycare, The<br>Licensed Group<br>604-845-1050<br><br>Vacancy:<br>&nbsp;&nbsp;&nbsp;&nbsp;<36 months: N<br>&nbsp;&nbsp;&nbsp;&nbsp;30 months -- 5 years: N<br>&nbsp;&nbsp;&nbsp;&nbsp;Preschool: N<br>&nbsp;&nbsp;&nbsp;&nbsp;Grade 1 - Age 12: N<br>"
2299,Licensed Group,Pango Childcare Group Inc,Unit A - 1393 Gabriola Dr,,Coquitlam,V3E 2H3,49.293333,-122.778391,604-366-0987,,,N,N,N,N,N,N,N,N,N,N,N,N,N,N,N,N,N,,,N,N,N,N,N,N,N,N,Y,N,N,2026-05-15,,N,Y,N,Pango Childcare Group Inc<br>Licensed Group<br>604-366-0987<br><br>Vacancy:<br>&nbsp;&nbsp;&nbsp;&nbsp;<36 months: N<br>&nbsp;&nbsp;&nbsp;&nbsp;30 months -- 5 years: Y<br>&nbsp;&nbsp;&nbsp;&nbsp;Preschool: N<br>&nbsp;&nbsp;&nbsp;&nbsp;Grade 1 - Age 12: N<br>
2300,Licensed Group,Little Neighbourhood Childcare,7566 Mary Ave,,Burnaby,V3N 3G5,49.21868,-122.940357,778-385-1025,,,N,N,N,N,N,N,N,N,N,N,N,N,N,N,N,N,N,,,N,N,N,N,N,N,N,N,N,N,N,2026-05-15,,N,Y,N,Little Neighbourhood Childcare<br>Licensed Group<br>778-385-1025<br><br>Vacancy:<br>&nbsp;&nbsp;&nbsp;&nbsp;<36 months: N<br>&nbsp;&nbsp;&nbsp;&nbsp;30 months -- 5 years: N<br>&nbsp;&nbsp;&nbsp;&nbsp;Preschool: N<br>&nbsp;&nbsp;&nbsp;&nbsp;Grade 1 - Age 12: N<br>
2301,Licensed Group,Mamacare Daycare Ltd,#2 - 8555 120Th St,,Delta,V4C 6R2,49.158837,-122.890886,778-201-2110,,,N,N,N,N,N,N,N,N,N,N,N,N,N,N,N,N,N,,,N,N,N,N,N,N,N,Y,Y,N,N,2026-04-30,,N,Y,N,Mamacare Daycare Ltd<br>Licensed Group<br>778-201-2110<br><br>Vacancy:<br>&nbsp;&nbsp;&nbsp;&nbsp;<36 months: Y<br>&nbsp;&nbsp;&nbsp;&nbsp;30 months -- 5 years: Y<br>&nbsp;&nbsp;&nbsp;&nbsp;Preschool: N<br>&nbsp;&nbsp;&nbsp;&nbsp;Grade 1 - Age 12: N<br>
2302,Licensed Group,Sandbox Early Learning (Cedar Hills),9648 128Th St,,Surrey,V3T 2X9,49.178145,-122.867569,778-808-8196,,,N,N,N,N,N,N,N,N,N,N,N,N,N,N,N,N,N,,,N,N,N,N,N,N,N,N,N,N,N,2026-04-24,,N,Y,N,Sandbox Early Learning (Cedar Hills)<br>Licensed Group<br>778-808-8196<br><br>Vacancy:<br>&nbsp;&nbsp;&nbsp;&nbsp;<36 months: N<br>&nbsp;&nbsp;&nbsp;&nbsp;30 months -- 5 years: N<br>&nbsp;&nbsp;&nbsp;&nbsp;Preschool: N<br>&nbsp;&nbsp;&nbsp;&nbsp;Grade 1 - Age 12: N<br>
2303,Licensed Family,Cherry Blossom Family Child Care,1263 Kensington Pl,,Port Coquitlam,V3C 5N9,49.237042,-122.780458,604-551-3206,,,N,N,N,N,N,N,N,N,N,N,N,N,N,N,N,N,N,,,N,N,N,N,N,N,N,Y,N,N,Y,2026-04-23,,N,Y,N,Cherry Blossom Family Child Care<br>Licensed Family<br>604-551-3206<br><br>Vacancy:<br>&nbsp;&nbsp;&nbsp;&nbsp;<36 months: Y<br>&nbsp;&nbsp;&nbsp;&nbsp;30 months -- 5 years: N<br>&nbsp;&nbsp;&nbsp;&nbsp;Preschool: N<br>&nbsp;&nbsp;&nbsp;&nbsp;Grade 1 - Age 12: Y<br>
2304,Licensed Group,Blessed Generations Academy - Maple Ridge,22311 119 Ave,,Maple Ridge,V2X 2Z2,49.21885,-122.604242,604-618-4767,,,N,N,N,N,N,N,N,N,N,N,N,N,N,N,N,N,N,,,N,N,N,N,N,N,N,N,N,Y,Y,2026-04-20,,N,Y,N,Blessed Generations Academy - Maple Ridge<br>Licensed Group<br>604-618-4767<br><br>Vacancy:<br>&nbsp;&nbsp;&nbsp;&nbsp;<36 months: N<br>&nbsp;&nbsp;&nbsp;&nbsp;30 months -- 5 years: N<br>&nbsp;&nbsp;&nbsp;&nbsp;Preschool: Y<br>&nbsp;&nbsp;&nbsp;&nbsp;Grade 1 - Age 12: Y<br>
2305,Licensed Family,Lil Starz Childcare Inc.,3725 Tillicum Rd,,Victoria,V8Z 4J1,48.460213,-123.388116,250-418-0563,,,N,N,N,N,N,N,N,N,N,N,N,N,N,N,N,N,N,,,N,N,N,N,N,N,N,N,N,N,N,2026-04-29,,N,Y,N,Lil Starz Childcare Inc.<br>Licensed Family<br>250-418-0563<br><br>Vacancy:<br>&nbsp;&nbsp;&nbsp;&nbsp;<36 months: N<br>&nbsp;&nbsp;&nbsp;&nbsp;30 months -- 5 years: N<br>&nbsp;&nbsp;&nbsp;&nbsp;Preschool: N<br>&nbsp;&nbsp;&nbsp;&nbsp;Grade 1 - Age 12: N<br>
2306,Licensed Group,Elizabeth's Early Learning Centre,1440A Ryan Rd E,,Comox,V9N 5N1,49.715034,-124.910558,250-218-2819,,,Y,N,N,N,N,N,Y,Y,N,Y,Y,N,N,N,N,N,N,Extra fee,Extra fee,N,N,N,N,Y,Y,Y,N,N,N,N,2026-05-15,,N,Y,N,Elizabeth's Early Learning Centre<br>Licensed Group<br>250-218-2819<br><br>Vacancy:<br>&nbsp;&nbsp;&nbsp;&nbsp;<36 months: N<br>&nbsp;&nbsp;&nbsp;&nbsp;30 months -- 5 years: N<br>&nbsp;&nbsp;&nbsp;&nbsp;Preschool: N<br>&nbsp;&nbsp;&nbsp;&nbsp;Grade 1 - Age 12: N<br>
2307,Licensed Group,Cm Finch Elementary Little Falcon's Clubhouse,10904 106 St,,Fort St. John,V1J 4G3,56.254534,-120.858225,250-262-6090,,,N,N,N,N,N,N,N,N,N,N,N,N,N,N,N,N,N,Not offered,Not offered,N,N,N,N,N,N,N,N,N,N,N,2026-05-04,,N,Y,N,Cm Finch Elementary Little Falcon's Clubhouse<br>Licensed Group<br>250-262-6090<br><br>Vacancy:<br>&nbsp;&nbsp;&nbsp;&nbsp;<36 months: N<br>&nbsp;&nbsp;&nbsp;&nbsp;30 months -- 5 years: N<br>&nbsp;&nbsp;&nbsp;&nbsp;Preschool: N<br>&nbsp;&nbsp;&nbsp;&nbsp;Grade 1 - Age 12: N<br>
2308,Licensed Group,Berry Patch Daycare Ltd,617 11 Ave S,,Creston,V0B 1G3,49.089684,-116.51309,250-254-3015,,,N,N,N,N,N,N,N,N,N,N,N,N,N,N,N,N,N,,,N,N,N,N,N,N,N,N,N,N,N,2026-05-17,,N,Y,N,Berry Patch Daycare Ltd<br>Licensed Group<br>250-254-3015<br><br>Vacancy:<br>&nbsp;&nbsp;&nbsp;&nbsp;<36 months: N<br>&nbsp;&nbsp;&nbsp;&nbsp;30 months -- 5 years: N<br>&nbsp;&nbsp;&nbsp;&nbsp;Preschool: N<br>&nbsp;&nbsp;&nbsp;&nbsp;Grade 1 - Age 12: N<br>
2309,Licensed Family,Children & Friends,5860 188 St,,Surrey,V3S 7M1,49.108898,-122.701494,778-302-7887,,,N,N,N,N,N,N,N,N,N,N,N,N,N,N,N,N,N,,,N,N,N,N,N,N,N,Y,N,N,N,2026-05-02,,N,Y,N,Children & Friends<br>Licensed Family<br>778-302-7887<br><br>Vacancy:<br>&nbsp;&nbsp;&nbsp;&nbsp;<36 months: Y<br>&nbsp;&nbsp;&nbsp;&nbsp;30 months -- 5 years: N<br>&nbsp;&nbsp;&nbsp;&nbsp;Preschool: N<br>&nbsp;&nbsp;&nbsp;&nbsp;Grade 1 - Age 12: N<br>
2310,Licensed Family,Rainbow Lane Daycare,2447 Meadow Pl,,Duncan,V9L 4K9,48.797208,-123.69046,250-715-6383,,,,,,,,,,,,,,,,,,,,,,,,,,,,,,,,,,,Y,Y,N,Rainbow Lane Daycare<br>Licensed Family<br>250-715-6383<br><br>Vacancy:<br>&nbsp;&nbsp;&nbsp;&nbsp;<36 months: None<br>&nbsp;&nbsp;&nbsp;&nbsp;30 months -- 5 years: None<br>&nbsp;&nbsp;&nbsp;&nbsp;Preschool: None<br>&nbsp;&nbsp;&nbsp;&nbsp;Grade 1 - Age 12: None<br>
2311,Licensed Family,Cheeky Monkeys,6425 Dover Rd,,Nanaimo,V9V 1A7,49.241438,-124.044574,250-607-3001,,,N,N,N,N,N,N,N,N,N,N,N,N,N,N,N,N,N,,,N,N,N,N,N,N,N,N,N,N,N,2026-05-15,,N,Y,N,Cheeky Monkeys<br>Licensed Family<br>250-607-3001<br><br>Vacancy:<br>&nbsp;&nbsp;&nbsp;&nbsp;<36 months: N<br>&nbsp;&nbsp;&nbsp;&nbsp;30 months -- 5 years: N<br>&nbsp;&nbsp;&nbsp;&nbsp;Preschool: N<br>&nbsp;&nbsp;&nbsp;&nbsp;Grade 1 - Age 12: N<br>
2312,Licensed Family,Armstrong Daycare,8688 Armstrong Ave,,Burnaby,V3N 2H6,49.232974,-122.908357,604-338-4968,,,N,N,N,N,N,N,N,N,N,N,N,N,N,N,N,N,N,,,N,N,N,N,N,N,N,N,N,N,N,2026-05-02,,N,Y,N,Armstrong Daycare<br>Licensed Family<br>604-338-4968<br><br>Vacancy:<br>&nbsp;&nbsp;&nbsp;&nbsp;<36 months: N<br>&nbsp;&nbsp;&nbsp;&nbsp;30 months -- 5 years: N<br>&nbsp;&nbsp;&nbsp;&nbsp;Preschool: N<br>&nbsp;&nbsp;&nbsp;&nbsp;Grade 1 - Age 12: N<br>
2313,Licensed Group,Yellow Mellow Daycare,2285 Bellamy Rd,,Victoria,V9B 3M5,48.464947,-123.494138,604-720-2694,,,N,N,N,N,N,N,N,N,N,N,N,N,N,N,N,N,N,,,N,N,N,N,N,N,N,N,N,N,N,2026-05-13,,N,Y,N,Yellow Mellow Daycare<br>Licensed Group<br>604-720-2694<br><br>Vacancy:<br>&nbsp;&nbsp;&nbsp;&nbsp;<36 months: N<br>&nbsp;&nbsp;&nbsp;&nbsp;30 months -- 5 years: N<br>&nbsp;&nbsp;&nbsp;&nbsp;Preschool: N<br>&nbsp;&nbsp;&nbsp;&nbsp;Grade 1 - Age 12: N<br>
2314,Licensed Family,Little Heritage Learning Centre,1409 Lewis Dr,,Quesnel,V2J 1K9,52.980613,-122.529771,250-316-0195,,,N,N,N,N,N,N,N,N,N,N,N,N,N,N,N,N,N,,,N,N,N,N,N,N,N,N,N,N,N,2026-05-11,,N,Y,N,Little Heritage Learning Centre<br>Licensed Family<br>250-316-0195<br><br>Vacancy:<br>&nbsp;&nbsp;&nbsp;&nbsp;<36 months: N<br>&nbsp;&nbsp;&nbsp;&nbsp;30 months -- 5 years: N<br>&nbsp;&nbsp;&nbsp;&nbsp;Preschool: N<br>&nbsp;&nbsp;&nbsp;&nbsp;Grade 1 - Age 12: N<br>
2315,Licensed Group,Wind And Tide Child Development Centre - Fleetwood,15825 85 Ave,,Surrey,V4N 6W9,49.15859,-122.785247,604-575-0549,,,N,N,N,N,N,N,N,N,N,N,N,N,N,N,N,N,N,,,N,N,N,N,N,N,N,N,N,N,N,2026-05-18,,N,Y,N,Wind And Tide Child Development Centre - Fleetwood<br>Licensed Group<br>604-575-0549<br><br>Vacancy:<br>&nbsp;&nbsp;&nbsp;&nbsp;<36 months: N<br>&nbsp;&nbsp;&nbsp;&nbsp;30 months -- 5 years: N<br>&nbsp;&nbsp;&nbsp;&nbsp;Preschool: N<br>&nbsp;&nbsp;&nbsp;&nbsp;Grade 1 - Age 12: N<br>
2316,Licensed Group,Moberly Childcare Centre Inc. Prince Albert,7751 Prince Albert St,,Vancouver,V5X 3Z5,49.2143,-123.088289,778-895-3185,,,N,N,N,N,N,N,N,N,N,N,N,N,N,N,N,N,N,,,N,N,N,N,N,N,N,N,N,N,N,2026-05-02,,N,Y,N,Moberly Childcare Centre Inc. Prince Albert<br>Licensed Group<br>778-895-3185<br><br>Vacancy:<br>&nbsp;&nbsp;&nbsp;&nbsp;<36 months: N<br>&nbsp;&nbsp;&nbsp;&nbsp;30 months -- 5 years: N<br>&nbsp;&nbsp;&nbsp;&nbsp;Preschool: N<br>&nbsp;&nbsp;&nbsp;&nbsp;Grade 1 - Age 12: N<br>
2317,Licensed Group,Meridian Centre,2040 150Th St,,Surrey,V4A 8G1,49.039091,-122.806477,604-592-7031,,,N,N,N,N,N,N,N,N,N,N,N,N,N,N,N,N,N,,,N,N,N,N,N,N,N,N,N,Y,N,2026-04-30,,N,Y,N,Meridian Centre<br>Licensed Group<br>604-592-7031<br><br>Vacancy:<br>&nbsp;&nbsp;&nbsp;&nbsp;<36 months: N<br>&nbsp;&nbsp;&nbsp;&nbsp;30 months -- 5 years: N<br>&nbsp;&nbsp;&nbsp;&nbsp;Preschool: Y<br>&nbsp;&nbsp;&nbsp;&nbsp;Grade 1 - Age 12: N<br>
2318,Licensed Group,Precious Gems Daycare,10-2440 Nicholson St S,,Prince George,V2N 2M3,53.898982,-122.788562,250-562-9881,,,Y,N,N,N,N,N,Y,Y,N,Y,Y,N,N,N,N,N,N,Included in fee,Include in fee,N,N,N,N,N,Y,Y,N,N,N,N,2026-05-14,,N,Y,N,Precious Gems Daycare<br>Licensed Group<br>250-562-9881<br><br>Vacancy:<br>&nbsp;&nbsp;&nbsp;&nbsp;<36 months: N<br>&nbsp;&nbsp;&nbsp;&nbsp;30 months -- 5 years: N<br>&nbsp;&nbsp;&nbsp;&nbsp;Preschool: N<br>&nbsp;&nbsp;&nbsp;&nbsp;Grade 1 - Age 12: N<br>
2319,Licensed Family,Lavender Lily's Family Childcare,2241 Canterbury Lane,,Campbell River,V9W 7Y7,49.970678,-125.227437,250-203-0953,,,N,N,N,N,N,N,N,N,N,N,N,N,N,N,N,N,N,,,N,N,N,N,N,N,N,N,N,N,N,2026-05-19,,N,Y,N,Lavender Lily's Family Childcare<br>Licensed Family<br>250-203-0953<br><br>Vacancy:<br>&nbsp;&nbsp;&nbsp;&nbsp;<36 months: N<br>&nbsp;&nbsp;&nbsp;&nbsp;30 months -- 5 years: N<br>&nbsp;&nbsp;&nbsp;&nbsp;Preschool: N<br>&nbsp;&nbsp;&nbsp;&nbsp;Grade 1 - Age 12: N<br>
2320,Licensed Group,Fairfield Island Daycare,46265 Hope River Rd,,Chilliwack,V2P 3P3,49.182296,-121.944798,604-798-6826,,,N,N,N,N,N,N,N,N,N,N,N,N,N,N,N,N,N,,,N,N,N,N,N,N,N,N,N,N,N,2026-05-15,,N,Y,N,Fairfield Island Daycare<br>Licensed Group<br>604-798-6826<br><br>Vacancy:<br>&nbsp;&nbsp;&nbsp;&nbsp;<36 months: N<br>&nbsp;&nbsp;&nbsp;&nbsp;30 months -- 5 years: N<br>&nbsp;&nbsp;&nbsp;&nbsp;Preschool: N<br>&nbsp;&nbsp;&nbsp;&nbsp;Grade 1 - Age 12: N<br>
2321,Licensed Family,Abby Junior Childcare Centre Inc.,3290 Wagner Dr,,Abbotsford,V2T 5G1,49.061996,-122.355118,778-345-9202,,,N,N,N,N,N,N,N,N,N,N,N,N,N,N,N,N,N,,,N,N,N,N,N,N,N,N,N,N,N,2026-05-19,,N,Y,N,Abby Junior Childcare Centre Inc.<br>Licensed Family<br>778-345-9202<br><br>Vacancy:<br>&nbsp;&nbsp;&nbsp;&nbsp;<36 months: N<br>&nbsp;&nbsp;&nbsp;&nbsp;30 months -- 5 years: N<br>&nbsp;&nbsp;&nbsp;&nbsp;Preschool: N<br>&nbsp;&nbsp;&nbsp;&nbsp;Grade 1 - Age 12: N<br>
2322,Licensed Group,Babies 'N' Tots Daycare,5031 Windsong Cres,,Kelowna,V1W 5C4,49.803301,-119.477485,306-502-5222,,,N,N,N,N,N,N,N,N,N,N,N,N,N,N,N,N,N,,,N,N,N,N,N,N,N,N,N,N,N,2026-05-15,,N,Y,N,Babies 'N' Tots Daycare<br>Licensed Group<br>306-502-5222<br><br>Vacancy:<br>&nbsp;&nbsp;&nbsp;&nbsp;<36 months: N<br>&nbsp;&nbsp;&nbsp;&nbsp;30 months -- 5 years: N<br>&nbsp;&nbsp;&nbsp;&nbsp;Preschool: N<br>&nbsp;&nbsp;&nbsp;&nbsp;Grade 1 - Age 12: N<br>
2323,Licensed Group,E2 Childcare,4642 Irmin St,,Burnaby,V5J 1X9,49.21548,-122.99861,604-658-0792,,,N,N,N,N,N,N,N,N,N,N,N,N,N,N,N,N,N,,,N,N,N,N,N,N,N,N,N,N,N,2026-05-15,,N,Y,N,E2 Childcare<br>Licensed Group<br>604-658-0792<br><br>Vacancy:<br>&nbsp;&nbsp;&nbsp;&nbsp;<36 months: N<br>&nbsp;&nbsp;&nbsp;&nbsp;30 months -- 5 years: N<br>&nbsp;&nbsp;&nbsp;&nbsp;Preschool: N<br>&nbsp;&nbsp;&nbsp;&nbsp;Grade 1 - Age 12: N<br>
2324,Licensed Group,Hope Group Daycare Center,8328 Aspin Dr,,Richmond,V6Y 3B9,49.153013,-123.115334,778-628-3783,,,N,N,N,N,N,N,N,N,N,N,N,N,N,N,N,N,N,,,N,N,N,N,N,N,N,N,N,N,N,2026-05-16,,N,Y,N,Hope Group Daycare Center<br>Licensed Group<br>778-628-3783<br><br>Vacancy:<br>&nbsp;&nbsp;&nbsp;&nbsp;<36 months: N<br>&nbsp;&nbsp;&nbsp;&nbsp;30 months -- 5 years: N<br>&nbsp;&nbsp;&nbsp;&nbsp;Preschool: N<br>&nbsp;&nbsp;&nbsp;&nbsp;Grade 1 - Age 12: N<br>
2325,Licensed Group,Eco Kids Care Inc.,6381 Mt Lehman Rd,,Abbotsford,V4X 2G5,49.118153,-122.383644,778-549-6766,,,N,N,N,N,N,N,N,N,N,N,N,N,N,N,N,N,N,,,N,N,N,N,N,N,N,N,N,N,N,2026-05-15,,N,Y,N,Eco Kids Care Inc.<br>Licensed Group<br>778-549-6766<br><br>Vacancy:<br>&nbsp;&nbsp;&nbsp;&nbsp;<36 months: N<br>&nbsp;&nbsp;&nbsp;&nbsp;30 months -- 5 years: N<br>&nbsp;&nbsp;&nbsp;&nbsp;Preschool: N<br>&nbsp;&nbsp;&nbsp;&nbsp;Grade 1 - Age 12: N<br>
2326,Licensed Family,Little Kootenay Sprouts Daycare,1721 Creek St,,Nelson,V1L 1M8,49.48034,-117.290471,250-505-5512,,,N,N,N,N,N,N,N,N,N,N,N,N,N,N,N,N,N,,,N,N,N,N,N,N,N,Y,Y,N,N,2026-05-18,,N,Y,N,Little Kootenay Sprouts Daycare<br>Licensed Family<br>250-505-5512<br><br>Vacancy:<br>&nbsp;&nbsp;&nbsp;&nbsp;<36 months: Y<br>&nbsp;&nbsp;&nbsp;&nbsp;30 months -- 5 years: Y<br>&nbsp;&nbsp;&nbsp;&nbsp;Preschool: N<br>&nbsp;&nbsp;&nbsp;&nbsp;Grade 1 - Age 12: N<br>
2327,Licensed Family,Circle Z Childcare,12785 Chief Lake Rd,,Prince George,V2K 5J8,54.009906,-122.934533,250-613-3726,,,N,N,N,N,N,N,N,N,N,N,N,N,N,N,N,N,N,,,N,N,N,N,N,N,N,N,Y,N,N,2026-05-15,,N,Y,N,Circle Z Childcare<br>Licensed Family<br>250-613-3726<br><br>Vacancy:<br>&nbsp;&nbsp;&nbsp;&nbsp;<36 months: N<br>&nbsp;&nbsp;&nbsp;&nbsp;30 months -- 5 years: Y<br>&nbsp;&nbsp;&nbsp;&nbsp;Preschool: N<br>&nbsp;&nbsp;&nbsp;&nbsp;Grade 1 - Age 12: N<br>
2328,Licensed Group,Wise Beans Childcare Ltd,2439 Berton Pl,,North Vancouver,V7H 2W9,49.316766,-123.005432,778-834-8951,,,Y,N,N,N,N,N,Y,N,N,N,N,N,N,N,N,N,Y,Extra fee,Not offered,N,N,N,Y,Y,Y,Y,Y,N,N,N,2026-05-21,,N,Y,Y,Wise Beans Childcare Ltd<br>Licensed Group<br>778-834-8951<br><br>Vacancy:<br>&nbsp;&nbsp;&nbsp;&nbsp;<36 months: Y<br>&nbsp;&nbsp;&nbsp;&nbsp;30 months -- 5 years: N<br>&nbsp;&nbsp;&nbsp;&nbsp;Preschool: N<br>&nbsp;&nbsp;&nbsp;&nbsp;Grade 1 - Age 12: N<br>
2329,Licensed Family,Hycrest Kids Childcare,6905 Hycrest Dr,,Burnaby,V5B 2X3,49.262976,-122.960791,778-532-7943,,,Y,N,N,N,N,N,Y,Y,N,N,N,N,N,Y,N,N,N,Extra fee,Extra fee,N,N,N,N,N,N,N,N,N,N,N,2026-05-18,,N,Y,N,Hycrest Kids Childcare<br>Licensed Family<br>778-532-7943<br><br>Vacancy:<br>&nbsp;&nbsp;&nbsp;&nbsp;<36 months: N<br>&nbsp;&nbsp;&nbsp;&nbsp;30 months -- 5 years: N<br>&nbsp;&nbsp;&nbsp;&nbsp;Preschool: N<br>&nbsp;&nbsp;&nbsp;&nbsp;Grade 1 - Age 12: N<br>
2330,Licensed Group,Toddler Kingdom Childcare 02,13826 66 Ave,,Surrey,V3W 9L5,49.123072,-122.839167,778-714-9800,,,N,N,N,N,N,N,N,N,N,N,N,N,N,N,N,N,N,,,N,N,N,N,N,N,N,Y,N,N,N,2026-05-15,,N,Y,N,Toddler Kingdom Childcare 02<br>Licensed Group<br>778-714-9800<br><br>Vacancy:<br>&nbsp;&nbsp;&nbsp;&nbsp;<36 months: Y<br>&nbsp;&nbsp;&nbsp;&nbsp;30 months -- 5 years: N<br>&nbsp;&nbsp;&nbsp;&nbsp;Preschool: N<br>&nbsp;&nbsp;&nbsp;&nbsp;Grade 1 - Age 12: N<br>
2331,Licensed Group,All Little Bears Child Care Ltd. - Selby,546 Selby St,,Nanaimo,V9R 2R8,49.161221,-123.937963,250-667-2461,,,N,N,N,N,N,N,N,N,N,N,N,N,N,N,N,N,N,,,N,N,N,N,N,N,N,N,N,N,N,2026-05-19,,N,Y,N,All Little Bears Child Care Ltd. - Selby<br>Licensed Group<br>250-667-2461<br><br>Vacancy:<br>&nbsp;&nbsp;&nbsp;&nbsp;<36 months: N<br>&nbsp;&nbsp;&nbsp;&nbsp;30 months -- 5 years: N<br>&nbsp;&nbsp;&nbsp;&nbsp;Preschool: N<br>&nbsp;&nbsp;&nbsp;&nbsp;Grade 1 - Age 12: N<br>
2332,Licensed Group,Ocean Rain International Daycare Center - Shelbourne,100-3941 Shelbourne St,,Victoria,V8P 4J2,48.468008,-123.332141,250-418-5784,,,Y,N,N,N,N,N,Y,Y,Y,Y,Y,Y,Y,Y,N,N,N,Not offered,Include in fee,Y,N,Y,N,N,Y,Y,N,N,N,N,2026-05-19,,N,Y,N,Ocean Rain International Daycare Center - Shelbourne<br>Licensed Group<br>250-418-5784<br><br>Vacancy:<br>&nbsp;&nbsp;&nbsp;&nbsp;<36 months: N<br>&nbsp;&nbsp;&nbsp;&nbsp;30 months -- 5 years: N<br>&nbsp;&nbsp;&nbsp;&nbsp;Preschool: N<br>&nbsp;&nbsp;&nbsp;&nbsp;Grade 1 - Age 12: N<br>
2333,Licensed Group,Pinecrest Elementary,300 Birch St S,,Campbell River,V9W 2S1,50.00223,-125.243293,250-830-2308,,,N,N,N,N,N,N,N,N,N,N,N,N,N,N,N,N,N,,,N,N,N,N,N,N,N,N,N,N,N,2026-05-13,,N,Y,N,Pinecrest Elementary<br>Licensed Group<br>250-830-2308<br><br>Vacancy:<br>&nbsp;&nbsp;&nbsp;&nbsp;<36 months: N<br>&nbsp;&nbsp;&nbsp;&nbsp;30 months -- 5 years: N<br>&nbsp;&nbsp;&nbsp;&nbsp;Preschool: N<br>&nbsp;&nbsp;&nbsp;&nbsp;Grade 1 - Age 12: N<br>
2334,Licensed Group,Sandowne Elementary,699 Sandowne Dr,,Campbell River,V9W 5G9,49.990144,-125.24426,250-830-2308,,,N,N,N,N,N,N,N,N,N,N,N,N,N,N,N,N,N,,,N,N,N,N,N,N,N,N,N,N,N,2026-05-13,,N,Y,N,Sandowne Elementary<br>Licensed Group<br>250-830-2308<br><br>Vacancy:<br>&nbsp;&nbsp;&nbsp;&nbsp;<36 months: N<br>&nbsp;&nbsp;&nbsp;&nbsp;30 months -- 5 years: N<br>&nbsp;&nbsp;&nbsp;&nbsp;Preschool: N<br>&nbsp;&nbsp;&nbsp;&nbsp;Grade 1 - Age 12: N<br>
2335,Licensed Family,Cozy Childcare Inc.,3236 13Th Ave W,,Vancouver,V6K 2V5,49.260341,-123.176817,778-237-0035,,,N,N,N,N,N,N,N,N,N,N,N,N,N,N,N,N,N,,,N,N,N,N,N,N,N,N,N,N,N,2026-05-12,,N,Y,N,Cozy Childcare Inc.<br>Licensed Family<br>778-237-0035<br><br>Vacancy:<br>&nbsp;&nbsp;&nbsp;&nbsp;<36 months: N<br>&nbsp;&nbsp;&nbsp;&nbsp;30 months -- 5 years: N<br>&nbsp;&nbsp;&nbsp;&nbsp;Preschool: N<br>&nbsp;&nbsp;&nbsp;&nbsp;Grade 1 - Age 12: N<br>
2336,Licensed Group,Summer Breeze Early Care And Learning Centre,1028 Lomalinda Dr,,Langford,V9C 4J9,48.41203,-123.539373,250-882-7074,,,N,N,N,N,N,N,N,N,N,N,N,N,N,N,N,N,N,,,N,N,N,N,N,N,N,N,N,N,N,2026-05-15,,N,Y,N,Summer Breeze Early Care And Learning Centre<br>Licensed Group<br>250-882-7074<br><br>Vacancy:<br>&nbsp;&nbsp;&nbsp;&nbsp;<36 months: N<br>&nbsp;&nbsp;&nbsp;&nbsp;30 months -- 5 years: N<br>&nbsp;&nbsp;&nbsp;&nbsp;Preschool: N<br>&nbsp;&nbsp;&nbsp;&nbsp;Grade 1 - Age 12: N<br>
2337,Licensed Group,Robertson Elementary Just B4 Preschool & School Age Care,46106 Southlands Cres,,Chilliwack,V2P 1B1,49.157317,-121.948628,604-614-6263,,,N,N,N,N,N,N,N,N,N,N,N,N,N,N,N,N,N,,,N,N,N,N,N,N,N,N,N,Y,Y,2026-05-06,,N,Y,N,Robertson Elementary Just B4 Preschool & School Age Care<br>Licensed Group<br>604-614-6263<br><br>Vacancy:<br>&nbsp;&nbsp;&nbsp;&nbsp;<36 months: N<br>&nbsp;&nbsp;&nbsp;&nbsp;30 months -- 5 years: N<br>&nbsp;&nbsp;&nbsp;&nbsp;Preschool: Y<br>&nbsp;&nbsp;&nbsp;&nbsp;Grade 1 - Age 12: Y<br>
2338,Licensed Group,Vedder Elementary Just B4 Preschool & School Age Care,45850 Promontory Rd,,Chilliwack,V2R 5Z5,49.110445,-121.954843,604-614-6263,,,N,N,N,N,N,N,N,N,N,N,N,N,N,N,N,N,N,,,N,N,N,N,N,N,N,N,N,N,Y,2026-05-06,,N,Y,N,Vedder Elementary Just B4 Preschool & School Age Care<br>Licensed Group<br>604-614-6263<br><br>Vacancy:<br>&nbsp;&nbsp;&nbsp;&nbsp;<36 months: N<br>&nbsp;&nbsp;&nbsp;&nbsp;30 months -- 5 years: N<br>&nbsp;&nbsp;&nbsp;&nbsp;Preschool: N<br>&nbsp;&nbsp;&nbsp;&nbsp;Grade 1 - Age 12: Y<br>
2339,Licensed Family,Little Adventures Daycare,4105 12 St,,Vernon,V1T 7Y5,50.273598,-119.24778,250-549-0693,,,N,N,N,N,N,N,N,N,N,N,N,N,N,N,N,N,N,,,N,N,N,N,N,N,N,N,Y,N,N,2026-05-15,,N,Y,N,Little Adventures Daycare<br>Licensed Family<br>250-549-0693<br><br>Vacancy:<br>&nbsp;&nbsp;&nbsp;&nbsp;<36 months: N<br>&nbsp;&nbsp;&nbsp;&nbsp;30 months -- 5 years: Y<br>&nbsp;&nbsp;&nbsp;&nbsp;Preschool: N<br>&nbsp;&nbsp;&nbsp;&nbsp;Grade 1 - Age 12: N<br>
2340,Licensed Group,Bear Cubs Childcare,3530 Colter Crt,,Burnaby,V5A 2Y6,49.252284,-122.942948,778-898-6338,,,N,N,N,N,N,N,N,N,N,N,N,N,N,N,N,N,N,,,N,N,N,N,N,N,N,N,N,N,N,2026-05-11,,N,Y,N,Bear Cubs Childcare<br>Licensed Group<br>778-898-6338<br><br>Vacancy:<br>&nbsp;&nbsp;&nbsp;&nbsp;<36 months: N<br>&nbsp;&nbsp;&nbsp;&nbsp;30 months -- 5 years: N<br>&nbsp;&nbsp;&nbsp;&nbsp;Preschool: N<br>&nbsp;&nbsp;&nbsp;&nbsp;Grade 1 - Age 12: N<br>
2341,Licensed Group,Little Rainbows Early Learning Centre,262 Rainbow Rd,,Salt Spring Island,V8K 2M3,48.855205,-123.510719,250-538-8323,,,N,N,N,N,N,N,N,N,N,N,N,N,N,N,N,N,N,,,N,N,N,N,N,N,N,Y,N,N,N,2026-05-19,,N,Y,N,Little Rainbows Early Learning Centre<br>Licensed Group<br>250-538-8323<br><br>Vacancy:<br>&nbsp;&nbsp;&nbsp;&nbsp;<36 months: Y<br>&nbsp;&nbsp;&nbsp;&nbsp;30 months -- 5 years: N<br>&nbsp;&nbsp;&nbsp;&nbsp;Preschool: N<br>&nbsp;&nbsp;&nbsp;&nbsp;Grade 1 - Age 12: N<br>
2342,Licensed Group,Playtime Childcare Society - Smithers Road Location,1223 Smithers Rd,,Parksville,V9P 2C1,49.304269,-124.34747,250-714-4555,,,N,N,N,N,N,N,N,N,N,N,N,N,N,N,N,N,N,,,N,N,N,N,N,N,N,N,Y,N,N,2026-05-15,,N,Y,N,Playtime Childcare Society - Smithers Road Location<br>Licensed Group<br>250-714-4555<br><br>Vacancy:<br>&nbsp;&nbsp;&nbsp;&nbsp;<36 months: N<br>&nbsp;&nbsp;&nbsp;&nbsp;30 months -- 5 years: Y<br>&nbsp;&nbsp;&nbsp;&nbsp;Preschool: N<br>&nbsp;&nbsp;&nbsp;&nbsp;Grade 1 - Age 12: N<br>
2343,Licensed Family,Learn And Play Daycare,111 47Th Ave E,,Vancouver,V5W 2A6,49.22785,-123.103377,778-551-1372,,,N,N,N,N,N,N,N,N,N,N,N,N,N,N,N,N,N,,,N,N,N,N,N,N,N,N,N,N,N,2026-05-19,,N,Y,N,Learn And Play Daycare<br>Licensed Family<br>778-551-1372<br><br>Vacancy:<br>&nbsp;&nbsp;&nbsp;&nbsp;<36 months: N<br>&nbsp;&nbsp;&nbsp;&nbsp;30 months -- 5 years: N<br>&nbsp;&nbsp;&nbsp;&nbsp;Preschool: N<br>&nbsp;&nbsp;&nbsp;&nbsp;Grade 1 - Age 12: N<br>
2344,Licensed Family,Little Lambs Playhouse Day Care,1224 Sykes Cres,,Keremeos,V0X 1N3,49.199667,-119.827296,778-836-2894,,,N,N,N,N,N,N,N,N,N,N,N,N,N,N,N,N,N,,,N,N,N,N,N,N,N,Y,Y,N,N,2026-05-15,,N,Y,N,Little Lambs Playhouse Day Care<br>Licensed Family<br>778-836-2894<br><br>Vacancy:<br>&nbsp;&nbsp;&nbsp;&nbsp;<36 months: Y<br>&nbsp;&nbsp;&nbsp;&nbsp;30 months -- 5 years: Y<br>&nbsp;&nbsp;&nbsp;&nbsp;Preschool: N<br>&nbsp;&nbsp;&nbsp;&nbsp;Grade 1 - Age 12: N<br>
2345,Licensed Group,Okanagan Mission ymca Child Care,4548 Gordon Dr,,Kelowna,V1Y 8T7,49.818851,-119.483957,250-491-8674,,,N,N,N,N,N,N,N,N,N,N,N,N,N,N,N,N,N,,,N,N,N,N,N,N,N,N,N,N,N,2026-04-28,,N,N,N,Okanagan Mission ymca Child Care<br>Licensed Group<br>250-491-8674<br><br>Vacancy:<br>&nbsp;&nbsp;&nbsp;&nbsp;<36 months: N<br>&nbsp;&nbsp;&nbsp;&nbsp;30 months -- 5 years: N<br>&nbsp;&nbsp;&nbsp;&nbsp;Preschool: N<br>&nbsp;&nbsp;&nbsp;&nbsp;Grade 1 - Age 12: N<br>
2346,Licensed Family,Little Butterfly Montessori Childcare,2863 Southcrest Dr,,Burnaby,V5A 4V4,49.258259,-122.951017,778-683-1338,,,Y,N,N,N,N,N,Y,Y,N,N,N,Y,N,Y,N,Y,N,Extra fee,Not offered,N,N,N,N,N,N,Y,N,Y,N,N,2026-05-11,,N,Y,N,Little Butterfly Montessori Childcare<br>Licensed Family<br>778-683-1338<br><br>Vacancy:<br>&nbsp;&nbsp;&nbsp;&nbsp;<36 months: N<br>&nbsp;&nbsp;&nbsp;&nbsp;30 months -- 5 years: Y<br>&nbsp;&nbsp;&nbsp;&nbsp;Preschool: N<br>&nbsp;&nbsp;&nbsp;&nbsp;Grade 1 - Age 12: N<br>
2347,Licensed Group,Highland Park Elementary - Just B4,3200 Wood Ave,,Armstrong,V0E 1B0,50.44999,-119.201485,778-898-8179,,,N,N,N,N,N,N,N,N,N,N,N,N,N,N,N,N,N,,,N,N,N,N,N,N,N,N,Y,N,N,2026-05-06,,N,Y,N,Highland Park Elementary - Just B4<br>Licensed Group<br>778-898-8179<br><br>Vacancy:<br>&nbsp;&nbsp;&nbsp;&nbsp;<36 months: N<br>&nbsp;&nbsp;&nbsp;&nbsp;30 months -- 5 years: Y<br>&nbsp;&nbsp;&nbsp;&nbsp;Preschool: N<br>&nbsp;&nbsp;&nbsp;&nbsp;Grade 1 - Age 12: N<br>
2348,Licensed Group,Brainbridge After School Care Centre,2295 61St Ave E,,Vancouver,V5P 2K5,49.214488,-123.059573,604-322-6830,,,N,N,N,N,N,N,N,N,N,N,N,N,N,N,N,N,N,,,N,N,N,N,N,N,N,N,N,N,N,2026-05-19,,N,Y,N,Brainbridge After School Care Centre<br>Licensed Group<br>604-322-6830<br><br>Vacancy:<br>&nbsp;&nbsp;&nbsp;&nbsp;<36 months: N<br>&nbsp;&nbsp;&nbsp;&nbsp;30 months -- 5 years: N<br>&nbsp;&nbsp;&nbsp;&nbsp;Preschool: N<br>&nbsp;&nbsp;&nbsp;&nbsp;Grade 1 - Age 12: N<br>
2349,Licensed Group,Ecole Bearisto Elementary,3302 27 St,,Vernon,V1T 4W7,50.266415,-119.266865,250-260-4490,,,N,N,N,N,N,N,N,N,N,N,N,N,N,N,N,N,N,,,N,N,N,N,N,N,N,N,N,N,Y,2026-04-09,,N,Y,N,Ecole Bearisto Elementary<br>Licensed Group<br>250-260-4490<br><br>Vacancy:<br>&nbsp;&nbsp;&nbsp;&nbsp;<36 months: N<br>&nbsp;&nbsp;&nbsp;&nbsp;30 months -- 5 years: N<br>&nbsp;&nbsp;&nbsp;&nbsp;Preschool: N<br>&nbsp;&nbsp;&nbsp;&nbsp;Grade 1 - Age 12: Y<br>
2350,Licensed Group,Kid Spot Surrey,102-17720 57 Ave,,Surrey,V3S 1H2,49.105839,-122.731456,778-829-9051,,,N,N,N,N,N,N,N,N,N,N,N,N,N,N,N,N,N,,,N,N,N,N,N,N,N,N,Y,Y,Y,2026-05-21,,N,Y,N,Kid Spot Surrey<br>Licensed Group<br>778-829-9051<br><br>Vacancy:<br>&nbsp;&nbsp;&nbsp;&nbsp;<36 months: N<br>&nbsp;&nbsp;&nbsp;&nbsp;30 months -- 5 years: Y<br>&nbsp;&nbsp;&nbsp;&nbsp;Preschool: Y<br>&nbsp;&nbsp;&nbsp;&nbsp;Grade 1 - Age 12: Y<br>
2351,Licensed Group,Little Birds Academy Ltd.,20257 Fraser Hwy,,Langley,V3A 4E7,49.106153,-122.661329,778-394-3210,,,N,N,N,N,N,N,N,N,N,N,N,N,N,N,N,N,N,,,N,N,N,N,N,N,N,Y,N,N,N,2026-05-15,,N,Y,N,Little Birds Academy Ltd.<br>Licensed Group<br>778-394-3210<br><br>Vacancy:<br>&nbsp;&nbsp;&nbsp;&nbsp;<36 months: Y<br>&nbsp;&nbsp;&nbsp;&nbsp;30 months -- 5 years: N<br>&nbsp;&nbsp;&nbsp;&nbsp;Preschool: N<br>&nbsp;&nbsp;&nbsp;&nbsp;Grade 1 - Age 12: N<br>
2352,Licensed Group,Sbc Kids Preschool,Room 27-10318 Elliott St,,Summerland,V0H 1Z0,49.600379,-119.683643,250-494-3881,,,N,N,N,N,N,N,N,N,N,N,N,N,N,N,N,N,N,,,N,N,N,N,N,N,N,N,N,N,N,2026-04-02,,N,N,N,Sbc Kids Preschool<br>Licensed Group<br>250-494-3881<br><br>Vacancy:<br>&nbsp;&nbsp;&nbsp;&nbsp;<36 months: N<br>&nbsp;&nbsp;&nbsp;&nbsp;30 months -- 5 years: N<br>&nbsp;&nbsp;&nbsp;&nbsp;Preschool: N<br>&nbsp;&nbsp;&nbsp;&nbsp;Grade 1 - Age 12: N<br>
2353,Licensed Group,Burnaby Lakeview Daycare,7020 Sperling Ave,,Burnaby,V5E 2W3,49.220008,-122.964386,778-990-3981,,,N,N,N,N,N,N,N,N,N,N,N,N,N,N,N,N,N,,,N,N,N,N,N,N,N,Y,N,N,N,2026-05-03,,N,Y,N,Burnaby Lakeview Daycare<br>Licensed Group<br>778-990-3981<br><br>Vacancy:<br>&nbsp;&nbsp;&nbsp;&nbsp;<36 months: Y<br>&nbsp;&nbsp;&nbsp;&nbsp;30 months -- 5 years: N<br>&nbsp;&nbsp;&nbsp;&nbsp;Preschool: N<br>&nbsp;&nbsp;&nbsp;&nbsp;Grade 1 - Age 12: N<br>
2354,Licensed Group,First Step Centre Ltd,1101 26Th St W,,North Vancouver,V7R 1A4,49.333568,-123.105075,604-988-8160,,,N,N,N,N,N,N,N,N,N,N,N,N,N,N,N,N,N,,,N,N,N,N,N,N,N,Y,N,N,N,2026-05-15,,N,Y,N,First Step Centre Ltd<br>Licensed Group<br>604-988-8160<br><br>Vacancy:<br>&nbsp;&nbsp;&nbsp;&nbsp;<36 months: Y<br>&nbsp;&nbsp;&nbsp;&nbsp;30 months -- 5 years: N<br>&nbsp;&nbsp;&nbsp;&nbsp;Preschool: N<br>&nbsp;&nbsp;&nbsp;&nbsp;Grade 1 - Age 12: N<br>
2355,Licensed Group,Heart And Soul Childcare Foundation,63831 School Rd,,Hope,V0X 1L2,49.362223,-121.463377,604-378-9227,,,N,N,N,N,N,N,N,N,N,N,N,N,N,N,N,N,N,,,N,N,N,N,N,N,N,N,N,N,N,2026-05-01,,N,Y,N,Heart And Soul Childcare Foundation<br>Licensed Group<br>604-378-9227<br><br>Vacancy:<br>&nbsp;&nbsp;&nbsp;&nbsp;<36 months: N<br>&nbsp;&nbsp;&nbsp;&nbsp;30 months -- 5 years: N<br>&nbsp;&nbsp;&nbsp;&nbsp;Preschool: N<br>&nbsp;&nbsp;&nbsp;&nbsp;Grade 1 - Age 12: N<br>
2356,Licensed Group,The Otta Daycare,1308 W 48Th Ave,,Vancouver,V6M 2N9,49.22746,-123.13533,778-863-8963,,,,,,,,,,,,,,,,,,,,,,,,,,,,,,,,,,,Y,Y,N,The Otta Daycare<br>Licensed Group<br>778-863-8963<br><br>Vacancy:<br>&nbsp;&nbsp;&nbsp;&nbsp;<36 months: None<br>&nbsp;&nbsp;&nbsp;&nbsp;30 months -- 5 years: None<br>&nbsp;&nbsp;&nbsp;&nbsp;Preschool: None<br>&nbsp;&nbsp;&nbsp;&nbsp;Grade 1 - Age 12: None<br>
2357,Licensed Group,Little Semlin Montessori,2017 1St Ave E,,Vancouver,V5N 1B6,49.269816,-123.063356,604-620-9166,,,Y,N,N,N,N,N,N,Y,N,N,N,N,N,Y,Y,N,N,Extra fee,Extra fee,N,N,N,N,N,N,N,N,N,N,N,2026-05-20,,N,Y,N,Little Semlin Montessori<br>Licensed Group<br>604-620-9166<br><br>Vacancy:<br>&nbsp;&nbsp;&nbsp;&nbsp;<36 months: N<br>&nbsp;&nbsp;&nbsp;&nbsp;30 months -- 5 years: N<br>&nbsp;&nbsp;&nbsp;&nbsp;Preschool: N<br>&nbsp;&nbsp;&nbsp;&nbsp;Grade 1 - Age 12: N<br>
2358,Licensed Family,Miss Sarah's Daycare,923 Walfred Rd,,Langford,V9C 2P3,48.429218,-123.517417,306-262-5079,,,N,N,N,N,N,N,N,N,N,N,N,N,N,N,N,N,N,,,N,N,N,N,N,N,N,N,N,N,N,2026-05-17,,N,Y,N,Miss Sarah's Daycare<br>Licensed Family<br>306-262-5079<br><br>Vacancy:<br>&nbsp;&nbsp;&nbsp;&nbsp;<36 months: N<br>&nbsp;&nbsp;&nbsp;&nbsp;30 months -- 5 years: N<br>&nbsp;&nbsp;&nbsp;&nbsp;Preschool: N<br>&nbsp;&nbsp;&nbsp;&nbsp;Grade 1 - Age 12: N<br>
2359,Licensed Group,Karlee's Kid Club,3081 Cariboo Hwy,,150 Mile House,V0K 2G0,52.107132,-121.928303,778-267-1504,,,N,N,N,N,N,N,N,N,N,N,N,N,N,N,N,N,N,,,N,N,N,N,N,N,N,N,N,N,N,2026-05-15,,N,Y,N,Karlee's Kid Club<br>Licensed Group<br>778-267-1504<br><br>Vacancy:<br>&nbsp;&nbsp;&nbsp;&nbsp;<36 months: N<br>&nbsp;&nbsp;&nbsp;&nbsp;30 months -- 5 years: N<br>&nbsp;&nbsp;&nbsp;&nbsp;Preschool: N<br>&nbsp;&nbsp;&nbsp;&nbsp;Grade 1 - Age 12: N<br>
2360,Licensed Group,Coronation Kids Care (Mountain Meadows Elementary),999 Noons Creek Dr,,Port Moody,V3H 4N3,49.290215,-122.824582,236-838-3404,,,N,N,N,N,N,N,N,N,N,N,N,N,N,N,N,N,N,,,N,N,N,N,N,N,N,N,N,N,Y,2026-05-15,,N,Y,N,Coronation Kids Care (Mountain Meadows Elementary)<br>Licensed Group<br>236-838-3404<br><br>Vacancy:<br>&nbsp;&nbsp;&nbsp;&nbsp;<36 months: N<br>&nbsp;&nbsp;&nbsp;&nbsp;30 months -- 5 years: N<br>&nbsp;&nbsp;&nbsp;&nbsp;Preschool: N<br>&nbsp;&nbsp;&nbsp;&nbsp;Grade 1 - Age 12: Y<br>
2361,Licensed Family,Dreamland Childcare Centre,1237 Adderley St,,North Vancouver,V7L 1T6,49.316357,-123.041591,778-668-3145,,,N,N,N,N,N,N,N,N,N,N,N,N,N,N,N,N,N,,,N,N,N,N,N,N,N,Y,Y,N,N,2026-05-06,,N,Y,N,Dreamland Childcare Centre<br>Licensed Family<br>778-668-3145<br><br>Vacancy:<br>&nbsp;&nbsp;&nbsp;&nbsp;<36 months: Y<br>&nbsp;&nbsp;&nbsp;&nbsp;30 months -- 5 years: Y<br>&nbsp;&nbsp;&nbsp;&nbsp;Preschool: N<br>&nbsp;&nbsp;&nbsp;&nbsp;Grade 1 - Age 12: N<br>
2362,Licensed Family,"Color Wheel Daycare Ltd, The",34034 Cleven Dr,,Mission,V2V 0H9,49.158453,-122.281592,604-621-2505,,,N,N,N,N,N,N,N,N,N,N,N,N,N,N,N,N,N,,,N,N,N,N,N,N,N,N,N,N,N,2026-04-23,,N,Y,N,"Color Wheel Daycare Ltd, The<br>Licensed Family<br>604-621-2505<br><br>Vacancy:<br>&nbsp;&nbsp;&nbsp;&nbsp;<36 months: N<br>&nbsp;&nbsp;&nbsp;&nbsp;30 months -- 5 years: N<br>&nbsp;&nbsp;&nbsp;&nbsp;Preschool: N<br>&nbsp;&nbsp;&nbsp;&nbsp;Grade 1 - Age 12: N<br>"
2363,Licensed Family,Wee Chickadees Childcare,33354 3Rd Ave,,Mission,V2V 1P2,49.135973,-122.300935,604-788-2685,,,N,N,N,N,N,N,N,N,N,N,N,N,N,N,N,N,N,,,N,N,N,N,N,N,N,N,N,N,N,2026-05-18,,N,Y,N,Wee Chickadees Childcare<br>Licensed Family<br>604-788-2685<br><br>Vacancy:<br>&nbsp;&nbsp;&nbsp;&nbsp;<36 months: N<br>&nbsp;&nbsp;&nbsp;&nbsp;30 months -- 5 years: N<br>&nbsp;&nbsp;&nbsp;&nbsp;Preschool: N<br>&nbsp;&nbsp;&nbsp;&nbsp;Grade 1 - Age 12: N<br>
2364,Licensed Group,Little Chicks Early Learning Society,9105 Peach Orchard Rd,,Summerland,V0H 1Z0,49.605156,-119.675598,250-494-1200,,,N,N,N,N,N,N,N,N,N,N,N,N,N,N,N,N,N,,,N,N,N,N,N,N,N,N,Y,Y,Y,2026-04-21,,N,Y,N,Little Chicks Early Learning Society<br>Licensed Group<br>250-494-1200<br><br>Vacancy:<br>&nbsp;&nbsp;&nbsp;&nbsp;<36 months: N<br>&nbsp;&nbsp;&nbsp;&nbsp;30 months -- 5 years: Y<br>&nbsp;&nbsp;&nbsp;&nbsp;Preschool: Y<br>&nbsp;&nbsp;&nbsp;&nbsp;Grade 1 - Age 12: Y<br>
2365,Licensed Family,Cradle To Crayons,2727 Scafe Rd,,Langford,V9B 3W6,48.452004,-123.500116,250-889-5866,,,N,N,N,N,N,N,N,N,N,N,N,N,N,N,N,N,N,,,N,N,N,N,N,N,N,N,N,N,N,2026-05-14,,N,Y,N,Cradle To Crayons<br>Licensed Family<br>250-889-5866<br><br>Vacancy:<br>&nbsp;&nbsp;&nbsp;&nbsp;<36 months: N<br>&nbsp;&nbsp;&nbsp;&nbsp;30 months -- 5 years: N<br>&nbsp;&nbsp;&nbsp;&nbsp;Preschool: N<br>&nbsp;&nbsp;&nbsp;&nbsp;Grade 1 - Age 12: N<br>
2366,Licensed Group,Kids Zone-Sema:Th,36321 Vye Rd,,Abbotsford,V3G 1Z5,49.017503,-122.218531,778-239-2075,,,N,N,N,N,N,N,N,N,N,N,N,N,N,N,N,N,N,,,N,N,N,N,N,N,N,N,Y,N,Y,2026-04-19,,N,Y,N,Kids Zone-Sema:Th<br>Licensed Group<br>778-239-2075<br><br>Vacancy:<br>&nbsp;&nbsp;&nbsp;&nbsp;<36 months: N<br>&nbsp;&nbsp;&nbsp;&nbsp;30 months -- 5 years: Y<br>&nbsp;&nbsp;&nbsp;&nbsp;Preschool: N<br>&nbsp;&nbsp;&nbsp;&nbsp;Grade 1 - Age 12: Y<br>
2367,Licensed Group,6 Mile Daycare,2074 Blackwater Rd,,Quesnel,V2J 7B3,53.026763,-122.596301,250-249-5104,,,N,N,N,N,N,N,N,N,N,N,N,N,N,N,N,N,N,,,N,N,N,N,N,N,N,N,N,N,N,2026-05-19,,N,Y,N,6 Mile Daycare<br>Licensed Group<br>250-249-5104<br><br>Vacancy:<br>&nbsp;&nbsp;&nbsp;&nbsp;<36 months: N<br>&nbsp;&nbsp;&nbsp;&nbsp;30 months -- 5 years: N<br>&nbsp;&nbsp;&nbsp;&nbsp;Preschool: N<br>&nbsp;&nbsp;&nbsp;&nbsp;Grade 1 - Age 12: N<br>
2368,Licensed Family,Little Peanuts Early Learning,1257 Carney St,,Prince George,V2M 2L3,53.91278,-122.769548,250-552-6192,,,,,,,,,,,,,,,,,,,,,,,,,,,,,,,,,,,Y,Y,N,Little Peanuts Early Learning<br>Licensed Family<br>250-552-6192<br><br>Vacancy:<br>&nbsp;&nbsp;&nbsp;&nbsp;<36 months: None<br>&nbsp;&nbsp;&nbsp;&nbsp;30 months -- 5 years: None<br>&nbsp;&nbsp;&nbsp;&nbsp;Preschool: None<br>&nbsp;&nbsp;&nbsp;&nbsp;Grade 1 - Age 12: None<br>
2369,Licensed Group,Charlie Lake Elementary Little Lakers Clubhouse,12655 Charlie Lake Frontage Rd,,Charlie Lake,V0C 1H0,56.272872,-120.951608,250-262-6090,,,N,N,N,N,N,N,N,N,N,N,N,N,N,N,N,N,N,Not offered,Not offered,N,N,N,N,N,N,N,N,N,N,N,2026-05-04,,N,Y,N,Charlie Lake Elementary Little Lakers Clubhouse<br>Licensed Group<br>250-262-6090<br><br>Vacancy:<br>&nbsp;&nbsp;&nbsp;&nbsp;<36 months: N<br>&nbsp;&nbsp;&nbsp;&nbsp;30 months -- 5 years: N<br>&nbsp;&nbsp;&nbsp;&nbsp;Preschool: N<br>&nbsp;&nbsp;&nbsp;&nbsp;Grade 1 - Age 12: N<br>
2370,Licensed Group,Discovery Elementary School Out Of School Care,2204 Mckean Rd,,Shawnigan Lake,V0R 2W0,48.652652,-123.651806,250-710-1837,,,N,N,N,N,N,N,N,N,N,N,N,N,N,N,N,N,N,,,N,N,N,N,N,N,N,N,Y,N,Y,2026-04-23,,N,Y,N,Discovery Elementary School Out Of School Care<br>Licensed Group<br>250-710-1837<br><br>Vacancy:<br>&nbsp;&nbsp;&nbsp;&nbsp;<36 months: N<br>&nbsp;&nbsp;&nbsp;&nbsp;30 months -- 5 years: Y<br>&nbsp;&nbsp;&nbsp;&nbsp;Preschool: N<br>&nbsp;&nbsp;&nbsp;&nbsp;Grade 1 - Age 12: Y<br>
2371,Licensed Group,Kids View Studio,4610 Northlawn Dr,,Burnaby,V5C 3S1,49.271544,-122.997524,604-629-3555,,,N,N,N,N,N,N,N,N,N,N,N,N,N,N,N,N,N,,,N,N,N,N,N,N,N,N,N,N,N,2026-05-14,,N,Y,N,Kids View Studio<br>Licensed Group<br>604-629-3555<br><br>Vacancy:<br>&nbsp;&nbsp;&nbsp;&nbsp;<36 months: N<br>&nbsp;&nbsp;&nbsp;&nbsp;30 months -- 5 years: N<br>&nbsp;&nbsp;&nbsp;&nbsp;Preschool: N<br>&nbsp;&nbsp;&nbsp;&nbsp;Grade 1 - Age 12: N<br>
2372,Licensed Family,Strawberry Lane Family Childcare,4697 Strawberry Lane,,Kamloops,V2H 1L6,50.800563,-120.313184,780-394-1329,,,N,N,N,N,N,N,N,N,N,N,N,N,N,N,N,N,N,,,N,N,N,N,N,N,N,N,N,N,N,2026-05-11,,N,Y,N,Strawberry Lane Family Childcare<br>Licensed Family<br>780-394-1329<br><br>Vacancy:<br>&nbsp;&nbsp;&nbsp;&nbsp;<36 months: N<br>&nbsp;&nbsp;&nbsp;&nbsp;30 months -- 5 years: N<br>&nbsp;&nbsp;&nbsp;&nbsp;Preschool: N<br>&nbsp;&nbsp;&nbsp;&nbsp;Grade 1 - Age 12: N<br>
2373,Licensed Group,Ocean Grove Elementary,3773 Mclelan Rd,,Campbell River,V9H 1K2,49.941209,-125.194432,250-830-2308,,,N,N,N,N,N,N,N,N,N,N,N,N,N,N,N,N,N,,,N,N,N,N,N,N,N,N,N,N,Y,2026-05-13,,N,Y,N,Ocean Grove Elementary<br>Licensed Group<br>250-830-2308<br><br>Vacancy:<br>&nbsp;&nbsp;&nbsp;&nbsp;<36 months: N<br>&nbsp;&nbsp;&nbsp;&nbsp;30 months -- 5 years: N<br>&nbsp;&nbsp;&nbsp;&nbsp;Preschool: N<br>&nbsp;&nbsp;&nbsp;&nbsp;Grade 1 - Age 12: Y<br>
2374,Licensed Group,Georgia Park Elementary,678 Hudson Rd,,Campbell River,V9H 1T4,49.963883,-125.229085,250-830-2308,,,N,N,N,N,N,N,N,N,N,N,N,N,N,N,N,N,N,,,N,N,N,N,N,N,N,N,N,N,N,2026-05-13,,N,Y,N,Georgia Park Elementary<br>Licensed Group<br>250-830-2308<br><br>Vacancy:<br>&nbsp;&nbsp;&nbsp;&nbsp;<36 months: N<br>&nbsp;&nbsp;&nbsp;&nbsp;30 months -- 5 years: N<br>&nbsp;&nbsp;&nbsp;&nbsp;Preschool: N<br>&nbsp;&nbsp;&nbsp;&nbsp;Grade 1 - Age 12: N<br>
2375,Licensed Group,Ripple Rock Elementary,2001 Cheviot Rd,,Campbell River,V9H 1R4,50.022938,-125.274224,250-830-2308,,,N,N,N,N,N,N,N,N,N,N,N,N,N,N,N,N,N,,,N,N,N,N,N,N,N,N,N,N,Y,2026-05-13,,N,Y,N,Ripple Rock Elementary<br>Licensed Group<br>250-830-2308<br><br>Vacancy:<br>&nbsp;&nbsp;&nbsp;&nbsp;<36 months: N<br>&nbsp;&nbsp;&nbsp;&nbsp;30 months -- 5 years: N<br>&nbsp;&nbsp;&nbsp;&nbsp;Preschool: N<br>&nbsp;&nbsp;&nbsp;&nbsp;Grade 1 - Age 12: Y<br>
2376,Licensed Group,Cedar Elementary,261 Cedar St,,Campbell River,V9W 2V3,50.012225,-125.245733,250-830-2308,,,N,N,N,N,N,N,N,N,N,N,N,N,N,N,N,N,N,,,N,N,N,N,N,N,N,N,N,N,Y,2026-05-13,,N,Y,N,Cedar Elementary<br>Licensed Group<br>250-830-2308<br><br>Vacancy:<br>&nbsp;&nbsp;&nbsp;&nbsp;<36 months: N<br>&nbsp;&nbsp;&nbsp;&nbsp;30 months -- 5 years: N<br>&nbsp;&nbsp;&nbsp;&nbsp;Preschool: N<br>&nbsp;&nbsp;&nbsp;&nbsp;Grade 1 - Age 12: Y<br>
2377,Licensed Group,Arise & Shine Christian Learning Centre,3471 Clearbrook Rd,,Abbotsford,V2T 5N1,49.065123,-122.339203,778-751-6395,,,N,N,N,N,N,N,N,N,N,N,N,N,N,N,N,N,N,,,N,N,N,N,N,N,N,N,Y,N,N,2026-05-16,,N,Y,N,Arise & Shine Christian Learning Centre<br>Licensed Group<br>778-751-6395<br><br>Vacancy:<br>&nbsp;&nbsp;&nbsp;&nbsp;<36 months: N<br>&nbsp;&nbsp;&nbsp;&nbsp;30 months -- 5 years: Y<br>&nbsp;&nbsp;&nbsp;&nbsp;Preschool: N<br>&nbsp;&nbsp;&nbsp;&nbsp;Grade 1 - Age 12: N<br>
2378,Licensed Group,Tiny Adventures Daycare Center,4310 25 St,,Vernon,V1T 4S4,50.275821,-119.264491,250-540-7990,,,N,N,N,N,N,N,N,N,N,N,N,N,N,N,N,N,N,,,N,N,N,N,N,N,N,N,N,N,N,2026-04-22,,N,Y,N,Tiny Adventures Daycare Center<br>Licensed Group<br>250-540-7990<br><br>Vacancy:<br>&nbsp;&nbsp;&nbsp;&nbsp;<36 months: N<br>&nbsp;&nbsp;&nbsp;&nbsp;30 months -- 5 years: N<br>&nbsp;&nbsp;&nbsp;&nbsp;Preschool: N<br>&nbsp;&nbsp;&nbsp;&nbsp;Grade 1 - Age 12: N<br>
2379,Licensed Group,Angels Playhouse Daycare Society (Sherban Ct),5798 Sherban Crt,,Burnaby,V5B 4P2,49.268617,-122.979782,604-809-3868,,,N,N,N,N,N,N,N,N,N,N,N,N,N,N,N,N,N,,,N,N,N,N,N,N,N,Y,N,N,N,2026-05-18,,N,N,N,Angels Playhouse Daycare Society (Sherban Ct)<br>Licensed Group<br>604-809-3868<br><br>Vacancy:<br>&nbsp;&nbsp;&nbsp;&nbsp;<36 months: Y<br>&nbsp;&nbsp;&nbsp;&nbsp;30 months -- 5 years: N<br>&nbsp;&nbsp;&nbsp;&nbsp;Preschool: N<br>&nbsp;&nbsp;&nbsp;&nbsp;Grade 1 - Age 12: N<br>
2380,Licensed Group,Mama Bear's After School Care,1222 Dog Creek Rd,,Williams Lake,V2G 3G9,52.099864,-122.123447,250-267-2012,,,Y,N,N,N,N,N,N,N,N,Y,Y,N,N,N,N,N,N,Not offered,Not offered,N,N,N,N,N,N,N,N,N,N,Y,2026-05-08,,N,Y,N,Mama Bear's After School Care<br>Licensed Group<br>250-267-2012<br><br>Vacancy:<br>&nbsp;&nbsp;&nbsp;&nbsp;<36 months: N<br>&nbsp;&nbsp;&nbsp;&nbsp;30 months -- 5 years: N<br>&nbsp;&nbsp;&nbsp;&nbsp;Preschool: N<br>&nbsp;&nbsp;&nbsp;&nbsp;Grade 1 - Age 12: Y<br>
2381,Licensed Group,Crescendo Childcare Centre,4663 Hastings St,,Burnaby,V5C 2K6,49.281261,-122.99809,604-808-7623,,,N,N,N,N,N,N,N,N,N,N,N,N,N,N,N,N,N,,,N,N,N,N,N,N,N,N,Y,N,N,2026-04-18,,N,Y,N,Crescendo Childcare Centre<br>Licensed Group<br>604-808-7623<br><br>Vacancy:<br>&nbsp;&nbsp;&nbsp;&nbsp;<36 months: N<br>&nbsp;&nbsp;&nbsp;&nbsp;30 months -- 5 years: Y<br>&nbsp;&nbsp;&nbsp;&nbsp;Preschool: N<br>&nbsp;&nbsp;&nbsp;&nbsp;Grade 1 - Age 12: N<br>
2382,Licensed Group,Blooming Butterflies,628 Sun Valley Dr,,Kamloops,V2B 6S4,50.773855,-120.33389,250-572-6853,,,N,N,N,N,N,N,N,N,N,N,N,N,N,N,N,N,N,,,N,N,N,N,N,N,N,N,Y,N,Y,2026-05-14,,N,Y,N,Blooming Butterflies<br>Licensed Group<br>250-572-6853<br><br>Vacancy:<br>&nbsp;&nbsp;&nbsp;&nbsp;<36 months: N<br>&nbsp;&nbsp;&nbsp;&nbsp;30 months -- 5 years: Y<br>&nbsp;&nbsp;&nbsp;&nbsp;Preschool: N<br>&nbsp;&nbsp;&nbsp;&nbsp;Grade 1 - Age 12: Y<br>
2383,Licensed Group,Tee Pee Tots Daycare,1930 Fairview Rd,,Cawston,V0X 1C2,49.187191,-119.736068,250-499-5528,,,N,N,N,N,N,N,N,N,N,N,N,N,N,N,N,N,N,Not offered,Not offered,N,N,N,N,N,N,N,N,N,N,N,2026-05-04,,N,Y,N,Tee Pee Tots Daycare<br>Licensed Group<br>250-499-5528<br><br>Vacancy:<br>&nbsp;&nbsp;&nbsp;&nbsp;<36 months: N<br>&nbsp;&nbsp;&nbsp;&nbsp;30 months -- 5 years: N<br>&nbsp;&nbsp;&nbsp;&nbsp;Preschool: N<br>&nbsp;&nbsp;&nbsp;&nbsp;Grade 1 - Age 12: N<br>
2384,Licensed Family,Cowlicks & Pigtails Family Daycare,6550 Como St,,Grand Forks,V0H 1H4,49.023543,-118.44107,604-798-0590,,,N,N,N,N,N,N,N,N,N,N,N,N,N,N,N,N,N,,,N,N,N,N,N,N,N,N,N,N,N,2026-05-15,,N,Y,N,Cowlicks & Pigtails Family Daycare<br>Licensed Family<br>604-798-0590<br><br>Vacancy:<br>&nbsp;&nbsp;&nbsp;&nbsp;<36 months: N<br>&nbsp;&nbsp;&nbsp;&nbsp;30 months -- 5 years: N<br>&nbsp;&nbsp;&nbsp;&nbsp;Preschool: N<br>&nbsp;&nbsp;&nbsp;&nbsp;Grade 1 - Age 12: N<br>
2385,Licensed Family,Little Willows Child Care,4-2033 Varsity Landng,,Campbell River,V9H 0B2,49.972085,-125.244908,604-815-3197,,,N,N,N,N,N,N,N,N,N,N,N,N,N,N,N,N,N,,,N,N,N,N,N,N,N,N,N,N,N,2026-05-15,,N,Y,N,Little Willows Child Care<br>Licensed Family<br>604-815-3197<br><br>Vacancy:<br>&nbsp;&nbsp;&nbsp;&nbsp;<36 months: N<br>&nbsp;&nbsp;&nbsp;&nbsp;30 months -- 5 years: N<br>&nbsp;&nbsp;&nbsp;&nbsp;Preschool: N<br>&nbsp;&nbsp;&nbsp;&nbsp;Grade 1 - Age 12: N<br>
2386,Licensed Group,Little Learners Childcare,102-20560 Fraser Hwy,,Langely,V3A 4G2,49.103571,-122.65249,604-359-1900,,,N,N,N,N,N,N,N,N,N,N,N,N,N,N,N,N,N,,,N,N,N,N,N,N,N,Y,Y,N,N,2026-05-20,,N,Y,N,Little Learners Childcare<br>Licensed Group<br>604-359-1900<br><br>Vacancy:<br>&nbsp;&nbsp;&nbsp;&nbsp;<36 months: Y<br>&nbsp;&nbsp;&nbsp;&nbsp;30 months -- 5 years: Y<br>&nbsp;&nbsp;&nbsp;&nbsp;Preschool: N<br>&nbsp;&nbsp;&nbsp;&nbsp;Grade 1 - Age 12: N<br>
2387,Licensed Family,Grandma’S Cottage Daycare,10715 106 St,,Fort St. John,V1J 5M9,56.253296,-120.857171,250-262-7542,,,N,N,N,N,N,N,N,N,N,N,N,N,N,N,N,N,N,,,N,N,N,N,N,N,N,N,N,N,N,2026-05-15,,N,Y,N,Grandma’S Cottage Daycare<br>Licensed Family<br>250-262-7542<br><br>Vacancy:<br>&nbsp;&nbsp;&nbsp;&nbsp;<36 months: N<br>&nbsp;&nbsp;&nbsp;&nbsp;30 months -- 5 years: N<br>&nbsp;&nbsp;&nbsp;&nbsp;Preschool: N<br>&nbsp;&nbsp;&nbsp;&nbsp;Grade 1 - Age 12: N<br>
2388,Licensed Group,Creating Smiles - Bonaccord,14986 98Th Ave,,Surrey,V3R 1J1,49.180353,-122.806839,778-239-2075,,,N,N,N,N,N,N,N,N,N,N,N,N,N,N,N,N,N,,,N,N,N,N,N,N,N,N,N,N,N,2026-05-13,,N,N,N,Creating Smiles - Bonaccord<br>Licensed Group<br>778-239-2075<br><br>Vacancy:<br>&nbsp;&nbsp;&nbsp;&nbsp;<36 months: N<br>&nbsp;&nbsp;&nbsp;&nbsp;30 months -- 5 years: N<br>&nbsp;&nbsp;&nbsp;&nbsp;Preschool: N<br>&nbsp;&nbsp;&nbsp;&nbsp;Grade 1 - Age 12: N<br>
2389,Licensed Group,Onesky Wiltse Childcare Center,640 Wiltse Blvd,,Penticton,V2A 8J2,49.470736,-119.566606,250-485-8969,,,N,N,N,N,N,N,N,N,N,N,N,N,N,N,N,N,N,,,N,N,N,N,N,N,N,N,Y,Y,Y,2026-05-11,,N,Y,N,Onesky Wiltse Childcare Center<br>Licensed Group<br>250-485-8969<br><br>Vacancy:<br>&nbsp;&nbsp;&nbsp;&nbsp;<36 months: N<br>&nbsp;&nbsp;&nbsp;&nbsp;30 months -- 5 years: Y<br>&nbsp;&nbsp;&nbsp;&nbsp;Preschool: Y<br>&nbsp;&nbsp;&nbsp;&nbsp;Grade 1 - Age 12: Y<br>
2390,Licensed Group,Enchanted Moments,5581 Norton Rd,,Nanaimo,V9T 6S2,49.233034,-124.009948,250-758-3521,,,N,N,N,N,N,N,N,N,N,N,N,N,N,N,N,N,N,,,N,N,N,N,N,N,N,N,N,N,N,2026-05-17,,N,Y,N,Enchanted Moments<br>Licensed Group<br>250-758-3521<br><br>Vacancy:<br>&nbsp;&nbsp;&nbsp;&nbsp;<36 months: N<br>&nbsp;&nbsp;&nbsp;&nbsp;30 months -- 5 years: N<br>&nbsp;&nbsp;&nbsp;&nbsp;Preschool: N<br>&nbsp;&nbsp;&nbsp;&nbsp;Grade 1 - Age 12: N<br>
2391,Licensed Group,Edgewood Home After School,16715 22A Ave,,Surrey,V3Z 0M7,49.043048,-122.759559,778-683-3166,,,N,N,N,N,N,N,N,N,N,N,N,N,N,N,N,N,N,,,N,N,N,N,N,N,N,N,N,N,Y,2026-05-04,,N,Y,N,Edgewood Home After School<br>Licensed Group<br>778-683-3166<br><br>Vacancy:<br>&nbsp;&nbsp;&nbsp;&nbsp;<36 months: N<br>&nbsp;&nbsp;&nbsp;&nbsp;30 months -- 5 years: N<br>&nbsp;&nbsp;&nbsp;&nbsp;Preschool: N<br>&nbsp;&nbsp;&nbsp;&nbsp;Grade 1 - Age 12: Y<br>
2392,Licensed Group,All Little Bears Child Care Ltd. - Machleary,292 Machleary St,,Nanaimo,V9R 2G6,49.164304,-123.948542,250-667-2461,,,N,N,N,N,N,N,N,N,N,N,N,N,N,N,N,N,N,,,N,N,N,N,N,N,N,N,N,N,N,2026-03-15,,N,Y,N,All Little Bears Child Care Ltd. - Machleary<br>Licensed Group<br>250-667-2461<br><br>Vacancy:<br>&nbsp;&nbsp;&nbsp;&nbsp;<36 months: N<br>&nbsp;&nbsp;&nbsp;&nbsp;30 months -- 5 years: N<br>&nbsp;&nbsp;&nbsp;&nbsp;Preschool: N<br>&nbsp;&nbsp;&nbsp;&nbsp;Grade 1 - Age 12: N<br>
2393,Licensed Family,Miss Jenny's,7275 Newcombe St,,Burnaby,V3N 3V4,49.231683,-122.926209,604-356-9975,,,N,N,N,N,N,N,N,N,N,N,N,N,N,N,N,N,N,,,N,N,N,N,N,N,N,N,N,N,N,2026-05-21,,N,Y,N,Miss Jenny's<br>Licensed Family<br>604-356-9975<br><br>Vacancy:<br>&nbsp;&nbsp;&nbsp;&nbsp;<36 months: N<br>&nbsp;&nbsp;&nbsp;&nbsp;30 months -- 5 years: N<br>&nbsp;&nbsp;&nbsp;&nbsp;Preschool: N<br>&nbsp;&nbsp;&nbsp;&nbsp;Grade 1 - Age 12: N<br>
2394,Licensed Group,Tomorrow's Topkids Maple Lane Clubhouse,7671 Alouette Dr,,Richmond,V7A 4P2,49.138304,-123.141409,604-437-4744,,,N,N,N,N,N,N,N,N,N,N,N,N,N,N,N,N,N,,,N,N,N,N,N,N,N,N,N,Y,N,2026-04-28,,N,Y,Y,Tomorrow's Topkids Maple Lane Clubhouse<br>Licensed Group<br>604-437-4744<br><br>Vacancy:<br>&nbsp;&nbsp;&nbsp;&nbsp;<36 months: N<br>&nbsp;&nbsp;&nbsp;&nbsp;30 months -- 5 years: N<br>&nbsp;&nbsp;&nbsp;&nbsp;Preschool: Y<br>&nbsp;&nbsp;&nbsp;&nbsp;Grade 1 - Age 12: N<br>
2395,Licensed Group,Tomorrow's Topkids Maple Lane Clubhouse,7671 Alouette Dr,,Richmond,V7A 4P2,49.138304,-123.141409,604-218-5179,,,N,N,N,N,N,N,N,N,N,N,N,N,N,N,N,N,N,,,N,N,N,N,N,N,N,N,Y,N,Y,2026-04-28,,N,Y,Y,Tomorrow's Topkids Maple Lane Clubhouse<br>Licensed Group<br>604-218-5179<br><br>Vacancy:<br>&nbsp;&nbsp;&nbsp;&nbsp;<36 months: N<br>&nbsp;&nbsp;&nbsp;&nbsp;30 months -- 5 years: Y<br>&nbsp;&nbsp;&nbsp;&nbsp;Preschool: N<br>&nbsp;&nbsp;&nbsp;&nbsp;Grade 1 - Age 12: Y<br>
2396,Licensed Group,Discover Montessori School,3460 Jingle Pot Rd,,Nanaimo,V9R 6W9,49.187763,-124.0435,250-591-4450,,,N,N,N,N,N,N,N,N,N,N,N,N,N,N,N,N,N,,,N,N,N,N,N,N,N,N,Y,N,N,2026-04-07,,N,Y,N,Discover Montessori School<br>Licensed Group<br>250-591-4450<br><br>Vacancy:<br>&nbsp;&nbsp;&nbsp;&nbsp;<36 months: N<br>&nbsp;&nbsp;&nbsp;&nbsp;30 months -- 5 years: Y<br>&nbsp;&nbsp;&nbsp;&nbsp;Preschool: N<br>&nbsp;&nbsp;&nbsp;&nbsp;Grade 1 - Age 12: N<br>
2397,Licensed Group,Ic Early Learning Center (Metrotown),4721 Sardis St,,Burnaby,V5H 1L4,49.233696,-122.997349,604-500-5559,,,N,N,N,N,N,N,N,N,N,N,N,N,N,N,N,N,N,,,N,N,N,N,N,N,N,N,N,N,N,2026-05-20,,N,Y,N,Ic Early Learning Center (Metrotown)<br>Licensed Group<br>604-500-5559<br><br>Vacancy:<br>&nbsp;&nbsp;&nbsp;&nbsp;<36 months: N<br>&nbsp;&nbsp;&nbsp;&nbsp;30 months -- 5 years: N<br>&nbsp;&nbsp;&nbsp;&nbsp;Preschool: N<br>&nbsp;&nbsp;&nbsp;&nbsp;Grade 1 - Age 12: N<br>
2398,Licensed Group,Kool Cats Family Care,8008 Malaspina Ave,,Prince George,V2N 4S7,53.849357,-122.765245,250-964-2668,,,N,N,N,N,N,N,N,N,N,N,N,N,N,N,N,N,N,,,N,N,N,N,N,N,N,Y,Y,N,N,2026-05-15,,N,Y,N,Kool Cats Family Care<br>Licensed Group<br>250-964-2668<br><br>Vacancy:<br>&nbsp;&nbsp;&nbsp;&nbsp;<36 months: Y<br>&nbsp;&nbsp;&nbsp;&nbsp;30 months -- 5 years: Y<br>&nbsp;&nbsp;&nbsp;&nbsp;Preschool: N<br>&nbsp;&nbsp;&nbsp;&nbsp;Grade 1 - Age 12: N<br>
2399,Licensed Group,Notre Dame Morning And A/S Care Program & Nd Preschool,925 104 Ave,,Dawson Creek,V1G 2H8,55.756288,-120.229718,250-782-4923,,,N,N,N,N,N,N,N,N,N,N,N,N,N,N,N,N,N,,,N,N,N,N,N,N,N,N,N,N,Y,2026-05-12,,N,Y,N,Notre Dame Morning And A/S Care Program & Nd Preschool<br>Licensed Group<br>250-782-4923<br><br>Vacancy:<br>&nbsp;&nbsp;&nbsp;&nbsp;<36 months: N<br>&nbsp;&nbsp;&nbsp;&nbsp;30 months -- 5 years: N<br>&nbsp;&nbsp;&nbsp;&nbsp;Preschool: N<br>&nbsp;&nbsp;&nbsp;&nbsp;Grade 1 - Age 12: Y<br>
2400,Licensed Group,Stride Early Years Care,7051 14Th Ave,,Burnaby,V3N 1Z3,49.211521,-122.952432,604-431-0400,,,N,N,N,N,N,N,N,N,N,N,N,N,N,N,N,N,N,,,N,N,N,N,N,N,N,N,N,N,N,2026-05-14,,N,Y,N,Stride Early Years Care<br>Licensed Group<br>604-431-0400<br><br>Vacancy:<br>&nbsp;&nbsp;&nbsp;&nbsp;<36 months: N<br>&nbsp;&nbsp;&nbsp;&nbsp;30 months -- 5 years: N<br>&nbsp;&nbsp;&nbsp;&nbsp;Preschool: N<br>&nbsp;&nbsp;&nbsp;&nbsp;Grade 1 - Age 12: N<br>
2401,Licensed Group,The Guiding Forest,3155 Tatlow Rd,,Smithers,V0J 2N0,54.769645,-127.142381,250-643-6559,,,N,N,N,N,N,N,N,N,N,N,N,N,N,N,N,N,N,,,N,N,N,N,N,N,N,N,N,N,N,2026-05-19,,N,Y,N,The Guiding Forest<br>Licensed Group<br>250-643-6559<br><br>Vacancy:<br>&nbsp;&nbsp;&nbsp;&nbsp;<36 months: N<br>&nbsp;&nbsp;&nbsp;&nbsp;30 months -- 5 years: N<br>&nbsp;&nbsp;&nbsp;&nbsp;Preschool: N<br>&nbsp;&nbsp;&nbsp;&nbsp;Grade 1 - Age 12: N<br>
2402,Licensed Family,Muddy Boots Child Care,3168 Pearkes Rd,,Victoria,V9C 2L8,48.427091,-123.493715,250-589-4546,,,N,N,N,N,N,N,N,N,N,N,N,N,N,N,N,N,N,,,N,N,N,N,N,N,N,N,N,N,N,2026-05-19,,N,Y,N,Muddy Boots Child Care<br>Licensed Family<br>250-589-4546<br><br>Vacancy:<br>&nbsp;&nbsp;&nbsp;&nbsp;<36 months: N<br>&nbsp;&nbsp;&nbsp;&nbsp;30 months -- 5 years: N<br>&nbsp;&nbsp;&nbsp;&nbsp;Preschool: N<br>&nbsp;&nbsp;&nbsp;&nbsp;Grade 1 - Age 12: N<br>
2403,Licensed Group,The Nest Early Learning Centre- Gcc Sa,101-1436 Portage Rd,,Pemberton,V0N 2L0,50.317825,-122.800049,604-966-8741,,,N,N,N,N,N,N,N,N,N,N,N,N,N,N,N,N,N,,,N,N,N,N,N,N,N,N,N,N,N,2026-05-19,,N,Y,N,The Nest Early Learning Centre- Gcc Sa<br>Licensed Group<br>604-966-8741<br><br>Vacancy:<br>&nbsp;&nbsp;&nbsp;&nbsp;<36 months: N<br>&nbsp;&nbsp;&nbsp;&nbsp;30 months -- 5 years: N<br>&nbsp;&nbsp;&nbsp;&nbsp;Preschool: N<br>&nbsp;&nbsp;&nbsp;&nbsp;Grade 1 - Age 12: N<br>
2404,Licensed Group,Immaculate Conception School,3285 Cathedral Ave,,Prince George,V2N 6R4,53.859222,-122.796696,250-964-4362,,,N,N,N,N,N,N,N,N,N,N,N,N,N,N,N,N,N,,,N,N,N,N,N,N,N,N,N,N,N,2026-05-12,,N,Y,N,Immaculate Conception School<br>Licensed Group<br>250-964-4362<br><br>Vacancy:<br>&nbsp;&nbsp;&nbsp;&nbsp;<36 months: N<br>&nbsp;&nbsp;&nbsp;&nbsp;30 months -- 5 years: N<br>&nbsp;&nbsp;&nbsp;&nbsp;Preschool: N<br>&nbsp;&nbsp;&nbsp;&nbsp;Grade 1 - Age 12: N<br>
2405,Licensed Group,View Royal Out Of School Club,279 Island Highway,,Victoria,V9B 1G4,48.453859,-123.438472,604-380-4060,,,N,N,N,N,N,N,N,N,N,N,N,N,N,N,N,N,N,,,N,N,N,N,N,N,N,N,N,N,N,2026-05-15,,N,Y,N,View Royal Out Of School Club<br>Licensed Group<br>604-380-4060<br><br>Vacancy:<br>&nbsp;&nbsp;&nbsp;&nbsp;<36 months: N<br>&nbsp;&nbsp;&nbsp;&nbsp;30 months -- 5 years: N<br>&nbsp;&nbsp;&nbsp;&nbsp;Preschool: N<br>&nbsp;&nbsp;&nbsp;&nbsp;Grade 1 - Age 12: N<br>
2406,Licensed Group,Kidspace Learning Centres Armstrong Inc. Wood Ave,2905 Wood Ave,,Armstrong,V0E 1B4,50.448389,-119.196292,604-380-4060,,,N,N,N,N,N,N,N,N,N,N,N,N,N,N,N,N,N,,,N,N,N,N,N,N,N,N,N,N,N,2026-05-15,,N,Y,N,Kidspace Learning Centres Armstrong Inc. Wood Ave<br>Licensed Group<br>604-380-4060<br><br>Vacancy:<br>&nbsp;&nbsp;&nbsp;&nbsp;<36 months: N<br>&nbsp;&nbsp;&nbsp;&nbsp;30 months -- 5 years: N<br>&nbsp;&nbsp;&nbsp;&nbsp;Preschool: N<br>&nbsp;&nbsp;&nbsp;&nbsp;Grade 1 - Age 12: N<br>
2407,Licensed Group,Our Lady Of Sorrows Childcare (Gcc - School Age),575 Slocan St,,Vancouver,V5K 3X5,49.279382,-123.049394,604-253-2434,,,N,N,N,N,N,N,N,N,N,N,N,N,N,N,N,N,N,,,N,N,N,N,N,N,N,N,N,Y,N,2026-04-14,,N,Y,N,Our Lady Of Sorrows Childcare (Gcc - School Age)<br>Licensed Group<br>604-253-2434<br><br>Vacancy:<br>&nbsp;&nbsp;&nbsp;&nbsp;<36 months: N<br>&nbsp;&nbsp;&nbsp;&nbsp;30 months -- 5 years: N<br>&nbsp;&nbsp;&nbsp;&nbsp;Preschool: Y<br>&nbsp;&nbsp;&nbsp;&nbsp;Grade 1 - Age 12: N<br>
2408,Licensed Group,Hammond Bay Before And After School Care,1025 Morningside Dr,,Nanaimo,V9T 1N5,49.231957,-123.966672,250-713-4257,,,N,N,N,N,N,N,N,N,N,N,N,N,N,N,N,N,N,,,N,N,N,N,N,N,N,N,N,N,N,2026-05-21,,N,Y,N,Hammond Bay Before And After School Care<br>Licensed Group<br>250-713-4257<br><br>Vacancy:<br>&nbsp;&nbsp;&nbsp;&nbsp;<36 months: N<br>&nbsp;&nbsp;&nbsp;&nbsp;30 months -- 5 years: N<br>&nbsp;&nbsp;&nbsp;&nbsp;Preschool: N<br>&nbsp;&nbsp;&nbsp;&nbsp;Grade 1 - Age 12: N<br>
2409,Licensed Family,Petite Smile Daycare,9583 Coote St,,Chilliwack,V2P 6B4,49.176061,-121.932004,604-367-6061,,,N,N,N,N,N,N,N,N,N,N,N,N,N,N,N,N,N,,,N,N,N,N,N,N,N,N,N,N,N,2026-05-14,,N,Y,N,Petite Smile Daycare<br>Licensed Family<br>604-367-6061<br><br>Vacancy:<br>&nbsp;&nbsp;&nbsp;&nbsp;<36 months: N<br>&nbsp;&nbsp;&nbsp;&nbsp;30 months -- 5 years: N<br>&nbsp;&nbsp;&nbsp;&nbsp;Preschool: N<br>&nbsp;&nbsp;&nbsp;&nbsp;Grade 1 - Age 12: N<br>
2410,Licensed Family,Joc’S House,4643 Young Rd,,Lake Country,V4V 2E7,50.110215,-119.37046,250-548-4011,,,N,N,N,N,N,N,N,N,N,N,N,N,N,N,N,N,N,,,N,N,N,N,N,N,N,N,N,N,N,2026-04-15,,N,Y,N,Joc’S House<br>Licensed Family<br>250-548-4011<br><br>Vacancy:<br>&nbsp;&nbsp;&nbsp;&nbsp;<36 months: N<br>&nbsp;&nbsp;&nbsp;&nbsp;30 months -- 5 years: N<br>&nbsp;&nbsp;&nbsp;&nbsp;Preschool: N<br>&nbsp;&nbsp;&nbsp;&nbsp;Grade 1 - Age 12: N<br>
2411,Licensed Group,Rothewood Academy - Crestwood,110-13575 Commerce Pky,,Richmond,V6V 2L1,49.175257,-123.072977,604-227-9176,,,N,N,N,N,N,N,N,N,N,N,N,N,N,N,N,N,N,,,N,N,N,N,N,N,N,Y,N,N,N,2026-05-15,,N,Y,Y,Rothewood Academy - Crestwood<br>Licensed Group<br>604-227-9176<br><br>Vacancy:<br>&nbsp;&nbsp;&nbsp;&nbsp;<36 months: Y<br>&nbsp;&nbsp;&nbsp;&nbsp;30 months -- 5 years: N<br>&nbsp;&nbsp;&nbsp;&nbsp;Preschool: N<br>&nbsp;&nbsp;&nbsp;&nbsp;Grade 1 - Age 12: N<br>
2412,Licensed Group,Rothewood Academy - Crestwood,110-13575 Commerce Pky,,Richmond,V6V 2L1,49.175257,-123.072977,604-227-9176,,,N,N,N,N,N,N,N,N,N,N,N,N,N,N,N,N,N,,,N,N,N,N,N,N,N,N,Y,N,N,2026-05-15,,N,Y,Y,Rothewood Academy - Crestwood<br>Licensed Group<br>604-227-9176<br><br>Vacancy:<br>&nbsp;&nbsp;&nbsp;&nbsp;<36 months: N<br>&nbsp;&nbsp;&nbsp;&nbsp;30 months -- 5 years: Y<br>&nbsp;&nbsp;&nbsp;&nbsp;Preschool: N<br>&nbsp;&nbsp;&nbsp;&nbsp;Grade 1 - Age 12: N<br>
2413,Licensed Group,Cookie Monster Preschool-Timms,20399 Douglas Cres,,Langley,V3A 4B3,49.104244,-122.657591,604-514-2865,,,N,N,N,N,N,N,N,N,N,N,N,N,N,N,N,N,N,,,N,N,N,N,N,N,N,N,N,Y,N,2026-05-12,,N,Y,N,Cookie Monster Preschool-Timms<br>Licensed Group<br>604-514-2865<br><br>Vacancy:<br>&nbsp;&nbsp;&nbsp;&nbsp;<36 months: N<br>&nbsp;&nbsp;&nbsp;&nbsp;30 months -- 5 years: N<br>&nbsp;&nbsp;&nbsp;&nbsp;Preschool: Y<br>&nbsp;&nbsp;&nbsp;&nbsp;Grade 1 - Age 12: N<br>
2414,Licensed Group,Pa Play Academy,5350 Margaret St,,Port Alberni,V9Y 6J4,49.268574,-124.815269,250-735-6811,,,N,N,N,N,N,N,N,N,N,N,N,N,N,N,N,N,N,,,N,N,N,N,N,N,N,N,N,N,Y,2026-05-15,,N,Y,N,Pa Play Academy<br>Licensed Group<br>250-735-6811<br><br>Vacancy:<br>&nbsp;&nbsp;&nbsp;&nbsp;<36 months: N<br>&nbsp;&nbsp;&nbsp;&nbsp;30 months -- 5 years: N<br>&nbsp;&nbsp;&nbsp;&nbsp;Preschool: N<br>&nbsp;&nbsp;&nbsp;&nbsp;Grade 1 - Age 12: Y<br>
2415,Licensed Group,Ssocc Sandpiper Junior Kindergarten,10111 Fourth Ave,,Richmond,V7E 1V5,49.139457,-123.188606,604-362-7928,,,N,N,N,N,N,N,N,N,N,N,N,N,N,N,N,N,N,,,N,N,N,N,N,N,N,N,Y,Y,N,2026-04-11,,N,Y,N,Ssocc Sandpiper Junior Kindergarten<br>Licensed Group<br>604-362-7928<br><br>Vacancy:<br>&nbsp;&nbsp;&nbsp;&nbsp;<36 months: N<br>&nbsp;&nbsp;&nbsp;&nbsp;30 months -- 5 years: Y<br>&nbsp;&nbsp;&nbsp;&nbsp;Preschool: Y<br>&nbsp;&nbsp;&nbsp;&nbsp;Grade 1 - Age 12: N<br>
2416,Licensed Group,A+ Learning Center,104-3278 Westwood St,,Port Coquitlam,V3C 3L8,49.271097,-122.790133,604-474-5629,,,N,N,N,N,N,N,N,N,N,N,N,N,N,N,N,N,N,,,N,N,N,N,N,N,N,N,N,N,N,2026-05-15,,N,Y,N,A+ Learning Center<br>Licensed Group<br>604-474-5629<br><br>Vacancy:<br>&nbsp;&nbsp;&nbsp;&nbsp;<36 months: N<br>&nbsp;&nbsp;&nbsp;&nbsp;30 months -- 5 years: N<br>&nbsp;&nbsp;&nbsp;&nbsp;Preschool: N<br>&nbsp;&nbsp;&nbsp;&nbsp;Grade 1 - Age 12: N<br>
2417,Licensed Group,Tiny Peach Learning Center Inc.,4637 Ponderosa Dr,,Peachland,V0H 1X5,49.787697,-119.733629,780-678-5526,,,N,N,N,N,N,N,N,N,N,N,N,N,N,N,N,N,N,,,N,N,N,N,N,N,N,N,N,N,N,2026-05-18,,N,Y,N,Tiny Peach Learning Center Inc.<br>Licensed Group<br>780-678-5526<br><br>Vacancy:<br>&nbsp;&nbsp;&nbsp;&nbsp;<36 months: N<br>&nbsp;&nbsp;&nbsp;&nbsp;30 months -- 5 years: N<br>&nbsp;&nbsp;&nbsp;&nbsp;Preschool: N<br>&nbsp;&nbsp;&nbsp;&nbsp;Grade 1 - Age 12: N<br>
2418,Licensed Group,Midtown Childcare & Learning Center - Sardis,45255 Keith Wilson Rd,,Chilliwack,V2R 5S1,49.104265,-121.972028,604-832-2895,,,N,N,N,N,N,N,N,N,N,N,N,N,N,N,N,N,N,,,N,N,N,N,N,N,N,Y,Y,N,N,2026-05-19,,N,Y,N,Midtown Childcare & Learning Center - Sardis<br>Licensed Group<br>604-832-2895<br><br>Vacancy:<br>&nbsp;&nbsp;&nbsp;&nbsp;<36 months: Y<br>&nbsp;&nbsp;&nbsp;&nbsp;30 months -- 5 years: Y<br>&nbsp;&nbsp;&nbsp;&nbsp;Preschool: N<br>&nbsp;&nbsp;&nbsp;&nbsp;Grade 1 - Age 12: N<br>
2419,Licensed Family,New Horizons Childcare,3488 Ridge Blvd,,West Kelowna,V4T 2T1,49.838756,-119.585934,250-488-1246,,,N,N,N,N,N,N,N,N,N,N,N,N,N,N,N,N,N,,,N,N,N,N,N,N,N,N,N,N,N,2026-05-15,,N,Y,N,New Horizons Childcare<br>Licensed Family<br>250-488-1246<br><br>Vacancy:<br>&nbsp;&nbsp;&nbsp;&nbsp;<36 months: N<br>&nbsp;&nbsp;&nbsp;&nbsp;30 months -- 5 years: N<br>&nbsp;&nbsp;&nbsp;&nbsp;Preschool: N<br>&nbsp;&nbsp;&nbsp;&nbsp;Grade 1 - Age 12: N<br>
2420,Licensed Group,Jasmine Childcare Centre,2558 Jasmine Crt,,Coquitlam,V3E 2G5,49.292674,-122.817237,778-918-0965,,,N,N,N,N,N,N,N,N,N,N,N,N,N,N,N,N,N,,,N,N,N,N,N,N,N,N,N,N,N,2026-05-15,,N,Y,N,Jasmine Childcare Centre<br>Licensed Group<br>778-918-0965<br><br>Vacancy:<br>&nbsp;&nbsp;&nbsp;&nbsp;<36 months: N<br>&nbsp;&nbsp;&nbsp;&nbsp;30 months -- 5 years: N<br>&nbsp;&nbsp;&nbsp;&nbsp;Preschool: N<br>&nbsp;&nbsp;&nbsp;&nbsp;Grade 1 - Age 12: N<br>
2421,Licensed Group,My Chosen Child Care Ltd.,3307 Wishart Rd,,Victoria,V9C 1R2,48.421325,-123.49394,250-888-2425,,,N,N,N,N,N,N,N,N,N,N,N,N,N,N,N,N,N,,,N,N,N,N,N,N,N,N,N,N,Y,2026-05-19,,N,Y,N,My Chosen Child Care Ltd.<br>Licensed Group<br>250-888-2425<br><br>Vacancy:<br>&nbsp;&nbsp;&nbsp;&nbsp;<36 months: N<br>&nbsp;&nbsp;&nbsp;&nbsp;30 months -- 5 years: N<br>&nbsp;&nbsp;&nbsp;&nbsp;Preschool: N<br>&nbsp;&nbsp;&nbsp;&nbsp;Grade 1 - Age 12: Y<br>
2422,Licensed Family,Kids Kare Daycare Centre,8902 Lauder Dr,,Surrey,V3V 6L2,49.164581,-122.841212,778-513-7227,,,N,N,N,N,N,N,N,N,N,N,N,N,N,N,N,N,N,,,N,N,N,N,N,N,N,N,N,N,N,2026-05-15,,N,Y,N,Kids Kare Daycare Centre<br>Licensed Family<br>778-513-7227<br><br>Vacancy:<br>&nbsp;&nbsp;&nbsp;&nbsp;<36 months: N<br>&nbsp;&nbsp;&nbsp;&nbsp;30 months -- 5 years: N<br>&nbsp;&nbsp;&nbsp;&nbsp;Preschool: N<br>&nbsp;&nbsp;&nbsp;&nbsp;Grade 1 - Age 12: N<br>
2423,Licensed Group,Bx Elementary School,5849 Silver Star Rd,,Vernon,V1B 3P6,50.289374,-119.222974,250-260-4490,,,N,N,N,N,N,N,N,N,N,N,N,N,N,N,N,N,N,,,N,N,N,N,N,N,N,N,Y,N,Y,2026-04-09,,N,Y,N,Bx Elementary School<br>Licensed Group<br>250-260-4490<br><br>Vacancy:<br>&nbsp;&nbsp;&nbsp;&nbsp;<36 months: N<br>&nbsp;&nbsp;&nbsp;&nbsp;30 months -- 5 years: Y<br>&nbsp;&nbsp;&nbsp;&nbsp;Preschool: N<br>&nbsp;&nbsp;&nbsp;&nbsp;Grade 1 - Age 12: Y<br>
2424,Licensed Group,Just B4 Preschool Program,750 Carroll St,,Burns Lake,V0J 1E0,54.236259,-125.752143,250-692-3146,,,N,N,N,N,N,N,N,N,N,N,N,N,N,N,N,N,N,,,N,N,N,N,N,N,N,N,N,N,N,2026-05-21,,N,Y,N,Just B4 Preschool Program<br>Licensed Group<br>250-692-3146<br><br>Vacancy:<br>&nbsp;&nbsp;&nbsp;&nbsp;<36 months: N<br>&nbsp;&nbsp;&nbsp;&nbsp;30 months -- 5 years: N<br>&nbsp;&nbsp;&nbsp;&nbsp;Preschool: N<br>&nbsp;&nbsp;&nbsp;&nbsp;Grade 1 - Age 12: N<br>
2425,Licensed Family,Noelle Reign Daycare,5846 180 St,,Surrey,V3S 4L1,49.108394,-122.723621,778-926-4001,,,N,N,N,N,N,N,N,N,N,N,N,N,N,N,N,N,N,,,N,N,N,N,N,N,N,Y,N,N,N,2026-05-15,,N,Y,N,Noelle Reign Daycare<br>Licensed Family<br>778-926-4001<br><br>Vacancy:<br>&nbsp;&nbsp;&nbsp;&nbsp;<36 months: Y<br>&nbsp;&nbsp;&nbsp;&nbsp;30 months -- 5 years: N<br>&nbsp;&nbsp;&nbsp;&nbsp;Preschool: N<br>&nbsp;&nbsp;&nbsp;&nbsp;Grade 1 - Age 12: N<br>
2426,Licensed Family,Kiddie Castle Daycare,1-1402 Sixth Ave,,New Westminster,V3M 2C6,49.205714,-122.93365,604-526-5965,,,N,N,N,N,N,N,N,N,N,N,N,N,N,N,N,N,N,,,N,N,N,N,N,N,N,N,N,N,N,2026-05-15,,N,Y,N,Kiddie Castle Daycare<br>Licensed Family<br>604-526-5965<br><br>Vacancy:<br>&nbsp;&nbsp;&nbsp;&nbsp;<36 months: N<br>&nbsp;&nbsp;&nbsp;&nbsp;30 months -- 5 years: N<br>&nbsp;&nbsp;&nbsp;&nbsp;Preschool: N<br>&nbsp;&nbsp;&nbsp;&nbsp;Grade 1 - Age 12: N<br>
2427,Licensed Family,Sunrise Sprouts Daycare,2831 Sooke Rd,,Langford,V9B 1Y8,48.430918,-123.533438,250-886-1695,,,N,N,N,N,N,N,N,N,N,N,N,N,N,N,N,N,N,,,N,N,N,N,N,N,N,Y,N,N,N,2026-05-14,,N,Y,N,Sunrise Sprouts Daycare<br>Licensed Family<br>250-886-1695<br><br>Vacancy:<br>&nbsp;&nbsp;&nbsp;&nbsp;<36 months: Y<br>&nbsp;&nbsp;&nbsp;&nbsp;30 months -- 5 years: N<br>&nbsp;&nbsp;&nbsp;&nbsp;Preschool: N<br>&nbsp;&nbsp;&nbsp;&nbsp;Grade 1 - Age 12: N<br>
2428,Licensed Group,Blooming Minds Early Learning Center,120-20328 86 Ave,,Langely,V2Y 3L5,49.15825,-122.658699,778-680-5675,,,N,N,N,N,N,N,N,N,N,N,N,N,N,N,N,N,N,,,N,N,N,N,N,N,N,N,N,N,N,2026-05-04,,N,Y,N,Blooming Minds Early Learning Center<br>Licensed Group<br>778-680-5675<br><br>Vacancy:<br>&nbsp;&nbsp;&nbsp;&nbsp;<36 months: N<br>&nbsp;&nbsp;&nbsp;&nbsp;30 months -- 5 years: N<br>&nbsp;&nbsp;&nbsp;&nbsp;Preschool: N<br>&nbsp;&nbsp;&nbsp;&nbsp;Grade 1 - Age 12: N<br>
2429,Licensed Group,Mamacare Daycare - Chilliwack,3-45676 Yale Rd,,Chilliwack,V2P 2N3,49.156787,-121.959095,778-201-2110,,,N,N,N,N,N,N,N,N,N,N,N,N,N,N,N,N,N,,,N,N,N,N,N,N,N,Y,Y,N,N,2026-04-30,,N,Y,N,Mamacare Daycare - Chilliwack<br>Licensed Group<br>778-201-2110<br><br>Vacancy:<br>&nbsp;&nbsp;&nbsp;&nbsp;<36 months: Y<br>&nbsp;&nbsp;&nbsp;&nbsp;30 months -- 5 years: Y<br>&nbsp;&nbsp;&nbsp;&nbsp;Preschool: N<br>&nbsp;&nbsp;&nbsp;&nbsp;Grade 1 - Age 12: N<br>
2430,Licensed Family,Adventure Childcare Centre,33724 5Th Ave,,Mission,V2V 1X2,49.13767,-122.29056,778-512-5650,,,N,N,N,N,N,N,N,N,N,N,N,N,N,N,N,N,N,,,N,N,N,N,N,N,N,Y,Y,N,N,2026-05-15,,N,Y,N,Adventure Childcare Centre<br>Licensed Family<br>778-512-5650<br><br>Vacancy:<br>&nbsp;&nbsp;&nbsp;&nbsp;<36 months: Y<br>&nbsp;&nbsp;&nbsp;&nbsp;30 months -- 5 years: Y<br>&nbsp;&nbsp;&nbsp;&nbsp;Preschool: N<br>&nbsp;&nbsp;&nbsp;&nbsp;Grade 1 - Age 12: N<br>
2431,Licensed Family,Austad Early Learning,476 Austad Lane,,Trail,V1R 3K6,49.097207,-117.722025,250-727-5657,,,N,N,N,N,N,N,N,N,N,N,N,N,N,N,N,N,N,,,N,N,N,N,N,N,N,N,N,N,N,2026-05-02,,N,Y,N,Austad Early Learning<br>Licensed Family<br>250-727-5657<br><br>Vacancy:<br>&nbsp;&nbsp;&nbsp;&nbsp;<36 months: N<br>&nbsp;&nbsp;&nbsp;&nbsp;30 months -- 5 years: N<br>&nbsp;&nbsp;&nbsp;&nbsp;Preschool: N<br>&nbsp;&nbsp;&nbsp;&nbsp;Grade 1 - Age 12: N<br>
2432,Licensed Group,Little Critters,2250 Shields Ave,,Lumby,V0E 2G0,50.251592,-118.961239,250-547-0005,,,N,N,N,N,N,N,N,N,N,N,N,N,N,N,N,N,N,,,N,N,N,N,N,N,N,N,Y,N,Y,2026-05-13,,N,Y,N,Little Critters<br>Licensed Group<br>250-547-0005<br><br>Vacancy:<br>&nbsp;&nbsp;&nbsp;&nbsp;<36 months: N<br>&nbsp;&nbsp;&nbsp;&nbsp;30 months -- 5 years: Y<br>&nbsp;&nbsp;&nbsp;&nbsp;Preschool: N<br>&nbsp;&nbsp;&nbsp;&nbsp;Grade 1 - Age 12: Y<br>
2433,Licensed Group,Next Level Childcare Society Royal Bay,204-345D Latoria Blvd,,Victoria,V9C 0S9,48.406799,-123.48945,604-380-4060,,,N,N,N,N,N,N,N,N,N,N,N,N,N,N,N,N,N,,,N,N,N,N,N,N,N,N,N,N,N,2026-05-15,,N,Y,N,Next Level Childcare Society Royal Bay<br>Licensed Group<br>604-380-4060<br><br>Vacancy:<br>&nbsp;&nbsp;&nbsp;&nbsp;<36 months: N<br>&nbsp;&nbsp;&nbsp;&nbsp;30 months -- 5 years: N<br>&nbsp;&nbsp;&nbsp;&nbsp;Preschool: N<br>&nbsp;&nbsp;&nbsp;&nbsp;Grade 1 - Age 12: N<br>
2434,Licensed Group,Presidential Kids Academy Childcare Centre - Hebert,2547 Hebert Rd,,West Kelowna,V4T 2J6,49.827951,-119.633632,778-721-8162,,,N,N,N,N,N,N,N,N,N,N,N,N,N,N,N,N,N,,,N,N,N,N,N,N,N,N,N,N,N,2026-05-19,,N,Y,N,Presidential Kids Academy Childcare Centre - Hebert<br>Licensed Group<br>778-721-8162<br><br>Vacancy:<br>&nbsp;&nbsp;&nbsp;&nbsp;<36 months: N<br>&nbsp;&nbsp;&nbsp;&nbsp;30 months -- 5 years: N<br>&nbsp;&nbsp;&nbsp;&nbsp;Preschool: N<br>&nbsp;&nbsp;&nbsp;&nbsp;Grade 1 - Age 12: N<br>
2435,Licensed Group,Junior Trekkers,2850 Sussex Pl,,Prince George,V2K 3H9,53.975409,-122.79086,250-617-0102,,,Y,N,N,N,N,N,N,N,N,Y,Y,N,N,N,N,N,N,Not offered,Include in fee,N,N,N,N,N,N,N,N,N,N,N,2026-05-15,,N,Y,N,Junior Trekkers<br>Licensed Group<br>250-617-0102<br><br>Vacancy:<br>&nbsp;&nbsp;&nbsp;&nbsp;<36 months: N<br>&nbsp;&nbsp;&nbsp;&nbsp;30 months -- 5 years: N<br>&nbsp;&nbsp;&nbsp;&nbsp;Preschool: N<br>&nbsp;&nbsp;&nbsp;&nbsp;Grade 1 - Age 12: N<br>
2436,Licensed Group,Community Prekindergarten - White Rock,201-1493 Foster St,,White Rock,V4B 0C4,49.029374,-122.8046,604-385-0980,,,N,N,N,N,N,N,N,N,N,N,N,N,N,N,N,N,N,,,N,N,N,N,N,N,N,Y,Y,N,N,2026-05-13,,N,Y,N,Community Prekindergarten - White Rock<br>Licensed Group<br>604-385-0980<br><br>Vacancy:<br>&nbsp;&nbsp;&nbsp;&nbsp;<36 months: Y<br>&nbsp;&nbsp;&nbsp;&nbsp;30 months -- 5 years: Y<br>&nbsp;&nbsp;&nbsp;&nbsp;Preschool: N<br>&nbsp;&nbsp;&nbsp;&nbsp;Grade 1 - Age 12: N<br>
2437,Licensed Group,Bowser Elementary After-School Program,4830 Faye Rd,,Bowser,V0R 1G0,49.446124,-124.699036,250-248-8446,,,N,N,N,N,N,N,N,N,N,N,N,N,N,N,N,N,N,,,N,N,N,N,N,N,N,N,N,N,Y,2026-05-05,,N,N,N,Bowser Elementary After-School Program<br>Licensed Group<br>250-248-8446<br><br>Vacancy:<br>&nbsp;&nbsp;&nbsp;&nbsp;<36 months: N<br>&nbsp;&nbsp;&nbsp;&nbsp;30 months -- 5 years: N<br>&nbsp;&nbsp;&nbsp;&nbsp;Preschool: N<br>&nbsp;&nbsp;&nbsp;&nbsp;Grade 1 - Age 12: Y<br>
2438,Licensed Group,Jasmin’S Childcare Center,2504 Swinburne Ave,,North Vancouver,V7H 1L5,49.321974,-123.004531,604-783-6229,,,N,N,N,N,N,N,N,N,N,N,N,N,N,N,N,N,N,,,N,N,N,N,N,N,N,N,N,N,N,2026-05-15,,N,Y,N,Jasmin’S Childcare Center<br>Licensed Group<br>604-783-6229<br><br>Vacancy:<br>&nbsp;&nbsp;&nbsp;&nbsp;<36 months: N<br>&nbsp;&nbsp;&nbsp;&nbsp;30 months -- 5 years: N<br>&nbsp;&nbsp;&nbsp;&nbsp;Preschool: N<br>&nbsp;&nbsp;&nbsp;&nbsp;Grade 1 - Age 12: N<br>
2439,Licensed Family,Aaa Juniors Childcare,13280 59A Ave,,Surrey,V3X 3P8,49.111108,-122.855551,604-889-6082,,,N,N,N,N,N,N,N,N,N,N,N,N,N,N,N,N,N,,,N,N,N,N,N,N,N,N,N,N,N,2026-05-15,,N,Y,N,Aaa Juniors Childcare<br>Licensed Family<br>604-889-6082<br><br>Vacancy:<br>&nbsp;&nbsp;&nbsp;&nbsp;<36 months: N<br>&nbsp;&nbsp;&nbsp;&nbsp;30 months -- 5 years: N<br>&nbsp;&nbsp;&nbsp;&nbsp;Preschool: N<br>&nbsp;&nbsp;&nbsp;&nbsp;Grade 1 - Age 12: N<br>
2440,Licensed Group,Alex House Children's Centre At Coast Meridian,8222 168A St,,Surrey,V4N 4T8,49.152419,-122.754981,778-239-2514,,,N,N,N,N,N,N,N,N,N,N,N,N,N,N,N,N,N,Not offered,Not offered,N,N,N,N,N,N,N,N,N,N,Y,2026-04-08,,N,N,N,Alex House Children's Centre At Coast Meridian<br>Licensed Group<br>778-239-2514<br><br>Vacancy:<br>&nbsp;&nbsp;&nbsp;&nbsp;<36 months: N<br>&nbsp;&nbsp;&nbsp;&nbsp;30 months -- 5 years: N<br>&nbsp;&nbsp;&nbsp;&nbsp;Preschool: N<br>&nbsp;&nbsp;&nbsp;&nbsp;Grade 1 - Age 12: Y<br>
2441,Licensed Group,Alex House Children's Centre At Katzie,6887 194A St,,Surrey,V4N 1N2,49.129053,-122.684363,778-239-2514,,,N,N,N,N,N,N,N,N,N,N,N,N,N,N,N,N,N,Not offered,Not offered,N,N,N,N,N,N,N,N,N,N,Y,2026-04-08,,N,N,N,Alex House Children's Centre At Katzie<br>Licensed Group<br>778-239-2514<br><br>Vacancy:<br>&nbsp;&nbsp;&nbsp;&nbsp;<36 months: N<br>&nbsp;&nbsp;&nbsp;&nbsp;30 months -- 5 years: N<br>&nbsp;&nbsp;&nbsp;&nbsp;Preschool: N<br>&nbsp;&nbsp;&nbsp;&nbsp;Grade 1 - Age 12: Y<br>
2442,Licensed Group,Little Kinlings,20243 43 Ave,,Langley,V3A 3B9,49.080464,-122.662623,778-954-8205,,,N,N,N,N,N,N,N,N,N,N,N,N,N,N,N,N,N,,,N,N,N,N,N,N,N,N,N,N,N,2026-05-15,,N,Y,N,Little Kinlings<br>Licensed Group<br>778-954-8205<br><br>Vacancy:<br>&nbsp;&nbsp;&nbsp;&nbsp;<36 months: N<br>&nbsp;&nbsp;&nbsp;&nbsp;30 months -- 5 years: N<br>&nbsp;&nbsp;&nbsp;&nbsp;Preschool: N<br>&nbsp;&nbsp;&nbsp;&nbsp;Grade 1 - Age 12: N<br>
2443,Licensed Group,Alex House Children's Centre At Northridge,13460 62 Ave,,Surrey,V3X 2J2,49.115251,-122.849012,778-239-2514,,,N,N,N,N,N,N,N,N,N,N,N,N,N,N,N,N,N,Not offered,Not offered,N,N,N,N,N,N,N,N,N,N,Y,2026-04-08,,N,N,N,Alex House Children's Centre At Northridge<br>Licensed Group<br>778-239-2514<br><br>Vacancy:<br>&nbsp;&nbsp;&nbsp;&nbsp;<36 months: N<br>&nbsp;&nbsp;&nbsp;&nbsp;30 months -- 5 years: N<br>&nbsp;&nbsp;&nbsp;&nbsp;Preschool: N<br>&nbsp;&nbsp;&nbsp;&nbsp;Grade 1 - Age 12: Y<br>
2444,Licensed Group,Alex House Children's Centre At Walnut Road,16152 82 Ave,,Surrey,V4N 0N5,49.1517,-122.773619,778-239-2514,,,N,N,N,N,N,N,N,N,N,N,N,N,N,N,N,N,N,Not offered,Not offered,N,N,N,N,N,N,N,N,N,N,Y,2026-04-08,,N,N,N,Alex House Children's Centre At Walnut Road<br>Licensed Group<br>778-239-2514<br><br>Vacancy:<br>&nbsp;&nbsp;&nbsp;&nbsp;<36 months: N<br>&nbsp;&nbsp;&nbsp;&nbsp;30 months -- 5 years: N<br>&nbsp;&nbsp;&nbsp;&nbsp;Preschool: N<br>&nbsp;&nbsp;&nbsp;&nbsp;Grade 1 - Age 12: Y<br>
2445,Licensed Family,Gabby's Place,1861 Snowbird Cres,,Campbell River,V9W 6P9,49.976312,-125.228178,250-204-3539,,,N,N,N,N,N,N,N,N,N,N,N,N,N,N,N,N,N,,,N,N,N,N,N,N,N,N,N,N,N,2026-05-15,,N,Y,N,Gabby's Place<br>Licensed Family<br>250-204-3539<br><br>Vacancy:<br>&nbsp;&nbsp;&nbsp;&nbsp;<36 months: N<br>&nbsp;&nbsp;&nbsp;&nbsp;30 months -- 5 years: N<br>&nbsp;&nbsp;&nbsp;&nbsp;Preschool: N<br>&nbsp;&nbsp;&nbsp;&nbsp;Grade 1 - Age 12: N<br>
2446,Licensed Family,Growing Spaces Childcare,3579 Walker St,,Vancouver,V5N 5A9,49.250472,-123.059251,778-549-8059,,,N,N,N,N,N,N,N,N,N,N,N,N,N,N,N,N,N,,,N,N,N,N,N,N,N,N,N,N,N,2026-05-16,,N,Y,N,Growing Spaces Childcare<br>Licensed Family<br>778-549-8059<br><br>Vacancy:<br>&nbsp;&nbsp;&nbsp;&nbsp;<36 months: N<br>&nbsp;&nbsp;&nbsp;&nbsp;30 months -- 5 years: N<br>&nbsp;&nbsp;&nbsp;&nbsp;Preschool: N<br>&nbsp;&nbsp;&nbsp;&nbsp;Grade 1 - Age 12: N<br>
2447,Licensed Family,Amazing Angel Daycare,919 Chilliwack St,,New Westminster,V3L 4V6,49.23003,-122.904969,778-859-3293,,,N,N,N,N,N,N,N,N,N,N,N,N,N,N,N,N,N,,,N,N,N,N,N,N,N,Y,Y,N,N,2026-05-16,,N,Y,N,Amazing Angel Daycare<br>Licensed Family<br>778-859-3293<br><br>Vacancy:<br>&nbsp;&nbsp;&nbsp;&nbsp;<36 months: Y<br>&nbsp;&nbsp;&nbsp;&nbsp;30 months -- 5 years: Y<br>&nbsp;&nbsp;&nbsp;&nbsp;Preschool: N<br>&nbsp;&nbsp;&nbsp;&nbsp;Grade 1 - Age 12: N<br>
2448,Licensed Family,Makannah's Daycare,4706 45A Ave,,Delta,V4K 1M6,49.085696,-123.092647,778-999-5249,,,N,N,N,N,N,N,N,N,N,N,N,N,N,N,N,N,N,,,N,N,N,N,N,N,N,N,N,N,N,2026-05-15,,N,Y,N,Makannah's Daycare<br>Licensed Family<br>778-999-5249<br><br>Vacancy:<br>&nbsp;&nbsp;&nbsp;&nbsp;<36 months: N<br>&nbsp;&nbsp;&nbsp;&nbsp;30 months -- 5 years: N<br>&nbsp;&nbsp;&nbsp;&nbsp;Preschool: N<br>&nbsp;&nbsp;&nbsp;&nbsp;Grade 1 - Age 12: N<br>
2449,Licensed Group,Sus Yaz Early Learning And After School Center,950 Mountain Ash Rd,,Quesnel,V2J 3V7,52.963265,-122.450888,250-991-8217,,,Y,N,N,N,N,N,Y,N,Y,Y,Y,N,N,N,N,N,N,Not offered,Not offered,Y,N,Y,N,Y,Y,Y,Y,Y,N,Y,2026-05-20,,N,Y,N,Sus Yaz Early Learning And After School Center<br>Licensed Group<br>250-991-8217<br><br>Vacancy:<br>&nbsp;&nbsp;&nbsp;&nbsp;<36 months: Y<br>&nbsp;&nbsp;&nbsp;&nbsp;30 months -- 5 years: Y<br>&nbsp;&nbsp;&nbsp;&nbsp;Preschool: N<br>&nbsp;&nbsp;&nbsp;&nbsp;Grade 1 - Age 12: Y<br>
2450,Licensed Family,Sunnyside Montessori Daycare,16661 18A Ave,,Surrey,V3Z 1A2,49.035458,-122.76103,778-323-9290,,,N,N,N,N,N,N,N,N,N,N,N,N,N,N,N,N,N,,,N,N,N,N,N,N,N,Y,N,N,N,2026-04-08,,N,Y,N,Sunnyside Montessori Daycare<br>Licensed Family<br>778-323-9290<br><br>Vacancy:<br>&nbsp;&nbsp;&nbsp;&nbsp;<36 months: Y<br>&nbsp;&nbsp;&nbsp;&nbsp;30 months -- 5 years: N<br>&nbsp;&nbsp;&nbsp;&nbsp;Preschool: N<br>&nbsp;&nbsp;&nbsp;&nbsp;Grade 1 - Age 12: N<br>
2451,Licensed Group,Lena Shaw Elementary - Just B4,14250 100A Ave,,Surrey,V3T 1K8,49.185016,-122.827135,604-595-5164,,,N,N,N,N,N,N,N,N,N,N,N,N,N,N,N,N,N,Not offered,Not offered,N,N,N,N,N,N,N,N,N,Y,N,2026-05-21,,N,Y,N,Lena Shaw Elementary - Just B4<br>Licensed Group<br>604-595-5164<br><br>Vacancy:<br>&nbsp;&nbsp;&nbsp;&nbsp;<36 months: N<br>&nbsp;&nbsp;&nbsp;&nbsp;30 months -- 5 years: N<br>&nbsp;&nbsp;&nbsp;&nbsp;Preschool: Y<br>&nbsp;&nbsp;&nbsp;&nbsp;Grade 1 - Age 12: N<br>
2452,Licensed Group,My Sunshine Childcare,12450 232 St,,Maple Ridge,V2X 1R6,49.228715,-122.57883,778-928-8548,,,N,N,N,N,N,N,N,N,N,N,N,N,N,N,N,N,N,,,N,N,N,N,N,N,N,N,N,N,N,2026-05-15,,N,Y,N,My Sunshine Childcare<br>Licensed Group<br>778-928-8548<br><br>Vacancy:<br>&nbsp;&nbsp;&nbsp;&nbsp;<36 months: N<br>&nbsp;&nbsp;&nbsp;&nbsp;30 months -- 5 years: N<br>&nbsp;&nbsp;&nbsp;&nbsp;Preschool: N<br>&nbsp;&nbsp;&nbsp;&nbsp;Grade 1 - Age 12: N<br>
2453,Licensed Group,Goldstone Childcare Society,13055 Huntley Ave,,Surrey,V3V 1V1,49.172467,-122.86041,604-537-3201,,,,,,,,,,,,,,,,,,,,,,,,,,,,,,,,,,,Y,Y,N,Goldstone Childcare Society<br>Licensed Group<br>604-537-3201<br><br>Vacancy:<br>&nbsp;&nbsp;&nbsp;&nbsp;<36 months: None<br>&nbsp;&nbsp;&nbsp;&nbsp;30 months -- 5 years: None<br>&nbsp;&nbsp;&nbsp;&nbsp;Preschool: None<br>&nbsp;&nbsp;&nbsp;&nbsp;Grade 1 - Age 12: None<br>
2454,Licensed Group,Ilm - Eagle View,97 Talcott Rd,,Victoria,V9B 6L9,48.466257,-123.44254,250-585-7898,,,N,N,N,N,N,N,N,N,N,N,N,N,N,N,N,N,N,,,N,N,N,N,N,N,N,Y,Y,N,Y,2026-05-15,,N,Y,N,Ilm - Eagle View<br>Licensed Group<br>250-585-7898<br><br>Vacancy:<br>&nbsp;&nbsp;&nbsp;&nbsp;<36 months: Y<br>&nbsp;&nbsp;&nbsp;&nbsp;30 months -- 5 years: Y<br>&nbsp;&nbsp;&nbsp;&nbsp;Preschool: N<br>&nbsp;&nbsp;&nbsp;&nbsp;Grade 1 - Age 12: Y<br>
2455,Licensed Group,Thrive Out Of School Care - Glenmore,1305 Gordon Dr,,Kelowna,V1Y 3E7,49.891415,-119.476317,250-826-5436,,,N,N,N,N,N,N,N,N,N,N,N,N,N,N,N,N,N,,,N,N,N,N,N,N,N,N,N,N,Y,2026-05-08,,N,Y,N,Thrive Out Of School Care - Glenmore<br>Licensed Group<br>250-826-5436<br><br>Vacancy:<br>&nbsp;&nbsp;&nbsp;&nbsp;<36 months: N<br>&nbsp;&nbsp;&nbsp;&nbsp;30 months -- 5 years: N<br>&nbsp;&nbsp;&nbsp;&nbsp;Preschool: N<br>&nbsp;&nbsp;&nbsp;&nbsp;Grade 1 - Age 12: Y<br>
2456,Licensed Group,Raja Montessori Academy Ltd.,107-10928 132 St,,Surrey,V3T 0R3,49.201458,-122.855967,780-938-6758,,,N,N,N,N,N,N,N,N,N,N,N,N,N,N,N,N,N,,,N,N,N,N,N,N,N,N,N,N,N,2026-05-04,,N,Y,N,Raja Montessori Academy Ltd.<br>Licensed Group<br>780-938-6758<br><br>Vacancy:<br>&nbsp;&nbsp;&nbsp;&nbsp;<36 months: N<br>&nbsp;&nbsp;&nbsp;&nbsp;30 months -- 5 years: N<br>&nbsp;&nbsp;&nbsp;&nbsp;Preschool: N<br>&nbsp;&nbsp;&nbsp;&nbsp;Grade 1 - Age 12: N<br>
2457,Licensed Group,ymca Vanway School Age Child Care,4509 Highway 16 W,,Prince George,V2N 5M8,53.857978,-122.817201,250-961-7046,,,N,N,N,N,N,N,N,N,N,N,N,N,N,N,N,N,N,,,N,N,N,N,N,N,N,N,N,N,N,2026-05-14,,N,Y,N,ymca Vanway School Age Child Care<br>Licensed Group<br>250-961-7046<br><br>Vacancy:<br>&nbsp;&nbsp;&nbsp;&nbsp;<36 months: N<br>&nbsp;&nbsp;&nbsp;&nbsp;30 months -- 5 years: N<br>&nbsp;&nbsp;&nbsp;&nbsp;Preschool: N<br>&nbsp;&nbsp;&nbsp;&nbsp;Grade 1 - Age 12: N<br>
2458,Licensed Group,ymca Evelyn Dickson School Age Child Care,1850 Ryley Ave,,Vanderhoof,V0J 3A0,54.009833,-124.00763,250-961-7046,,,N,N,N,N,N,N,N,N,N,N,N,N,N,N,N,N,N,,,N,N,N,N,N,N,N,N,N,N,N,2026-05-14,,N,Y,N,ymca Evelyn Dickson School Age Child Care<br>Licensed Group<br>250-961-7046<br><br>Vacancy:<br>&nbsp;&nbsp;&nbsp;&nbsp;<36 months: N<br>&nbsp;&nbsp;&nbsp;&nbsp;30 months -- 5 years: N<br>&nbsp;&nbsp;&nbsp;&nbsp;Preschool: N<br>&nbsp;&nbsp;&nbsp;&nbsp;Grade 1 - Age 12: N<br>
2459,Licensed Group,Strathcona ymca Kids Club,46375 Strathcona Rd,,Chilliwack,V2P 3T1,49.187373,-121.940512,236-880-9198,,,N,N,N,N,N,N,N,N,N,N,N,N,N,N,N,N,N,,,N,N,N,N,N,N,N,N,N,N,N,2026-05-14,,N,Y,N,Strathcona ymca Kids Club<br>Licensed Group<br>236-880-9198<br><br>Vacancy:<br>&nbsp;&nbsp;&nbsp;&nbsp;<36 months: N<br>&nbsp;&nbsp;&nbsp;&nbsp;30 months -- 5 years: N<br>&nbsp;&nbsp;&nbsp;&nbsp;Preschool: N<br>&nbsp;&nbsp;&nbsp;&nbsp;Grade 1 - Age 12: N<br>
2460,Licensed Family,Bf Family Child Care,1911 Urquhart Ave,,Courtenay,V9N 3K8,49.675304,-125.000366,250-218-0341,,,N,N,N,N,N,N,N,N,N,N,N,N,N,N,N,N,N,,,N,N,N,N,N,N,N,N,N,N,N,2026-05-05,,N,Y,N,Bf Family Child Care<br>Licensed Family<br>250-218-0341<br><br>Vacancy:<br>&nbsp;&nbsp;&nbsp;&nbsp;<36 months: N<br>&nbsp;&nbsp;&nbsp;&nbsp;30 months -- 5 years: N<br>&nbsp;&nbsp;&nbsp;&nbsp;Preschool: N<br>&nbsp;&nbsp;&nbsp;&nbsp;Grade 1 - Age 12: N<br>
2461,Licensed Group,Flex Academy Early Learning Center,905 Badke Rd,,Kelowna,V1X 5Z5,49.890536,-119.404531,250-862-2377,,,N,N,N,N,N,N,N,N,N,N,N,N,N,N,N,N,N,Not offered,Not offered,N,N,N,N,N,N,N,N,N,Y,N,2026-05-07,,N,Y,N,Flex Academy Early Learning Center<br>Licensed Group<br>250-862-2377<br><br>Vacancy:<br>&nbsp;&nbsp;&nbsp;&nbsp;<36 months: N<br>&nbsp;&nbsp;&nbsp;&nbsp;30 months -- 5 years: N<br>&nbsp;&nbsp;&nbsp;&nbsp;Preschool: Y<br>&nbsp;&nbsp;&nbsp;&nbsp;Grade 1 - Age 12: N<br>
2462,Licensed Family,Kids Galore Childcare Centre,7679 115 St,,Delta,V4C 5N1,49.142773,-122.904691,604-799-6938,,,N,N,N,N,N,N,N,N,N,N,N,N,N,N,N,N,N,,,N,N,N,N,N,N,N,N,Y,N,N,2026-05-06,,N,Y,N,Kids Galore Childcare Centre<br>Licensed Family<br>604-799-6938<br><br>Vacancy:<br>&nbsp;&nbsp;&nbsp;&nbsp;<36 months: N<br>&nbsp;&nbsp;&nbsp;&nbsp;30 months -- 5 years: Y<br>&nbsp;&nbsp;&nbsp;&nbsp;Preschool: N<br>&nbsp;&nbsp;&nbsp;&nbsp;Grade 1 - Age 12: N<br>
2463,Licensed Family,Wee Folk Early Learning,3600 9Th Ave,,Castlegar,V1N 2Z5,49.267091,-117.652055,250-608-8525,weefolkearlylearning.ca,,N,N,N,N,N,N,N,N,N,N,N,N,N,N,N,N,N,,,N,N,N,N,N,N,N,N,N,N,N,2026-05-15,,N,Y,N,Wee Folk Early Learning<br>Licensed Family<br>250-608-8525<br><br>Vacancy:<br>&nbsp;&nbsp;&nbsp;&nbsp;<36 months: N<br>&nbsp;&nbsp;&nbsp;&nbsp;30 months -- 5 years: N<br>&nbsp;&nbsp;&nbsp;&nbsp;Preschool: N<br>&nbsp;&nbsp;&nbsp;&nbsp;Grade 1 - Age 12: N<br>
2464,Licensed Group,The Big Playhouse Academy,5945 Main St,,Vancouver,V5W 2T4,49.230493,-123.101866,778-378-8470,,,N,N,N,N,N,N,N,N,N,N,N,N,N,N,N,N,N,,,N,N,N,N,N,N,N,N,N,N,N,2026-05-15,,N,Y,N,The Big Playhouse Academy<br>Licensed Group<br>778-378-8470<br><br>Vacancy:<br>&nbsp;&nbsp;&nbsp;&nbsp;<36 months: N<br>&nbsp;&nbsp;&nbsp;&nbsp;30 months -- 5 years: N<br>&nbsp;&nbsp;&nbsp;&nbsp;Preschool: N<br>&nbsp;&nbsp;&nbsp;&nbsp;Grade 1 - Age 12: N<br>
2465,Licensed Family,Peacock Place Daycare,8349 Peacock Pl,,Mission,V2V 7G6,49.153978,-122.290328,604-556-1768,,,N,N,N,N,N,N,N,N,N,N,N,N,N,N,N,N,N,,,N,N,N,N,N,N,N,N,N,N,N,2026-05-15,,N,Y,N,Peacock Place Daycare<br>Licensed Family<br>604-556-1768<br><br>Vacancy:<br>&nbsp;&nbsp;&nbsp;&nbsp;<36 months: N<br>&nbsp;&nbsp;&nbsp;&nbsp;30 months -- 5 years: N<br>&nbsp;&nbsp;&nbsp;&nbsp;Preschool: N<br>&nbsp;&nbsp;&nbsp;&nbsp;Grade 1 - Age 12: N<br>
2466,Licensed Group,Inspirations Montessori School - Irmin,5232 Irmin St,,Burnaby,V5J 1Y7,49.215378,-122.98787,778-889-5083,,,N,N,N,N,N,N,N,N,N,N,N,N,N,N,N,N,N,,,N,N,N,N,N,N,N,N,N,N,N,2026-04-20,,N,Y,N,Inspirations Montessori School - Irmin<br>Licensed Group<br>778-889-5083<br><br>Vacancy:<br>&nbsp;&nbsp;&nbsp;&nbsp;<36 months: N<br>&nbsp;&nbsp;&nbsp;&nbsp;30 months -- 5 years: N<br>&nbsp;&nbsp;&nbsp;&nbsp;Preschool: N<br>&nbsp;&nbsp;&nbsp;&nbsp;Grade 1 - Age 12: N<br>
2467,Licensed Group,Quesnel And District Day Care Society,420 Webster Ave,,Quesnel,V2J 1A8,52.969892,-122.512287,250-992-2433,,,N,N,N,N,N,N,N,N,N,N,N,N,N,N,N,N,N,,,N,N,N,N,N,N,N,Y,Y,N,N,2026-05-19,,N,Y,N,Quesnel And District Day Care Society<br>Licensed Group<br>250-992-2433<br><br>Vacancy:<br>&nbsp;&nbsp;&nbsp;&nbsp;<36 months: Y<br>&nbsp;&nbsp;&nbsp;&nbsp;30 months -- 5 years: Y<br>&nbsp;&nbsp;&nbsp;&nbsp;Preschool: N<br>&nbsp;&nbsp;&nbsp;&nbsp;Grade 1 - Age 12: N<br>
2468,Licensed Group,La Paz Early Learning Center Inc,6525 177B St,,Surrey,V3S 4J7,49.120608,-122.731117,604-910-1342,,,N,N,N,N,N,N,N,N,N,N,N,N,N,N,N,N,N,,,N,N,N,N,N,N,N,N,Y,Y,N,2026-05-16,,N,Y,N,La Paz Early Learning Center Inc<br>Licensed Group<br>604-910-1342<br><br>Vacancy:<br>&nbsp;&nbsp;&nbsp;&nbsp;<36 months: N<br>&nbsp;&nbsp;&nbsp;&nbsp;30 months -- 5 years: Y<br>&nbsp;&nbsp;&nbsp;&nbsp;Preschool: Y<br>&nbsp;&nbsp;&nbsp;&nbsp;Grade 1 - Age 12: N<br>
2469,Licensed Group,Second Nature Childcare Centre Inc. - Building B,4446 Joyce Ave,,Powell River,V8A 3A6,49.836279,-124.52037,604-223-5174,,,N,N,N,N,N,N,N,N,N,N,N,N,N,N,N,N,N,,,N,N,N,N,N,N,N,Y,N,N,N,2026-05-21,,N,Y,N,Second Nature Childcare Centre Inc. - Building B<br>Licensed Group<br>604-223-5174<br><br>Vacancy:<br>&nbsp;&nbsp;&nbsp;&nbsp;<36 months: Y<br>&nbsp;&nbsp;&nbsp;&nbsp;30 months -- 5 years: N<br>&nbsp;&nbsp;&nbsp;&nbsp;Preschool: N<br>&nbsp;&nbsp;&nbsp;&nbsp;Grade 1 - Age 12: N<br>
2470,Licensed Group,Chantrell Creek Out Of School Care Program,2575 137Th St,,Surrey,V4P 2K5,49.048737,-122.842526,604-434-9101,,,N,N,N,N,N,N,N,N,N,N,N,N,N,N,N,N,N,,,N,N,N,N,N,N,N,N,N,N,Y,2026-04-28,,N,Y,N,Chantrell Creek Out Of School Care Program<br>Licensed Group<br>604-434-9101<br><br>Vacancy:<br>&nbsp;&nbsp;&nbsp;&nbsp;<36 months: N<br>&nbsp;&nbsp;&nbsp;&nbsp;30 months -- 5 years: N<br>&nbsp;&nbsp;&nbsp;&nbsp;Preschool: N<br>&nbsp;&nbsp;&nbsp;&nbsp;Grade 1 - Age 12: Y<br>
2471,Licensed Group,Just Kiddies Childcare,20644 Dewdney Trunk Rd,,Maple Ridge,V2X 3E5,49.219906,-122.649814,604-618-9876,,,N,N,N,N,N,N,N,N,N,N,N,N,N,N,N,N,N,,,N,N,N,N,N,N,N,Y,N,N,N,2026-05-16,,N,Y,N,Just Kiddies Childcare<br>Licensed Group<br>604-618-9876<br><br>Vacancy:<br>&nbsp;&nbsp;&nbsp;&nbsp;<36 months: Y<br>&nbsp;&nbsp;&nbsp;&nbsp;30 months -- 5 years: N<br>&nbsp;&nbsp;&nbsp;&nbsp;Preschool: N<br>&nbsp;&nbsp;&nbsp;&nbsp;Grade 1 - Age 12: N<br>
2472,Licensed Group,Adventure Daycare Society,3376 Egremont Rd,,Cumberland,V0R 1S0,49.62364,-125.036048,250-897-6143,,,N,N,N,N,N,N,N,N,N,N,N,N,N,N,N,N,N,,,N,N,N,N,N,N,N,N,N,N,N,2026-05-15,,N,Y,N,Adventure Daycare Society<br>Licensed Group<br>250-897-6143<br><br>Vacancy:<br>&nbsp;&nbsp;&nbsp;&nbsp;<36 months: N<br>&nbsp;&nbsp;&nbsp;&nbsp;30 months -- 5 years: N<br>&nbsp;&nbsp;&nbsp;&nbsp;Preschool: N<br>&nbsp;&nbsp;&nbsp;&nbsp;Grade 1 - Age 12: N<br>
2473,Licensed Group,Cefa Captain's Cove,106-5519 Admiral Way,,Delta,V4K 0C4,49.112744,-123.071075,604-716-2512,,,N,N,N,N,N,N,N,N,N,N,N,N,N,N,N,N,N,,,N,N,N,N,N,N,N,Y,N,N,N,2026-05-08,,N,N,N,Cefa Captain's Cove<br>Licensed Group<br>604-716-2512<br><br>Vacancy:<br>&nbsp;&nbsp;&nbsp;&nbsp;<36 months: Y<br>&nbsp;&nbsp;&nbsp;&nbsp;30 months -- 5 years: N<br>&nbsp;&nbsp;&nbsp;&nbsp;Preschool: N<br>&nbsp;&nbsp;&nbsp;&nbsp;Grade 1 - Age 12: N<br>
2474,Licensed Group,Learning Lab Kids Club,2255 Fraser Ave,,Port Coquitlam,V3B 6G8,49.26951,-122.776789,778-847-4295,,,N,N,N,N,N,N,N,N,N,N,N,N,N,N,N,N,N,,,N,N,N,N,N,N,N,N,N,N,N,2026-04-13,,N,Y,N,Learning Lab Kids Club<br>Licensed Group<br>778-847-4295<br><br>Vacancy:<br>&nbsp;&nbsp;&nbsp;&nbsp;<36 months: N<br>&nbsp;&nbsp;&nbsp;&nbsp;30 months -- 5 years: N<br>&nbsp;&nbsp;&nbsp;&nbsp;Preschool: N<br>&nbsp;&nbsp;&nbsp;&nbsp;Grade 1 - Age 12: N<br>
2475,Licensed Group,Daybwaywin Nature School,3202 Young Lake Rd,,Sooke,V9Z 0J6,48.405667,-123.761288,250-858-1076,,,N,N,N,N,N,N,N,N,N,N,N,N,N,N,N,N,N,,,N,N,N,N,N,N,N,N,N,N,N,2026-05-19,,N,Y,N,Daybwaywin Nature School<br>Licensed Group<br>250-858-1076<br><br>Vacancy:<br>&nbsp;&nbsp;&nbsp;&nbsp;<36 months: N<br>&nbsp;&nbsp;&nbsp;&nbsp;30 months -- 5 years: N<br>&nbsp;&nbsp;&nbsp;&nbsp;Preschool: N<br>&nbsp;&nbsp;&nbsp;&nbsp;Grade 1 - Age 12: N<br>
2476,Licensed Group,Top Tier School Age Care,21713 50 Ave,,Langley,V3A 3T2,49.093997,-122.62155,604-612-1593,,,N,N,N,N,N,N,N,N,N,N,N,N,N,N,N,N,N,,,N,N,N,N,N,N,N,N,N,N,Y,2026-05-01,,N,Y,N,Top Tier School Age Care<br>Licensed Group<br>604-612-1593<br><br>Vacancy:<br>&nbsp;&nbsp;&nbsp;&nbsp;<36 months: N<br>&nbsp;&nbsp;&nbsp;&nbsp;30 months -- 5 years: N<br>&nbsp;&nbsp;&nbsp;&nbsp;Preschool: N<br>&nbsp;&nbsp;&nbsp;&nbsp;Grade 1 - Age 12: Y<br>
2477,Licensed Family,Cora Early Learning,6388 Argyle Ave,,West Vancouver,V7W 2E6,49.371823,-123.276273,778-985-4595,,,N,N,N,N,N,N,N,N,N,N,N,N,N,N,N,N,N,,,N,N,N,N,N,N,N,Y,Y,N,N,2026-05-14,,N,Y,N,Cora Early Learning<br>Licensed Family<br>778-985-4595<br><br>Vacancy:<br>&nbsp;&nbsp;&nbsp;&nbsp;<36 months: Y<br>&nbsp;&nbsp;&nbsp;&nbsp;30 months -- 5 years: Y<br>&nbsp;&nbsp;&nbsp;&nbsp;Preschool: N<br>&nbsp;&nbsp;&nbsp;&nbsp;Grade 1 - Age 12: N<br>
2478,Licensed Group,Bee Yourself Childcare Junior,20609 Logan Ave,,Langley,V3A 7R3,49.105696,-122.652118,604-619-9711,,,N,N,N,N,N,N,N,N,N,N,N,N,N,N,N,N,N,,,N,N,N,N,N,N,N,N,N,N,N,2026-05-14,,N,Y,N,Bee Yourself Childcare Junior<br>Licensed Group<br>604-619-9711<br><br>Vacancy:<br>&nbsp;&nbsp;&nbsp;&nbsp;<36 months: N<br>&nbsp;&nbsp;&nbsp;&nbsp;30 months -- 5 years: N<br>&nbsp;&nbsp;&nbsp;&nbsp;Preschool: N<br>&nbsp;&nbsp;&nbsp;&nbsp;Grade 1 - Age 12: N<br>
2479,Licensed Group,Aslan Early Learning Centre,531 Herbert St,,Duncan,V9L 1T2,48.784251,-123.716476,250-667-2425,,,N,N,N,N,N,N,N,N,N,N,N,N,N,N,N,N,N,,,N,N,N,N,N,N,N,N,N,N,N,2026-05-12,,N,Y,N,Aslan Early Learning Centre<br>Licensed Group<br>250-667-2425<br><br>Vacancy:<br>&nbsp;&nbsp;&nbsp;&nbsp;<36 months: N<br>&nbsp;&nbsp;&nbsp;&nbsp;30 months -- 5 years: N<br>&nbsp;&nbsp;&nbsp;&nbsp;Preschool: N<br>&nbsp;&nbsp;&nbsp;&nbsp;Grade 1 - Age 12: N<br>
2480,Licensed Group,The Thinking Garden Nanoose,2600 Powder Point Rd,,Nanoose Bay,V9P 9E8,49.272674,-124.185541,250-668-0924,,,N,N,N,N,N,N,N,N,N,N,N,N,N,N,N,N,N,,,N,N,N,N,N,N,N,N,N,N,N,2026-05-16,,N,Y,N,The Thinking Garden Nanoose<br>Licensed Group<br>250-668-0924<br><br>Vacancy:<br>&nbsp;&nbsp;&nbsp;&nbsp;<36 months: N<br>&nbsp;&nbsp;&nbsp;&nbsp;30 months -- 5 years: N<br>&nbsp;&nbsp;&nbsp;&nbsp;Preschool: N<br>&nbsp;&nbsp;&nbsp;&nbsp;Grade 1 - Age 12: N<br>
2481,Licensed Group,Inside Outside Upside Down Before And After School Care,886 Morven Pl,,Kamloops,V2B 6H2,50.7534,-120.355559,250-299-7730,,,N,N,N,N,N,N,N,N,N,N,N,N,N,N,N,N,N,,,N,N,N,N,N,N,N,N,N,N,N,2026-04-27,,N,Y,N,Inside Outside Upside Down Before And After School Care<br>Licensed Group<br>250-299-7730<br><br>Vacancy:<br>&nbsp;&nbsp;&nbsp;&nbsp;<36 months: N<br>&nbsp;&nbsp;&nbsp;&nbsp;30 months -- 5 years: N<br>&nbsp;&nbsp;&nbsp;&nbsp;Preschool: N<br>&nbsp;&nbsp;&nbsp;&nbsp;Grade 1 - Age 12: N<br>
2482,Licensed Family,Mandy's Childcare,160 Hillcrest Ave,,Port Edward,V0V 1G0,54.217756,-130.288922,250-600-0561,,,N,N,N,N,N,N,N,N,N,N,N,N,N,N,N,N,N,,,N,N,N,N,N,N,N,N,N,N,N,2026-05-14,,N,Y,N,Mandy's Childcare<br>Licensed Family<br>250-600-0561<br><br>Vacancy:<br>&nbsp;&nbsp;&nbsp;&nbsp;<36 months: N<br>&nbsp;&nbsp;&nbsp;&nbsp;30 months -- 5 years: N<br>&nbsp;&nbsp;&nbsp;&nbsp;Preschool: N<br>&nbsp;&nbsp;&nbsp;&nbsp;Grade 1 - Age 12: N<br>
2483,Licensed Group,Wolf Pack Wilderness School,3595 Royston Rd,,Courtenay,V9N 9P9,49.634668,-124.968258,250-532-3529,,,N,N,N,N,N,N,N,N,N,N,N,N,N,N,N,N,N,,,N,N,N,N,N,N,N,N,N,N,N,2026-04-23,,N,Y,N,Wolf Pack Wilderness School<br>Licensed Group<br>250-532-3529<br><br>Vacancy:<br>&nbsp;&nbsp;&nbsp;&nbsp;<36 months: N<br>&nbsp;&nbsp;&nbsp;&nbsp;30 months -- 5 years: N<br>&nbsp;&nbsp;&nbsp;&nbsp;Preschool: N<br>&nbsp;&nbsp;&nbsp;&nbsp;Grade 1 - Age 12: N<br>
2484,Licensed Group,Spencer's Lane,605 Second St,,New Westminster,V3L 5R9,49.217392,-122.913498,236-881-2361,,,N,N,N,N,N,N,N,N,N,N,N,N,N,N,N,N,N,,,N,N,N,N,N,N,N,N,N,N,N,2026-05-15,,N,Y,N,Spencer's Lane<br>Licensed Group<br>236-881-2361<br><br>Vacancy:<br>&nbsp;&nbsp;&nbsp;&nbsp;<36 months: N<br>&nbsp;&nbsp;&nbsp;&nbsp;30 months -- 5 years: N<br>&nbsp;&nbsp;&nbsp;&nbsp;Preschool: N<br>&nbsp;&nbsp;&nbsp;&nbsp;Grade 1 - Age 12: N<br>
2485,Licensed Group,Starseeds Childcare,3904 St. Marys Ave,,North Vancouver,V7N 1Y3,49.345412,-123.065677,604-753-9901,,,N,N,N,N,N,N,N,N,N,N,N,N,N,N,N,N,N,,,N,N,N,N,N,N,N,N,N,N,N,2026-05-15,,N,Y,N,Starseeds Childcare<br>Licensed Group<br>604-753-9901<br><br>Vacancy:<br>&nbsp;&nbsp;&nbsp;&nbsp;<36 months: N<br>&nbsp;&nbsp;&nbsp;&nbsp;30 months -- 5 years: N<br>&nbsp;&nbsp;&nbsp;&nbsp;Preschool: N<br>&nbsp;&nbsp;&nbsp;&nbsp;Grade 1 - Age 12: N<br>
2486,Licensed Family,Tiny Toddlers Daycare,33472 King Rd,,Abbotsford,V2S 6J5,49.030922,-122.296948,236-788-0008,,,N,N,N,N,N,N,N,N,N,N,N,N,N,N,N,N,N,,,N,N,N,N,N,N,N,N,N,N,N,2026-05-14,,N,Y,N,Tiny Toddlers Daycare<br>Licensed Family<br>236-788-0008<br><br>Vacancy:<br>&nbsp;&nbsp;&nbsp;&nbsp;<36 months: N<br>&nbsp;&nbsp;&nbsp;&nbsp;30 months -- 5 years: N<br>&nbsp;&nbsp;&nbsp;&nbsp;Preschool: N<br>&nbsp;&nbsp;&nbsp;&nbsp;Grade 1 - Age 12: N<br>
2487,Licensed Group,Lavender Forest Child Care Center,979 Crystal Crt,,Coquitlam,V3C 5X5,49.269587,-122.800874,778-875-1551,,,N,N,N,N,N,N,N,N,N,N,N,N,N,N,N,N,N,,,N,N,N,N,N,N,N,Y,N,N,N,2026-05-15,,N,Y,N,Lavender Forest Child Care Center<br>Licensed Group<br>778-875-1551<br><br>Vacancy:<br>&nbsp;&nbsp;&nbsp;&nbsp;<36 months: Y<br>&nbsp;&nbsp;&nbsp;&nbsp;30 months -- 5 years: N<br>&nbsp;&nbsp;&nbsp;&nbsp;Preschool: N<br>&nbsp;&nbsp;&nbsp;&nbsp;Grade 1 - Age 12: N<br>
2488,Licensed Group,Bloom Montessori (View Royal),286 Island Hwy,,Victoria,V9B 1G5,48.45502,-123.438773,250-812-3137,,,N,N,N,N,N,N,N,N,N,N,N,N,N,N,N,N,N,,,N,N,N,N,N,N,N,N,N,N,N,2026-05-12,,N,Y,N,Bloom Montessori (View Royal)<br>Licensed Group<br>250-812-3137<br><br>Vacancy:<br>&nbsp;&nbsp;&nbsp;&nbsp;<36 months: N<br>&nbsp;&nbsp;&nbsp;&nbsp;30 months -- 5 years: N<br>&nbsp;&nbsp;&nbsp;&nbsp;Preschool: N<br>&nbsp;&nbsp;&nbsp;&nbsp;Grade 1 - Age 12: N<br>
2489,Licensed Family,"Head, Heart And Hands Childcare Centre",119-1006 Venture Way,,Gibsons,V0N 1V7,49.408266,-123.525478,778-998-6068,,,N,N,N,N,N,N,N,N,N,N,N,N,N,N,N,N,N,,,N,N,N,N,N,N,N,N,N,N,N,2026-05-19,,N,Y,N,"Head, Heart And Hands Childcare Centre<br>Licensed Family<br>778-998-6068<br><br>Vacancy:<br>&nbsp;&nbsp;&nbsp;&nbsp;<36 months: N<br>&nbsp;&nbsp;&nbsp;&nbsp;30 months -- 5 years: N<br>&nbsp;&nbsp;&nbsp;&nbsp;Preschool: N<br>&nbsp;&nbsp;&nbsp;&nbsp;Grade 1 - Age 12: N<br>"
2490,Licensed Group,Harwood Elementary School,4320 20 St,,Vernon,V1T 4E3,50.276459,-119.258687,250-260-4490,,,N,N,N,N,N,N,N,N,N,N,N,N,N,N,N,N,N,,,N,N,N,N,N,N,N,N,N,Y,N,2026-04-09,,N,Y,N,Harwood Elementary School<br>Licensed Group<br>250-260-4490<br><br>Vacancy:<br>&nbsp;&nbsp;&nbsp;&nbsp;<36 months: N<br>&nbsp;&nbsp;&nbsp;&nbsp;30 months -- 5 years: N<br>&nbsp;&nbsp;&nbsp;&nbsp;Preschool: Y<br>&nbsp;&nbsp;&nbsp;&nbsp;Grade 1 - Age 12: N<br>
2491,Licensed Group,Lavington Elementary School,9715 School Rd,,Coldstream,V1B 3G4,50.231206,-119.105124,250-260-4490,,,N,N,N,N,N,N,N,N,N,N,N,N,N,N,N,N,N,,,N,N,N,N,N,N,N,N,Y,N,Y,2026-04-09,,N,Y,N,Lavington Elementary School<br>Licensed Group<br>250-260-4490<br><br>Vacancy:<br>&nbsp;&nbsp;&nbsp;&nbsp;<36 months: N<br>&nbsp;&nbsp;&nbsp;&nbsp;30 months -- 5 years: Y<br>&nbsp;&nbsp;&nbsp;&nbsp;Preschool: N<br>&nbsp;&nbsp;&nbsp;&nbsp;Grade 1 - Age 12: Y<br>
2492,Licensed Group,Okanagan Boys And Girls Clubs- Alexis Park,4205 35 St,,Vernon,V1T 6C4,50.273967,-119.279216,250-542-3121,,,N,N,N,N,N,N,N,N,N,N,N,N,N,N,N,N,N,,,N,N,N,N,N,N,N,N,Y,N,Y,2026-05-15,,N,Y,N,Okanagan Boys And Girls Clubs- Alexis Park<br>Licensed Group<br>250-542-3121<br><br>Vacancy:<br>&nbsp;&nbsp;&nbsp;&nbsp;<36 months: N<br>&nbsp;&nbsp;&nbsp;&nbsp;30 months -- 5 years: Y<br>&nbsp;&nbsp;&nbsp;&nbsp;Preschool: N<br>&nbsp;&nbsp;&nbsp;&nbsp;Grade 1 - Age 12: Y<br>
2493,Licensed Group,Okanagan Boys And Girls Clubs - Mission Hill,1510 36 St,,Vernon,V1T 6C8,50.253942,-119.282755,250-542-3121,,,N,N,N,N,N,N,N,N,N,N,N,N,N,N,N,N,N,,,N,N,N,N,N,N,N,N,N,N,Y,2026-05-15,,N,Y,N,Okanagan Boys And Girls Clubs - Mission Hill<br>Licensed Group<br>250-542-3121<br><br>Vacancy:<br>&nbsp;&nbsp;&nbsp;&nbsp;<36 months: N<br>&nbsp;&nbsp;&nbsp;&nbsp;30 months -- 5 years: N<br>&nbsp;&nbsp;&nbsp;&nbsp;Preschool: N<br>&nbsp;&nbsp;&nbsp;&nbsp;Grade 1 - Age 12: Y<br>
2494,Licensed Group,Okanagan Boys And Girls Clubs - Harwood,4320 20 St,,Vernon,V1T 4E3,50.276459,-119.258687,250-542-3121,,,N,N,N,N,N,N,N,N,N,N,N,N,N,N,N,N,N,,,N,N,N,N,N,N,N,N,N,N,N,2026-05-15,,N,Y,N,Okanagan Boys And Girls Clubs - Harwood<br>Licensed Group<br>250-542-3121<br><br>Vacancy:<br>&nbsp;&nbsp;&nbsp;&nbsp;<36 months: N<br>&nbsp;&nbsp;&nbsp;&nbsp;30 months -- 5 years: N<br>&nbsp;&nbsp;&nbsp;&nbsp;Preschool: N<br>&nbsp;&nbsp;&nbsp;&nbsp;Grade 1 - Age 12: N<br>
2495,Licensed Group,Bgco - Lions Hall,2466 Main St,,West Kelowna,V4T 1Z1,49.829862,-119.62939,250-762-3914,,,,,,,,,,,,,,,,,,,,,,,,,,,,,,,,,,,Y,Y,N,Bgco - Lions Hall<br>Licensed Group<br>250-762-3914<br><br>Vacancy:<br>&nbsp;&nbsp;&nbsp;&nbsp;<36 months: None<br>&nbsp;&nbsp;&nbsp;&nbsp;30 months -- 5 years: None<br>&nbsp;&nbsp;&nbsp;&nbsp;Preschool: None<br>&nbsp;&nbsp;&nbsp;&nbsp;Grade 1 - Age 12: None<br>
2496,Licensed Group,Okanagan Boys And Girls Clubs - Ellison,2400 Fulton Rd,,Vernon,V1H 1S3,50.250599,-119.31447,250-542-3121,,,N,N,N,N,N,N,N,N,N,N,N,N,N,N,N,N,N,,,N,N,N,N,N,N,N,N,N,N,N,2026-05-15,,N,Y,N,Okanagan Boys And Girls Clubs - Ellison<br>Licensed Group<br>250-542-3121<br><br>Vacancy:<br>&nbsp;&nbsp;&nbsp;&nbsp;<36 months: N<br>&nbsp;&nbsp;&nbsp;&nbsp;30 months -- 5 years: N<br>&nbsp;&nbsp;&nbsp;&nbsp;Preschool: N<br>&nbsp;&nbsp;&nbsp;&nbsp;Grade 1 - Age 12: N<br>
2497,Licensed Family,Silver Moon Childcare And Early Learning Centre,2771 27Th Ave E,,Vancouver,V5R 1N4,49.246496,-123.047885,778-867-4226,,,N,N,N,N,N,N,N,N,N,N,N,N,N,N,N,N,N,,,N,N,N,N,N,N,N,N,Y,N,N,2026-05-20,,N,Y,N,Silver Moon Childcare And Early Learning Centre<br>Licensed Family<br>778-867-4226<br><br>Vacancy:<br>&nbsp;&nbsp;&nbsp;&nbsp;<36 months: N<br>&nbsp;&nbsp;&nbsp;&nbsp;30 months -- 5 years: Y<br>&nbsp;&nbsp;&nbsp;&nbsp;Preschool: N<br>&nbsp;&nbsp;&nbsp;&nbsp;Grade 1 - Age 12: N<br>
2498,Licensed Group,Kanaka Active Kids Club,11120 234A St,,Maple Ridge,V2W 1C8,49.204155,-122.571594,604-467-7478,,,N,N,N,N,N,N,N,N,N,N,N,N,N,N,N,N,N,,,N,N,N,N,N,N,N,N,N,N,N,2026-05-21,,N,Y,N,Kanaka Active Kids Club<br>Licensed Group<br>604-467-7478<br><br>Vacancy:<br>&nbsp;&nbsp;&nbsp;&nbsp;<36 months: N<br>&nbsp;&nbsp;&nbsp;&nbsp;30 months -- 5 years: N<br>&nbsp;&nbsp;&nbsp;&nbsp;Preschool: N<br>&nbsp;&nbsp;&nbsp;&nbsp;Grade 1 - Age 12: N<br>
2499,Licensed Group,Secret Heart Academy Aldergrove,27595 Fraser Hwy,,Aldergrove,V4W 3P9,49.058055,-122.46016,778-385-4034,,,N,N,N,N,N,N,N,N,N,N,N,N,N,N,N,N,N,,,N,N,N,N,N,N,N,Y,Y,N,N,2026-05-03,,N,Y,N,Secret Heart Academy Aldergrove<br>Licensed Group<br>778-385-4034<br><br>Vacancy:<br>&nbsp;&nbsp;&nbsp;&nbsp;<36 months: Y<br>&nbsp;&nbsp;&nbsp;&nbsp;30 months -- 5 years: Y<br>&nbsp;&nbsp;&nbsp;&nbsp;Preschool: N<br>&nbsp;&nbsp;&nbsp;&nbsp;Grade 1 - Age 12: N<br>
2500,Licensed Group,Little Kangaroos Early Learning Centre Ltd.,15114 82 Ave,,Surrey,V3S 8M6,49.151606,-122.803398,604-807-2784,,,N,N,N,N,N,N,N,N,N,N,N,N,N,N,N,N,N,,,N,N,N,N,N,N,N,N,N,N,N,2026-05-17,,N,Y,N,Little Kangaroos Early Learning Centre Ltd.<br>Licensed Group<br>604-807-2784<br><br>Vacancy:<br>&nbsp;&nbsp;&nbsp;&nbsp;<36 months: N<br>&nbsp;&nbsp;&nbsp;&nbsp;30 months -- 5 years: N<br>&nbsp;&nbsp;&nbsp;&nbsp;Preschool: N<br>&nbsp;&nbsp;&nbsp;&nbsp;Grade 1 - Age 12: N<br>
2501,Licensed Group,Laugh And Learn Children Branch Ii,9362 William St,,Chilliwack,V2P 5E1,49.172102,-121.945359,778-704-8407,,,N,N,N,N,N,N,N,N,N,N,N,N,N,N,N,N,N,,,N,N,N,N,N,N,N,Y,Y,N,N,2026-05-14,,N,Y,N,Laugh And Learn Children Branch Ii<br>Licensed Group<br>778-704-8407<br><br>Vacancy:<br>&nbsp;&nbsp;&nbsp;&nbsp;<36 months: Y<br>&nbsp;&nbsp;&nbsp;&nbsp;30 months -- 5 years: Y<br>&nbsp;&nbsp;&nbsp;&nbsp;Preschool: N<br>&nbsp;&nbsp;&nbsp;&nbsp;Grade 1 - Age 12: N<br>
2502,Licensed Group,All Bright Early Learning Center,706 Linton St,,Coquitlam,V3J 6K5,49.259975,-122.841243,778-316-5360,,,N,N,N,N,N,N,N,N,N,N,N,N,N,N,N,N,N,,,N,N,N,N,N,N,N,N,N,N,N,2026-05-02,,N,Y,N,All Bright Early Learning Center<br>Licensed Group<br>778-316-5360<br><br>Vacancy:<br>&nbsp;&nbsp;&nbsp;&nbsp;<36 months: N<br>&nbsp;&nbsp;&nbsp;&nbsp;30 months -- 5 years: N<br>&nbsp;&nbsp;&nbsp;&nbsp;Preschool: N<br>&nbsp;&nbsp;&nbsp;&nbsp;Grade 1 - Age 12: N<br>
2503,Licensed Group,Kelowna Airport ymca Child Care Centre,190 Convair Place,,Kelowna,V1V 1S1,49.954305,-119.384717,250-491-8674,,,N,N,N,N,N,N,N,N,N,N,N,N,N,N,N,N,N,,,N,N,N,N,N,N,N,N,N,N,N,2026-04-28,,N,Y,N,Kelowna Airport ymca Child Care Centre<br>Licensed Group<br>250-491-8674<br><br>Vacancy:<br>&nbsp;&nbsp;&nbsp;&nbsp;<36 months: N<br>&nbsp;&nbsp;&nbsp;&nbsp;30 months -- 5 years: N<br>&nbsp;&nbsp;&nbsp;&nbsp;Preschool: N<br>&nbsp;&nbsp;&nbsp;&nbsp;Grade 1 - Age 12: N<br>
2504,Licensed Group,The Learning Tree Daycare,14250 61A Ave,,Surrey,V3X 0E5,49.114154,-122.827337,778-714-9800,,,N,N,N,N,N,N,N,N,N,N,N,N,N,N,N,N,N,,,N,N,N,N,N,N,N,Y,N,N,N,2026-05-15,,N,Y,N,The Learning Tree Daycare<br>Licensed Group<br>778-714-9800<br><br>Vacancy:<br>&nbsp;&nbsp;&nbsp;&nbsp;<36 months: Y<br>&nbsp;&nbsp;&nbsp;&nbsp;30 months -- 5 years: N<br>&nbsp;&nbsp;&nbsp;&nbsp;Preschool: N<br>&nbsp;&nbsp;&nbsp;&nbsp;Grade 1 - Age 12: N<br>
2505,Licensed Group,Tsulh Cho (Huckleberry) Early Learning And Care Centre,6776 Dagg Rd,,Prince George,V2K 2R7,53.991043,-122.785824,778-764-2429,,,N,N,N,N,N,N,N,N,N,N,N,N,N,N,N,N,N,,,N,N,N,N,N,N,N,N,N,N,N,2026-05-20,,N,Y,N,Tsulh Cho (Huckleberry) Early Learning And Care Centre<br>Licensed Group<br>778-764-2429<br><br>Vacancy:<br>&nbsp;&nbsp;&nbsp;&nbsp;<36 months: N<br>&nbsp;&nbsp;&nbsp;&nbsp;30 months -- 5 years: N<br>&nbsp;&nbsp;&nbsp;&nbsp;Preschool: N<br>&nbsp;&nbsp;&nbsp;&nbsp;Grade 1 - Age 12: N<br>
2506,Licensed Group,Hazelwood Early Learning Centre,1265 Citadel Dr,,Port Coquitlam,V3C 5X6,49.237808,-122.776848,778-899-5454,,,N,N,N,N,N,N,N,N,N,N,N,N,N,N,N,N,N,,,N,N,N,N,N,N,N,N,N,N,Y,2026-04-27,,N,Y,N,Hazelwood Early Learning Centre<br>Licensed Group<br>778-899-5454<br><br>Vacancy:<br>&nbsp;&nbsp;&nbsp;&nbsp;<36 months: N<br>&nbsp;&nbsp;&nbsp;&nbsp;30 months -- 5 years: N<br>&nbsp;&nbsp;&nbsp;&nbsp;Preschool: N<br>&nbsp;&nbsp;&nbsp;&nbsp;Grade 1 - Age 12: Y<br>
2507,Licensed Group,Ecole Mountainview Seamless Day Kindergarten,3505 Bailey St,,Terrace,V8G 5P5,54.523322,-128.622302,250-635-3115,,,N,N,N,N,N,N,N,N,N,N,N,N,N,N,N,N,N,,,N,N,N,N,N,N,N,N,N,N,Y,2026-05-07,,N,Y,N,Ecole Mountainview Seamless Day Kindergarten<br>Licensed Group<br>250-635-3115<br><br>Vacancy:<br>&nbsp;&nbsp;&nbsp;&nbsp;<36 months: N<br>&nbsp;&nbsp;&nbsp;&nbsp;30 months -- 5 years: N<br>&nbsp;&nbsp;&nbsp;&nbsp;Preschool: N<br>&nbsp;&nbsp;&nbsp;&nbsp;Grade 1 - Age 12: Y<br>
2508,Licensed Group,Suwilaawks Community School Seamless Day Kindergarten,3430 Sparks St,,Terrace,V8G 2V3,54.522208,-128.589998,250-638-0306,,,N,N,N,N,N,N,N,N,N,N,N,N,N,N,N,N,N,,,N,N,N,N,N,N,N,N,N,N,N,2026-05-07,,N,Y,N,Suwilaawks Community School Seamless Day Kindergarten<br>Licensed Group<br>250-638-0306<br><br>Vacancy:<br>&nbsp;&nbsp;&nbsp;&nbsp;<36 months: N<br>&nbsp;&nbsp;&nbsp;&nbsp;30 months -- 5 years: N<br>&nbsp;&nbsp;&nbsp;&nbsp;Preschool: N<br>&nbsp;&nbsp;&nbsp;&nbsp;Grade 1 - Age 12: N<br>
2509,Licensed Family,Flower Patch Kids,795B Gladiola Ave,,Victoria,V8Z 2T2,48.4698,-123.398079,250-507-0973,https://www.saanichflowerpatchkids.com/,,N,N,N,N,N,N,N,N,N,N,N,N,N,N,N,N,N,,,N,N,N,N,N,N,N,N,N,N,N,2026-05-15,,N,Y,N,Flower Patch Kids<br>Licensed Family<br>250-507-0973<br><br>Vacancy:<br>&nbsp;&nbsp;&nbsp;&nbsp;<36 months: N<br>&nbsp;&nbsp;&nbsp;&nbsp;30 months -- 5 years: N<br>&nbsp;&nbsp;&nbsp;&nbsp;Preschool: N<br>&nbsp;&nbsp;&nbsp;&nbsp;Grade 1 - Age 12: N<br>
2510,Licensed Group,Playtime Childcare Society - View St. Location,140 View St,,Nanaimo,V9R 4N6,49.152872,-123.937908,250-714-4555,,,N,N,N,N,N,N,N,N,N,N,N,N,N,N,N,N,N,,,N,N,N,N,N,N,N,N,N,N,Y,2026-05-15,,N,Y,N,Playtime Childcare Society - View St. Location<br>Licensed Group<br>250-714-4555<br><br>Vacancy:<br>&nbsp;&nbsp;&nbsp;&nbsp;<36 months: N<br>&nbsp;&nbsp;&nbsp;&nbsp;30 months -- 5 years: N<br>&nbsp;&nbsp;&nbsp;&nbsp;Preschool: N<br>&nbsp;&nbsp;&nbsp;&nbsp;Grade 1 - Age 12: Y<br>
2511,Licensed Group,Illumine Learning Centre - Langley,20901 83 Ave,,Langley,V2Y 0W8,49.153358,-122.642819,604-318-9101,,,N,N,N,N,N,N,N,N,N,N,N,N,N,N,N,N,N,,,N,N,N,N,N,N,N,N,N,N,N,2026-05-14,,N,Y,N,Illumine Learning Centre - Langley<br>Licensed Group<br>604-318-9101<br><br>Vacancy:<br>&nbsp;&nbsp;&nbsp;&nbsp;<36 months: N<br>&nbsp;&nbsp;&nbsp;&nbsp;30 months -- 5 years: N<br>&nbsp;&nbsp;&nbsp;&nbsp;Preschool: N<br>&nbsp;&nbsp;&nbsp;&nbsp;Grade 1 - Age 12: N<br>
2512,Licensed Family,Wonder Kids Childcare Centre Inc. #2,13398 60 Ave,,Surrey,V3X 2M2,49.111712,-122.851237,778-878-7933,,,N,N,N,N,N,N,N,N,N,N,N,N,N,N,N,N,N,,,N,N,N,N,N,N,N,N,N,N,N,2026-05-16,,N,Y,N,Wonder Kids Childcare Centre Inc. #2<br>Licensed Family<br>778-878-7933<br><br>Vacancy:<br>&nbsp;&nbsp;&nbsp;&nbsp;<36 months: N<br>&nbsp;&nbsp;&nbsp;&nbsp;30 months -- 5 years: N<br>&nbsp;&nbsp;&nbsp;&nbsp;Preschool: N<br>&nbsp;&nbsp;&nbsp;&nbsp;Grade 1 - Age 12: N<br>
2513,Licensed Group,"Learning Circle mccallum Tower, The",2151 mccallum Rd,,Abbotsford,V2S 3N8,49.040929,-122.294607,604-870-1395,,,N,N,N,N,N,N,N,N,N,N,N,N,N,N,N,N,N,,,N,N,N,N,N,N,N,N,N,Y,Y,2026-05-14,,N,Y,N,"Learning Circle mccallum Tower, The<br>Licensed Group<br>604-870-1395<br><br>Vacancy:<br>&nbsp;&nbsp;&nbsp;&nbsp;<36 months: N<br>&nbsp;&nbsp;&nbsp;&nbsp;30 months -- 5 years: N<br>&nbsp;&nbsp;&nbsp;&nbsp;Preschool: Y<br>&nbsp;&nbsp;&nbsp;&nbsp;Grade 1 - Age 12: Y<br>"
2514,Licensed Group,All Little Bears Childcare Ltd. - It Northfield,101&102-2310 Northfield Rd,,Nanaimo,V9S 3C2,49.192018,-123.998625,250-667-2461,,,N,N,N,N,N,N,N,N,N,N,N,N,N,N,N,N,N,,,N,N,N,N,N,N,N,N,N,N,N,2026-05-19,,N,Y,N,All Little Bears Childcare Ltd. - It Northfield<br>Licensed Group<br>250-667-2461<br><br>Vacancy:<br>&nbsp;&nbsp;&nbsp;&nbsp;<36 months: N<br>&nbsp;&nbsp;&nbsp;&nbsp;30 months -- 5 years: N<br>&nbsp;&nbsp;&nbsp;&nbsp;Preschool: N<br>&nbsp;&nbsp;&nbsp;&nbsp;Grade 1 - Age 12: N<br>
2515,Licensed Group,All Little Bears Childcare Ltd. - 3 To 5 Northfield,102-2320 Northfield Rd,,Nanaimo,V9S 3C2,49.192044,-123.999103,250-667-2461,,,N,N,N,N,N,N,N,N,N,N,N,N,N,N,N,N,N,,,N,N,N,N,N,N,N,N,N,N,N,2026-05-19,,N,Y,N,All Little Bears Childcare Ltd. - 3 To 5 Northfield<br>Licensed Group<br>250-667-2461<br><br>Vacancy:<br>&nbsp;&nbsp;&nbsp;&nbsp;<36 months: N<br>&nbsp;&nbsp;&nbsp;&nbsp;30 months -- 5 years: N<br>&nbsp;&nbsp;&nbsp;&nbsp;Preschool: N<br>&nbsp;&nbsp;&nbsp;&nbsp;Grade 1 - Age 12: N<br>
2516,Licensed Group,Balsam Montessori Academy Ltd.,37969 2Nd Ave,,Squamish,V8B 0B3,49.698411,-123.155569,604-892-1065,,,N,N,N,N,N,N,N,N,N,N,N,N,N,N,N,N,N,,,N,N,N,N,N,N,N,Y,Y,N,N,2026-04-15,,N,Y,N,Balsam Montessori Academy Ltd.<br>Licensed Group<br>604-892-1065<br><br>Vacancy:<br>&nbsp;&nbsp;&nbsp;&nbsp;<36 months: Y<br>&nbsp;&nbsp;&nbsp;&nbsp;30 months -- 5 years: Y<br>&nbsp;&nbsp;&nbsp;&nbsp;Preschool: N<br>&nbsp;&nbsp;&nbsp;&nbsp;Grade 1 - Age 12: N<br>
2517,Licensed Group,Little Munchkin Daycare Ltd.,1431 W 53Rd Ave,,Vancouver,V6P 1L1,49.222847,-123.138332,778-386-8252,,,N,N,N,N,N,N,N,N,N,N,N,N,N,N,N,N,N,,,N,N,N,N,N,N,N,Y,Y,Y,Y,2026-04-01,,N,Y,N,Little Munchkin Daycare Ltd.<br>Licensed Group<br>778-386-8252<br><br>Vacancy:<br>&nbsp;&nbsp;&nbsp;&nbsp;<36 months: Y<br>&nbsp;&nbsp;&nbsp;&nbsp;30 months -- 5 years: Y<br>&nbsp;&nbsp;&nbsp;&nbsp;Preschool: Y<br>&nbsp;&nbsp;&nbsp;&nbsp;Grade 1 - Age 12: Y<br>
2518,Licensed Group,Mom's Pride Childcare Centre,7328 Dunvegan Crt,,Burnaby,V5A 3R5,49.270977,-122.949989,604-374-3688,,,N,N,N,N,N,N,N,N,N,N,N,N,N,N,N,N,N,,,N,N,N,N,N,N,N,N,N,N,N,2026-05-15,,N,Y,N,Mom's Pride Childcare Centre<br>Licensed Group<br>604-374-3688<br><br>Vacancy:<br>&nbsp;&nbsp;&nbsp;&nbsp;<36 months: N<br>&nbsp;&nbsp;&nbsp;&nbsp;30 months -- 5 years: N<br>&nbsp;&nbsp;&nbsp;&nbsp;Preschool: N<br>&nbsp;&nbsp;&nbsp;&nbsp;Grade 1 - Age 12: N<br>
2519,Licensed Group,Funshine After School Care,2462 Nanoose Rd,,Nanoose Bay,V9P 9E6,49.275124,-124.1937,250-951-2933,,,N,N,N,N,N,N,N,N,N,N,N,N,N,N,N,N,N,,,N,N,N,N,N,N,N,N,N,N,Y,2026-05-18,,N,Y,N,Funshine After School Care<br>Licensed Group<br>250-951-2933<br><br>Vacancy:<br>&nbsp;&nbsp;&nbsp;&nbsp;<36 months: N<br>&nbsp;&nbsp;&nbsp;&nbsp;30 months -- 5 years: N<br>&nbsp;&nbsp;&nbsp;&nbsp;Preschool: N<br>&nbsp;&nbsp;&nbsp;&nbsp;Grade 1 - Age 12: Y<br>
2520,Licensed Group,Ohana Academy Inc. West Kelowna,1162 Hudson Rd,,West Kelowna,V1Z 1J3,49.862869,-119.562703,250-469-4266,,,N,N,N,N,N,N,N,N,N,N,N,N,N,N,N,N,N,,,N,N,N,N,N,N,N,N,N,N,N,2026-04-21,,N,Y,N,Ohana Academy Inc. West Kelowna<br>Licensed Group<br>250-469-4266<br><br>Vacancy:<br>&nbsp;&nbsp;&nbsp;&nbsp;<36 months: N<br>&nbsp;&nbsp;&nbsp;&nbsp;30 months -- 5 years: N<br>&nbsp;&nbsp;&nbsp;&nbsp;Preschool: N<br>&nbsp;&nbsp;&nbsp;&nbsp;Grade 1 - Age 12: N<br>
2521,Licensed Family,Tiny Stars Early Learning,4960 Pinantan Pl,,Kamloops,V2H 1M1,50.805039,-120.312429,250-320-9803,,,N,N,N,N,N,N,N,N,N,N,N,N,N,N,N,N,N,,,N,N,N,N,N,N,N,N,N,N,N,2026-05-15,,N,Y,N,Tiny Stars Early Learning<br>Licensed Family<br>250-320-9803<br><br>Vacancy:<br>&nbsp;&nbsp;&nbsp;&nbsp;<36 months: N<br>&nbsp;&nbsp;&nbsp;&nbsp;30 months -- 5 years: N<br>&nbsp;&nbsp;&nbsp;&nbsp;Preschool: N<br>&nbsp;&nbsp;&nbsp;&nbsp;Grade 1 - Age 12: N<br>
2522,Licensed Group,Wildwood,4000 Inlet Cres,,North Vancouver,V7G 2R2,49.320559,-122.961581,604-929-5371,,,N,N,N,N,N,N,N,N,N,N,N,N,N,N,N,N,N,,,N,N,N,N,N,N,N,N,N,N,Y,2026-04-17,,N,Y,Y,Wildwood<br>Licensed Group<br>604-929-5371<br><br>Vacancy:<br>&nbsp;&nbsp;&nbsp;&nbsp;<36 months: N<br>&nbsp;&nbsp;&nbsp;&nbsp;30 months -- 5 years: N<br>&nbsp;&nbsp;&nbsp;&nbsp;Preschool: N<br>&nbsp;&nbsp;&nbsp;&nbsp;Grade 1 - Age 12: Y<br>
2523,Licensed Group,Colwood Kids Early Childhood Center,1949 Sooke Rd,,Victoria,V9B 1W2,48.439839,-123.475765,778-265-0658,,,N,N,N,N,N,N,N,N,N,N,N,N,N,N,N,N,N,,,N,N,N,N,N,N,N,N,Y,N,N,2026-05-21,,N,Y,N,Colwood Kids Early Childhood Center<br>Licensed Group<br>778-265-0658<br><br>Vacancy:<br>&nbsp;&nbsp;&nbsp;&nbsp;<36 months: N<br>&nbsp;&nbsp;&nbsp;&nbsp;30 months -- 5 years: Y<br>&nbsp;&nbsp;&nbsp;&nbsp;Preschool: N<br>&nbsp;&nbsp;&nbsp;&nbsp;Grade 1 - Age 12: N<br>
2524,Licensed Group,Ilm - Ralph Bell,1780 Valleyview Dr,,Kamloops,V2C 4B8,50.675503,-120.287934,250-585-7898,,,N,N,N,N,N,N,N,N,N,N,N,N,N,N,N,N,N,,,N,N,N,N,N,N,N,Y,Y,N,Y,2026-05-15,,N,Y,N,Ilm - Ralph Bell<br>Licensed Group<br>250-585-7898<br><br>Vacancy:<br>&nbsp;&nbsp;&nbsp;&nbsp;<36 months: Y<br>&nbsp;&nbsp;&nbsp;&nbsp;30 months -- 5 years: Y<br>&nbsp;&nbsp;&nbsp;&nbsp;Preschool: N<br>&nbsp;&nbsp;&nbsp;&nbsp;Grade 1 - Age 12: Y<br>
2525,Licensed Group,Bright Lights Child Care Center,11220 Reiswig Rd,,Lake Country,V4V 1X3,50.045283,-119.397288,250-859-9641,,,N,N,N,N,N,N,N,N,N,N,N,N,N,N,N,N,N,,,N,N,N,N,N,N,N,N,N,N,N,2026-05-15,,N,Y,N,Bright Lights Child Care Center<br>Licensed Group<br>250-859-9641<br><br>Vacancy:<br>&nbsp;&nbsp;&nbsp;&nbsp;<36 months: N<br>&nbsp;&nbsp;&nbsp;&nbsp;30 months -- 5 years: N<br>&nbsp;&nbsp;&nbsp;&nbsp;Preschool: N<br>&nbsp;&nbsp;&nbsp;&nbsp;Grade 1 - Age 12: N<br>
2526,Licensed Family,Wishtree Childcare Centre,982 Wavertree Rd,,North Vancouver,V7R 1S5,49.346408,-123.094199,604-719-5897,,,N,N,N,N,N,N,N,N,N,N,N,N,N,N,N,N,N,,,N,N,N,N,N,N,N,Y,Y,N,N,2026-05-18,,N,Y,N,Wishtree Childcare Centre<br>Licensed Family<br>604-719-5897<br><br>Vacancy:<br>&nbsp;&nbsp;&nbsp;&nbsp;<36 months: Y<br>&nbsp;&nbsp;&nbsp;&nbsp;30 months -- 5 years: Y<br>&nbsp;&nbsp;&nbsp;&nbsp;Preschool: N<br>&nbsp;&nbsp;&nbsp;&nbsp;Grade 1 - Age 12: N<br>
2527,Licensed Group,Little Footprints Academy (Peace Arch),202-1522 Finlay St,,White Rock,V4B 4L9,49.029849,-122.78972,604-328-2091,,,N,N,N,N,N,N,N,N,N,N,N,N,N,N,N,N,N,,,N,N,N,N,N,N,N,N,N,N,N,2026-05-13,,N,Y,N,Little Footprints Academy (Peace Arch)<br>Licensed Group<br>604-328-2091<br><br>Vacancy:<br>&nbsp;&nbsp;&nbsp;&nbsp;<36 months: N<br>&nbsp;&nbsp;&nbsp;&nbsp;30 months -- 5 years: N<br>&nbsp;&nbsp;&nbsp;&nbsp;Preschool: N<br>&nbsp;&nbsp;&nbsp;&nbsp;Grade 1 - Age 12: N<br>
2528,Licensed Family,Cherish The Moments Childcare,2517 9Th Ave,,Port Alberni,V9Y 2M9,49.225177,-124.798818,250-730-0135,,,N,N,N,N,N,N,N,N,N,N,N,N,N,N,N,N,N,,,N,N,N,N,N,N,N,N,N,N,N,2026-05-18,,N,Y,N,Cherish The Moments Childcare<br>Licensed Family<br>250-730-0135<br><br>Vacancy:<br>&nbsp;&nbsp;&nbsp;&nbsp;<36 months: N<br>&nbsp;&nbsp;&nbsp;&nbsp;30 months -- 5 years: N<br>&nbsp;&nbsp;&nbsp;&nbsp;Preschool: N<br>&nbsp;&nbsp;&nbsp;&nbsp;Grade 1 - Age 12: N<br>
2529,Licensed Family,Gnome Place Like Home,4116 Happy Valley Rd,,Victoria,V9C 3X8,48.398898,-123.552892,778-977-1430,,,N,N,N,N,N,N,N,N,N,N,N,N,N,N,N,N,N,,,N,N,N,N,N,N,N,N,Y,N,Y,2026-05-20,,N,Y,N,Gnome Place Like Home<br>Licensed Family<br>778-977-1430<br><br>Vacancy:<br>&nbsp;&nbsp;&nbsp;&nbsp;<36 months: N<br>&nbsp;&nbsp;&nbsp;&nbsp;30 months -- 5 years: Y<br>&nbsp;&nbsp;&nbsp;&nbsp;Preschool: N<br>&nbsp;&nbsp;&nbsp;&nbsp;Grade 1 - Age 12: Y<br>
2530,Licensed Family,The Hundred Acre Wood Early Learning Centre,2578 North Nechako Rd,,Prince George,V2K 5C3,53.948082,-122.797375,778-983-1324,,,N,N,N,N,N,N,N,N,N,N,N,N,N,N,N,N,N,,,N,N,N,N,N,N,N,N,Y,N,N,2026-05-19,,N,Y,N,The Hundred Acre Wood Early Learning Centre<br>Licensed Family<br>778-983-1324<br><br>Vacancy:<br>&nbsp;&nbsp;&nbsp;&nbsp;<36 months: N<br>&nbsp;&nbsp;&nbsp;&nbsp;30 months -- 5 years: Y<br>&nbsp;&nbsp;&nbsp;&nbsp;Preschool: N<br>&nbsp;&nbsp;&nbsp;&nbsp;Grade 1 - Age 12: N<br>
2531,Licensed Group,Valley Pine Learning Centre,33264 Old Yale Rd,,Abbotsford,V2S 2J5,49.050813,-122.302797,604-866-9909,,,N,N,N,N,N,N,N,N,N,N,N,N,N,N,N,N,N,,,N,N,N,N,N,N,N,N,N,N,N,2026-05-15,,N,Y,N,Valley Pine Learning Centre<br>Licensed Group<br>604-866-9909<br><br>Vacancy:<br>&nbsp;&nbsp;&nbsp;&nbsp;<36 months: N<br>&nbsp;&nbsp;&nbsp;&nbsp;30 months -- 5 years: N<br>&nbsp;&nbsp;&nbsp;&nbsp;Preschool: N<br>&nbsp;&nbsp;&nbsp;&nbsp;Grade 1 - Age 12: N<br>
2532,Licensed Group,Champion Kids Learning Centre Inc,20525 Fraser Hwy,,Langley,V3A 4G3,49.104448,-122.653714,778-321-8624,,,N,N,N,N,N,N,N,N,N,N,N,N,N,N,N,N,N,,,N,N,N,N,N,N,N,N,N,N,N,2026-05-21,,N,Y,N,Champion Kids Learning Centre Inc<br>Licensed Group<br>778-321-8624<br><br>Vacancy:<br>&nbsp;&nbsp;&nbsp;&nbsp;<36 months: N<br>&nbsp;&nbsp;&nbsp;&nbsp;30 months -- 5 years: N<br>&nbsp;&nbsp;&nbsp;&nbsp;Preschool: N<br>&nbsp;&nbsp;&nbsp;&nbsp;Grade 1 - Age 12: N<br>
2533,Licensed Family,Blooming Minds Daycare,3935 19Th Ave W,,Vancouver,V6S 1C9,49.255852,-123.191855,236-513-9786,https://www.bloomingmindsvancouver.ca/,,N,N,N,N,N,N,N,N,N,N,N,N,N,N,N,N,N,,,N,N,N,N,N,N,N,Y,Y,N,N,2026-05-12,,N,Y,N,Blooming Minds Daycare<br>Licensed Family<br>236-513-9786<br><br>Vacancy:<br>&nbsp;&nbsp;&nbsp;&nbsp;<36 months: Y<br>&nbsp;&nbsp;&nbsp;&nbsp;30 months -- 5 years: Y<br>&nbsp;&nbsp;&nbsp;&nbsp;Preschool: N<br>&nbsp;&nbsp;&nbsp;&nbsp;Grade 1 - Age 12: N<br>
2534,Licensed Group,Little Kingdom Childcare Mission Downtown,33365 1St Ave,,Mission,V2V 1G9,49.134685,-122.300969,778-384-3742,,,N,N,N,N,N,N,N,N,N,N,N,N,N,N,N,N,N,,,N,N,N,N,N,N,N,N,N,N,N,2026-05-15,,N,Y,N,Little Kingdom Childcare Mission Downtown<br>Licensed Group<br>778-384-3742<br><br>Vacancy:<br>&nbsp;&nbsp;&nbsp;&nbsp;<36 months: N<br>&nbsp;&nbsp;&nbsp;&nbsp;30 months -- 5 years: N<br>&nbsp;&nbsp;&nbsp;&nbsp;Preschool: N<br>&nbsp;&nbsp;&nbsp;&nbsp;Grade 1 - Age 12: N<br>
2535,Licensed Family,Mighty Minds Child Care,6550 207 St,,Langely,V2Y 2Y5,49.121626,-122.650862,672-588-4448,,,N,N,N,N,N,N,N,N,N,N,N,N,N,N,N,N,N,,,N,N,N,N,N,N,N,Y,Y,N,N,2026-04-27,,N,Y,N,Mighty Minds Child Care<br>Licensed Family<br>672-588-4448<br><br>Vacancy:<br>&nbsp;&nbsp;&nbsp;&nbsp;<36 months: Y<br>&nbsp;&nbsp;&nbsp;&nbsp;30 months -- 5 years: Y<br>&nbsp;&nbsp;&nbsp;&nbsp;Preschool: N<br>&nbsp;&nbsp;&nbsp;&nbsp;Grade 1 - Age 12: N<br>
2536,Licensed Group,Little Garden Montessori Center,22315 Selkirk Ave,,Maple Ridge,V2X 2X6,49.217784,-122.604128,604-466-5728,,,N,N,N,N,N,N,N,N,N,N,N,N,N,N,N,N,N,,,N,N,N,N,N,N,N,N,N,N,N,2026-04-27,,N,Y,N,Little Garden Montessori Center<br>Licensed Group<br>604-466-5728<br><br>Vacancy:<br>&nbsp;&nbsp;&nbsp;&nbsp;<36 months: N<br>&nbsp;&nbsp;&nbsp;&nbsp;30 months -- 5 years: N<br>&nbsp;&nbsp;&nbsp;&nbsp;Preschool: N<br>&nbsp;&nbsp;&nbsp;&nbsp;Grade 1 - Age 12: N<br>
2537,Licensed Group,City Of Terrace School-Age Program,3320 Kalum St,,Terrace,V8G 2N6,54.519517,-128.586412,250-615-3000,,,Y,N,N,N,N,N,N,N,Y,Y,Y,N,N,N,N,N,N,Included in fee,Include in fee,Y,N,N,N,Y,Y,Y,N,N,Y,Y,2026-05-06,,N,Y,N,City Of Terrace School-Age Program<br>Licensed Group<br>250-615-3000<br><br>Vacancy:<br>&nbsp;&nbsp;&nbsp;&nbsp;<36 months: N<br>&nbsp;&nbsp;&nbsp;&nbsp;30 months -- 5 years: N<br>&nbsp;&nbsp;&nbsp;&nbsp;Preschool: Y<br>&nbsp;&nbsp;&nbsp;&nbsp;Grade 1 - Age 12: Y<br>
2538,Licensed Group,Petite Academy Inc.,632 Carnarvon St,,New Westminster,V3M 1E5,49.203573,-122.909742,778-773-5695,,,N,N,N,N,N,N,N,N,N,N,N,N,N,N,N,N,N,,,N,N,N,N,N,N,N,Y,N,N,N,2026-05-19,,N,Y,N,Petite Academy Inc.<br>Licensed Group<br>778-773-5695<br><br>Vacancy:<br>&nbsp;&nbsp;&nbsp;&nbsp;<36 months: Y<br>&nbsp;&nbsp;&nbsp;&nbsp;30 months -- 5 years: N<br>&nbsp;&nbsp;&nbsp;&nbsp;Preschool: N<br>&nbsp;&nbsp;&nbsp;&nbsp;Grade 1 - Age 12: N<br>
2539,Licensed Family,Maple Child Care,260 Ivy Pl,,Comox,V9M 1X9,49.675746,-124.93221,250-650-3904,,,N,N,N,N,N,N,N,N,N,N,N,N,N,N,N,N,N,,,N,N,N,N,N,N,N,N,N,N,N,2026-05-11,,N,Y,N,Maple Child Care<br>Licensed Family<br>250-650-3904<br><br>Vacancy:<br>&nbsp;&nbsp;&nbsp;&nbsp;<36 months: N<br>&nbsp;&nbsp;&nbsp;&nbsp;30 months -- 5 years: N<br>&nbsp;&nbsp;&nbsp;&nbsp;Preschool: N<br>&nbsp;&nbsp;&nbsp;&nbsp;Grade 1 - Age 12: N<br>
2540,Licensed Group,Sakura Childcare The Annex,3893 Hurst St,,Burnaby,V5J 1M4,49.220387,-123.018332,604-657-7310,,,N,N,N,N,N,N,N,N,N,N,N,N,N,N,N,N,N,,,N,N,N,N,N,N,N,N,N,N,N,2026-05-01,,N,Y,N,Sakura Childcare The Annex<br>Licensed Group<br>604-657-7310<br><br>Vacancy:<br>&nbsp;&nbsp;&nbsp;&nbsp;<36 months: N<br>&nbsp;&nbsp;&nbsp;&nbsp;30 months -- 5 years: N<br>&nbsp;&nbsp;&nbsp;&nbsp;Preschool: N<br>&nbsp;&nbsp;&nbsp;&nbsp;Grade 1 - Age 12: N<br>
2541,Licensed Group,Baby Club Childcare,7538 Tyndale Cres,,Burnaby,V5A 4K1,49.259815,-122.943895,778-302-6919,,,N,N,N,N,N,N,N,N,N,N,N,N,N,N,N,N,N,,,N,N,N,N,N,N,N,N,N,N,N,2026-04-27,,N,Y,N,Baby Club Childcare<br>Licensed Group<br>778-302-6919<br><br>Vacancy:<br>&nbsp;&nbsp;&nbsp;&nbsp;<36 months: N<br>&nbsp;&nbsp;&nbsp;&nbsp;30 months -- 5 years: N<br>&nbsp;&nbsp;&nbsp;&nbsp;Preschool: N<br>&nbsp;&nbsp;&nbsp;&nbsp;Grade 1 - Age 12: N<br>
2542,Licensed Group,Country Bumpkins Daycare,610 Wade Ave,,Quesnel,V2J 1E3,52.969074,-122.516462,250-991-1270,,,N,N,N,N,N,N,N,N,N,N,N,N,N,N,N,N,N,,,N,N,N,N,N,N,N,N,N,N,N,2026-05-18,,N,Y,N,Country Bumpkins Daycare<br>Licensed Group<br>250-991-1270<br><br>Vacancy:<br>&nbsp;&nbsp;&nbsp;&nbsp;<36 months: N<br>&nbsp;&nbsp;&nbsp;&nbsp;30 months -- 5 years: N<br>&nbsp;&nbsp;&nbsp;&nbsp;Preschool: N<br>&nbsp;&nbsp;&nbsp;&nbsp;Grade 1 - Age 12: N<br>
2543,Licensed Group,King's Kids Montessori House,3311 B Sangster Lane,,Victoria,V9C 2A4,48.421883,-123.485897,250-710-8640,,,N,N,N,N,N,N,N,N,N,N,N,N,N,N,N,N,N,,,N,N,N,N,N,N,N,N,Y,N,N,2026-04-15,,N,Y,N,King's Kids Montessori House<br>Licensed Group<br>250-710-8640<br><br>Vacancy:<br>&nbsp;&nbsp;&nbsp;&nbsp;<36 months: N<br>&nbsp;&nbsp;&nbsp;&nbsp;30 months -- 5 years: Y<br>&nbsp;&nbsp;&nbsp;&nbsp;Preschool: N<br>&nbsp;&nbsp;&nbsp;&nbsp;Grade 1 - Age 12: N<br>
2544,Licensed Family,Lighthouse Childcare Center,12161 Laity St,,Maple Ridge,V2X 5B1,49.223591,-122.632166,778-862-9996,,,N,N,N,N,N,N,N,N,N,N,N,N,N,N,N,N,N,,,N,N,N,N,N,N,N,N,Y,N,N,2026-05-15,,N,Y,N,Lighthouse Childcare Center<br>Licensed Family<br>778-862-9996<br><br>Vacancy:<br>&nbsp;&nbsp;&nbsp;&nbsp;<36 months: N<br>&nbsp;&nbsp;&nbsp;&nbsp;30 months -- 5 years: Y<br>&nbsp;&nbsp;&nbsp;&nbsp;Preschool: N<br>&nbsp;&nbsp;&nbsp;&nbsp;Grade 1 - Age 12: N<br>
2545,Licensed Family,Hello Mellow Daycare,3170 Riesling Way,,West Kelowna,V4T 3M7,49.846666,-119.58855,250-826-2291,,,N,N,N,N,N,N,N,N,N,N,N,N,N,N,N,N,N,,,N,N,N,N,N,N,N,Y,Y,N,N,2026-05-14,,N,Y,N,Hello Mellow Daycare<br>Licensed Family<br>250-826-2291<br><br>Vacancy:<br>&nbsp;&nbsp;&nbsp;&nbsp;<36 months: Y<br>&nbsp;&nbsp;&nbsp;&nbsp;30 months -- 5 years: Y<br>&nbsp;&nbsp;&nbsp;&nbsp;Preschool: N<br>&nbsp;&nbsp;&nbsp;&nbsp;Grade 1 - Age 12: N<br>
2546,Licensed Family,Lilac And Sage Child Care,13227 Stearns Sub Rd,,Burns Lake,V0J 1E3,54.191719,-125.561136,250-251-0069,,,N,N,N,N,N,N,N,N,N,N,N,N,N,N,N,N,N,,,N,N,N,N,N,N,N,N,N,N,N,2026-05-21,,N,Y,N,Lilac And Sage Child Care<br>Licensed Family<br>250-251-0069<br><br>Vacancy:<br>&nbsp;&nbsp;&nbsp;&nbsp;<36 months: N<br>&nbsp;&nbsp;&nbsp;&nbsp;30 months -- 5 years: N<br>&nbsp;&nbsp;&nbsp;&nbsp;Preschool: N<br>&nbsp;&nbsp;&nbsp;&nbsp;Grade 1 - Age 12: N<br>
2547,Licensed Family,Stronger Together Academy,588 Heatherly Rd,,Victoria,V9C 1K1,48.434426,-123.490439,778-384-0504,,,N,N,N,N,N,N,N,N,N,N,N,N,N,N,N,N,N,,,N,N,N,N,N,N,N,N,N,N,N,2026-05-20,,N,Y,N,Stronger Together Academy<br>Licensed Family<br>778-384-0504<br><br>Vacancy:<br>&nbsp;&nbsp;&nbsp;&nbsp;<36 months: N<br>&nbsp;&nbsp;&nbsp;&nbsp;30 months -- 5 years: N<br>&nbsp;&nbsp;&nbsp;&nbsp;Preschool: N<br>&nbsp;&nbsp;&nbsp;&nbsp;Grade 1 - Age 12: N<br>
2548,Licensed Family,Wild Rose Childcare,8612 Myrtle Point Dr,,Powell River,V8A 0H2,49.782602,-124.451234,778-858-6850,,,N,N,N,N,N,N,N,N,N,N,N,N,N,N,N,N,N,,,N,N,N,N,N,N,N,Y,Y,N,Y,2026-05-05,,N,N,N,Wild Rose Childcare<br>Licensed Family<br>778-858-6850<br><br>Vacancy:<br>&nbsp;&nbsp;&nbsp;&nbsp;<36 months: Y<br>&nbsp;&nbsp;&nbsp;&nbsp;30 months -- 5 years: Y<br>&nbsp;&nbsp;&nbsp;&nbsp;Preschool: N<br>&nbsp;&nbsp;&nbsp;&nbsp;Grade 1 - Age 12: Y<br>
2549,Licensed Family,Seven Star Daycare,19145 67A Ave,,Surrey,V4N 6A6,49.125693,-122.692604,778-846-2293,,,N,N,N,N,N,N,N,N,N,N,N,N,N,N,N,N,N,,,N,N,N,N,N,N,N,N,N,N,N,2026-05-20,,N,Y,N,Seven Star Daycare<br>Licensed Family<br>778-846-2293<br><br>Vacancy:<br>&nbsp;&nbsp;&nbsp;&nbsp;<36 months: N<br>&nbsp;&nbsp;&nbsp;&nbsp;30 months -- 5 years: N<br>&nbsp;&nbsp;&nbsp;&nbsp;Preschool: N<br>&nbsp;&nbsp;&nbsp;&nbsp;Grade 1 - Age 12: N<br>
2550,Licensed Group,Love-Care Child Care Centre,504 Saville Crescent,,North Vancouver,V7N 3B1,49.347328,-123.082236,604-720-9009,,,N,N,N,N,N,N,N,N,N,N,N,N,N,N,N,N,N,,,N,N,N,N,N,N,N,N,N,N,N,2026-05-15,,N,Y,N,Love-Care Child Care Centre<br>Licensed Group<br>604-720-9009<br><br>Vacancy:<br>&nbsp;&nbsp;&nbsp;&nbsp;<36 months: N<br>&nbsp;&nbsp;&nbsp;&nbsp;30 months -- 5 years: N<br>&nbsp;&nbsp;&nbsp;&nbsp;Preschool: N<br>&nbsp;&nbsp;&nbsp;&nbsp;Grade 1 - Age 12: N<br>
2551,Licensed Group,Precious Smiles Academy Richmond,9080 Francis Rd,,Richmond,V6Y 1B1,49.148124,-123.124312,236-515-9080,,,N,N,N,N,N,N,N,N,N,N,N,N,N,N,N,N,N,,,N,N,N,N,N,N,N,N,N,N,N,2026-05-21,,N,Y,Y,Precious Smiles Academy Richmond<br>Licensed Group<br>236-515-9080<br><br>Vacancy:<br>&nbsp;&nbsp;&nbsp;&nbsp;<36 months: N<br>&nbsp;&nbsp;&nbsp;&nbsp;30 months -- 5 years: N<br>&nbsp;&nbsp;&nbsp;&nbsp;Preschool: N<br>&nbsp;&nbsp;&nbsp;&nbsp;Grade 1 - Age 12: N<br>
2552,Licensed Group,Precious Smiles Academy Richmond,9080 Francis Rd,,Richmond,V6Y 1B1,49.148124,-123.124312,236-515-9080,,,N,N,N,N,N,N,N,N,N,N,N,N,N,N,N,N,N,,,N,N,N,N,N,N,N,N,N,N,N,2026-05-21,,N,Y,Y,Precious Smiles Academy Richmond<br>Licensed Group<br>236-515-9080<br><br>Vacancy:<br>&nbsp;&nbsp;&nbsp;&nbsp;<36 months: N<br>&nbsp;&nbsp;&nbsp;&nbsp;30 months -- 5 years: N<br>&nbsp;&nbsp;&nbsp;&nbsp;Preschool: N<br>&nbsp;&nbsp;&nbsp;&nbsp;Grade 1 - Age 12: N<br>
2553,Licensed Family,Little Sprouts Daycare,841 Bing Ave,,Oliver,V0H 1T0,49.185631,-119.556509,250-485-2053,,,N,N,N,N,N,N,N,N,N,N,N,N,N,N,N,N,N,,,N,N,N,N,N,N,N,N,N,N,N,2026-05-20,,N,Y,N,Little Sprouts Daycare<br>Licensed Family<br>250-485-2053<br><br>Vacancy:<br>&nbsp;&nbsp;&nbsp;&nbsp;<36 months: N<br>&nbsp;&nbsp;&nbsp;&nbsp;30 months -- 5 years: N<br>&nbsp;&nbsp;&nbsp;&nbsp;Preschool: N<br>&nbsp;&nbsp;&nbsp;&nbsp;Grade 1 - Age 12: N<br>
2554,Licensed Family,A League Of Their Own,7325 Chatwell Dr,,Saanichton,V8M 1M8,48.581307,-123.414652,250-896-8462,,,N,N,N,N,N,N,N,N,N,N,N,N,N,N,N,N,N,,,N,N,N,N,N,N,N,N,Y,N,N,2026-05-18,,N,Y,N,A League Of Their Own<br>Licensed Family<br>250-896-8462<br><br>Vacancy:<br>&nbsp;&nbsp;&nbsp;&nbsp;<36 months: N<br>&nbsp;&nbsp;&nbsp;&nbsp;30 months -- 5 years: Y<br>&nbsp;&nbsp;&nbsp;&nbsp;Preschool: N<br>&nbsp;&nbsp;&nbsp;&nbsp;Grade 1 - Age 12: N<br>
2555,Licensed Group,Grizzly Bear Out Of School Care,617 11 Ave S,,Creston,V0B 1G3,49.089684,-116.51309,250-402-0068,,,N,N,N,N,N,N,N,N,N,N,N,N,N,N,N,N,N,,,N,N,N,N,N,N,N,N,N,N,N,2026-05-11,,N,N,N,Grizzly Bear Out Of School Care<br>Licensed Group<br>250-402-0068<br><br>Vacancy:<br>&nbsp;&nbsp;&nbsp;&nbsp;<36 months: N<br>&nbsp;&nbsp;&nbsp;&nbsp;30 months -- 5 years: N<br>&nbsp;&nbsp;&nbsp;&nbsp;Preschool: N<br>&nbsp;&nbsp;&nbsp;&nbsp;Grade 1 - Age 12: N<br>
2556,Licensed Family,Diversity Childcare Centre,31606 Clearview Cres,,Abbotsford,V2T 1Z1,49.050193,-122.348161,778-347-9620,,,N,N,N,N,N,N,N,N,N,N,N,N,N,N,N,N,N,,,N,N,N,N,N,N,N,Y,Y,N,Y,2026-05-15,,N,Y,N,Diversity Childcare Centre<br>Licensed Family<br>778-347-9620<br><br>Vacancy:<br>&nbsp;&nbsp;&nbsp;&nbsp;<36 months: Y<br>&nbsp;&nbsp;&nbsp;&nbsp;30 months -- 5 years: Y<br>&nbsp;&nbsp;&nbsp;&nbsp;Preschool: N<br>&nbsp;&nbsp;&nbsp;&nbsp;Grade 1 - Age 12: Y<br>
2557,Licensed Family,Best Of Paradise Childcare,1726 Paddock Dr,,Coquitlam,V3E 3N8,49.308678,-122.78819,604-441-4526,,,N,N,N,N,N,N,N,N,N,N,N,N,N,N,N,N,N,,,N,N,N,N,N,N,N,Y,Y,N,N,2026-04-16,,N,Y,N,Best Of Paradise Childcare<br>Licensed Family<br>604-441-4526<br><br>Vacancy:<br>&nbsp;&nbsp;&nbsp;&nbsp;<36 months: Y<br>&nbsp;&nbsp;&nbsp;&nbsp;30 months -- 5 years: Y<br>&nbsp;&nbsp;&nbsp;&nbsp;Preschool: N<br>&nbsp;&nbsp;&nbsp;&nbsp;Grade 1 - Age 12: N<br>
2558,Licensed Group,Seamless Day K Before And After School Childcare Program,1200 Central Ave,,Grand Forks,V0H 1H0,49.03046,-118.450441,250-442-2135,,,N,N,N,N,N,N,N,N,N,N,N,N,N,N,N,N,N,,,N,N,N,N,N,N,N,N,N,N,N,2026-04-29,,N,Y,N,Seamless Day K Before And After School Childcare Program<br>Licensed Group<br>250-442-2135<br><br>Vacancy:<br>&nbsp;&nbsp;&nbsp;&nbsp;<36 months: N<br>&nbsp;&nbsp;&nbsp;&nbsp;30 months -- 5 years: N<br>&nbsp;&nbsp;&nbsp;&nbsp;Preschool: N<br>&nbsp;&nbsp;&nbsp;&nbsp;Grade 1 - Age 12: N<br>
2559,Licensed Group,Cherryville Kids Zone,108 North Fork Rd,,Cherryville,V0E 2G3,50.243865,-118.614737,250-547-8866,,,,,,,,,,,,,,,,,,,,,,,,,,,,,,,,,,,Y,Y,N,Cherryville Kids Zone<br>Licensed Group<br>250-547-8866<br><br>Vacancy:<br>&nbsp;&nbsp;&nbsp;&nbsp;<36 months: None<br>&nbsp;&nbsp;&nbsp;&nbsp;30 months -- 5 years: None<br>&nbsp;&nbsp;&nbsp;&nbsp;Preschool: None<br>&nbsp;&nbsp;&nbsp;&nbsp;Grade 1 - Age 12: None<br>
2560,Licensed Group,Kids Space After School Program,2250 Shields Ave,,Lumby,V0E 2G0,50.251592,-118.961239,250-547-8866,,,N,N,N,N,N,N,N,N,N,N,N,N,N,N,N,N,N,,,N,N,N,N,N,N,N,N,Y,N,Y,2026-05-14,,N,Y,N,Kids Space After School Program<br>Licensed Group<br>250-547-8866<br><br>Vacancy:<br>&nbsp;&nbsp;&nbsp;&nbsp;<36 months: N<br>&nbsp;&nbsp;&nbsp;&nbsp;30 months -- 5 years: Y<br>&nbsp;&nbsp;&nbsp;&nbsp;Preschool: N<br>&nbsp;&nbsp;&nbsp;&nbsp;Grade 1 - Age 12: Y<br>
2561,Licensed Group,St. Mary's Daycare,1206 Freeman St,,Prince George,V2M 2V3,53.913253,-122.773482,250-563-7502,,,N,N,N,N,N,N,N,N,N,N,N,N,N,N,N,N,N,,,N,N,N,N,N,N,N,N,N,N,N,2026-05-12,,N,Y,N,St. Mary's Daycare<br>Licensed Group<br>250-563-7502<br><br>Vacancy:<br>&nbsp;&nbsp;&nbsp;&nbsp;<36 months: N<br>&nbsp;&nbsp;&nbsp;&nbsp;30 months -- 5 years: N<br>&nbsp;&nbsp;&nbsp;&nbsp;Preschool: N<br>&nbsp;&nbsp;&nbsp;&nbsp;Grade 1 - Age 12: N<br>
2562,Licensed Family,Anny's Early Learning,4-3185 Gibbins Rd,,Duncan,V9L 1G7,48.782542,-123.731865,250-709-8518,,,N,N,N,N,N,N,N,N,N,N,N,N,N,N,N,N,N,,,N,N,N,N,N,N,N,N,Y,N,N,2026-05-19,,N,Y,N,Anny's Early Learning<br>Licensed Family<br>250-709-8518<br><br>Vacancy:<br>&nbsp;&nbsp;&nbsp;&nbsp;<36 months: N<br>&nbsp;&nbsp;&nbsp;&nbsp;30 months -- 5 years: Y<br>&nbsp;&nbsp;&nbsp;&nbsp;Preschool: N<br>&nbsp;&nbsp;&nbsp;&nbsp;Grade 1 - Age 12: N<br>
2563,Licensed Family,Junior Adventures Childcare Academy,3031 Sandpiper Dr,,Abbotsford,V2T 5K3,49.057328,-122.365021,778-982-4530,,,N,N,N,N,N,N,N,N,N,N,N,N,N,N,N,N,N,,,N,N,N,N,N,N,N,Y,Y,N,N,2026-05-19,,N,Y,N,Junior Adventures Childcare Academy<br>Licensed Family<br>778-982-4530<br><br>Vacancy:<br>&nbsp;&nbsp;&nbsp;&nbsp;<36 months: Y<br>&nbsp;&nbsp;&nbsp;&nbsp;30 months -- 5 years: Y<br>&nbsp;&nbsp;&nbsp;&nbsp;Preschool: N<br>&nbsp;&nbsp;&nbsp;&nbsp;Grade 1 - Age 12: N<br>
2564,Licensed Group,Opus Daycare - Brentwood,1562 Taralawn Crt,,Burnaby,V5B 3H3,49.27047,-122.990324,604-727-5057,,,N,N,N,N,N,N,N,N,N,N,N,N,N,N,N,N,N,,,N,N,N,N,N,N,N,N,N,N,N,2026-05-07,,N,Y,N,Opus Daycare - Brentwood<br>Licensed Group<br>604-727-5057<br><br>Vacancy:<br>&nbsp;&nbsp;&nbsp;&nbsp;<36 months: N<br>&nbsp;&nbsp;&nbsp;&nbsp;30 months -- 5 years: N<br>&nbsp;&nbsp;&nbsp;&nbsp;Preschool: N<br>&nbsp;&nbsp;&nbsp;&nbsp;Grade 1 - Age 12: N<br>
2565,Licensed Group,Opus Daycare - Nelson,8358 Nelson Ave,,Burnaby,V5J 4E5,49.208333,-122.996574,604-727-5057,,,N,N,N,N,N,N,N,N,N,N,N,N,N,N,N,N,N,,,N,N,N,N,N,N,N,N,N,N,N,2026-05-07,,N,Y,N,Opus Daycare - Nelson<br>Licensed Group<br>604-727-5057<br><br>Vacancy:<br>&nbsp;&nbsp;&nbsp;&nbsp;<36 months: N<br>&nbsp;&nbsp;&nbsp;&nbsp;30 months -- 5 years: N<br>&nbsp;&nbsp;&nbsp;&nbsp;Preschool: N<br>&nbsp;&nbsp;&nbsp;&nbsp;Grade 1 - Age 12: N<br>
2566,Licensed Group,Headwaters Academy,8953 Grainger Rd,,Canal Flats,V0B 1B0,50.156779,-115.807182,778-523-8012,,,N,N,N,N,N,N,N,N,N,N,N,N,N,N,N,N,N,,,N,N,N,N,N,N,N,Y,Y,N,Y,2026-05-01,,N,Y,N,Headwaters Academy<br>Licensed Group<br>778-523-8012<br><br>Vacancy:<br>&nbsp;&nbsp;&nbsp;&nbsp;<36 months: Y<br>&nbsp;&nbsp;&nbsp;&nbsp;30 months -- 5 years: Y<br>&nbsp;&nbsp;&nbsp;&nbsp;Preschool: N<br>&nbsp;&nbsp;&nbsp;&nbsp;Grade 1 - Age 12: Y<br>
2567,Licensed Family,Playful Minds Childcare,4067 Marpole St,,Port Alberni,V9Y 6C9,49.271379,-124.799462,250-735-7554,,,N,N,N,N,N,N,N,N,N,N,N,N,N,N,N,N,N,,,N,N,N,N,N,N,N,N,N,N,N,2026-05-18,,N,Y,N,Playful Minds Childcare<br>Licensed Family<br>250-735-7554<br><br>Vacancy:<br>&nbsp;&nbsp;&nbsp;&nbsp;<36 months: N<br>&nbsp;&nbsp;&nbsp;&nbsp;30 months -- 5 years: N<br>&nbsp;&nbsp;&nbsp;&nbsp;Preschool: N<br>&nbsp;&nbsp;&nbsp;&nbsp;Grade 1 - Age 12: N<br>
2568,Licensed Family,Northpoint Childcare Centre,9739 160A St,,Surrey,V4N 5M1,49.17945,-122.77744,604-671-6399,,,N,N,N,N,N,N,N,N,N,N,N,N,N,N,N,N,N,,,N,N,N,N,N,N,N,N,N,N,Y,2026-04-24,,N,Y,N,Northpoint Childcare Centre<br>Licensed Family<br>604-671-6399<br><br>Vacancy:<br>&nbsp;&nbsp;&nbsp;&nbsp;<36 months: N<br>&nbsp;&nbsp;&nbsp;&nbsp;30 months -- 5 years: N<br>&nbsp;&nbsp;&nbsp;&nbsp;Preschool: N<br>&nbsp;&nbsp;&nbsp;&nbsp;Grade 1 - Age 12: Y<br>
2569,Licensed Group,Kids & Company Cambie,6137 Cambie St,,Vancouver,V5Z 3B2,49.22915,-123.116954,604-336-0450,,,N,N,N,N,N,N,N,N,N,N,N,N,N,N,N,N,N,Not offered,Not offered,N,N,N,N,N,N,N,N,N,N,N,2026-05-10,,N,Y,Y,Kids & Company Cambie<br>Licensed Group<br>604-336-0450<br><br>Vacancy:<br>&nbsp;&nbsp;&nbsp;&nbsp;<36 months: N<br>&nbsp;&nbsp;&nbsp;&nbsp;30 months -- 5 years: N<br>&nbsp;&nbsp;&nbsp;&nbsp;Preschool: N<br>&nbsp;&nbsp;&nbsp;&nbsp;Grade 1 - Age 12: N<br>
2570,Licensed Group,Kids & Company Cambie,6137 Cambie St,,Vancouver,V5Z 3B2,49.22915,-123.116954,604-336-0450,,,N,N,N,N,N,N,N,N,N,N,N,N,N,N,N,N,N,Not offered,Not offered,N,N,N,N,N,N,N,N,N,N,N,2026-05-10,,N,Y,Y,Kids & Company Cambie<br>Licensed Group<br>604-336-0450<br><br>Vacancy:<br>&nbsp;&nbsp;&nbsp;&nbsp;<36 months: N<br>&nbsp;&nbsp;&nbsp;&nbsp;30 months -- 5 years: N<br>&nbsp;&nbsp;&nbsp;&nbsp;Preschool: N<br>&nbsp;&nbsp;&nbsp;&nbsp;Grade 1 - Age 12: N<br>
2571,Licensed Group,Kids & Company Cambie,6137 Cambie St,,Vancouver,V5Z 3B2,49.22915,-123.116954,604-336-0450,,,N,N,N,N,N,N,N,N,N,N,N,N,N,N,N,N,N,Not offered,Not offered,N,N,N,N,N,N,N,N,N,N,N,2026-05-10,,N,Y,Y,Kids & Company Cambie<br>Licensed Group<br>604-336-0450<br><br>Vacancy:<br>&nbsp;&nbsp;&nbsp;&nbsp;<36 months: N<br>&nbsp;&nbsp;&nbsp;&nbsp;30 months -- 5 years: N<br>&nbsp;&nbsp;&nbsp;&nbsp;Preschool: N<br>&nbsp;&nbsp;&nbsp;&nbsp;Grade 1 - Age 12: N<br>
2572,Licensed Family,Smalls & Smiles Childcare Centre Ltd.,3444 Hazelwood Pl,,Abbotsford,V2S 0H8,49.064461,-122.282662,204-906-1313,www.smallsandsmileschildcarecentre.ca,,N,N,N,N,N,N,N,N,N,N,N,N,N,N,N,N,N,,,N,N,N,N,N,N,N,N,N,N,N,2026-04-26,,N,Y,N,Smalls & Smiles Childcare Centre Ltd.<br>Licensed Family<br>204-906-1313<br><br>Vacancy:<br>&nbsp;&nbsp;&nbsp;&nbsp;<36 months: N<br>&nbsp;&nbsp;&nbsp;&nbsp;30 months -- 5 years: N<br>&nbsp;&nbsp;&nbsp;&nbsp;Preschool: N<br>&nbsp;&nbsp;&nbsp;&nbsp;Grade 1 - Age 12: N<br>
2573,Licensed Group,Galactic 2,3255 Stephenson Point Rd,,Nanaimo,V9T 1K3,49.211559,-123.953643,250-797-2471,,,N,N,N,N,N,N,N,N,N,N,N,N,N,N,N,N,N,,,N,N,N,N,N,N,N,N,Y,N,N,2026-05-13,,N,Y,N,Galactic 2<br>Licensed Group<br>250-797-2471<br><br>Vacancy:<br>&nbsp;&nbsp;&nbsp;&nbsp;<36 months: N<br>&nbsp;&nbsp;&nbsp;&nbsp;30 months -- 5 years: Y<br>&nbsp;&nbsp;&nbsp;&nbsp;Preschool: N<br>&nbsp;&nbsp;&nbsp;&nbsp;Grade 1 - Age 12: N<br>
2574,Licensed Group,Kidsrus Early Learning Center,3261 54Th Ave E,,Vancouver,V5S 1Z2,49.220467,-123.037886,604-767-0439,,,N,N,N,N,N,N,N,N,N,N,N,N,N,N,N,N,N,,,N,N,N,N,N,N,N,N,N,N,N,2026-05-18,,N,Y,N,Kidsrus Early Learning Center<br>Licensed Group<br>604-767-0439<br><br>Vacancy:<br>&nbsp;&nbsp;&nbsp;&nbsp;<36 months: N<br>&nbsp;&nbsp;&nbsp;&nbsp;30 months -- 5 years: N<br>&nbsp;&nbsp;&nbsp;&nbsp;Preschool: N<br>&nbsp;&nbsp;&nbsp;&nbsp;Grade 1 - Age 12: N<br>
2575,Licensed Family,Westcoast Cubs Childcare,3055 Phillips Rd,,Sooke,V9Z 1K7,48.416216,-123.714028,250-516-3156,,,N,N,N,N,N,N,N,N,N,N,N,N,N,N,N,N,N,,,N,N,N,N,N,N,N,N,N,N,N,2026-04-17,,N,Y,N,Westcoast Cubs Childcare<br>Licensed Family<br>250-516-3156<br><br>Vacancy:<br>&nbsp;&nbsp;&nbsp;&nbsp;<36 months: N<br>&nbsp;&nbsp;&nbsp;&nbsp;30 months -- 5 years: N<br>&nbsp;&nbsp;&nbsp;&nbsp;Preschool: N<br>&nbsp;&nbsp;&nbsp;&nbsp;Grade 1 - Age 12: N<br>
2576,Licensed Family,Meadowland Childcare Ltd,32241 Clinton Ave,,Abbotsford,V2T 5B5,49.067173,-122.331637,604-771-8532,,,N,N,N,N,N,N,N,N,N,N,N,N,N,N,N,N,N,,,N,N,N,N,N,N,N,Y,Y,N,N,2026-04-22,,N,Y,N,Meadowland Childcare Ltd<br>Licensed Family<br>604-771-8532<br><br>Vacancy:<br>&nbsp;&nbsp;&nbsp;&nbsp;<36 months: Y<br>&nbsp;&nbsp;&nbsp;&nbsp;30 months -- 5 years: Y<br>&nbsp;&nbsp;&nbsp;&nbsp;Preschool: N<br>&nbsp;&nbsp;&nbsp;&nbsp;Grade 1 - Age 12: N<br>
2577,Licensed Group,North Peace Gymnastics Association,10023 95 Ave,,Fort St. John,V1J 1H9,56.241219,-120.848886,250-787-5327,,,N,N,N,N,N,N,N,N,N,N,N,N,N,N,N,N,N,,,N,N,N,N,N,N,N,N,N,Y,N,2026-05-15,,N,Y,N,North Peace Gymnastics Association<br>Licensed Group<br>250-787-5327<br><br>Vacancy:<br>&nbsp;&nbsp;&nbsp;&nbsp;<36 months: N<br>&nbsp;&nbsp;&nbsp;&nbsp;30 months -- 5 years: N<br>&nbsp;&nbsp;&nbsp;&nbsp;Preschool: Y<br>&nbsp;&nbsp;&nbsp;&nbsp;Grade 1 - Age 12: N<br>
2578,Licensed Group,Kinderhaus Learning Academy Inc.,1585 Macgowan Ave,,North Vancouver,V7P 2X1,49.323449,-123.11535,778-836-6035,,,N,N,N,N,N,N,N,N,N,N,N,N,N,N,N,N,N,,,N,N,N,N,N,N,N,N,N,N,N,2026-05-04,,N,Y,Y,Kinderhaus Learning Academy Inc.<br>Licensed Group<br>778-836-6035<br><br>Vacancy:<br>&nbsp;&nbsp;&nbsp;&nbsp;<36 months: N<br>&nbsp;&nbsp;&nbsp;&nbsp;30 months -- 5 years: N<br>&nbsp;&nbsp;&nbsp;&nbsp;Preschool: N<br>&nbsp;&nbsp;&nbsp;&nbsp;Grade 1 - Age 12: N<br>
2579,Licensed Group,Kinderhaus Learning Academy Inc.,1585 Macgowan Ave,,North Vancouver,V7P 2X1,49.323449,-123.11535,778-836-6035,,,N,N,N,N,N,N,N,N,N,N,N,N,N,N,N,N,N,,,N,N,N,N,N,N,N,N,N,N,N,2026-05-04,,N,Y,Y,Kinderhaus Learning Academy Inc.<br>Licensed Group<br>778-836-6035<br><br>Vacancy:<br>&nbsp;&nbsp;&nbsp;&nbsp;<36 months: N<br>&nbsp;&nbsp;&nbsp;&nbsp;30 months -- 5 years: N<br>&nbsp;&nbsp;&nbsp;&nbsp;Preschool: N<br>&nbsp;&nbsp;&nbsp;&nbsp;Grade 1 - Age 12: N<br>
2580,Licensed Family,Maple Corner Daycare,23856 119B Ave,,Maple Ridge,V4R 1W4,49.21939,-122.560474,778-859-3546,,,N,N,N,N,N,N,N,N,N,N,N,N,N,N,N,N,N,,,N,N,N,N,N,N,N,Y,N,N,N,2026-05-15,,N,Y,N,Maple Corner Daycare<br>Licensed Family<br>778-859-3546<br><br>Vacancy:<br>&nbsp;&nbsp;&nbsp;&nbsp;<36 months: Y<br>&nbsp;&nbsp;&nbsp;&nbsp;30 months -- 5 years: N<br>&nbsp;&nbsp;&nbsp;&nbsp;Preschool: N<br>&nbsp;&nbsp;&nbsp;&nbsp;Grade 1 - Age 12: N<br>
2581,Licensed Group,Puddle Splashers Childcare Society,751 Hammarskjold Dr,,Burnaby,V5B 4A1,49.27734,-122.972823,604-802-4059,,,N,N,N,N,N,N,N,N,N,N,N,N,N,N,N,N,N,,,N,N,N,N,N,N,N,N,N,N,N,2026-05-15,,N,Y,N,Puddle Splashers Childcare Society<br>Licensed Group<br>604-802-4059<br><br>Vacancy:<br>&nbsp;&nbsp;&nbsp;&nbsp;<36 months: N<br>&nbsp;&nbsp;&nbsp;&nbsp;30 months -- 5 years: N<br>&nbsp;&nbsp;&nbsp;&nbsp;Preschool: N<br>&nbsp;&nbsp;&nbsp;&nbsp;Grade 1 - Age 12: N<br>
2582,Licensed Group,First Adventures Child Care Center,7515 185 St,,Surrey,V4N 6C2,49.139072,-122.710126,778-387-8145,,,N,N,N,N,N,N,N,N,N,N,N,N,N,N,N,N,N,,,N,N,N,N,N,N,N,Y,N,N,N,2026-05-15,,N,Y,N,First Adventures Child Care Center<br>Licensed Group<br>778-387-8145<br><br>Vacancy:<br>&nbsp;&nbsp;&nbsp;&nbsp;<36 months: Y<br>&nbsp;&nbsp;&nbsp;&nbsp;30 months -- 5 years: N<br>&nbsp;&nbsp;&nbsp;&nbsp;Preschool: N<br>&nbsp;&nbsp;&nbsp;&nbsp;Grade 1 - Age 12: N<br>
2583,Licensed Family,Green House Child Care Center,523 12Th Ave E,,Vancouver,V5T 2H6,49.259992,-123.092427,604-760-5048,,,N,N,N,N,N,N,N,N,N,N,N,N,N,N,N,N,N,,,N,N,N,N,N,N,N,N,N,N,N,2026-05-14,,N,Y,N,Green House Child Care Center<br>Licensed Family<br>604-760-5048<br><br>Vacancy:<br>&nbsp;&nbsp;&nbsp;&nbsp;<36 months: N<br>&nbsp;&nbsp;&nbsp;&nbsp;30 months -- 5 years: N<br>&nbsp;&nbsp;&nbsp;&nbsp;Preschool: N<br>&nbsp;&nbsp;&nbsp;&nbsp;Grade 1 - Age 12: N<br>
2584,Licensed Family,Purple Cradle Child Care,15789 97A Ave,,Surrey,V4N 2V1,49.179856,-122.784681,778-985-6773,purplecradlechildcare.com,,N,N,N,N,N,N,N,N,N,N,N,N,N,N,N,N,N,,,N,N,N,N,N,N,N,N,N,N,N,2026-04-20,,N,Y,N,Purple Cradle Child Care<br>Licensed Family<br>778-985-6773<br><br>Vacancy:<br>&nbsp;&nbsp;&nbsp;&nbsp;<36 months: N<br>&nbsp;&nbsp;&nbsp;&nbsp;30 months -- 5 years: N<br>&nbsp;&nbsp;&nbsp;&nbsp;Preschool: N<br>&nbsp;&nbsp;&nbsp;&nbsp;Grade 1 - Age 12: N<br>
2585,Licensed Group,Sprouts Child Care Centre,3368 Carscallen Rd,,Richmond,V6X 0T6,49.189718,-123.128975,236-880-7605,,,N,N,N,N,N,N,N,N,N,N,N,N,N,N,N,N,N,,,N,N,N,N,N,N,N,N,N,N,N,2026-05-14,,N,Y,N,Sprouts Child Care Centre<br>Licensed Group<br>236-880-7605<br><br>Vacancy:<br>&nbsp;&nbsp;&nbsp;&nbsp;<36 months: N<br>&nbsp;&nbsp;&nbsp;&nbsp;30 months -- 5 years: N<br>&nbsp;&nbsp;&nbsp;&nbsp;Preschool: N<br>&nbsp;&nbsp;&nbsp;&nbsp;Grade 1 - Age 12: N<br>
2586,Licensed Group,Hazelgrove ymca Kids Club,7057 191 St,,Surrey,V4N 6E5,49.13073,-122.693452,236-880-9165,,,N,N,N,N,N,N,N,N,N,N,N,N,N,N,N,N,N,,,N,N,N,N,N,N,N,N,N,N,N,2026-05-14,,N,Y,N,Hazelgrove ymca Kids Club<br>Licensed Group<br>236-880-9165<br><br>Vacancy:<br>&nbsp;&nbsp;&nbsp;&nbsp;<36 months: N<br>&nbsp;&nbsp;&nbsp;&nbsp;30 months -- 5 years: N<br>&nbsp;&nbsp;&nbsp;&nbsp;Preschool: N<br>&nbsp;&nbsp;&nbsp;&nbsp;Grade 1 - Age 12: N<br>
2587,Licensed Group,Royal Academy,3695 Moscrop St,,Vancouver,V5R 4E9,49.243166,-123.024065,778-322-0288,,,N,N,N,N,N,N,N,N,N,N,N,N,N,N,N,N,N,,,N,N,N,N,N,N,N,N,N,N,N,2026-05-20,,N,Y,N,Royal Academy<br>Licensed Group<br>778-322-0288<br><br>Vacancy:<br>&nbsp;&nbsp;&nbsp;&nbsp;<36 months: N<br>&nbsp;&nbsp;&nbsp;&nbsp;30 months -- 5 years: N<br>&nbsp;&nbsp;&nbsp;&nbsp;Preschool: N<br>&nbsp;&nbsp;&nbsp;&nbsp;Grade 1 - Age 12: N<br>
2588,Licensed Group,Queensborough ymca Kids Club,920 Ewen Ave,,New Westminster,V3M 5C8,49.18711,-122.944561,236-880-7605,,,N,N,N,N,N,N,N,N,N,N,N,N,N,N,N,N,N,,,N,N,N,N,N,N,N,N,N,N,N,2026-05-14,,N,Y,N,Queensborough ymca Kids Club<br>Licensed Group<br>236-880-7605<br><br>Vacancy:<br>&nbsp;&nbsp;&nbsp;&nbsp;<36 months: N<br>&nbsp;&nbsp;&nbsp;&nbsp;30 months -- 5 years: N<br>&nbsp;&nbsp;&nbsp;&nbsp;Preschool: N<br>&nbsp;&nbsp;&nbsp;&nbsp;Grade 1 - Age 12: N<br>
2589,Licensed Group,Adams Road ymca Kids Club,18228 68 Ave,,Surrey,V3S 9H5,49.125779,-122.717451,236-880-9165,,,N,N,N,N,N,N,N,N,N,N,N,N,N,N,N,N,N,,,N,N,N,N,N,N,N,N,N,N,N,2026-05-14,,N,Y,N,Adams Road ymca Kids Club<br>Licensed Group<br>236-880-9165<br><br>Vacancy:<br>&nbsp;&nbsp;&nbsp;&nbsp;<36 months: N<br>&nbsp;&nbsp;&nbsp;&nbsp;30 months -- 5 years: N<br>&nbsp;&nbsp;&nbsp;&nbsp;Preschool: N<br>&nbsp;&nbsp;&nbsp;&nbsp;Grade 1 - Age 12: N<br>
2590,Licensed Group,The Heights ymca Kids Club,2640 Carnation St,,North Vancouver,V7H 1H5,49.318655,-123.000812,236-880-7605,,,N,N,N,N,N,N,N,N,N,N,N,N,N,N,N,N,N,,,N,N,N,N,N,N,N,N,N,N,N,2026-05-14,,N,Y,N,The Heights ymca Kids Club<br>Licensed Group<br>236-880-7605<br><br>Vacancy:<br>&nbsp;&nbsp;&nbsp;&nbsp;<36 months: N<br>&nbsp;&nbsp;&nbsp;&nbsp;30 months -- 5 years: N<br>&nbsp;&nbsp;&nbsp;&nbsp;Preschool: N<br>&nbsp;&nbsp;&nbsp;&nbsp;Grade 1 - Age 12: N<br>
2591,Licensed Group,Ic Early Learning Center (Nelson),5989 Nelson Ave,,Burnaby,V5H 2H8,49.23008,-122.994632,604-719-1111,,,N,N,N,N,N,N,N,N,N,N,N,N,N,N,N,N,N,,,N,N,N,N,N,N,N,N,N,N,N,2026-05-20,,N,Y,N,Ic Early Learning Center (Nelson)<br>Licensed Group<br>604-719-1111<br><br>Vacancy:<br>&nbsp;&nbsp;&nbsp;&nbsp;<36 months: N<br>&nbsp;&nbsp;&nbsp;&nbsp;30 months -- 5 years: N<br>&nbsp;&nbsp;&nbsp;&nbsp;Preschool: N<br>&nbsp;&nbsp;&nbsp;&nbsp;Grade 1 - Age 12: N<br>
2592,Licensed Group,Wundoroo Academy Maple Ridge,12512 230Th St,,Maple Ridge,V2X 0X2,49.229323,-122.584635,778-886-0393,,,N,N,N,N,N,N,N,N,N,N,N,N,N,N,N,N,N,,,N,N,N,N,N,N,N,Y,N,N,N,2026-04-24,,N,Y,N,Wundoroo Academy Maple Ridge<br>Licensed Group<br>778-886-0393<br><br>Vacancy:<br>&nbsp;&nbsp;&nbsp;&nbsp;<36 months: Y<br>&nbsp;&nbsp;&nbsp;&nbsp;30 months -- 5 years: N<br>&nbsp;&nbsp;&nbsp;&nbsp;Preschool: N<br>&nbsp;&nbsp;&nbsp;&nbsp;Grade 1 - Age 12: N<br>
2593,Licensed Group,Elite Montessori Academy Blenheim Group Care,4720 Blenheim St,,Vancouver,V6L 3A6,49.243995,-123.178251,604-420-9622,,,N,N,N,N,N,N,N,N,N,N,N,N,N,N,N,N,N,,,N,N,N,N,N,N,N,N,N,N,N,2026-05-14,,N,Y,N,Elite Montessori Academy Blenheim Group Care<br>Licensed Group<br>604-420-9622<br><br>Vacancy:<br>&nbsp;&nbsp;&nbsp;&nbsp;<36 months: N<br>&nbsp;&nbsp;&nbsp;&nbsp;30 months -- 5 years: N<br>&nbsp;&nbsp;&nbsp;&nbsp;Preschool: N<br>&nbsp;&nbsp;&nbsp;&nbsp;Grade 1 - Age 12: N<br>
2594,Licensed Group,Dover Learning Center,21816 Dover Rd,,Maple Ridge,V2X 7V7,49.218114,-122.616102,604-551-3401,,,N,N,N,N,N,N,N,N,N,N,N,N,N,N,N,N,N,,,N,N,N,N,N,N,N,Y,N,N,N,2026-05-15,,N,Y,N,Dover Learning Center<br>Licensed Group<br>604-551-3401<br><br>Vacancy:<br>&nbsp;&nbsp;&nbsp;&nbsp;<36 months: Y<br>&nbsp;&nbsp;&nbsp;&nbsp;30 months -- 5 years: N<br>&nbsp;&nbsp;&nbsp;&nbsp;Preschool: N<br>&nbsp;&nbsp;&nbsp;&nbsp;Grade 1 - Age 12: N<br>
2595,Licensed Group,Sunny Town Childcare North,1631 56 St,,Delta,V4L 2B2,49.032682,-123.069227,778-999-1015,,,N,N,N,N,N,N,N,N,N,N,N,N,N,N,N,N,N,,,N,N,N,N,N,N,N,N,Y,N,N,2026-05-15,,N,Y,N,Sunny Town Childcare North<br>Licensed Group<br>778-999-1015<br><br>Vacancy:<br>&nbsp;&nbsp;&nbsp;&nbsp;<36 months: N<br>&nbsp;&nbsp;&nbsp;&nbsp;30 months -- 5 years: Y<br>&nbsp;&nbsp;&nbsp;&nbsp;Preschool: N<br>&nbsp;&nbsp;&nbsp;&nbsp;Grade 1 - Age 12: N<br>
2596,Licensed Group,Victory Children's Centre,2 - 13668 Whalley Blvd,,Surrey,V3R 5J7,49.199415,-122.843413,778-241-9367,,,N,N,N,N,N,N,N,N,N,N,N,N,N,N,N,N,N,,,N,N,N,N,N,N,N,N,N,N,N,2026-05-16,,N,Y,N,Victory Children's Centre<br>Licensed Group<br>778-241-9367<br><br>Vacancy:<br>&nbsp;&nbsp;&nbsp;&nbsp;<36 months: N<br>&nbsp;&nbsp;&nbsp;&nbsp;30 months -- 5 years: N<br>&nbsp;&nbsp;&nbsp;&nbsp;Preschool: N<br>&nbsp;&nbsp;&nbsp;&nbsp;Grade 1 - Age 12: N<br>
2597,Licensed Group,Victory Learning Centre,14058 88A Ave,,Surrey,V3V 7T4,49.163613,-122.832819,778-881-7306,,,N,N,N,N,N,N,N,N,N,N,N,N,N,N,N,N,N,,,N,N,N,N,N,N,N,N,N,N,N,2026-05-16,,N,Y,N,Victory Learning Centre<br>Licensed Group<br>778-881-7306<br><br>Vacancy:<br>&nbsp;&nbsp;&nbsp;&nbsp;<36 months: N<br>&nbsp;&nbsp;&nbsp;&nbsp;30 months -- 5 years: N<br>&nbsp;&nbsp;&nbsp;&nbsp;Preschool: N<br>&nbsp;&nbsp;&nbsp;&nbsp;Grade 1 - Age 12: N<br>
2598,Licensed Family,Nature And Grow Daycare,14182 62A Ave,,Surrey,V3X 0B2,49.116096,-122.829629,604-722-1353,,,N,N,N,N,N,N,N,N,N,N,N,N,N,N,N,N,N,,,N,N,N,N,N,N,N,N,Y,N,N,2026-05-17,,N,Y,N,Nature And Grow Daycare<br>Licensed Family<br>604-722-1353<br><br>Vacancy:<br>&nbsp;&nbsp;&nbsp;&nbsp;<36 months: N<br>&nbsp;&nbsp;&nbsp;&nbsp;30 months -- 5 years: Y<br>&nbsp;&nbsp;&nbsp;&nbsp;Preschool: N<br>&nbsp;&nbsp;&nbsp;&nbsp;Grade 1 - Age 12: N<br>
2599,Licensed Family,Fcc Dragonfly,403-1267 Marinaside Cres,,Vancouver,V6Z 2X5,49.272871,-123.120915,604-767-4749,,,Y,N,N,N,N,N,Y,Y,N,N,N,N,N,N,N,N,N,Extra fee,Extra fee,N,N,N,N,N,N,N,N,N,N,N,2026-05-15,,N,Y,N,Fcc Dragonfly<br>Licensed Family<br>604-767-4749<br><br>Vacancy:<br>&nbsp;&nbsp;&nbsp;&nbsp;<36 months: N<br>&nbsp;&nbsp;&nbsp;&nbsp;30 months -- 5 years: N<br>&nbsp;&nbsp;&nbsp;&nbsp;Preschool: N<br>&nbsp;&nbsp;&nbsp;&nbsp;Grade 1 - Age 12: N<br>
2600,Licensed Group,Encompass Bright Beginnings Childcare Centre,A-21405 56 Ave,,Langley,V2Y 2N1,49.105448,-122.628922,604-534-7155,,,,,,,,,,,,,,,,,,,,,,,,,,,,,,,,,,,Y,N,N,Encompass Bright Beginnings Childcare Centre<br>Licensed Group<br>604-534-7155<br><br>Vacancy:<br>&nbsp;&nbsp;&nbsp;&nbsp;<36 months: None<br>&nbsp;&nbsp;&nbsp;&nbsp;30 months -- 5 years: None<br>&nbsp;&nbsp;&nbsp;&nbsp;Preschool: None<br>&nbsp;&nbsp;&nbsp;&nbsp;Grade 1 - Age 12: None<br>
2601,Licensed Group,Innocent Hearts Child Care,6933 Coach Lamp Dr,,Chilliwack,V2R 2V4,49.128479,-121.966161,778-222-1451,,,N,N,N,N,N,N,N,N,N,N,N,N,N,N,N,N,N,,,N,N,N,N,N,N,N,Y,Y,N,N,2026-04-13,,N,Y,N,Innocent Hearts Child Care<br>Licensed Group<br>778-222-1451<br><br>Vacancy:<br>&nbsp;&nbsp;&nbsp;&nbsp;<36 months: Y<br>&nbsp;&nbsp;&nbsp;&nbsp;30 months -- 5 years: Y<br>&nbsp;&nbsp;&nbsp;&nbsp;Preschool: N<br>&nbsp;&nbsp;&nbsp;&nbsp;Grade 1 - Age 12: N<br>
2602,Licensed Group,Donguri Preschool,3214 10Th Ave W,,Vancouver,V6K 2L2,49.263054,-123.176515,778-838-2011,,,N,N,N,N,N,N,N,N,N,N,N,N,N,N,N,N,N,,,N,N,N,N,N,N,N,N,N,Y,N,2026-05-17,,N,Y,N,Donguri Preschool<br>Licensed Group<br>778-838-2011<br><br>Vacancy:<br>&nbsp;&nbsp;&nbsp;&nbsp;<36 months: N<br>&nbsp;&nbsp;&nbsp;&nbsp;30 months -- 5 years: N<br>&nbsp;&nbsp;&nbsp;&nbsp;Preschool: Y<br>&nbsp;&nbsp;&nbsp;&nbsp;Grade 1 - Age 12: N<br>
2603,Licensed Group,Imaginarium Daycare,881 Darwin Ave,,Victoria,V8X 2X7,48.457687,-123.371298,778-967-7397,,,N,N,N,N,N,N,N,N,N,N,N,N,N,N,N,N,N,Extra fee,Extra fee,N,N,N,N,N,N,N,N,N,N,N,2026-05-07,,N,Y,N,Imaginarium Daycare<br>Licensed Group<br>778-967-7397<br><br>Vacancy:<br>&nbsp;&nbsp;&nbsp;&nbsp;<36 months: N<br>&nbsp;&nbsp;&nbsp;&nbsp;30 months -- 5 years: N<br>&nbsp;&nbsp;&nbsp;&nbsp;Preschool: N<br>&nbsp;&nbsp;&nbsp;&nbsp;Grade 1 - Age 12: N<br>
2604,Licensed Family,2 Sisters Childcare Centre,6065 146 St,,Surrey,V3S 3A1,49.112885,-122.817932,604-724-7673,,,N,N,N,N,N,N,N,N,N,N,N,N,N,N,N,N,N,,,N,N,N,N,N,N,N,N,N,N,N,2026-05-16,,N,Y,N,2 Sisters Childcare Centre<br>Licensed Family<br>604-724-7673<br><br>Vacancy:<br>&nbsp;&nbsp;&nbsp;&nbsp;<36 months: N<br>&nbsp;&nbsp;&nbsp;&nbsp;30 months -- 5 years: N<br>&nbsp;&nbsp;&nbsp;&nbsp;Preschool: N<br>&nbsp;&nbsp;&nbsp;&nbsp;Grade 1 - Age 12: N<br>
2605,Licensed Group,Kidspace Learning Centres Saanichton Ltd.,7925 East Saanich Rd,,Saanichton,V8M 1T4,48.597687,-123.416434,604-380-4060,,,N,N,N,N,N,N,N,N,N,N,N,N,N,N,N,N,N,,,N,N,N,N,N,N,N,N,N,N,N,2026-05-15,,N,Y,N,Kidspace Learning Centres Saanichton Ltd.<br>Licensed Group<br>604-380-4060<br><br>Vacancy:<br>&nbsp;&nbsp;&nbsp;&nbsp;<36 months: N<br>&nbsp;&nbsp;&nbsp;&nbsp;30 months -- 5 years: N<br>&nbsp;&nbsp;&nbsp;&nbsp;Preschool: N<br>&nbsp;&nbsp;&nbsp;&nbsp;Grade 1 - Age 12: N<br>
2606,Licensed Family,Munchkins Family Daycare,5494 Lehman St,,Prince George,V2K 4P2,53.978214,-122.776308,250-640-4070,,,N,N,N,N,N,N,N,N,N,N,N,N,N,N,N,N,N,,,N,N,N,N,N,N,N,N,N,N,N,2026-05-15,,N,Y,N,Munchkins Family Daycare<br>Licensed Family<br>250-640-4070<br><br>Vacancy:<br>&nbsp;&nbsp;&nbsp;&nbsp;<36 months: N<br>&nbsp;&nbsp;&nbsp;&nbsp;30 months -- 5 years: N<br>&nbsp;&nbsp;&nbsp;&nbsp;Preschool: N<br>&nbsp;&nbsp;&nbsp;&nbsp;Grade 1 - Age 12: N<br>
2607,Licensed Group,Blossoms@Bellevue Academy,2893 Marine Dr,,West Vancouver,V7V 1M1,49.33797,-123.193784,778-288-0052,,,N,N,N,N,N,N,N,N,N,N,N,N,N,N,N,N,N,,,N,N,N,N,N,N,N,Y,Y,N,N,2026-05-14,,N,Y,N,Blossoms@Bellevue Academy<br>Licensed Group<br>778-288-0052<br><br>Vacancy:<br>&nbsp;&nbsp;&nbsp;&nbsp;<36 months: Y<br>&nbsp;&nbsp;&nbsp;&nbsp;30 months -- 5 years: Y<br>&nbsp;&nbsp;&nbsp;&nbsp;Preschool: N<br>&nbsp;&nbsp;&nbsp;&nbsp;Grade 1 - Age 12: N<br>
2608,Licensed Group,Quesnel Pre-K,288 Flamingo St,,Quesnel,V2J 1M3,52.976892,-122.523172,250-983-6778,,,N,N,N,N,N,N,N,N,N,N,N,N,N,N,N,N,N,,,N,N,N,N,N,N,N,N,N,N,N,2026-05-07,,N,Y,N,Quesnel Pre-K<br>Licensed Group<br>250-983-6778<br><br>Vacancy:<br>&nbsp;&nbsp;&nbsp;&nbsp;<36 months: N<br>&nbsp;&nbsp;&nbsp;&nbsp;30 months -- 5 years: N<br>&nbsp;&nbsp;&nbsp;&nbsp;Preschool: N<br>&nbsp;&nbsp;&nbsp;&nbsp;Grade 1 - Age 12: N<br>
2609,Licensed Group,Tweedsmuir After School Studio,1714 8Th Ave,,New Westminster,V3M 2S7,49.205455,-122.942284,604-517-6398,,,N,N,N,N,N,N,N,N,N,N,N,N,N,N,N,N,N,,,N,N,N,N,N,N,N,N,N,N,Y,2026-03-16,,N,Y,N,Tweedsmuir After School Studio<br>Licensed Group<br>604-517-6398<br><br>Vacancy:<br>&nbsp;&nbsp;&nbsp;&nbsp;<36 months: N<br>&nbsp;&nbsp;&nbsp;&nbsp;30 months -- 5 years: N<br>&nbsp;&nbsp;&nbsp;&nbsp;Preschool: N<br>&nbsp;&nbsp;&nbsp;&nbsp;Grade 1 - Age 12: Y<br>
2610,Licensed Group,South Delta Wee Childcare Inc,4750 57 St,,Delta,V4K 3C9,49.088571,-123.06415,778-995-5985,,,N,N,N,N,N,N,N,N,N,N,N,N,N,N,N,N,N,,,N,N,N,N,N,N,N,N,N,N,N,2026-05-15,,N,Y,N,South Delta Wee Childcare Inc<br>Licensed Group<br>778-995-5985<br><br>Vacancy:<br>&nbsp;&nbsp;&nbsp;&nbsp;<36 months: N<br>&nbsp;&nbsp;&nbsp;&nbsp;30 months -- 5 years: N<br>&nbsp;&nbsp;&nbsp;&nbsp;Preschool: N<br>&nbsp;&nbsp;&nbsp;&nbsp;Grade 1 - Age 12: N<br>
2611,Licensed Group,Gym Bears Child Care,6428 Selma Ave,,Burnaby,V5H 3R4,49.225846,-122.985255,778-927-8133,,,N,N,N,N,N,N,N,N,N,N,N,N,N,N,N,N,N,,,N,N,N,N,N,N,N,Y,N,N,N,2026-05-18,,N,Y,N,Gym Bears Child Care<br>Licensed Group<br>778-927-8133<br><br>Vacancy:<br>&nbsp;&nbsp;&nbsp;&nbsp;<36 months: Y<br>&nbsp;&nbsp;&nbsp;&nbsp;30 months -- 5 years: N<br>&nbsp;&nbsp;&nbsp;&nbsp;Preschool: N<br>&nbsp;&nbsp;&nbsp;&nbsp;Grade 1 - Age 12: N<br>
2612,Licensed Group,South Delta Wee Acorn Academy,5624 Ladner Trunk Rd,,Delta,V4K 1X4,49.08947,-123.067077,604-218-7607,,,N,N,N,N,N,N,N,N,N,N,N,N,N,N,N,N,N,,,N,N,N,N,N,N,N,N,N,N,N,2026-05-15,,N,Y,N,South Delta Wee Acorn Academy<br>Licensed Group<br>604-218-7607<br><br>Vacancy:<br>&nbsp;&nbsp;&nbsp;&nbsp;<36 months: N<br>&nbsp;&nbsp;&nbsp;&nbsp;30 months -- 5 years: N<br>&nbsp;&nbsp;&nbsp;&nbsp;Preschool: N<br>&nbsp;&nbsp;&nbsp;&nbsp;Grade 1 - Age 12: N<br>
2613,Licensed Group,South Delta Wee Clubhouse,4737 57 St,,Delta,V4K 4C7,49.089067,-123.065844,604-376-3443,,,N,N,N,N,N,N,N,N,N,N,N,N,N,N,N,N,N,,,N,N,N,N,N,N,N,N,Y,N,N,2026-05-15,,N,Y,N,South Delta Wee Clubhouse<br>Licensed Group<br>604-376-3443<br><br>Vacancy:<br>&nbsp;&nbsp;&nbsp;&nbsp;<36 months: N<br>&nbsp;&nbsp;&nbsp;&nbsp;30 months -- 5 years: Y<br>&nbsp;&nbsp;&nbsp;&nbsp;Preschool: N<br>&nbsp;&nbsp;&nbsp;&nbsp;Grade 1 - Age 12: N<br>
2614,Licensed Group,Firm Foundations Early Learning Inc.,12390 104 Ave,,Surrey,V3V 3H3,49.191613,-122.878679,778-838-2312,,,N,N,N,N,N,N,N,N,N,N,N,N,N,N,N,N,N,,,N,N,N,N,N,N,N,N,N,N,N,2026-05-05,,N,Y,N,Firm Foundations Early Learning Inc.<br>Licensed Group<br>778-838-2312<br><br>Vacancy:<br>&nbsp;&nbsp;&nbsp;&nbsp;<36 months: N<br>&nbsp;&nbsp;&nbsp;&nbsp;30 months -- 5 years: N<br>&nbsp;&nbsp;&nbsp;&nbsp;Preschool: N<br>&nbsp;&nbsp;&nbsp;&nbsp;Grade 1 - Age 12: N<br>
2615,Licensed Group,The Child Centre,B-136 Bay St,,Daajing Giids,V0T 1S0,53.254164,-132.079701,250-559-8338,,,N,N,N,N,N,N,N,N,N,N,N,N,N,N,N,N,N,,,N,N,N,N,N,N,N,N,N,N,N,2026-05-01,,N,Y,N,The Child Centre<br>Licensed Group<br>250-559-8338<br><br>Vacancy:<br>&nbsp;&nbsp;&nbsp;&nbsp;<36 months: N<br>&nbsp;&nbsp;&nbsp;&nbsp;30 months -- 5 years: N<br>&nbsp;&nbsp;&nbsp;&nbsp;Preschool: N<br>&nbsp;&nbsp;&nbsp;&nbsp;Grade 1 - Age 12: N<br>
2616,Licensed Group,Silver Ridge Montessori #3,17761 68 St,,Surrey,V3S 4P4,49.126789,-122.730806,604-315-1085,,,N,N,N,N,N,N,N,N,N,N,N,N,N,N,N,N,N,,,N,N,N,N,N,N,N,Y,Y,N,N,2026-05-14,,N,Y,N,Silver Ridge Montessori #3<br>Licensed Group<br>604-315-1085<br><br>Vacancy:<br>&nbsp;&nbsp;&nbsp;&nbsp;<36 months: Y<br>&nbsp;&nbsp;&nbsp;&nbsp;30 months -- 5 years: Y<br>&nbsp;&nbsp;&nbsp;&nbsp;Preschool: N<br>&nbsp;&nbsp;&nbsp;&nbsp;Grade 1 - Age 12: N<br>
2617,Licensed Family,Smart Thinkers Childcare Centre,8609 149A St,,Surrey,V3S 7J3,49.159397,-122.808442,778-862-9344,https://smartthinkerschildcarecentre.com/,,N,N,N,N,N,N,N,N,N,N,N,N,N,N,N,N,N,,,N,N,N,N,N,N,N,N,N,N,N,2026-05-15,,N,Y,N,Smart Thinkers Childcare Centre<br>Licensed Family<br>778-862-9344<br><br>Vacancy:<br>&nbsp;&nbsp;&nbsp;&nbsp;<36 months: N<br>&nbsp;&nbsp;&nbsp;&nbsp;30 months -- 5 years: N<br>&nbsp;&nbsp;&nbsp;&nbsp;Preschool: N<br>&nbsp;&nbsp;&nbsp;&nbsp;Grade 1 - Age 12: N<br>
2618,Licensed Group,North Shuswap Child Care,5295 Squilax-Anglemont Rd,,Celista,V0E 1M6,50.943025,-119.351991,250-265-8597,,,N,N,N,N,N,N,N,N,N,N,N,N,N,N,N,N,N,Not offered,Not offered,N,N,N,N,N,N,N,N,Y,Y,Y,2026-05-12,,N,Y,N,North Shuswap Child Care<br>Licensed Group<br>250-265-8597<br><br>Vacancy:<br>&nbsp;&nbsp;&nbsp;&nbsp;<36 months: N<br>&nbsp;&nbsp;&nbsp;&nbsp;30 months -- 5 years: Y<br>&nbsp;&nbsp;&nbsp;&nbsp;Preschool: Y<br>&nbsp;&nbsp;&nbsp;&nbsp;Grade 1 - Age 12: Y<br>
2619,Licensed Family,Little Oreos Daycare Ltd.,3347 Siskin Dr,,Abbotsford,V2T 6T4,49.063202,-122.374238,778-344-5123,,,N,N,N,N,N,N,N,N,N,N,N,N,N,N,N,N,N,,,N,N,N,N,N,N,N,N,Y,N,N,2026-05-15,,N,Y,N,Little Oreos Daycare Ltd.<br>Licensed Family<br>778-344-5123<br><br>Vacancy:<br>&nbsp;&nbsp;&nbsp;&nbsp;<36 months: N<br>&nbsp;&nbsp;&nbsp;&nbsp;30 months -- 5 years: Y<br>&nbsp;&nbsp;&nbsp;&nbsp;Preschool: N<br>&nbsp;&nbsp;&nbsp;&nbsp;Grade 1 - Age 12: N<br>
2620,Licensed Group,Busy Bees Child Care,1159 Eagleridge Dr,,Coquitlam,V3E 1K1,49.281594,-122.813599,604-561-5380,,,N,N,N,N,N,N,N,N,N,N,N,N,N,N,N,N,N,,,N,N,N,N,N,N,N,N,N,N,N,2026-05-19,,N,Y,N,Busy Bees Child Care<br>Licensed Group<br>604-561-5380<br><br>Vacancy:<br>&nbsp;&nbsp;&nbsp;&nbsp;<36 months: N<br>&nbsp;&nbsp;&nbsp;&nbsp;30 months -- 5 years: N<br>&nbsp;&nbsp;&nbsp;&nbsp;Preschool: N<br>&nbsp;&nbsp;&nbsp;&nbsp;Grade 1 - Age 12: N<br>
2621,Licensed Group,Canoe Kids Adventure Club,6451 50Th St Ne,,Canoe,V0E 1K0,50.746833,-119.229129,250-253-4146,,,N,N,N,N,N,N,N,N,N,N,N,N,N,N,N,N,N,,,N,N,N,N,N,N,N,N,N,Y,Y,2026-05-15,,N,Y,N,Canoe Kids Adventure Club<br>Licensed Group<br>250-253-4146<br><br>Vacancy:<br>&nbsp;&nbsp;&nbsp;&nbsp;<36 months: N<br>&nbsp;&nbsp;&nbsp;&nbsp;30 months -- 5 years: N<br>&nbsp;&nbsp;&nbsp;&nbsp;Preschool: Y<br>&nbsp;&nbsp;&nbsp;&nbsp;Grade 1 - Age 12: Y<br>
2622,Licensed Group,Ellendale Elementary School Basc,14525 110A Ave,,Surrey,V3R 2B4,49.203334,-122.819201,604-592-7031,,,N,N,N,N,N,N,N,N,N,N,N,N,N,N,N,N,N,,,N,N,N,N,N,N,N,N,N,N,Y,2026-04-30,,N,Y,N,Ellendale Elementary School Basc<br>Licensed Group<br>604-592-7031<br><br>Vacancy:<br>&nbsp;&nbsp;&nbsp;&nbsp;<36 months: N<br>&nbsp;&nbsp;&nbsp;&nbsp;30 months -- 5 years: N<br>&nbsp;&nbsp;&nbsp;&nbsp;Preschool: N<br>&nbsp;&nbsp;&nbsp;&nbsp;Grade 1 - Age 12: Y<br>
2623,Licensed Group,Ilm - Rock City,3741 Departure Bay Rd,,Nanaimo,V9T 1C5,49.209907,-123.99223,250-585-7898,,,N,N,N,N,N,N,N,N,N,N,N,N,N,N,N,N,N,,,N,N,N,N,N,N,N,Y,Y,N,N,2026-05-15,,N,Y,N,Ilm - Rock City<br>Licensed Group<br>250-585-7898<br><br>Vacancy:<br>&nbsp;&nbsp;&nbsp;&nbsp;<36 months: Y<br>&nbsp;&nbsp;&nbsp;&nbsp;30 months -- 5 years: Y<br>&nbsp;&nbsp;&nbsp;&nbsp;Preschool: N<br>&nbsp;&nbsp;&nbsp;&nbsp;Grade 1 - Age 12: N<br>
2624,Licensed Family,Noke Childcare,1958 Fourth Ave,,Trail,V1R 1T4,49.0975,-117.695599,250-921-6440,,,N,N,N,N,N,N,N,N,N,N,N,N,N,N,N,N,N,,,N,N,N,N,N,N,N,N,N,N,N,2026-04-24,,N,Y,N,Noke Childcare<br>Licensed Family<br>250-921-6440<br><br>Vacancy:<br>&nbsp;&nbsp;&nbsp;&nbsp;<36 months: N<br>&nbsp;&nbsp;&nbsp;&nbsp;30 months -- 5 years: N<br>&nbsp;&nbsp;&nbsp;&nbsp;Preschool: N<br>&nbsp;&nbsp;&nbsp;&nbsp;Grade 1 - Age 12: N<br>
2625,Licensed Family,Sofia’S Academy,951 Anders Rd,,West Kelowna,V1Z 1K4,49.860179,-119.5543,250-864-4842,,,N,N,N,N,N,N,N,N,N,N,N,N,N,N,N,N,N,,,N,N,N,N,N,N,N,N,N,N,N,2026-04-30,,N,Y,N,Sofia’S Academy<br>Licensed Family<br>250-864-4842<br><br>Vacancy:<br>&nbsp;&nbsp;&nbsp;&nbsp;<36 months: N<br>&nbsp;&nbsp;&nbsp;&nbsp;30 months -- 5 years: N<br>&nbsp;&nbsp;&nbsp;&nbsp;Preschool: N<br>&nbsp;&nbsp;&nbsp;&nbsp;Grade 1 - Age 12: N<br>
2626,Licensed Family,Beloved Kids Family Childcare,7266 Chatwell Dr,,Saanichton,V8M 1M8,48.579946,-123.415742,250-216-5461,,,N,N,N,N,N,N,N,N,N,N,N,N,N,N,N,N,N,,,N,N,N,N,N,N,N,N,N,N,N,2026-05-15,,N,Y,N,Beloved Kids Family Childcare<br>Licensed Family<br>250-216-5461<br><br>Vacancy:<br>&nbsp;&nbsp;&nbsp;&nbsp;<36 months: N<br>&nbsp;&nbsp;&nbsp;&nbsp;30 months -- 5 years: N<br>&nbsp;&nbsp;&nbsp;&nbsp;Preschool: N<br>&nbsp;&nbsp;&nbsp;&nbsp;Grade 1 - Age 12: N<br>
2627,Licensed Family,Smiling Buds Daycare,4992 200 St,,Langley,V3A 1L8,49.093201,-122.668241,431-336-8911,,,N,N,N,N,N,N,N,N,N,N,N,N,N,N,N,N,N,,,N,N,N,N,N,N,N,N,N,N,N,2026-05-15,,N,Y,N,Smiling Buds Daycare<br>Licensed Family<br>431-336-8911<br><br>Vacancy:<br>&nbsp;&nbsp;&nbsp;&nbsp;<36 months: N<br>&nbsp;&nbsp;&nbsp;&nbsp;30 months -- 5 years: N<br>&nbsp;&nbsp;&nbsp;&nbsp;Preschool: N<br>&nbsp;&nbsp;&nbsp;&nbsp;Grade 1 - Age 12: N<br>
2628,Licensed Group,Deer Fern Daycare,532 4Th St E,,North Vancouver,V7L 1J6,49.309818,-123.061715,604-904-4198,,,N,N,N,N,N,N,N,N,N,N,N,N,N,N,N,N,N,,,N,N,N,N,N,N,N,N,N,N,N,2026-04-21,,N,Y,N,Deer Fern Daycare<br>Licensed Group<br>604-904-4198<br><br>Vacancy:<br>&nbsp;&nbsp;&nbsp;&nbsp;<36 months: N<br>&nbsp;&nbsp;&nbsp;&nbsp;30 months -- 5 years: N<br>&nbsp;&nbsp;&nbsp;&nbsp;Preschool: N<br>&nbsp;&nbsp;&nbsp;&nbsp;Grade 1 - Age 12: N<br>
2629,Licensed Group,Baby Smile Childcare,7348 Stride Ave,,Burnaby,V3N 1V2,49.21628,-122.945621,778-302-6919,,,N,N,N,N,N,N,N,N,N,N,N,N,N,N,N,N,N,,,N,N,N,N,N,N,N,N,N,N,N,2026-04-27,,N,Y,N,Baby Smile Childcare<br>Licensed Group<br>778-302-6919<br><br>Vacancy:<br>&nbsp;&nbsp;&nbsp;&nbsp;<36 months: N<br>&nbsp;&nbsp;&nbsp;&nbsp;30 months -- 5 years: N<br>&nbsp;&nbsp;&nbsp;&nbsp;Preschool: N<br>&nbsp;&nbsp;&nbsp;&nbsp;Grade 1 - Age 12: N<br>
2630,Licensed Group,Kids Academy (2624),2624A St Johns St,,Port Moody,V3H 2B6,49.276772,-122.854074,604-492-5437,,,N,N,N,N,N,N,N,N,N,N,N,N,N,N,N,N,N,,,N,N,N,N,N,N,N,N,Y,N,N,2026-05-13,,N,Y,N,Kids Academy (2624)<br>Licensed Group<br>604-492-5437<br><br>Vacancy:<br>&nbsp;&nbsp;&nbsp;&nbsp;<36 months: N<br>&nbsp;&nbsp;&nbsp;&nbsp;30 months -- 5 years: Y<br>&nbsp;&nbsp;&nbsp;&nbsp;Preschool: N<br>&nbsp;&nbsp;&nbsp;&nbsp;Grade 1 - Age 12: N<br>
2631,Licensed Group,Nanaimo Innovation Academy,929 Hecate St,,Nanaimo,V9R 4K7,49.156963,-123.939494,250-591-7700,,,N,N,N,N,N,N,N,N,N,N,N,N,N,N,N,N,N,,,N,N,N,N,N,N,N,N,N,N,N,2026-05-15,,N,Y,N,Nanaimo Innovation Academy<br>Licensed Group<br>250-591-7700<br><br>Vacancy:<br>&nbsp;&nbsp;&nbsp;&nbsp;<36 months: N<br>&nbsp;&nbsp;&nbsp;&nbsp;30 months -- 5 years: N<br>&nbsp;&nbsp;&nbsp;&nbsp;Preschool: N<br>&nbsp;&nbsp;&nbsp;&nbsp;Grade 1 - Age 12: N<br>
2632,Licensed Group,Beacon House,8181 168A St,,Surrey,V4N 5K6,49.151304,-122.755361,604-441-3900,,,N,N,N,N,N,N,N,N,N,N,N,N,N,N,N,N,N,,,N,N,N,N,N,N,N,N,N,N,N,2026-05-04,,N,Y,N,Beacon House<br>Licensed Group<br>604-441-3900<br><br>Vacancy:<br>&nbsp;&nbsp;&nbsp;&nbsp;<36 months: N<br>&nbsp;&nbsp;&nbsp;&nbsp;30 months -- 5 years: N<br>&nbsp;&nbsp;&nbsp;&nbsp;Preschool: N<br>&nbsp;&nbsp;&nbsp;&nbsp;Grade 1 - Age 12: N<br>
2633,Licensed Group,Presidential Kids Academy Childcare Centre - Haker,6208 Haker Pl,,Peachland,V0H 1X8,49.758964,-119.766284,778-721-8162,,,N,N,N,N,N,N,N,N,N,N,N,N,N,N,N,N,N,,,N,N,N,N,N,N,N,N,N,N,N,2026-05-19,,N,Y,N,Presidential Kids Academy Childcare Centre - Haker<br>Licensed Group<br>778-721-8162<br><br>Vacancy:<br>&nbsp;&nbsp;&nbsp;&nbsp;<36 months: N<br>&nbsp;&nbsp;&nbsp;&nbsp;30 months -- 5 years: N<br>&nbsp;&nbsp;&nbsp;&nbsp;Preschool: N<br>&nbsp;&nbsp;&nbsp;&nbsp;Grade 1 - Age 12: N<br>
2634,Licensed Family,Eco Bear In-Home Multi-Age Child Care,3545 14Th Ave W,,Vancouver,V6R 2W3,49.25983,-123.183002,778-223-2547,,,N,N,N,N,N,N,N,N,N,N,N,N,N,N,N,N,N,,,N,N,N,N,N,N,N,N,N,N,N,2026-05-15,,N,Y,N,Eco Bear In-Home Multi-Age Child Care<br>Licensed Family<br>778-223-2547<br><br>Vacancy:<br>&nbsp;&nbsp;&nbsp;&nbsp;<36 months: N<br>&nbsp;&nbsp;&nbsp;&nbsp;30 months -- 5 years: N<br>&nbsp;&nbsp;&nbsp;&nbsp;Preschool: N<br>&nbsp;&nbsp;&nbsp;&nbsp;Grade 1 - Age 12: N<br>
2635,Licensed Group,Maple House Infant Toddler Daycare 1,7791 Tweedsmuir Ave,,Richmond,V7A 1L3,49.137318,-123.139565,778-898-2359,,,N,N,N,N,N,N,N,N,N,N,N,N,N,N,N,N,N,,,N,N,N,N,N,N,N,Y,N,N,N,2026-05-16,,N,Y,N,Maple House Infant Toddler Daycare 1<br>Licensed Group<br>778-898-2359<br><br>Vacancy:<br>&nbsp;&nbsp;&nbsp;&nbsp;<36 months: Y<br>&nbsp;&nbsp;&nbsp;&nbsp;30 months -- 5 years: N<br>&nbsp;&nbsp;&nbsp;&nbsp;Preschool: N<br>&nbsp;&nbsp;&nbsp;&nbsp;Grade 1 - Age 12: N<br>
2636,Licensed Group,Watson Childcare Centre Ii,6045 Miller Dr,,Chilliwack,V2R 2H4,49.112168,-121.964697,604-613-1148,,,N,N,N,N,N,N,N,N,N,N,N,N,N,N,N,N,N,,,N,N,N,N,N,N,N,Y,N,N,N,2026-05-21,,N,Y,N,Watson Childcare Centre Ii<br>Licensed Group<br>604-613-1148<br><br>Vacancy:<br>&nbsp;&nbsp;&nbsp;&nbsp;<36 months: Y<br>&nbsp;&nbsp;&nbsp;&nbsp;30 months -- 5 years: N<br>&nbsp;&nbsp;&nbsp;&nbsp;Preschool: N<br>&nbsp;&nbsp;&nbsp;&nbsp;Grade 1 - Age 12: N<br>
2637,Licensed Group,Moberly Childcare Centre Victoria,6905 Victoria Dr,,Vancouver,V5P 3Y7,49.221207,-123.066265,778-895-3185,,,N,N,N,N,N,N,N,N,N,N,N,N,N,N,N,N,N,,,N,N,N,N,N,N,N,N,N,N,N,2026-05-02,,N,Y,N,Moberly Childcare Centre Victoria<br>Licensed Group<br>778-895-3185<br><br>Vacancy:<br>&nbsp;&nbsp;&nbsp;&nbsp;<36 months: N<br>&nbsp;&nbsp;&nbsp;&nbsp;30 months -- 5 years: N<br>&nbsp;&nbsp;&nbsp;&nbsp;Preschool: N<br>&nbsp;&nbsp;&nbsp;&nbsp;Grade 1 - Age 12: N<br>
2638,Licensed Group,Beginnings Preschool & Skak Togh,7620 Hwy 16 W,,Smithers,V0J 2N2,54.817307,-127.193891,250-847-1834,,,N,N,N,N,N,N,N,N,N,N,N,N,N,N,N,N,N,,,N,N,N,N,N,N,N,N,N,N,N,2026-05-06,,N,Y,N,Beginnings Preschool & Skak Togh<br>Licensed Group<br>250-847-1834<br><br>Vacancy:<br>&nbsp;&nbsp;&nbsp;&nbsp;<36 months: N<br>&nbsp;&nbsp;&nbsp;&nbsp;30 months -- 5 years: N<br>&nbsp;&nbsp;&nbsp;&nbsp;Preschool: N<br>&nbsp;&nbsp;&nbsp;&nbsp;Grade 1 - Age 12: N<br>
2639,Licensed Group,Kidspace Learning Centres Walnut Grove-After School Club,101-21183 88 Ave,,Langley,V1M 2G5,49.162667,-122.633878,604-380-4062,,,N,N,N,N,N,N,N,N,N,N,N,N,N,N,N,N,N,,,N,N,N,N,N,N,N,N,N,N,N,2026-05-15,,N,Y,N,Kidspace Learning Centres Walnut Grove-After School Club<br>Licensed Group<br>604-380-4062<br><br>Vacancy:<br>&nbsp;&nbsp;&nbsp;&nbsp;<36 months: N<br>&nbsp;&nbsp;&nbsp;&nbsp;30 months -- 5 years: N<br>&nbsp;&nbsp;&nbsp;&nbsp;Preschool: N<br>&nbsp;&nbsp;&nbsp;&nbsp;Grade 1 - Age 12: N<br>
2640,Licensed Group,The Lollipop Guild Learning Center,6932 Crofton St,,Powell River,V8A 5H4,49.836239,-124.523444,604-223-9757,,,N,N,N,N,N,N,N,N,N,N,N,N,N,N,N,N,N,,,N,N,N,N,N,N,N,N,Y,N,N,2026-05-15,,N,Y,N,The Lollipop Guild Learning Center<br>Licensed Group<br>604-223-9757<br><br>Vacancy:<br>&nbsp;&nbsp;&nbsp;&nbsp;<36 months: N<br>&nbsp;&nbsp;&nbsp;&nbsp;30 months -- 5 years: Y<br>&nbsp;&nbsp;&nbsp;&nbsp;Preschool: N<br>&nbsp;&nbsp;&nbsp;&nbsp;Grade 1 - Age 12: N<br>
2641,Licensed Group,Little Seedlings Daycare Centre,7352 12Th Ave,,Burnaby,V3N 2J9,49.2138,-122.941104,778-882-0887,,,N,N,N,N,N,N,N,N,N,N,N,N,N,N,N,N,N,,,N,N,N,N,N,N,N,N,N,N,N,2026-05-15,,N,Y,N,Little Seedlings Daycare Centre<br>Licensed Group<br>778-882-0887<br><br>Vacancy:<br>&nbsp;&nbsp;&nbsp;&nbsp;<36 months: N<br>&nbsp;&nbsp;&nbsp;&nbsp;30 months -- 5 years: N<br>&nbsp;&nbsp;&nbsp;&nbsp;Preschool: N<br>&nbsp;&nbsp;&nbsp;&nbsp;Grade 1 - Age 12: N<br>
2642,Licensed Family,Mama Bear Family Daycare,3680 Reekie Rd,,Kelowna,V1W 4G8,49.852905,-119.399941,778-598-8689,,,N,N,N,N,N,N,N,N,N,N,N,N,N,N,N,N,N,,,N,N,N,N,N,N,N,N,N,N,N,2026-05-19,,N,Y,N,Mama Bear Family Daycare<br>Licensed Family<br>778-598-8689<br><br>Vacancy:<br>&nbsp;&nbsp;&nbsp;&nbsp;<36 months: N<br>&nbsp;&nbsp;&nbsp;&nbsp;30 months -- 5 years: N<br>&nbsp;&nbsp;&nbsp;&nbsp;Preschool: N<br>&nbsp;&nbsp;&nbsp;&nbsp;Grade 1 - Age 12: N<br>
2643,Licensed Group,101 Childcare,7607 Hwy 101,,Powell River,V8A 0R2,49.796,-124.495337,604-223-2679,,,N,N,N,N,N,N,N,N,N,N,N,N,N,N,N,N,N,,,N,N,N,N,N,N,N,N,N,N,N,2026-05-12,,N,Y,N,101 Childcare<br>Licensed Group<br>604-223-2679<br><br>Vacancy:<br>&nbsp;&nbsp;&nbsp;&nbsp;<36 months: N<br>&nbsp;&nbsp;&nbsp;&nbsp;30 months -- 5 years: N<br>&nbsp;&nbsp;&nbsp;&nbsp;Preschool: N<br>&nbsp;&nbsp;&nbsp;&nbsp;Grade 1 - Age 12: N<br>
2644,Licensed Group,Burnaby Lake Childcare,4578 Brentlawn Dr,,Burnaby,V5C 3V1,49.269878,-123.000462,604-728-0613,,,N,N,N,N,N,N,N,N,N,N,N,N,N,N,N,N,N,,,N,N,N,N,N,N,N,Y,N,N,N,2026-05-03,,N,Y,N,Burnaby Lake Childcare<br>Licensed Group<br>604-728-0613<br><br>Vacancy:<br>&nbsp;&nbsp;&nbsp;&nbsp;<36 months: Y<br>&nbsp;&nbsp;&nbsp;&nbsp;30 months -- 5 years: N<br>&nbsp;&nbsp;&nbsp;&nbsp;Preschool: N<br>&nbsp;&nbsp;&nbsp;&nbsp;Grade 1 - Age 12: N<br>
2645,Licensed Family,Happy Hoppers Daycare,2064 Cathers Dr,,Nanaimo,V9R 6R9,49.173602,-123.991304,250-713-4320,,,N,N,N,N,N,N,N,N,N,N,N,N,N,N,N,N,N,,,N,N,N,N,N,N,N,N,N,N,N,2026-05-12,,N,Y,N,Happy Hoppers Daycare<br>Licensed Family<br>250-713-4320<br><br>Vacancy:<br>&nbsp;&nbsp;&nbsp;&nbsp;<36 months: N<br>&nbsp;&nbsp;&nbsp;&nbsp;30 months -- 5 years: N<br>&nbsp;&nbsp;&nbsp;&nbsp;Preschool: N<br>&nbsp;&nbsp;&nbsp;&nbsp;Grade 1 - Age 12: N<br>
2646,Licensed Family,Lil Bloomers Daycare,517 12Th Ave S,,Cranbrook,V1C 2T1,49.5018,-115.76527,250-421-7750,,,N,N,N,N,N,N,N,N,N,N,N,N,N,N,N,N,N,,,N,N,N,N,N,N,N,Y,Y,N,Y,2026-05-19,,N,Y,N,Lil Bloomers Daycare<br>Licensed Family<br>250-421-7750<br><br>Vacancy:<br>&nbsp;&nbsp;&nbsp;&nbsp;<36 months: Y<br>&nbsp;&nbsp;&nbsp;&nbsp;30 months -- 5 years: Y<br>&nbsp;&nbsp;&nbsp;&nbsp;Preschool: N<br>&nbsp;&nbsp;&nbsp;&nbsp;Grade 1 - Age 12: Y<br>
2647,Licensed Group,Little Star Children's Centre,744 Primrose St,,Qualicum Beach,V9K 1S8,49.344488,-124.443345,778-350-1644,,,N,N,N,N,N,N,N,N,N,N,N,N,N,N,N,N,N,,,N,N,N,N,N,N,N,N,N,N,N,2026-05-20,,N,Y,N,Little Star Children's Centre<br>Licensed Group<br>778-350-1644<br><br>Vacancy:<br>&nbsp;&nbsp;&nbsp;&nbsp;<36 months: N<br>&nbsp;&nbsp;&nbsp;&nbsp;30 months -- 5 years: N<br>&nbsp;&nbsp;&nbsp;&nbsp;Preschool: N<br>&nbsp;&nbsp;&nbsp;&nbsp;Grade 1 - Age 12: N<br>
2648,Licensed Group,Learning Abc Infant & Toddler Daycare,19650 75A Ave,,Langely,V2Y 3T2,49.139247,-122.677976,778-903-4237,,,N,N,N,N,N,N,N,N,N,N,N,N,N,N,N,N,N,,,N,N,N,N,N,N,N,Y,N,N,N,2026-05-20,,N,Y,N,Learning Abc Infant & Toddler Daycare<br>Licensed Group<br>778-903-4237<br><br>Vacancy:<br>&nbsp;&nbsp;&nbsp;&nbsp;<36 months: Y<br>&nbsp;&nbsp;&nbsp;&nbsp;30 months -- 5 years: N<br>&nbsp;&nbsp;&nbsp;&nbsp;Preschool: N<br>&nbsp;&nbsp;&nbsp;&nbsp;Grade 1 - Age 12: N<br>
2649,Licensed Family,Bumble Jungle Daycare,44739 Vandell Dr,,Chilliwack,V2R 0X7,49.101342,-121.986214,604-226-6227,,,N,N,N,N,N,N,N,N,N,N,N,N,N,N,N,N,N,,,N,N,N,N,N,N,N,N,N,N,N,2026-05-15,,N,Y,N,Bumble Jungle Daycare<br>Licensed Family<br>604-226-6227<br><br>Vacancy:<br>&nbsp;&nbsp;&nbsp;&nbsp;<36 months: N<br>&nbsp;&nbsp;&nbsp;&nbsp;30 months -- 5 years: N<br>&nbsp;&nbsp;&nbsp;&nbsp;Preschool: N<br>&nbsp;&nbsp;&nbsp;&nbsp;Grade 1 - Age 12: N<br>
2650,Licensed Family,Glowing Kidz Daycare Ltd.,15050 60 Ave,,Surrey,V3S 5X6,49.111604,-122.805406,778-323-6443,,,N,N,N,N,N,N,N,N,N,N,N,N,N,N,N,N,N,,,N,N,N,N,N,N,N,Y,Y,N,N,2026-05-04,,N,Y,N,Glowing Kidz Daycare Ltd.<br>Licensed Family<br>778-323-6443<br><br>Vacancy:<br>&nbsp;&nbsp;&nbsp;&nbsp;<36 months: Y<br>&nbsp;&nbsp;&nbsp;&nbsp;30 months -- 5 years: Y<br>&nbsp;&nbsp;&nbsp;&nbsp;Preschool: N<br>&nbsp;&nbsp;&nbsp;&nbsp;Grade 1 - Age 12: N<br>
2651,Licensed Group,Kidz Venture Club,2809 Spring St,,Port Moody,V3H 4C6,49.277016,-122.849126,604-727-7991,,,N,N,N,N,N,N,N,N,N,N,N,N,N,N,N,N,N,,,N,N,N,N,N,N,N,N,Y,N,N,2026-05-01,,N,Y,N,Kidz Venture Club<br>Licensed Group<br>604-727-7991<br><br>Vacancy:<br>&nbsp;&nbsp;&nbsp;&nbsp;<36 months: N<br>&nbsp;&nbsp;&nbsp;&nbsp;30 months -- 5 years: Y<br>&nbsp;&nbsp;&nbsp;&nbsp;Preschool: N<br>&nbsp;&nbsp;&nbsp;&nbsp;Grade 1 - Age 12: N<br>
2652,Licensed Group,Fabulous Kidz Childcare,4677 Northview Crt,,Burnaby,V5H 1E4,49.236441,-122.998559,778-386-8889,,,N,N,N,N,N,N,N,N,N,N,N,N,N,N,N,N,N,,,N,N,N,N,N,N,N,N,N,N,N,2026-05-17,,N,Y,N,Fabulous Kidz Childcare<br>Licensed Group<br>778-386-8889<br><br>Vacancy:<br>&nbsp;&nbsp;&nbsp;&nbsp;<36 months: N<br>&nbsp;&nbsp;&nbsp;&nbsp;30 months -- 5 years: N<br>&nbsp;&nbsp;&nbsp;&nbsp;Preschool: N<br>&nbsp;&nbsp;&nbsp;&nbsp;Grade 1 - Age 12: N<br>
2653,Licensed Family,Bright Life Childcare Ltd,32177 Austin Ave,,Abbotsford,V2T 4P4,49.06181,-122.333264,604-712-1170,,,N,N,N,N,N,N,N,N,N,N,N,N,N,N,N,N,N,,,N,N,N,N,N,N,N,N,N,N,N,2026-04-24,,N,Y,N,Bright Life Childcare Ltd<br>Licensed Family<br>604-712-1170<br><br>Vacancy:<br>&nbsp;&nbsp;&nbsp;&nbsp;<36 months: N<br>&nbsp;&nbsp;&nbsp;&nbsp;30 months -- 5 years: N<br>&nbsp;&nbsp;&nbsp;&nbsp;Preschool: N<br>&nbsp;&nbsp;&nbsp;&nbsp;Grade 1 - Age 12: N<br>
2654,Licensed Group,Willowbrae Academy River District,200-8543 River District Cross,,Vancouver,V5S 0C8,49.206632,-123.032059,672-971-9010,,,N,N,N,N,N,N,N,N,N,N,N,N,N,N,N,N,N,,,N,N,N,N,N,N,N,N,N,N,N,2026-05-15,,N,Y,Y,Willowbrae Academy River District<br>Licensed Group<br>672-971-9010<br><br>Vacancy:<br>&nbsp;&nbsp;&nbsp;&nbsp;<36 months: N<br>&nbsp;&nbsp;&nbsp;&nbsp;30 months -- 5 years: N<br>&nbsp;&nbsp;&nbsp;&nbsp;Preschool: N<br>&nbsp;&nbsp;&nbsp;&nbsp;Grade 1 - Age 12: N<br>
2655,Licensed Group,Willowbrae Academy River District,200-8543 River District Cross,,Vancouver,V5S 0C8,49.206632,-123.032059,647-971-9010,,,N,N,N,N,N,N,N,N,N,N,N,N,N,N,N,N,N,,,N,N,N,N,N,N,N,N,N,N,N,2026-05-15,,N,Y,Y,Willowbrae Academy River District<br>Licensed Group<br>647-971-9010<br><br>Vacancy:<br>&nbsp;&nbsp;&nbsp;&nbsp;<36 months: N<br>&nbsp;&nbsp;&nbsp;&nbsp;30 months -- 5 years: N<br>&nbsp;&nbsp;&nbsp;&nbsp;Preschool: N<br>&nbsp;&nbsp;&nbsp;&nbsp;Grade 1 - Age 12: N<br>
2656,Licensed Group,Little Legacies - Grins And Giggles,2221 Bowen Rd,,Nanaimo,V9S 5J3,49.192844,-123.992707,250-667-2882,,,N,N,N,N,N,N,N,N,N,N,N,N,N,N,N,N,N,,,N,N,N,N,N,N,N,N,Y,N,N,2026-05-06,,N,Y,N,Little Legacies - Grins And Giggles<br>Licensed Group<br>250-667-2882<br><br>Vacancy:<br>&nbsp;&nbsp;&nbsp;&nbsp;<36 months: N<br>&nbsp;&nbsp;&nbsp;&nbsp;30 months -- 5 years: Y<br>&nbsp;&nbsp;&nbsp;&nbsp;Preschool: N<br>&nbsp;&nbsp;&nbsp;&nbsp;Grade 1 - Age 12: N<br>
2657,Licensed Group,Coastline Early Learning Centre,845 Caledonia Ave,,Victoria,V8T 1E6,48.430402,-123.359833,236-470-0193,,,N,N,N,N,N,N,N,N,N,N,N,N,N,N,N,N,N,,,N,N,N,N,N,N,N,N,N,N,N,2026-05-18,,N,Y,N,Coastline Early Learning Centre<br>Licensed Group<br>236-470-0193<br><br>Vacancy:<br>&nbsp;&nbsp;&nbsp;&nbsp;<36 months: N<br>&nbsp;&nbsp;&nbsp;&nbsp;30 months -- 5 years: N<br>&nbsp;&nbsp;&nbsp;&nbsp;Preschool: N<br>&nbsp;&nbsp;&nbsp;&nbsp;Grade 1 - Age 12: N<br>
2658,Licensed Family,Tracey's Family Day Care,507 9Th St S,,Golden,V0A 1H0,51.296419,-116.97638,250-344-6866,,,,,,,,,,,,,,,,,,,,,,,,,,,,,,,,,,,Y,N,N,Tracey's Family Day Care<br>Licensed Family<br>250-344-6866<br><br>Vacancy:<br>&nbsp;&nbsp;&nbsp;&nbsp;<36 months: None<br>&nbsp;&nbsp;&nbsp;&nbsp;30 months -- 5 years: None<br>&nbsp;&nbsp;&nbsp;&nbsp;Preschool: None<br>&nbsp;&nbsp;&nbsp;&nbsp;Grade 1 - Age 12: None<br>
2659,Licensed Group,Happy Owls Childcare,6355 Grant St,,Burnaby,V5B 2K7,49.270957,-122.972306,778-386-8889,,,N,N,N,N,N,N,N,N,N,N,N,N,N,N,N,N,N,,,N,N,N,N,N,N,N,N,N,N,N,2026-05-17,,N,Y,N,Happy Owls Childcare<br>Licensed Group<br>778-386-8889<br><br>Vacancy:<br>&nbsp;&nbsp;&nbsp;&nbsp;<36 months: N<br>&nbsp;&nbsp;&nbsp;&nbsp;30 months -- 5 years: N<br>&nbsp;&nbsp;&nbsp;&nbsp;Preschool: N<br>&nbsp;&nbsp;&nbsp;&nbsp;Grade 1 - Age 12: N<br>
2660,Licensed Group,Baby Beluga Early Learning & Play House,5450 Moreland Dr,,Burnaby,V5G 1Z8,49.245537,-122.984882,778-846-5120,,,N,N,N,N,N,N,N,N,N,N,N,N,N,N,N,N,N,,,N,N,N,N,N,N,N,Y,N,N,N,2026-05-01,,N,Y,N,Baby Beluga Early Learning & Play House<br>Licensed Group<br>778-846-5120<br><br>Vacancy:<br>&nbsp;&nbsp;&nbsp;&nbsp;<36 months: Y<br>&nbsp;&nbsp;&nbsp;&nbsp;30 months -- 5 years: N<br>&nbsp;&nbsp;&nbsp;&nbsp;Preschool: N<br>&nbsp;&nbsp;&nbsp;&nbsp;Grade 1 - Age 12: N<br>
2661,Licensed Family,Tuberose Childcare,2625 Klassen Crt,,Port Coquitlam,V3C 5Z2,49.238415,-122.784813,778-522-1297,,,N,N,N,N,N,Y,Y,Y,N,N,N,N,N,N,N,N,N,Extra fee,Extra fee,N,N,N,N,N,N,N,Y,Y,N,N,2026-05-14,,N,Y,N,Tuberose Childcare<br>Licensed Family<br>778-522-1297<br><br>Vacancy:<br>&nbsp;&nbsp;&nbsp;&nbsp;<36 months: Y<br>&nbsp;&nbsp;&nbsp;&nbsp;30 months -- 5 years: Y<br>&nbsp;&nbsp;&nbsp;&nbsp;Preschool: N<br>&nbsp;&nbsp;&nbsp;&nbsp;Grade 1 - Age 12: N<br>
2662,Licensed Family,Miss Mandy's Play And Learn,11238 250B St,,Maple Ridge,V2W 0K6,49.206646,-122.527241,604-418-4417,,,N,N,N,N,N,N,N,N,N,N,N,N,N,N,N,N,N,,,N,N,N,N,N,N,N,N,Y,N,N,2026-05-17,,N,Y,N,Miss Mandy's Play And Learn<br>Licensed Family<br>604-418-4417<br><br>Vacancy:<br>&nbsp;&nbsp;&nbsp;&nbsp;<36 months: N<br>&nbsp;&nbsp;&nbsp;&nbsp;30 months -- 5 years: Y<br>&nbsp;&nbsp;&nbsp;&nbsp;Preschool: N<br>&nbsp;&nbsp;&nbsp;&nbsp;Grade 1 - Age 12: N<br>
2663,Licensed Group,Cefa Cloverdale,201-17392 57 Ave,,Surrey,V3S 2X6,49.105949,-122.741064,604-897-2141,,,N,N,N,N,N,N,N,N,N,N,N,N,N,N,N,N,N,,,N,N,N,N,N,N,N,Y,Y,N,N,2026-05-15,,N,Y,N,Cefa Cloverdale<br>Licensed Group<br>604-897-2141<br><br>Vacancy:<br>&nbsp;&nbsp;&nbsp;&nbsp;<36 months: Y<br>&nbsp;&nbsp;&nbsp;&nbsp;30 months -- 5 years: Y<br>&nbsp;&nbsp;&nbsp;&nbsp;Preschool: N<br>&nbsp;&nbsp;&nbsp;&nbsp;Grade 1 - Age 12: N<br>
2664,Licensed Family,Hill View Early Learning Center,7423 197 St,,Langley,V2Y 3R6,49.137649,-122.676432,604-765-7894,,,N,N,N,N,N,N,N,N,N,N,N,N,N,N,N,N,N,,,N,N,N,N,N,N,N,N,N,N,N,2026-05-18,,N,Y,N,Hill View Early Learning Center<br>Licensed Family<br>604-765-7894<br><br>Vacancy:<br>&nbsp;&nbsp;&nbsp;&nbsp;<36 months: N<br>&nbsp;&nbsp;&nbsp;&nbsp;30 months -- 5 years: N<br>&nbsp;&nbsp;&nbsp;&nbsp;Preschool: N<br>&nbsp;&nbsp;&nbsp;&nbsp;Grade 1 - Age 12: N<br>
2665,Licensed Family,Mother's Care,1290 Gibson Rd,,Kelowna,V1P 1B7,49.905321,-119.364143,250-801-6380,,,N,N,N,N,N,N,N,N,N,N,N,N,N,N,N,N,N,,,N,N,N,N,N,N,N,N,N,N,N,2026-05-18,,N,Y,N,Mother's Care<br>Licensed Family<br>250-801-6380<br><br>Vacancy:<br>&nbsp;&nbsp;&nbsp;&nbsp;<36 months: N<br>&nbsp;&nbsp;&nbsp;&nbsp;30 months -- 5 years: N<br>&nbsp;&nbsp;&nbsp;&nbsp;Preschool: N<br>&nbsp;&nbsp;&nbsp;&nbsp;Grade 1 - Age 12: N<br>
2666,Licensed Family,Mariposa Arts Academy,3421 Victoria Dr,,Coquitlam,V3B 2V5,49.285986,-122.754184,778-886-8621,,,N,N,N,N,N,N,N,N,N,N,N,N,N,N,N,N,N,,,N,N,N,N,N,N,N,N,N,N,N,2026-05-15,,N,Y,N,Mariposa Arts Academy<br>Licensed Family<br>778-886-8621<br><br>Vacancy:<br>&nbsp;&nbsp;&nbsp;&nbsp;<36 months: N<br>&nbsp;&nbsp;&nbsp;&nbsp;30 months -- 5 years: N<br>&nbsp;&nbsp;&nbsp;&nbsp;Preschool: N<br>&nbsp;&nbsp;&nbsp;&nbsp;Grade 1 - Age 12: N<br>
2667,Licensed Group,Twinkle Kids Academy,21084 83A Ave,,Langley,V2Y 0B8,49.153411,-122.638469,778-990-0316,,,N,N,N,N,N,N,N,N,N,N,N,N,N,N,N,N,N,,,N,N,N,N,N,N,N,N,N,N,Y,2026-05-13,,N,Y,N,Twinkle Kids Academy<br>Licensed Group<br>778-990-0316<br><br>Vacancy:<br>&nbsp;&nbsp;&nbsp;&nbsp;<36 months: N<br>&nbsp;&nbsp;&nbsp;&nbsp;30 months -- 5 years: N<br>&nbsp;&nbsp;&nbsp;&nbsp;Preschool: N<br>&nbsp;&nbsp;&nbsp;&nbsp;Grade 1 - Age 12: Y<br>
2668,Licensed Group,Creative Stage,1-1381 George St,,White Rock,V4B 4A1,49.027151,-122.799805,778-879-7196,,,N,N,N,N,N,N,N,N,N,N,N,N,N,N,N,N,N,,,N,N,N,N,N,N,N,N,Y,Y,Y,2026-05-20,,N,Y,N,Creative Stage<br>Licensed Group<br>778-879-7196<br><br>Vacancy:<br>&nbsp;&nbsp;&nbsp;&nbsp;<36 months: N<br>&nbsp;&nbsp;&nbsp;&nbsp;30 months -- 5 years: Y<br>&nbsp;&nbsp;&nbsp;&nbsp;Preschool: Y<br>&nbsp;&nbsp;&nbsp;&nbsp;Grade 1 - Age 12: Y<br>
2669,Licensed Group,Bridges Childcare And Learning Centre - Applewood,19109 59 Ave,,Surrey,V3S 7M9,49.109277,-122.693565,778-384-9353,,,N,N,N,N,N,N,N,N,N,N,N,N,N,N,N,N,N,,,N,N,N,N,N,N,N,Y,N,N,N,2026-03-30,,N,Y,N,Bridges Childcare And Learning Centre - Applewood<br>Licensed Group<br>778-384-9353<br><br>Vacancy:<br>&nbsp;&nbsp;&nbsp;&nbsp;<36 months: Y<br>&nbsp;&nbsp;&nbsp;&nbsp;30 months -- 5 years: N<br>&nbsp;&nbsp;&nbsp;&nbsp;Preschool: N<br>&nbsp;&nbsp;&nbsp;&nbsp;Grade 1 - Age 12: N<br>
2670,Licensed Group,Kiddie Academy Child Care Centre Ltd,33837 Prentis Ave,,Mission,V2V 2J7,49.14612,-122.287788,778-347-0816,,,N,N,N,N,N,N,N,N,N,N,N,N,N,N,N,N,N,,,N,N,N,N,N,N,N,N,N,N,N,2026-05-15,,N,Y,N,Kiddie Academy Child Care Centre Ltd<br>Licensed Group<br>778-347-0816<br><br>Vacancy:<br>&nbsp;&nbsp;&nbsp;&nbsp;<36 months: N<br>&nbsp;&nbsp;&nbsp;&nbsp;30 months -- 5 years: N<br>&nbsp;&nbsp;&nbsp;&nbsp;Preschool: N<br>&nbsp;&nbsp;&nbsp;&nbsp;Grade 1 - Age 12: N<br>
2671,Licensed Family,Bear House Daycare At Rosewood,7978 Rosewood St,,Burnaby,V5E 2H3,49.228922,-122.935563,778-998-5599,,,Y,N,N,N,N,N,Y,Y,N,Y,Y,N,N,Y,N,N,Y,Included in fee,Include in fee,N,N,N,Y,Y,N,N,N,N,N,N,2026-05-15,,N,Y,N,Bear House Daycare At Rosewood<br>Licensed Family<br>778-998-5599<br><br>Vacancy:<br>&nbsp;&nbsp;&nbsp;&nbsp;<36 months: N<br>&nbsp;&nbsp;&nbsp;&nbsp;30 months -- 5 years: N<br>&nbsp;&nbsp;&nbsp;&nbsp;Preschool: N<br>&nbsp;&nbsp;&nbsp;&nbsp;Grade 1 - Age 12: N<br>
2672,Licensed Group,Adventure Awaits Childcare Inc.,3326 Painter Rd,,Victoria,V9C 2H8,48.420539,-123.488181,250-858-8154,,,N,N,N,N,N,N,N,N,N,N,N,N,N,N,N,N,N,,,N,N,N,N,N,N,N,N,N,N,N,2026-05-15,,N,Y,N,Adventure Awaits Childcare Inc.<br>Licensed Group<br>250-858-8154<br><br>Vacancy:<br>&nbsp;&nbsp;&nbsp;&nbsp;<36 months: N<br>&nbsp;&nbsp;&nbsp;&nbsp;30 months -- 5 years: N<br>&nbsp;&nbsp;&nbsp;&nbsp;Preschool: N<br>&nbsp;&nbsp;&nbsp;&nbsp;Grade 1 - Age 12: N<br>
2673,Licensed Group,Angels Playhouse Daycare Society (Clinton St),5288 Clinton St,,Burnaby,V5J 2L6,49.212764,-122.987161,604-809-3868,,,N,N,N,N,N,N,N,N,N,N,N,N,N,N,N,N,N,,,N,N,N,N,N,N,N,Y,N,N,N,2026-05-18,,N,N,N,Angels Playhouse Daycare Society (Clinton St)<br>Licensed Group<br>604-809-3868<br><br>Vacancy:<br>&nbsp;&nbsp;&nbsp;&nbsp;<36 months: Y<br>&nbsp;&nbsp;&nbsp;&nbsp;30 months -- 5 years: N<br>&nbsp;&nbsp;&nbsp;&nbsp;Preschool: N<br>&nbsp;&nbsp;&nbsp;&nbsp;Grade 1 - Age 12: N<br>
2674,Licensed Group,Playtime Childcare Society - Chase River Location,"1503, 1525 1529 Cranberry Ave",,Nanaimo,V9R 6R7,49.121174,-123.920002,250-714-4555,,,N,N,N,N,N,N,N,N,N,N,N,N,N,N,N,N,N,,,N,N,N,N,N,N,N,N,N,N,Y,2026-05-15,,N,Y,N,Playtime Childcare Society - Chase River Location<br>Licensed Group<br>250-714-4555<br><br>Vacancy:<br>&nbsp;&nbsp;&nbsp;&nbsp;<36 months: N<br>&nbsp;&nbsp;&nbsp;&nbsp;30 months -- 5 years: N<br>&nbsp;&nbsp;&nbsp;&nbsp;Preschool: N<br>&nbsp;&nbsp;&nbsp;&nbsp;Grade 1 - Age 12: Y<br>
2675,Licensed Group,Little Stars Childcare Center,143 64Th Ave E,,Vancouver,V5X 2M3,49.212681,-123.103732,778-889-9654,,,N,N,N,N,N,N,N,N,N,N,N,N,N,N,N,N,N,,,N,N,N,N,N,N,N,Y,N,N,N,2026-05-16,,N,Y,N,Little Stars Childcare Center<br>Licensed Group<br>778-889-9654<br><br>Vacancy:<br>&nbsp;&nbsp;&nbsp;&nbsp;<36 months: Y<br>&nbsp;&nbsp;&nbsp;&nbsp;30 months -- 5 years: N<br>&nbsp;&nbsp;&nbsp;&nbsp;Preschool: N<br>&nbsp;&nbsp;&nbsp;&nbsp;Grade 1 - Age 12: N<br>
2676,Licensed Family,Home Sweet Home Fcc,1249 11Th Ave E,,Vancouver,V5T 2G4,49.260785,-123.078434,604-619-0331,,,N,N,N,N,N,N,N,N,N,N,N,N,N,N,N,N,N,,,N,N,N,N,N,N,N,Y,Y,N,N,2026-05-13,,N,Y,N,Home Sweet Home Fcc<br>Licensed Family<br>604-619-0331<br><br>Vacancy:<br>&nbsp;&nbsp;&nbsp;&nbsp;<36 months: Y<br>&nbsp;&nbsp;&nbsp;&nbsp;30 months -- 5 years: Y<br>&nbsp;&nbsp;&nbsp;&nbsp;Preschool: N<br>&nbsp;&nbsp;&nbsp;&nbsp;Grade 1 - Age 12: N<br>
2677,Licensed Group,Donna Gabriel Robins Jb4,7844 204B St,,Langley,V2Y 3N9,49.145437,-122.654096,604-614-3284,,,,,,,,,,,,,,,,,,,,,,,,,,,,,,,,,,,Y,N,N,Donna Gabriel Robins Jb4<br>Licensed Group<br>604-614-3284<br><br>Vacancy:<br>&nbsp;&nbsp;&nbsp;&nbsp;<36 months: None<br>&nbsp;&nbsp;&nbsp;&nbsp;30 months -- 5 years: None<br>&nbsp;&nbsp;&nbsp;&nbsp;Preschool: None<br>&nbsp;&nbsp;&nbsp;&nbsp;Grade 1 - Age 12: None<br>
2678,Licensed Group,Paragon Kids Inc. Brackendale North,6-41340 Government Rd,,Squamish,V0N 1H0,49.757754,-123.141419,604-360-6214,,,N,N,N,N,N,N,N,N,N,N,N,N,N,N,N,N,N,,,N,N,N,N,N,N,N,N,N,N,N,2026-05-13,,N,Y,N,Paragon Kids Inc. Brackendale North<br>Licensed Group<br>604-360-6214<br><br>Vacancy:<br>&nbsp;&nbsp;&nbsp;&nbsp;<36 months: N<br>&nbsp;&nbsp;&nbsp;&nbsp;30 months -- 5 years: N<br>&nbsp;&nbsp;&nbsp;&nbsp;Preschool: N<br>&nbsp;&nbsp;&nbsp;&nbsp;Grade 1 - Age 12: N<br>
2679,Licensed Family,Seven Colours Daycare,2858 Gardner Crt,,Abbotsford,V2T 5H9,49.054595,-122.365782,778-982-8814,,,N,N,N,N,N,N,N,N,N,N,N,N,N,N,N,N,N,,,N,N,N,N,N,N,N,N,N,N,N,2026-05-10,,N,Y,N,Seven Colours Daycare<br>Licensed Family<br>778-982-8814<br><br>Vacancy:<br>&nbsp;&nbsp;&nbsp;&nbsp;<36 months: N<br>&nbsp;&nbsp;&nbsp;&nbsp;30 months -- 5 years: N<br>&nbsp;&nbsp;&nbsp;&nbsp;Preschool: N<br>&nbsp;&nbsp;&nbsp;&nbsp;Grade 1 - Age 12: N<br>
2680,Licensed Group,Mommy Goose Child Care Sullivan,1-14858 60 Ave,,Surrey,V3S 0B5,49.111625,-122.810376,604-314-7856,,,N,N,N,N,N,N,N,N,N,N,N,N,N,N,N,N,N,,,N,N,N,N,N,N,N,Y,Y,N,N,2026-05-16,,N,Y,N,Mommy Goose Child Care Sullivan<br>Licensed Group<br>604-314-7856<br><br>Vacancy:<br>&nbsp;&nbsp;&nbsp;&nbsp;<36 months: Y<br>&nbsp;&nbsp;&nbsp;&nbsp;30 months -- 5 years: Y<br>&nbsp;&nbsp;&nbsp;&nbsp;Preschool: N<br>&nbsp;&nbsp;&nbsp;&nbsp;Grade 1 - Age 12: N<br>
2681,Licensed Family,Pearl Childcare,6312 Pearl Ave,,Burnaby,V5H 3P9,49.226892,-122.986931,604-537-5756,,,N,N,N,N,N,N,N,N,N,N,N,N,N,N,N,N,N,,,N,N,N,N,N,N,N,Y,Y,N,Y,2026-05-17,,N,Y,N,Pearl Childcare<br>Licensed Family<br>604-537-5756<br><br>Vacancy:<br>&nbsp;&nbsp;&nbsp;&nbsp;<36 months: Y<br>&nbsp;&nbsp;&nbsp;&nbsp;30 months -- 5 years: Y<br>&nbsp;&nbsp;&nbsp;&nbsp;Preschool: N<br>&nbsp;&nbsp;&nbsp;&nbsp;Grade 1 - Age 12: Y<br>
2682,Licensed Group,Mi Mundo Childcare Center,3145 Blackwood St,,Victoria,V8X 1C6,48.44829,-123.356053,250-883-7523,,,N,N,N,N,N,N,N,N,N,N,N,N,N,N,N,N,N,,,N,N,N,N,N,N,N,N,N,N,N,2026-05-15,,N,Y,N,Mi Mundo Childcare Center<br>Licensed Group<br>250-883-7523<br><br>Vacancy:<br>&nbsp;&nbsp;&nbsp;&nbsp;<36 months: N<br>&nbsp;&nbsp;&nbsp;&nbsp;30 months -- 5 years: N<br>&nbsp;&nbsp;&nbsp;&nbsp;Preschool: N<br>&nbsp;&nbsp;&nbsp;&nbsp;Grade 1 - Age 12: N<br>
2683,Licensed Family,Moontides,1840 Knight Rd,,Comox,V9M 4A2,49.70153,-124.927993,604-704-7501,,,N,N,N,N,N,N,N,N,N,N,N,N,N,N,N,N,N,,,N,N,N,N,N,N,N,N,N,N,N,2026-05-13,,N,Y,N,Moontides<br>Licensed Family<br>604-704-7501<br><br>Vacancy:<br>&nbsp;&nbsp;&nbsp;&nbsp;<36 months: N<br>&nbsp;&nbsp;&nbsp;&nbsp;30 months -- 5 years: N<br>&nbsp;&nbsp;&nbsp;&nbsp;Preschool: N<br>&nbsp;&nbsp;&nbsp;&nbsp;Grade 1 - Age 12: N<br>
2684,Licensed Family,Little Lady Bug Laugh And Learn Family Child Care,11020 86A St,,Fort St. John,V1J 0B6,56.25591,-120.822747,250-264-7619,,,N,N,N,N,N,N,N,N,N,N,N,N,N,N,N,N,N,,,N,N,N,N,N,N,N,N,N,N,N,2026-05-17,,N,Y,N,Little Lady Bug Laugh And Learn Family Child Care<br>Licensed Family<br>250-264-7619<br><br>Vacancy:<br>&nbsp;&nbsp;&nbsp;&nbsp;<36 months: N<br>&nbsp;&nbsp;&nbsp;&nbsp;30 months -- 5 years: N<br>&nbsp;&nbsp;&nbsp;&nbsp;Preschool: N<br>&nbsp;&nbsp;&nbsp;&nbsp;Grade 1 - Age 12: N<br>
2685,Licensed Group,Baby Duck's Early Learning Centre,4247 Estavilla Dr,,Prince George,V2K 2V2,54.007146,-122.797787,250-552-4909,,,N,N,N,N,N,N,N,N,N,N,N,N,N,N,N,N,N,,,N,N,N,N,N,N,N,N,N,N,N,2026-05-15,,N,Y,N,Baby Duck's Early Learning Centre<br>Licensed Group<br>250-552-4909<br><br>Vacancy:<br>&nbsp;&nbsp;&nbsp;&nbsp;<36 months: N<br>&nbsp;&nbsp;&nbsp;&nbsp;30 months -- 5 years: N<br>&nbsp;&nbsp;&nbsp;&nbsp;Preschool: N<br>&nbsp;&nbsp;&nbsp;&nbsp;Grade 1 - Age 12: N<br>
2686,Licensed Family,Okanagan Sunshower Academy,2702 41 St,,Vernon,V1T 6K4,50.26223,-119.291952,250-540-3376,,,N,N,N,N,N,N,N,N,N,N,N,N,N,N,N,N,N,,,N,N,N,N,N,N,N,N,Y,N,N,2026-05-01,,N,Y,N,Okanagan Sunshower Academy<br>Licensed Family<br>250-540-3376<br><br>Vacancy:<br>&nbsp;&nbsp;&nbsp;&nbsp;<36 months: N<br>&nbsp;&nbsp;&nbsp;&nbsp;30 months -- 5 years: Y<br>&nbsp;&nbsp;&nbsp;&nbsp;Preschool: N<br>&nbsp;&nbsp;&nbsp;&nbsp;Grade 1 - Age 12: N<br>
2687,Licensed Group,Brightlights At The Stage,230-50 Lorne St,,New Westminster,V3M 6G3,49.203335,-122.9113,604-518-1291,,,N,N,N,N,N,N,N,N,N,N,N,N,N,N,N,N,N,,,N,N,N,N,N,N,N,N,Y,Y,Y,2026-05-15,,N,Y,N,Brightlights At The Stage<br>Licensed Group<br>604-518-1291<br><br>Vacancy:<br>&nbsp;&nbsp;&nbsp;&nbsp;<36 months: N<br>&nbsp;&nbsp;&nbsp;&nbsp;30 months -- 5 years: Y<br>&nbsp;&nbsp;&nbsp;&nbsp;Preschool: Y<br>&nbsp;&nbsp;&nbsp;&nbsp;Grade 1 - Age 12: Y<br>
2688,Licensed Group,Art In Daycare,625 Schoolhouse St,,Coquitlam,V3J 5P6,49.255337,-122.851766,236-788-8485,,,Y,N,N,N,N,N,Y,N,N,N,N,N,N,N,N,N,N,Included in fee,Not offered,N,N,N,N,N,Y,Y,Y,N,N,N,2026-05-15,,N,Y,N,Art In Daycare<br>Licensed Group<br>236-788-8485<br><br>Vacancy:<br>&nbsp;&nbsp;&nbsp;&nbsp;<36 months: Y<br>&nbsp;&nbsp;&nbsp;&nbsp;30 months -- 5 years: N<br>&nbsp;&nbsp;&nbsp;&nbsp;Preschool: N<br>&nbsp;&nbsp;&nbsp;&nbsp;Grade 1 - Age 12: N<br>
2689,Licensed Family,Bw Childcare,936 Thirteenth St,,New Westminster,V3M 4N3,49.212279,-122.939584,778-980-2216,,,N,N,N,N,N,N,N,N,N,N,N,N,N,N,N,N,N,,,N,N,N,N,N,N,N,Y,Y,N,N,2026-05-03,,N,Y,N,Bw Childcare<br>Licensed Family<br>778-980-2216<br><br>Vacancy:<br>&nbsp;&nbsp;&nbsp;&nbsp;<36 months: Y<br>&nbsp;&nbsp;&nbsp;&nbsp;30 months -- 5 years: Y<br>&nbsp;&nbsp;&nbsp;&nbsp;Preschool: N<br>&nbsp;&nbsp;&nbsp;&nbsp;Grade 1 - Age 12: N<br>
2690,Licensed Family,Beautiful Minds Childcare,503 Wheeler Ave,,Parksville,V9P 1G5,49.314872,-124.328632,250-937-8778,,,N,N,N,N,N,N,N,N,N,N,N,N,N,N,N,N,N,,,N,N,N,N,N,N,N,Y,Y,N,N,2026-05-20,,N,Y,N,Beautiful Minds Childcare<br>Licensed Family<br>250-937-8778<br><br>Vacancy:<br>&nbsp;&nbsp;&nbsp;&nbsp;<36 months: Y<br>&nbsp;&nbsp;&nbsp;&nbsp;30 months -- 5 years: Y<br>&nbsp;&nbsp;&nbsp;&nbsp;Preschool: N<br>&nbsp;&nbsp;&nbsp;&nbsp;Grade 1 - Age 12: N<br>
2691,Licensed Family,Woodpecker Childcare,21642 90A Ave,,Langley,V1M 4C8,49.166425,-122.622937,778-870-9179,wpchildcare.com,,N,N,N,N,N,N,N,N,N,N,N,N,N,N,N,N,N,,,N,N,N,N,N,N,N,Y,Y,N,N,2026-05-15,,N,Y,N,Woodpecker Childcare<br>Licensed Family<br>778-870-9179<br><br>Vacancy:<br>&nbsp;&nbsp;&nbsp;&nbsp;<36 months: Y<br>&nbsp;&nbsp;&nbsp;&nbsp;30 months -- 5 years: Y<br>&nbsp;&nbsp;&nbsp;&nbsp;Preschool: N<br>&nbsp;&nbsp;&nbsp;&nbsp;Grade 1 - Age 12: N<br>
2692,Licensed Family,East Van Child Care Centre,140 Slocan St N,,Vancouver,V5K 3M2,49.285957,-123.048836,778-938-8467,,,N,N,N,N,N,N,N,N,N,N,N,N,N,N,N,N,N,,,N,N,N,N,N,N,N,N,N,N,N,2026-04-28,,N,Y,N,East Van Child Care Centre<br>Licensed Family<br>778-938-8467<br><br>Vacancy:<br>&nbsp;&nbsp;&nbsp;&nbsp;<36 months: N<br>&nbsp;&nbsp;&nbsp;&nbsp;30 months -- 5 years: N<br>&nbsp;&nbsp;&nbsp;&nbsp;Preschool: N<br>&nbsp;&nbsp;&nbsp;&nbsp;Grade 1 - Age 12: N<br>
2693,Licensed Family,Creative Play And Pre K Hall Rd,3466 Hall Rd,,Kelowna,V1W 2T9,49.860231,-119.436812,250-681-7116,,,N,N,N,N,N,N,N,N,N,N,N,N,N,N,N,N,N,,,N,N,N,N,N,N,N,N,N,N,N,2026-05-15,,N,Y,N,Creative Play And Pre K Hall Rd<br>Licensed Family<br>250-681-7116<br><br>Vacancy:<br>&nbsp;&nbsp;&nbsp;&nbsp;<36 months: N<br>&nbsp;&nbsp;&nbsp;&nbsp;30 months -- 5 years: N<br>&nbsp;&nbsp;&nbsp;&nbsp;Preschool: N<br>&nbsp;&nbsp;&nbsp;&nbsp;Grade 1 - Age 12: N<br>
2694,Licensed Group,Wildwood,4000 Inlet Cres,,North Vancouver,V7G 2R2,49.320559,-122.961581,604-250-7198,,,N,N,N,N,N,N,N,N,N,N,N,N,N,N,N,N,N,,,N,N,N,N,N,N,N,N,N,N,N,2026-05-21,,N,Y,Y,Wildwood<br>Licensed Group<br>604-250-7198<br><br>Vacancy:<br>&nbsp;&nbsp;&nbsp;&nbsp;<36 months: N<br>&nbsp;&nbsp;&nbsp;&nbsp;30 months -- 5 years: N<br>&nbsp;&nbsp;&nbsp;&nbsp;Preschool: N<br>&nbsp;&nbsp;&nbsp;&nbsp;Grade 1 - Age 12: N<br>
2695,Licensed Family,Garderie Les Petits Dauphins,2305 Lillooet Cres,,Kelowna,V1V 1T1,49.900169,-119.432071,250-864-1510,,,N,N,N,N,N,N,N,N,N,N,N,N,N,N,N,N,N,,,N,N,N,N,N,N,N,Y,Y,N,N,2026-04-28,,N,N,N,Garderie Les Petits Dauphins<br>Licensed Family<br>250-864-1510<br><br>Vacancy:<br>&nbsp;&nbsp;&nbsp;&nbsp;<36 months: Y<br>&nbsp;&nbsp;&nbsp;&nbsp;30 months -- 5 years: Y<br>&nbsp;&nbsp;&nbsp;&nbsp;Preschool: N<br>&nbsp;&nbsp;&nbsp;&nbsp;Grade 1 - Age 12: N<br>
2696,Licensed Group,Heart And Soul Childcare Foundation,455 6Th Ave,,Hope,V0X 1L0,49.384682,-121.441193,604-378-9227,,,N,N,N,N,N,N,N,N,N,N,N,N,N,N,N,N,N,,,N,N,N,N,N,N,N,N,N,N,N,2026-05-01,,N,Y,N,Heart And Soul Childcare Foundation<br>Licensed Group<br>604-378-9227<br><br>Vacancy:<br>&nbsp;&nbsp;&nbsp;&nbsp;<36 months: N<br>&nbsp;&nbsp;&nbsp;&nbsp;30 months -- 5 years: N<br>&nbsp;&nbsp;&nbsp;&nbsp;Preschool: N<br>&nbsp;&nbsp;&nbsp;&nbsp;Grade 1 - Age 12: N<br>
2697,Licensed Group,Ilm-Craigflower,2766 Admirals Rd,,Victoria,V9A 2R3,48.45352,-123.421521,250-585-7898,,,N,N,N,N,N,N,N,N,N,N,N,N,N,N,N,N,N,,,N,N,N,N,N,N,N,N,N,N,Y,2026-05-15,,N,Y,N,Ilm-Craigflower<br>Licensed Group<br>250-585-7898<br><br>Vacancy:<br>&nbsp;&nbsp;&nbsp;&nbsp;<36 months: N<br>&nbsp;&nbsp;&nbsp;&nbsp;30 months -- 5 years: N<br>&nbsp;&nbsp;&nbsp;&nbsp;Preschool: N<br>&nbsp;&nbsp;&nbsp;&nbsp;Grade 1 - Age 12: Y<br>
2698,Licensed Group,Bright New Minds Child Care Society,320 10Th Ave,,Invermere,V0A 1K0,50.510252,-116.032873,250-341-6224,,,N,N,N,N,N,N,N,N,N,N,N,N,N,N,N,N,N,,,N,N,N,N,N,N,N,N,Y,N,Y,2026-03-31,,N,Y,N,Bright New Minds Child Care Society<br>Licensed Group<br>250-341-6224<br><br>Vacancy:<br>&nbsp;&nbsp;&nbsp;&nbsp;<36 months: N<br>&nbsp;&nbsp;&nbsp;&nbsp;30 months -- 5 years: Y<br>&nbsp;&nbsp;&nbsp;&nbsp;Preschool: N<br>&nbsp;&nbsp;&nbsp;&nbsp;Grade 1 - Age 12: Y<br>
2699,Licensed Group,Yorkson Kids Care,A200-8045 204 St,,Langley,V2Y 2A9,49.149057,-122.657797,604-783-3066,,,N,N,N,N,N,N,N,N,N,N,N,N,N,N,N,N,N,,,N,N,N,N,N,N,N,Y,N,N,N,2026-05-15,,N,Y,N,Yorkson Kids Care<br>Licensed Group<br>604-783-3066<br><br>Vacancy:<br>&nbsp;&nbsp;&nbsp;&nbsp;<36 months: Y<br>&nbsp;&nbsp;&nbsp;&nbsp;30 months -- 5 years: N<br>&nbsp;&nbsp;&nbsp;&nbsp;Preschool: N<br>&nbsp;&nbsp;&nbsp;&nbsp;Grade 1 - Age 12: N<br>
2700,Licensed Family,Montroyal Learning Academy And Child Care Center Ltd,5390 Cliffridge Ave,,North Vancouver,V7R 3V4,49.36205,-123.098517,604-440-0415,,,Y,N,N,N,N,N,Y,Y,N,Y,Y,N,N,N,N,N,Y,Extra fee,Extra fee,N,N,N,N,N,Y,Y,Y,Y,N,Y,2026-04-26,,N,Y,N,Montroyal Learning Academy And Child Care Center Ltd<br>Licensed Family<br>604-440-0415<br><br>Vacancy:<br>&nbsp;&nbsp;&nbsp;&nbsp;<36 months: Y<br>&nbsp;&nbsp;&nbsp;&nbsp;30 months -- 5 years: Y<br>&nbsp;&nbsp;&nbsp;&nbsp;Preschool: N<br>&nbsp;&nbsp;&nbsp;&nbsp;Grade 1 - Age 12: Y<br>
2701,Licensed Family,Family Roots - At Home Daycare,3599 Kelly Dawn Pl,,Victoria,V9C 4J1,48.411045,-123.514216,250-516-4233,,,N,N,N,N,N,N,N,N,N,N,N,N,N,N,N,N,N,,,N,N,N,N,N,N,N,Y,Y,N,N,2026-05-19,,N,Y,N,Family Roots - At Home Daycare<br>Licensed Family<br>250-516-4233<br><br>Vacancy:<br>&nbsp;&nbsp;&nbsp;&nbsp;<36 months: Y<br>&nbsp;&nbsp;&nbsp;&nbsp;30 months -- 5 years: Y<br>&nbsp;&nbsp;&nbsp;&nbsp;Preschool: N<br>&nbsp;&nbsp;&nbsp;&nbsp;Grade 1 - Age 12: N<br>
2702,Licensed Group,Qayqayt Children's Centre,91 Courtney Cres,,New Westminster,V3L 4M1,49.226082,-122.912124,604-540-0431,,,N,N,N,N,N,N,N,N,N,N,N,N,N,N,N,N,N,,,N,N,N,N,N,N,N,N,N,N,N,2026-04-20,,N,Y,N,Qayqayt Children's Centre<br>Licensed Group<br>604-540-0431<br><br>Vacancy:<br>&nbsp;&nbsp;&nbsp;&nbsp;<36 months: N<br>&nbsp;&nbsp;&nbsp;&nbsp;30 months -- 5 years: N<br>&nbsp;&nbsp;&nbsp;&nbsp;Preschool: N<br>&nbsp;&nbsp;&nbsp;&nbsp;Grade 1 - Age 12: N<br>
2703,Licensed Group,Ready Set Grow Children's Centre,1714 Eighth Ave,,New Westminster,V3M 2S7,49.205455,-122.942284,604-526-9788,,,N,N,N,N,N,N,N,N,N,N,N,N,N,N,N,N,N,,,N,N,N,N,N,N,N,N,N,N,N,2026-04-20,,N,Y,N,Ready Set Grow Children's Centre<br>Licensed Group<br>604-526-9788<br><br>Vacancy:<br>&nbsp;&nbsp;&nbsp;&nbsp;<36 months: N<br>&nbsp;&nbsp;&nbsp;&nbsp;30 months -- 5 years: N<br>&nbsp;&nbsp;&nbsp;&nbsp;Preschool: N<br>&nbsp;&nbsp;&nbsp;&nbsp;Grade 1 - Age 12: N<br>
2704,Licensed Family,Three Cats Home Daycare,965 Crystal Crt,,Coquitlam,V3C 5X5,49.268686,-122.801458,778-683-2124,,,N,N,N,N,N,N,N,N,N,N,N,N,N,N,N,N,N,,,N,N,N,N,N,N,N,N,Y,N,N,2026-05-17,,N,Y,N,Three Cats Home Daycare<br>Licensed Family<br>778-683-2124<br><br>Vacancy:<br>&nbsp;&nbsp;&nbsp;&nbsp;<36 months: N<br>&nbsp;&nbsp;&nbsp;&nbsp;30 months -- 5 years: Y<br>&nbsp;&nbsp;&nbsp;&nbsp;Preschool: N<br>&nbsp;&nbsp;&nbsp;&nbsp;Grade 1 - Age 12: N<br>
2705,Licensed Group,Beaver Valley Childcare Centre,1792 Columbia Gardens,,Fruitvale,V0G 1L0,49.108735,-117.546667,778-459-3300,,,N,N,N,N,N,N,N,N,N,N,N,N,N,N,N,N,N,,,N,N,N,N,N,N,N,N,Y,N,N,2026-05-08,,N,Y,N,Beaver Valley Childcare Centre<br>Licensed Group<br>778-459-3300<br><br>Vacancy:<br>&nbsp;&nbsp;&nbsp;&nbsp;<36 months: N<br>&nbsp;&nbsp;&nbsp;&nbsp;30 months -- 5 years: Y<br>&nbsp;&nbsp;&nbsp;&nbsp;Preschool: N<br>&nbsp;&nbsp;&nbsp;&nbsp;Grade 1 - Age 12: N<br>
2706,Licensed Family,Sunflower Playhouse,1006 Dunkirk Lane,,Victoria,V9A 2H5,48.454391,-123.420272,250-818-7692,,,N,N,N,N,N,N,N,N,N,N,N,N,N,N,N,N,N,,,N,N,N,N,N,N,N,N,N,N,N,2026-04-23,,N,Y,N,Sunflower Playhouse<br>Licensed Family<br>250-818-7692<br><br>Vacancy:<br>&nbsp;&nbsp;&nbsp;&nbsp;<36 months: N<br>&nbsp;&nbsp;&nbsp;&nbsp;30 months -- 5 years: N<br>&nbsp;&nbsp;&nbsp;&nbsp;Preschool: N<br>&nbsp;&nbsp;&nbsp;&nbsp;Grade 1 - Age 12: N<br>
2707,Licensed Family,Terry Fox Childcare,33341 Terry Fox Ave,,Abbotsford,V2S 6T9,49.057099,-122.301025,604-441-7111,,,N,N,N,N,N,N,Y,Y,N,Y,Y,N,N,N,N,N,N,Included in fee,Include in fee,N,N,N,N,Y,N,N,N,N,N,N,2026-05-05,,N,Y,N,Terry Fox Childcare<br>Licensed Family<br>604-441-7111<br><br>Vacancy:<br>&nbsp;&nbsp;&nbsp;&nbsp;<36 months: N<br>&nbsp;&nbsp;&nbsp;&nbsp;30 months -- 5 years: N<br>&nbsp;&nbsp;&nbsp;&nbsp;Preschool: N<br>&nbsp;&nbsp;&nbsp;&nbsp;Grade 1 - Age 12: N<br>
2708,Licensed Family,Pineapple Lime Apple Play Garden,5669 Surf Cir,,Sechelt,V0N 3A0,49.478974,-123.760145,604-763-2993,,,,,,,,,,,,,,,,,,,,,,,,,,,,,,,,,,,Y,Y,N,Pineapple Lime Apple Play Garden<br>Licensed Family<br>604-763-2993<br><br>Vacancy:<br>&nbsp;&nbsp;&nbsp;&nbsp;<36 months: None<br>&nbsp;&nbsp;&nbsp;&nbsp;30 months -- 5 years: None<br>&nbsp;&nbsp;&nbsp;&nbsp;Preschool: None<br>&nbsp;&nbsp;&nbsp;&nbsp;Grade 1 - Age 12: None<br>
2709,Licensed Family,Toddington Daycare,963 St. Patrick St,,Victoria,V8S 4X9,48.419799,-123.311196,250-514-3612,,,N,N,N,N,N,N,N,N,N,N,N,N,N,N,N,N,N,,,N,N,N,N,N,N,N,N,Y,N,N,2026-05-15,,N,N,N,Toddington Daycare<br>Licensed Family<br>250-514-3612<br><br>Vacancy:<br>&nbsp;&nbsp;&nbsp;&nbsp;<36 months: N<br>&nbsp;&nbsp;&nbsp;&nbsp;30 months -- 5 years: Y<br>&nbsp;&nbsp;&nbsp;&nbsp;Preschool: N<br>&nbsp;&nbsp;&nbsp;&nbsp;Grade 1 - Age 12: N<br>
2710,Licensed Group,Moberly Childcare Learning Centre,700 59Th Ave E,,Vancouver,V5X 1Y4,49.216409,-123.090641,778-895-3185,,,N,N,N,N,N,N,N,N,N,N,N,N,N,N,N,N,N,,,N,N,N,N,N,N,N,N,N,N,N,2026-05-02,,N,Y,N,Moberly Childcare Learning Centre<br>Licensed Group<br>778-895-3185<br><br>Vacancy:<br>&nbsp;&nbsp;&nbsp;&nbsp;<36 months: N<br>&nbsp;&nbsp;&nbsp;&nbsp;30 months -- 5 years: N<br>&nbsp;&nbsp;&nbsp;&nbsp;Preschool: N<br>&nbsp;&nbsp;&nbsp;&nbsp;Grade 1 - Age 12: N<br>
2711,Licensed Family,Boomgaard Early Learning & Child Care,22983 117 Ave,,Maple Ridge,V2X 2K3,49.215373,-122.585469,672-551-5509,,,N,N,N,N,N,N,N,N,N,N,N,N,N,N,N,N,N,,,N,N,N,N,N,N,N,N,N,N,N,2026-05-15,,N,Y,N,Boomgaard Early Learning & Child Care<br>Licensed Family<br>672-551-5509<br><br>Vacancy:<br>&nbsp;&nbsp;&nbsp;&nbsp;<36 months: N<br>&nbsp;&nbsp;&nbsp;&nbsp;30 months -- 5 years: N<br>&nbsp;&nbsp;&nbsp;&nbsp;Preschool: N<br>&nbsp;&nbsp;&nbsp;&nbsp;Grade 1 - Age 12: N<br>
2712,Licensed Family,Little Scholars Childcare,20523 68 Ave,,Langley,V2Y 3E2,49.126311,-122.654005,604-760-9031,,,N,N,N,N,N,N,N,N,N,N,N,N,N,N,N,N,N,,,N,N,N,N,N,N,N,Y,Y,N,Y,2026-04-21,,N,Y,N,Little Scholars Childcare<br>Licensed Family<br>604-760-9031<br><br>Vacancy:<br>&nbsp;&nbsp;&nbsp;&nbsp;<36 months: Y<br>&nbsp;&nbsp;&nbsp;&nbsp;30 months -- 5 years: Y<br>&nbsp;&nbsp;&nbsp;&nbsp;Preschool: N<br>&nbsp;&nbsp;&nbsp;&nbsp;Grade 1 - Age 12: Y<br>
2713,Licensed Group,Capable Kids Preschool,2151 Verde Vista Rd,,Kelowna,V1P 1G5,49.860973,-119.351163,604-441-4419,,,N,N,N,N,N,N,N,N,N,N,N,N,N,N,N,N,N,,,N,N,N,N,N,N,N,N,N,Y,N,2026-05-08,,N,Y,N,Capable Kids Preschool<br>Licensed Group<br>604-441-4419<br><br>Vacancy:<br>&nbsp;&nbsp;&nbsp;&nbsp;<36 months: N<br>&nbsp;&nbsp;&nbsp;&nbsp;30 months -- 5 years: N<br>&nbsp;&nbsp;&nbsp;&nbsp;Preschool: Y<br>&nbsp;&nbsp;&nbsp;&nbsp;Grade 1 - Age 12: N<br>
2714,Licensed Family,Doodlebugs Daycare,30A-2131 Upland St,,Prince George,V2L 2V8,53.903596,-122.760885,250-640-8897,,,N,N,N,N,N,N,N,N,N,N,N,N,N,N,N,N,N,,,N,N,N,N,N,N,N,Y,Y,N,N,2026-05-15,,N,Y,N,Doodlebugs Daycare<br>Licensed Family<br>250-640-8897<br><br>Vacancy:<br>&nbsp;&nbsp;&nbsp;&nbsp;<36 months: Y<br>&nbsp;&nbsp;&nbsp;&nbsp;30 months -- 5 years: Y<br>&nbsp;&nbsp;&nbsp;&nbsp;Preschool: N<br>&nbsp;&nbsp;&nbsp;&nbsp;Grade 1 - Age 12: N<br>
2715,Licensed Family,Little Petals Childcare Centre,8024 112 St,,Delta,V4C 4W3,49.149031,-122.912059,778-241-1619,,,N,N,N,N,N,N,N,N,N,N,N,N,N,N,N,N,N,,,N,N,N,N,N,N,N,N,Y,N,N,2026-04-22,,N,Y,N,Little Petals Childcare Centre<br>Licensed Family<br>778-241-1619<br><br>Vacancy:<br>&nbsp;&nbsp;&nbsp;&nbsp;<36 months: N<br>&nbsp;&nbsp;&nbsp;&nbsp;30 months -- 5 years: Y<br>&nbsp;&nbsp;&nbsp;&nbsp;Preschool: N<br>&nbsp;&nbsp;&nbsp;&nbsp;Grade 1 - Age 12: N<br>
2716,Licensed Family,Dreamy Days Childcare And Learning Centre Ltd,45877 Verbena Dr,,Chilliwack,V2R 0H5,49.12208,-121.954708,604-798-3889,,,N,N,N,N,N,N,N,N,N,N,N,N,N,N,N,N,N,,,N,N,N,N,N,N,N,Y,Y,N,N,2026-05-19,,N,Y,N,Dreamy Days Childcare And Learning Centre Ltd<br>Licensed Family<br>604-798-3889<br><br>Vacancy:<br>&nbsp;&nbsp;&nbsp;&nbsp;<36 months: Y<br>&nbsp;&nbsp;&nbsp;&nbsp;30 months -- 5 years: Y<br>&nbsp;&nbsp;&nbsp;&nbsp;Preschool: N<br>&nbsp;&nbsp;&nbsp;&nbsp;Grade 1 - Age 12: N<br>
2717,Licensed Group,Dayhome Friends Care,60 10 St Se,,Salmon Arm,V1E 4J5,50.699443,-119.273197,250-803-2282,,,N,N,N,N,N,N,N,N,N,N,N,N,N,N,N,N,N,,,N,N,N,N,N,N,N,N,N,N,N,2026-05-15,,N,Y,N,Dayhome Friends Care<br>Licensed Group<br>250-803-2282<br><br>Vacancy:<br>&nbsp;&nbsp;&nbsp;&nbsp;<36 months: N<br>&nbsp;&nbsp;&nbsp;&nbsp;30 months -- 5 years: N<br>&nbsp;&nbsp;&nbsp;&nbsp;Preschool: N<br>&nbsp;&nbsp;&nbsp;&nbsp;Grade 1 - Age 12: N<br>
2718,Licensed Family,Toddler Town Learning Centre Inc,9127 Armitage St,,Chilliwack,V2P 6R6,49.167816,-121.934276,437-223-0785,,,N,N,N,N,N,N,N,N,N,N,N,N,N,N,N,N,N,,,N,N,N,N,N,N,N,N,N,N,N,2026-05-16,,N,Y,N,Toddler Town Learning Centre Inc<br>Licensed Family<br>437-223-0785<br><br>Vacancy:<br>&nbsp;&nbsp;&nbsp;&nbsp;<36 months: N<br>&nbsp;&nbsp;&nbsp;&nbsp;30 months -- 5 years: N<br>&nbsp;&nbsp;&nbsp;&nbsp;Preschool: N<br>&nbsp;&nbsp;&nbsp;&nbsp;Grade 1 - Age 12: N<br>
2719,Licensed Family,Hoggar Childcare,1604 Hosanna Way,,Nanaimo,V9X 0B2,49.119066,-123.923895,250-937-1824,,,Y,N,N,N,N,N,Y,Y,N,Y,N,N,N,N,N,N,N,Not offered,Extra fee,N,N,N,N,N,N,N,N,Y,N,N,2026-05-16,,N,Y,N,Hoggar Childcare<br>Licensed Family<br>250-937-1824<br><br>Vacancy:<br>&nbsp;&nbsp;&nbsp;&nbsp;<36 months: N<br>&nbsp;&nbsp;&nbsp;&nbsp;30 months -- 5 years: Y<br>&nbsp;&nbsp;&nbsp;&nbsp;Preschool: N<br>&nbsp;&nbsp;&nbsp;&nbsp;Grade 1 - Age 12: N<br>
2720,Licensed Group,Alpine Childcare Solutions Ltd.,2100 Balmer Dr,,Elkford,V0B 1H0,50.005492,-114.925964,250-433-1336,,,N,N,N,N,N,N,N,N,N,N,N,N,N,N,N,N,N,,,N,N,N,N,N,N,N,N,N,N,Y,2026-05-19,,N,N,N,Alpine Childcare Solutions Ltd.<br>Licensed Group<br>250-433-1336<br><br>Vacancy:<br>&nbsp;&nbsp;&nbsp;&nbsp;<36 months: N<br>&nbsp;&nbsp;&nbsp;&nbsp;30 months -- 5 years: N<br>&nbsp;&nbsp;&nbsp;&nbsp;Preschool: N<br>&nbsp;&nbsp;&nbsp;&nbsp;Grade 1 - Age 12: Y<br>
2721,Licensed Group,Promise Vancouver Group Child Care (School Age),558 Powell St,,Vancouver,V6A 1G9,49.283017,-123.091992,604-800-4783,,,,,,,,,,,,,,,,,,,,,,,,,,,,,,,,,,,Y,Y,N,Promise Vancouver Group Child Care (School Age)<br>Licensed Group<br>604-800-4783<br><br>Vacancy:<br>&nbsp;&nbsp;&nbsp;&nbsp;<36 months: None<br>&nbsp;&nbsp;&nbsp;&nbsp;30 months -- 5 years: None<br>&nbsp;&nbsp;&nbsp;&nbsp;Preschool: None<br>&nbsp;&nbsp;&nbsp;&nbsp;Grade 1 - Age 12: None<br>
2722,Licensed Group,Mindful Kids Childcare Center,21209 93A Ave,,Langley,V1M 1M5,49.172456,-122.634239,778-637-0303,,,N,N,N,N,N,N,N,N,N,N,N,N,N,N,N,N,N,,,N,N,N,N,N,N,N,N,N,N,N,2026-05-18,,N,Y,N,Mindful Kids Childcare Center<br>Licensed Group<br>778-637-0303<br><br>Vacancy:<br>&nbsp;&nbsp;&nbsp;&nbsp;<36 months: N<br>&nbsp;&nbsp;&nbsp;&nbsp;30 months -- 5 years: N<br>&nbsp;&nbsp;&nbsp;&nbsp;Preschool: N<br>&nbsp;&nbsp;&nbsp;&nbsp;Grade 1 - Age 12: N<br>
2723,Licensed Group,Mini Meadow Childcare,2773 46Th Ave E,,Vancouver,V5S 1A8,49.228682,-123.048715,604-568-1111,,,N,N,N,N,N,N,N,N,N,N,N,N,N,N,N,N,N,,,N,N,N,N,N,N,N,N,N,N,N,2026-04-29,,N,Y,N,Mini Meadow Childcare<br>Licensed Group<br>604-568-1111<br><br>Vacancy:<br>&nbsp;&nbsp;&nbsp;&nbsp;<36 months: N<br>&nbsp;&nbsp;&nbsp;&nbsp;30 months -- 5 years: N<br>&nbsp;&nbsp;&nbsp;&nbsp;Preschool: N<br>&nbsp;&nbsp;&nbsp;&nbsp;Grade 1 - Age 12: N<br>
2724,Licensed Group,Be Happy And Shine Daycare,7665 204A St,,Langely,V2Y 3T1,49.142048,-122.656121,778-992-2744,,,N,N,N,N,N,N,N,N,N,N,N,N,N,N,N,N,N,,,N,N,N,N,N,N,N,N,N,N,N,2026-05-04,,N,Y,N,Be Happy And Shine Daycare<br>Licensed Group<br>778-992-2744<br><br>Vacancy:<br>&nbsp;&nbsp;&nbsp;&nbsp;<36 months: N<br>&nbsp;&nbsp;&nbsp;&nbsp;30 months -- 5 years: N<br>&nbsp;&nbsp;&nbsp;&nbsp;Preschool: N<br>&nbsp;&nbsp;&nbsp;&nbsp;Grade 1 - Age 12: N<br>
2725,Licensed Family,Little Treasures Daycare,3048 Springfield Rd,,Kelowna,V1X 1A5,49.877782,-119.390014,250-317-3671,,,N,N,N,N,N,N,N,N,N,N,N,N,N,N,N,N,N,,,N,N,N,N,N,N,N,N,N,N,N,2026-05-18,,N,N,N,Little Treasures Daycare<br>Licensed Family<br>250-317-3671<br><br>Vacancy:<br>&nbsp;&nbsp;&nbsp;&nbsp;<36 months: N<br>&nbsp;&nbsp;&nbsp;&nbsp;30 months -- 5 years: N<br>&nbsp;&nbsp;&nbsp;&nbsp;Preschool: N<br>&nbsp;&nbsp;&nbsp;&nbsp;Grade 1 - Age 12: N<br>
2726,Licensed Family,Believe'n U Child Centre,7908 112A St,,Delta,V4C 4Y5,49.146704,-122.911049,604-725-3553,,,N,N,N,N,N,N,N,N,N,N,N,N,N,N,N,N,N,,,N,N,N,N,N,N,N,N,Y,N,N,2026-04-22,,N,Y,N,Believe'n U Child Centre<br>Licensed Family<br>604-725-3553<br><br>Vacancy:<br>&nbsp;&nbsp;&nbsp;&nbsp;<36 months: N<br>&nbsp;&nbsp;&nbsp;&nbsp;30 months -- 5 years: Y<br>&nbsp;&nbsp;&nbsp;&nbsp;Preschool: N<br>&nbsp;&nbsp;&nbsp;&nbsp;Grade 1 - Age 12: N<br>
2727,Licensed Family,Tot Spot Childcare,1836 88 Ave,,Dawson Creek,V1G 0A6,55.775717,-120.255946,306-291-0223,,,N,N,N,N,N,N,N,N,N,N,N,N,N,N,N,N,N,,,N,N,N,N,N,N,N,N,N,N,N,2026-05-15,,N,Y,N,Tot Spot Childcare<br>Licensed Family<br>306-291-0223<br><br>Vacancy:<br>&nbsp;&nbsp;&nbsp;&nbsp;<36 months: N<br>&nbsp;&nbsp;&nbsp;&nbsp;30 months -- 5 years: N<br>&nbsp;&nbsp;&nbsp;&nbsp;Preschool: N<br>&nbsp;&nbsp;&nbsp;&nbsp;Grade 1 - Age 12: N<br>
2728,Licensed Group,Bloom Early Learning,559 Mcclure Rd,,Kelowna,V1W 1K9,49.817981,-119.492536,587-580-8044,,,N,N,N,N,N,N,N,N,N,N,N,N,N,N,N,N,N,,,N,N,N,N,N,N,N,N,N,N,N,2026-05-17,,N,Y,N,Bloom Early Learning<br>Licensed Group<br>587-580-8044<br><br>Vacancy:<br>&nbsp;&nbsp;&nbsp;&nbsp;<36 months: N<br>&nbsp;&nbsp;&nbsp;&nbsp;30 months -- 5 years: N<br>&nbsp;&nbsp;&nbsp;&nbsp;Preschool: N<br>&nbsp;&nbsp;&nbsp;&nbsp;Grade 1 - Age 12: N<br>
2729,Licensed Group,Az-Zahraa Islamic Academy,8580 No. 5 Rd,,Richmond,V6Y 2V4,49.151111,-123.089175,604-274-7861,,,N,N,N,N,N,N,N,N,N,N,N,N,N,N,N,N,N,Not offered,Not offered,N,N,N,N,N,N,N,N,Y,N,Y,2026-04-25,,N,Y,N,Az-Zahraa Islamic Academy<br>Licensed Group<br>604-274-7861<br><br>Vacancy:<br>&nbsp;&nbsp;&nbsp;&nbsp;<36 months: N<br>&nbsp;&nbsp;&nbsp;&nbsp;30 months -- 5 years: Y<br>&nbsp;&nbsp;&nbsp;&nbsp;Preschool: N<br>&nbsp;&nbsp;&nbsp;&nbsp;Grade 1 - Age 12: Y<br>
2730,Licensed Family,Happy Campers Childcare,4680B Macintyre Ave,,Courtenay,V9N 6R2,49.709212,-124.984522,250-218-9620,,,N,N,N,N,N,N,N,N,N,N,N,N,N,N,N,N,N,,,N,N,N,N,N,N,N,N,N,N,N,2026-05-16,,N,Y,N,Happy Campers Childcare<br>Licensed Family<br>250-218-9620<br><br>Vacancy:<br>&nbsp;&nbsp;&nbsp;&nbsp;<36 months: N<br>&nbsp;&nbsp;&nbsp;&nbsp;30 months -- 5 years: N<br>&nbsp;&nbsp;&nbsp;&nbsp;Preschool: N<br>&nbsp;&nbsp;&nbsp;&nbsp;Grade 1 - Age 12: N<br>
2731,Licensed Group,Gateway Early Learning Centre,2829 Inverness Rd,,West Kelowna,V4T 1J5,49.830955,-119.650306,250-768-3614,,,N,N,N,N,N,N,N,N,N,N,N,N,N,N,N,N,N,,,N,N,N,N,N,N,N,N,Y,N,Y,2026-05-04,,N,Y,N,Gateway Early Learning Centre<br>Licensed Group<br>250-768-3614<br><br>Vacancy:<br>&nbsp;&nbsp;&nbsp;&nbsp;<36 months: N<br>&nbsp;&nbsp;&nbsp;&nbsp;30 months -- 5 years: Y<br>&nbsp;&nbsp;&nbsp;&nbsp;Preschool: N<br>&nbsp;&nbsp;&nbsp;&nbsp;Grade 1 - Age 12: Y<br>
2732,Licensed Family,Adventure Explorer Childcare Centre,12125 229 St,,Maple Ridge,V2X 7M9,49.222437,-122.588011,604-401-7849,,,N,N,N,N,N,N,N,N,N,N,N,N,N,N,N,N,N,,,N,N,N,N,N,N,N,Y,Y,N,N,2026-04-21,,N,Y,N,Adventure Explorer Childcare Centre<br>Licensed Family<br>604-401-7849<br><br>Vacancy:<br>&nbsp;&nbsp;&nbsp;&nbsp;<36 months: Y<br>&nbsp;&nbsp;&nbsp;&nbsp;30 months -- 5 years: Y<br>&nbsp;&nbsp;&nbsp;&nbsp;Preschool: N<br>&nbsp;&nbsp;&nbsp;&nbsp;Grade 1 - Age 12: N<br>
2733,Licensed Family,Kindercube Daycare Limited,12083 Mcintyre Crt,,Maple Ridge,V2X 8M8,49.221412,-122.629042,604-262-8683,www.kindercubedaycare.ca,,N,N,N,N,N,N,N,N,N,N,N,N,N,N,N,N,N,,,N,N,N,N,N,N,N,N,N,N,N,2026-05-21,,N,Y,N,Kindercube Daycare Limited<br>Licensed Family<br>604-262-8683<br><br>Vacancy:<br>&nbsp;&nbsp;&nbsp;&nbsp;<36 months: N<br>&nbsp;&nbsp;&nbsp;&nbsp;30 months -- 5 years: N<br>&nbsp;&nbsp;&nbsp;&nbsp;Preschool: N<br>&nbsp;&nbsp;&nbsp;&nbsp;Grade 1 - Age 12: N<br>
2734,Licensed Family,Happy Kiddos Childcare Ltd,11841 Gee St,,Maple Ridge,V2X 7L8,49.217494,-122.586439,604-719-2762,,,N,N,N,N,N,N,N,N,N,N,N,N,N,N,N,N,N,,,N,N,N,N,N,N,N,Y,Y,N,N,2026-05-15,,N,Y,N,Happy Kiddos Childcare Ltd<br>Licensed Family<br>604-719-2762<br><br>Vacancy:<br>&nbsp;&nbsp;&nbsp;&nbsp;<36 months: Y<br>&nbsp;&nbsp;&nbsp;&nbsp;30 months -- 5 years: Y<br>&nbsp;&nbsp;&nbsp;&nbsp;Preschool: N<br>&nbsp;&nbsp;&nbsp;&nbsp;Grade 1 - Age 12: N<br>
2735,Licensed Group,Little Gnomes Childcare,124 Mccarter St,,Parksville,V9P 2X2,49.320175,-124.309649,250-240-8694,,,N,N,N,N,N,N,N,N,N,N,N,N,N,N,N,N,N,,,N,N,N,N,N,N,N,N,N,N,N,2026-05-16,,N,Y,N,Little Gnomes Childcare<br>Licensed Group<br>250-240-8694<br><br>Vacancy:<br>&nbsp;&nbsp;&nbsp;&nbsp;<36 months: N<br>&nbsp;&nbsp;&nbsp;&nbsp;30 months -- 5 years: N<br>&nbsp;&nbsp;&nbsp;&nbsp;Preschool: N<br>&nbsp;&nbsp;&nbsp;&nbsp;Grade 1 - Age 12: N<br>
2736,Licensed Group,Occa Child Care Centre,1460 Inkar Rd,,Kelowna,V1Y 8H7,49.878077,-119.467551,778-484-6222,,,Y,Y,N,N,N,N,N,N,N,Y,Y,Y,N,Y,N,N,N,Not offered,Not offered,N,N,Y,N,N,Y,N,N,N,N,Y,2026-05-12,,N,Y,N,Occa Child Care Centre<br>Licensed Group<br>778-484-6222<br><br>Vacancy:<br>&nbsp;&nbsp;&nbsp;&nbsp;<36 months: N<br>&nbsp;&nbsp;&nbsp;&nbsp;30 months -- 5 years: N<br>&nbsp;&nbsp;&nbsp;&nbsp;Preschool: N<br>&nbsp;&nbsp;&nbsp;&nbsp;Grade 1 - Age 12: Y<br>
2737,Licensed Family,Ms Sue's Daycare,3545 Dunbarton Rd,,West Kelowna,V4T 1J2,49.835582,-119.648518,250-863-4616,,,N,N,N,N,N,N,N,N,N,N,N,N,N,N,N,N,N,,,N,N,N,N,N,N,N,N,N,N,N,2026-05-07,,N,Y,N,Ms Sue's Daycare<br>Licensed Family<br>250-863-4616<br><br>Vacancy:<br>&nbsp;&nbsp;&nbsp;&nbsp;<36 months: N<br>&nbsp;&nbsp;&nbsp;&nbsp;30 months -- 5 years: N<br>&nbsp;&nbsp;&nbsp;&nbsp;Preschool: N<br>&nbsp;&nbsp;&nbsp;&nbsp;Grade 1 - Age 12: N<br>
2738,Licensed Group,Terra Early Learning,120-13799 Commerce Pky,,Richmond,V6V 2N9,49.176979,-123.07003,604-285-6558,,,N,N,N,N,N,N,N,N,N,N,N,N,N,N,N,N,N,,,N,N,N,N,N,N,N,N,N,N,N,2026-05-07,,N,Y,Y,Terra Early Learning<br>Licensed Group<br>604-285-6558<br><br>Vacancy:<br>&nbsp;&nbsp;&nbsp;&nbsp;<36 months: N<br>&nbsp;&nbsp;&nbsp;&nbsp;30 months -- 5 years: N<br>&nbsp;&nbsp;&nbsp;&nbsp;Preschool: N<br>&nbsp;&nbsp;&nbsp;&nbsp;Grade 1 - Age 12: N<br>
2739,Licensed Group,Terra Early Learning,120-13799 Commerce Pky,,Richmond,V6V 2N9,49.176979,-123.07003,604-285-6558,,,N,N,N,N,N,N,N,N,N,N,N,N,N,N,N,N,N,,,N,N,N,N,N,N,N,N,N,N,N,2026-05-07,,N,Y,Y,Terra Early Learning<br>Licensed Group<br>604-285-6558<br><br>Vacancy:<br>&nbsp;&nbsp;&nbsp;&nbsp;<36 months: N<br>&nbsp;&nbsp;&nbsp;&nbsp;30 months -- 5 years: N<br>&nbsp;&nbsp;&nbsp;&nbsp;Preschool: N<br>&nbsp;&nbsp;&nbsp;&nbsp;Grade 1 - Age 12: N<br>
2740,Licensed Family,Little Explorer's Learning Centre,1470 Feedham Ave,,Kelowna,V1P 1N7,49.870165,-119.357814,778-220-8000,,,N,N,N,N,N,N,N,N,N,N,N,N,N,N,N,N,N,,,N,N,N,N,N,N,N,Y,Y,N,N,2026-05-15,,N,Y,N,Little Explorer's Learning Centre<br>Licensed Family<br>778-220-8000<br><br>Vacancy:<br>&nbsp;&nbsp;&nbsp;&nbsp;<36 months: Y<br>&nbsp;&nbsp;&nbsp;&nbsp;30 months -- 5 years: Y<br>&nbsp;&nbsp;&nbsp;&nbsp;Preschool: N<br>&nbsp;&nbsp;&nbsp;&nbsp;Grade 1 - Age 12: N<br>
2741,Licensed Family,Starfish Child Center,1657 Philip Ave,,North Vancouver,V7P 2V9,49.324495,-123.113717,604-500-3049,,,N,N,N,N,N,N,N,N,N,N,N,N,N,N,N,N,N,,,N,N,N,N,N,N,N,N,Y,N,N,2026-05-15,,N,Y,N,Starfish Child Center<br>Licensed Family<br>604-500-3049<br><br>Vacancy:<br>&nbsp;&nbsp;&nbsp;&nbsp;<36 months: N<br>&nbsp;&nbsp;&nbsp;&nbsp;30 months -- 5 years: Y<br>&nbsp;&nbsp;&nbsp;&nbsp;Preschool: N<br>&nbsp;&nbsp;&nbsp;&nbsp;Grade 1 - Age 12: N<br>
2742,Licensed Family,Little Children's Oasis Early Learning Daycare Centre,10371 149A St,,Surrey,V3R 4A5,49.190983,-122.808001,778-317-7636,,,N,N,N,N,N,N,N,N,N,N,N,N,N,N,N,N,N,,,N,N,N,N,N,N,N,Y,Y,N,N,2026-05-15,,N,Y,N,Little Children's Oasis Early Learning Daycare Centre<br>Licensed Family<br>778-317-7636<br><br>Vacancy:<br>&nbsp;&nbsp;&nbsp;&nbsp;<36 months: Y<br>&nbsp;&nbsp;&nbsp;&nbsp;30 months -- 5 years: Y<br>&nbsp;&nbsp;&nbsp;&nbsp;Preschool: N<br>&nbsp;&nbsp;&nbsp;&nbsp;Grade 1 - Age 12: N<br>
2743,Licensed Family,Little Orchard Family Care,46751 Osborne Rd,,Chilliwack,V2P 6T6,49.191925,-121.932852,604-997-2630,,,N,N,N,N,N,N,N,N,N,N,N,N,N,N,N,N,N,,,N,N,N,N,N,N,N,N,N,N,N,2026-04-27,,N,Y,N,Little Orchard Family Care<br>Licensed Family<br>604-997-2630<br><br>Vacancy:<br>&nbsp;&nbsp;&nbsp;&nbsp;<36 months: N<br>&nbsp;&nbsp;&nbsp;&nbsp;30 months -- 5 years: N<br>&nbsp;&nbsp;&nbsp;&nbsp;Preschool: N<br>&nbsp;&nbsp;&nbsp;&nbsp;Grade 1 - Age 12: N<br>
2744,Licensed Family,A-Z Little World Family Daycare,23193 124A Ave,,Maple Ridge,V2X 0G2,49.228343,-122.579874,778-682-9102,,,N,N,N,N,N,N,N,N,N,N,N,N,N,N,N,N,N,,,N,N,N,N,N,N,N,Y,Y,N,N,2026-05-12,,N,Y,N,A-Z Little World Family Daycare<br>Licensed Family<br>778-682-9102<br><br>Vacancy:<br>&nbsp;&nbsp;&nbsp;&nbsp;<36 months: Y<br>&nbsp;&nbsp;&nbsp;&nbsp;30 months -- 5 years: Y<br>&nbsp;&nbsp;&nbsp;&nbsp;Preschool: N<br>&nbsp;&nbsp;&nbsp;&nbsp;Grade 1 - Age 12: N<br>
2745,Licensed Family,Maum Green Early Care & Learning Centre,47240 Laughington Pl,,Chilliwack,V2R 0J3,49.111725,-121.917401,672-355-3991,,,N,N,N,N,N,N,N,N,N,N,N,N,N,N,N,N,N,,,N,N,N,N,N,N,N,N,N,N,Y,2026-05-16,,N,Y,N,Maum Green Early Care & Learning Centre<br>Licensed Family<br>672-355-3991<br><br>Vacancy:<br>&nbsp;&nbsp;&nbsp;&nbsp;<36 months: N<br>&nbsp;&nbsp;&nbsp;&nbsp;30 months -- 5 years: N<br>&nbsp;&nbsp;&nbsp;&nbsp;Preschool: N<br>&nbsp;&nbsp;&nbsp;&nbsp;Grade 1 - Age 12: Y<br>
2746,Licensed Family,First Steps Daycare,681 Tay Cres,,Prince George,V2M 3V3,53.919078,-122.791408,250-981-2249,,,Y,N,N,N,N,N,Y,Y,N,N,N,N,N,N,N,N,N,Not offered,Not offered,N,N,N,N,N,N,N,N,N,N,N,2026-05-19,,N,Y,N,First Steps Daycare<br>Licensed Family<br>250-981-2249<br><br>Vacancy:<br>&nbsp;&nbsp;&nbsp;&nbsp;<36 months: N<br>&nbsp;&nbsp;&nbsp;&nbsp;30 months -- 5 years: N<br>&nbsp;&nbsp;&nbsp;&nbsp;Preschool: N<br>&nbsp;&nbsp;&nbsp;&nbsp;Grade 1 - Age 12: N<br>
2747,Licensed Group,Jessie Lee ymca Child Care & Kids Club,2124 154 St,,Surrey,V4A 4S3,49.040296,-122.795496,250-960-9336,,,N,N,N,N,N,N,N,N,N,N,N,N,N,N,N,N,N,,,N,N,N,N,N,N,N,N,N,N,N,2026-05-14,,N,Y,N,Jessie Lee ymca Child Care & Kids Club<br>Licensed Group<br>250-960-9336<br><br>Vacancy:<br>&nbsp;&nbsp;&nbsp;&nbsp;<36 months: N<br>&nbsp;&nbsp;&nbsp;&nbsp;30 months -- 5 years: N<br>&nbsp;&nbsp;&nbsp;&nbsp;Preschool: N<br>&nbsp;&nbsp;&nbsp;&nbsp;Grade 1 - Age 12: N<br>
2748,Licensed Group,Little Happy Faces Daycare,1644 Cedar Rd,,Nanaimo,V9X 1L4,49.113971,-123.871969,250-713-6903,,,N,N,N,N,N,N,N,N,N,N,N,N,N,N,N,N,N,,,N,N,N,N,N,N,N,Y,Y,N,N,2026-05-21,,N,Y,N,Little Happy Faces Daycare<br>Licensed Group<br>250-713-6903<br><br>Vacancy:<br>&nbsp;&nbsp;&nbsp;&nbsp;<36 months: Y<br>&nbsp;&nbsp;&nbsp;&nbsp;30 months -- 5 years: Y<br>&nbsp;&nbsp;&nbsp;&nbsp;Preschool: N<br>&nbsp;&nbsp;&nbsp;&nbsp;Grade 1 - Age 12: N<br>
2749,Licensed Group,Lulu Land Infant Toddler Group Daycare,10128 Carter Crt,,Richmond,V6X 3V2,49.179936,-123.111464,778-708-1194,,,,,,,,,,,,,,,,,,,,,,,,,,,,,,,,,,,Y,Y,N,Lulu Land Infant Toddler Group Daycare<br>Licensed Group<br>778-708-1194<br><br>Vacancy:<br>&nbsp;&nbsp;&nbsp;&nbsp;<36 months: None<br>&nbsp;&nbsp;&nbsp;&nbsp;30 months -- 5 years: None<br>&nbsp;&nbsp;&nbsp;&nbsp;Preschool: None<br>&nbsp;&nbsp;&nbsp;&nbsp;Grade 1 - Age 12: None<br>
2750,Licensed Group,Little Legends Academy,1821 Marine Dr,,West Vancouver,V7V 1J7,49.328977,-123.162908,236-323-2009,,,Y,N,N,N,N,N,N,Y,N,N,N,N,N,N,N,N,N,Included in fee,Not offered,N,N,N,N,Y,Y,Y,Y,Y,N,N,2026-05-11,,N,Y,Y,Little Legends Academy<br>Licensed Group<br>236-323-2009<br><br>Vacancy:<br>&nbsp;&nbsp;&nbsp;&nbsp;<36 months: Y<br>&nbsp;&nbsp;&nbsp;&nbsp;30 months -- 5 years: Y<br>&nbsp;&nbsp;&nbsp;&nbsp;Preschool: N<br>&nbsp;&nbsp;&nbsp;&nbsp;Grade 1 - Age 12: N<br>
2751,Licensed Group,Little Legends Academy,1821 Marine Dr,,West Vancouver,V7V 1J7,49.328977,-123.162908,236-323-2009,,,Y,N,N,N,N,N,Y,N,N,N,N,N,N,N,N,N,N,Included in fee,Not offered,N,N,N,N,Y,Y,Y,Y,Y,N,N,2026-05-11,,N,Y,Y,Little Legends Academy<br>Licensed Group<br>236-323-2009<br><br>Vacancy:<br>&nbsp;&nbsp;&nbsp;&nbsp;<36 months: Y<br>&nbsp;&nbsp;&nbsp;&nbsp;30 months -- 5 years: Y<br>&nbsp;&nbsp;&nbsp;&nbsp;Preschool: N<br>&nbsp;&nbsp;&nbsp;&nbsp;Grade 1 - Age 12: N<br>
2752,Licensed Group,"Paragon Kids Inc., Brackendale South",41312 Government Rd,,Squamish,V0N 1H0,49.757178,-123.141052,604-360-6214,,,N,N,N,N,N,N,N,N,N,N,N,N,N,N,N,N,N,,,N,N,N,N,N,N,N,N,N,N,N,2026-05-13,,N,Y,N,"Paragon Kids Inc., Brackendale South<br>Licensed Group<br>604-360-6214<br><br>Vacancy:<br>&nbsp;&nbsp;&nbsp;&nbsp;<36 months: N<br>&nbsp;&nbsp;&nbsp;&nbsp;30 months -- 5 years: N<br>&nbsp;&nbsp;&nbsp;&nbsp;Preschool: N<br>&nbsp;&nbsp;&nbsp;&nbsp;Grade 1 - Age 12: N<br>"
2753,Licensed Family,Everdream Homestead Childcare,1417 Price Rd,,Parksville,V9P 2C8,49.300359,-124.36142,250-586-0919,,,N,N,N,N,N,N,N,N,N,N,N,N,N,N,N,N,N,,,N,N,N,N,N,N,N,Y,N,N,N,2026-05-15,,N,Y,N,Everdream Homestead Childcare<br>Licensed Family<br>250-586-0919<br><br>Vacancy:<br>&nbsp;&nbsp;&nbsp;&nbsp;<36 months: Y<br>&nbsp;&nbsp;&nbsp;&nbsp;30 months -- 5 years: N<br>&nbsp;&nbsp;&nbsp;&nbsp;Preschool: N<br>&nbsp;&nbsp;&nbsp;&nbsp;Grade 1 - Age 12: N<br>
2754,Licensed Group,Christine Sinclair Child Care Centre,3713 Kensington Ave,,Burnaby,V5B 0A7,49.251363,-122.967774,778-300-2660,,,Y,N,N,N,N,N,N,Y,N,N,N,N,N,N,N,N,Y,Not offered,Not offered,N,N,N,N,Y,Y,Y,N,N,N,N,2026-05-14,,N,Y,N,Christine Sinclair Child Care Centre<br>Licensed Group<br>778-300-2660<br><br>Vacancy:<br>&nbsp;&nbsp;&nbsp;&nbsp;<36 months: N<br>&nbsp;&nbsp;&nbsp;&nbsp;30 months -- 5 years: N<br>&nbsp;&nbsp;&nbsp;&nbsp;Preschool: N<br>&nbsp;&nbsp;&nbsp;&nbsp;Grade 1 - Age 12: N<br>
2755,Licensed Group,Little Ladybug Daycare-Langley,20867 44 Ave,,Langley,V3A 5A9,49.082553,-122.645213,604-968-9077,,,N,N,N,N,N,N,N,N,N,N,N,N,N,N,N,N,N,,,N,N,N,N,N,N,N,N,Y,N,N,2026-05-19,,N,Y,N,Little Ladybug Daycare-Langley<br>Licensed Group<br>604-968-9077<br><br>Vacancy:<br>&nbsp;&nbsp;&nbsp;&nbsp;<36 months: N<br>&nbsp;&nbsp;&nbsp;&nbsp;30 months -- 5 years: Y<br>&nbsp;&nbsp;&nbsp;&nbsp;Preschool: N<br>&nbsp;&nbsp;&nbsp;&nbsp;Grade 1 - Age 12: N<br>
2756,Licensed Group,All Bright Early Learning Center Park,2274 Park Crescent,,Coquitlam,V3J 6T4,49.272433,-122.831682,778-316-5360,,,N,N,N,N,N,N,N,N,N,N,N,N,N,N,N,N,N,,,N,N,N,N,N,N,N,Y,N,N,N,2026-05-02,,N,Y,N,All Bright Early Learning Center Park<br>Licensed Group<br>778-316-5360<br><br>Vacancy:<br>&nbsp;&nbsp;&nbsp;&nbsp;<36 months: Y<br>&nbsp;&nbsp;&nbsp;&nbsp;30 months -- 5 years: N<br>&nbsp;&nbsp;&nbsp;&nbsp;Preschool: N<br>&nbsp;&nbsp;&nbsp;&nbsp;Grade 1 - Age 12: N<br>
2757,Licensed Group,Swan Childcare,3604 Tanner St,,Vancouver,V5R 4E8,49.242433,-123.027433,778-706-2000,,,N,N,N,N,N,N,N,N,N,N,N,N,N,N,N,N,N,,,N,N,N,N,N,N,N,N,N,N,N,2026-05-15,,N,Y,N,Swan Childcare<br>Licensed Group<br>778-706-2000<br><br>Vacancy:<br>&nbsp;&nbsp;&nbsp;&nbsp;<36 months: N<br>&nbsp;&nbsp;&nbsp;&nbsp;30 months -- 5 years: N<br>&nbsp;&nbsp;&nbsp;&nbsp;Preschool: N<br>&nbsp;&nbsp;&nbsp;&nbsp;Grade 1 - Age 12: N<br>
2758,Licensed Family,Lo's Littles,3875 Lefran Rd,,Cobble Hill,V0R 1L4,48.702766,-123.560796,250-516-8210,,,N,N,N,N,N,N,N,N,N,N,N,N,N,N,N,N,N,,,N,N,N,N,N,N,N,N,N,N,N,2026-05-15,,N,Y,N,Lo's Littles<br>Licensed Family<br>250-516-8210<br><br>Vacancy:<br>&nbsp;&nbsp;&nbsp;&nbsp;<36 months: N<br>&nbsp;&nbsp;&nbsp;&nbsp;30 months -- 5 years: N<br>&nbsp;&nbsp;&nbsp;&nbsp;Preschool: N<br>&nbsp;&nbsp;&nbsp;&nbsp;Grade 1 - Age 12: N<br>
2759,Licensed Group,Valley Kids Academy Inc.,2900 Cliffe Ave,,Courtenay,V9N 0J1,49.672452,-124.97993,778-533-1566,,,,,,,,,,,,,,,,,,,,,,,,,,,,,,,,,,,Y,N,N,Valley Kids Academy Inc.<br>Licensed Group<br>778-533-1566<br><br>Vacancy:<br>&nbsp;&nbsp;&nbsp;&nbsp;<36 months: None<br>&nbsp;&nbsp;&nbsp;&nbsp;30 months -- 5 years: None<br>&nbsp;&nbsp;&nbsp;&nbsp;Preschool: None<br>&nbsp;&nbsp;&nbsp;&nbsp;Grade 1 - Age 12: None<br>
2760,Licensed Family,Willow Acre Daycare,5191 Whelan Rd,,Kelowna,V1X 7V6,49.9575,-119.364994,250-808-0037,,,N,N,N,N,N,N,N,N,N,N,N,N,N,N,N,N,N,,,N,N,N,N,N,N,N,Y,N,N,N,2026-05-19,,N,Y,N,Willow Acre Daycare<br>Licensed Family<br>250-808-0037<br><br>Vacancy:<br>&nbsp;&nbsp;&nbsp;&nbsp;<36 months: Y<br>&nbsp;&nbsp;&nbsp;&nbsp;30 months -- 5 years: N<br>&nbsp;&nbsp;&nbsp;&nbsp;Preschool: N<br>&nbsp;&nbsp;&nbsp;&nbsp;Grade 1 - Age 12: N<br>
2761,Licensed Group,The Biggest Little Learning Center,14818 60Th Ave Unit 104/105,,Surrey,V3S 1R9,49.111632,-122.811512,604-417-8256,,,N,N,N,N,N,N,N,N,N,N,N,N,N,N,N,N,N,,,N,N,N,N,N,N,N,N,N,N,N,2026-05-19,,N,Y,N,The Biggest Little Learning Center<br>Licensed Group<br>604-417-8256<br><br>Vacancy:<br>&nbsp;&nbsp;&nbsp;&nbsp;<36 months: N<br>&nbsp;&nbsp;&nbsp;&nbsp;30 months -- 5 years: N<br>&nbsp;&nbsp;&nbsp;&nbsp;Preschool: N<br>&nbsp;&nbsp;&nbsp;&nbsp;Grade 1 - Age 12: N<br>
2762,Licensed Group,Presidential Kids Academy Childcare Centre - Mciver,3660 Mciver Rd,,West Kelowna,V4T 1C6,49.830955,-119.665067,778-721-8162,,,N,N,N,N,N,N,N,N,N,N,N,N,N,N,N,N,N,,,N,N,N,N,N,N,N,N,N,N,N,2026-05-20,,N,Y,N,Presidential Kids Academy Childcare Centre - Mciver<br>Licensed Group<br>778-721-8162<br><br>Vacancy:<br>&nbsp;&nbsp;&nbsp;&nbsp;<36 months: N<br>&nbsp;&nbsp;&nbsp;&nbsp;30 months -- 5 years: N<br>&nbsp;&nbsp;&nbsp;&nbsp;Preschool: N<br>&nbsp;&nbsp;&nbsp;&nbsp;Grade 1 - Age 12: N<br>
2763,Licensed Family,Joyful Journey Daycare,1621 Rufus Ave,,North Vancouver,V7L 4J3,49.32323,-123.046558,778-325-1379,,,N,N,N,N,N,N,N,N,N,N,N,N,N,N,N,N,N,,,N,N,N,N,N,N,N,N,N,N,N,2026-04-22,,N,Y,N,Joyful Journey Daycare<br>Licensed Family<br>778-325-1379<br><br>Vacancy:<br>&nbsp;&nbsp;&nbsp;&nbsp;<36 months: N<br>&nbsp;&nbsp;&nbsp;&nbsp;30 months -- 5 years: N<br>&nbsp;&nbsp;&nbsp;&nbsp;Preschool: N<br>&nbsp;&nbsp;&nbsp;&nbsp;Grade 1 - Age 12: N<br>
2764,Licensed Group,Country Bears Child Care Centre Inc,31216 King Rd,,Abbotsford,V2T 6C2,49.030774,-122.359556,778-871-5608,,,Y,N,N,N,N,N,N,Y,N,N,N,N,Y,N,N,N,N,Not offered,Not offered,Y,N,N,N,Y,Y,Y,N,N,Y,N,2026-05-15,,N,Y,N,Country Bears Child Care Centre Inc<br>Licensed Group<br>778-871-5608<br><br>Vacancy:<br>&nbsp;&nbsp;&nbsp;&nbsp;<36 months: N<br>&nbsp;&nbsp;&nbsp;&nbsp;30 months -- 5 years: N<br>&nbsp;&nbsp;&nbsp;&nbsp;Preschool: Y<br>&nbsp;&nbsp;&nbsp;&nbsp;Grade 1 - Age 12: N<br>
2765,Licensed Group,East Village Kids,3198 Georgia St E,,Vancouver,V5K 2L1,49.278235,-123.036266,604-215-0839,,,N,N,N,N,N,N,N,N,N,N,N,N,N,N,N,N,N,,,N,N,N,N,N,N,N,N,N,N,N,2026-04-24,,N,Y,Y,East Village Kids<br>Licensed Group<br>604-215-0839<br><br>Vacancy:<br>&nbsp;&nbsp;&nbsp;&nbsp;<36 months: N<br>&nbsp;&nbsp;&nbsp;&nbsp;30 months -- 5 years: N<br>&nbsp;&nbsp;&nbsp;&nbsp;Preschool: N<br>&nbsp;&nbsp;&nbsp;&nbsp;Grade 1 - Age 12: N<br>
2766,Licensed Group,East Village Kids,3198 Georgia St E,,Vancouver,V5K 2L1,49.278235,-123.036266,604-215-0839,,,N,N,N,N,N,N,N,N,N,N,N,N,N,N,N,N,N,,,N,N,N,N,N,N,N,N,N,N,N,2026-04-24,,N,Y,Y,East Village Kids<br>Licensed Group<br>604-215-0839<br><br>Vacancy:<br>&nbsp;&nbsp;&nbsp;&nbsp;<36 months: N<br>&nbsp;&nbsp;&nbsp;&nbsp;30 months -- 5 years: N<br>&nbsp;&nbsp;&nbsp;&nbsp;Preschool: N<br>&nbsp;&nbsp;&nbsp;&nbsp;Grade 1 - Age 12: N<br>
2767,Licensed Group,Discover Possibilities,3192 Queens Ave,,Vancouver,V5R 4T5,49.242417,-123.03941,604-336-6488,,,N,N,N,N,N,N,N,N,N,N,N,N,N,N,N,N,N,,,N,N,N,N,N,N,N,N,Y,N,N,2026-04-24,,N,Y,N,Discover Possibilities<br>Licensed Group<br>604-336-6488<br><br>Vacancy:<br>&nbsp;&nbsp;&nbsp;&nbsp;<36 months: N<br>&nbsp;&nbsp;&nbsp;&nbsp;30 months -- 5 years: Y<br>&nbsp;&nbsp;&nbsp;&nbsp;Preschool: N<br>&nbsp;&nbsp;&nbsp;&nbsp;Grade 1 - Age 12: N<br>
2768,Licensed Group,Hopes And Dreams Out Of School Childcare,511 Tabor Blvd S,,Prince George,V2M 6W7,53.920244,-122.80794,250-617-4331,,,N,N,N,N,N,N,N,N,N,N,N,N,N,N,N,N,N,,,N,N,N,N,N,N,N,N,N,N,N,2026-05-20,,N,Y,N,Hopes And Dreams Out Of School Childcare<br>Licensed Group<br>250-617-4331<br><br>Vacancy:<br>&nbsp;&nbsp;&nbsp;&nbsp;<36 months: N<br>&nbsp;&nbsp;&nbsp;&nbsp;30 months -- 5 years: N<br>&nbsp;&nbsp;&nbsp;&nbsp;Preschool: N<br>&nbsp;&nbsp;&nbsp;&nbsp;Grade 1 - Age 12: N<br>
2769,Licensed Group,Ilm - Happyvale,1640A & 1640B Happyvale Ave,,Kamloops,V2C 4B8,50.698762,-120.386288,250-585-7898,,,N,N,N,N,N,N,N,N,N,N,N,N,N,N,N,N,N,,,N,N,N,N,N,N,N,Y,Y,N,Y,2026-05-15,,N,Y,N,Ilm - Happyvale<br>Licensed Group<br>250-585-7898<br><br>Vacancy:<br>&nbsp;&nbsp;&nbsp;&nbsp;<36 months: Y<br>&nbsp;&nbsp;&nbsp;&nbsp;30 months -- 5 years: Y<br>&nbsp;&nbsp;&nbsp;&nbsp;Preschool: N<br>&nbsp;&nbsp;&nbsp;&nbsp;Grade 1 - Age 12: Y<br>
2770,Licensed Group,Ilm - Windbreakers,2060 Pala Mesa Pl,,Kamloops,V2B 4J2,50.699858,-120.403074,250-585-7898,,,N,N,N,N,N,N,N,N,N,N,N,N,N,N,N,N,N,,,N,N,N,N,N,N,N,Y,N,N,N,2026-05-15,,N,Y,N,Ilm - Windbreakers<br>Licensed Group<br>250-585-7898<br><br>Vacancy:<br>&nbsp;&nbsp;&nbsp;&nbsp;<36 months: Y<br>&nbsp;&nbsp;&nbsp;&nbsp;30 months -- 5 years: N<br>&nbsp;&nbsp;&nbsp;&nbsp;Preschool: N<br>&nbsp;&nbsp;&nbsp;&nbsp;Grade 1 - Age 12: N<br>
2771,Licensed Group,Early Steps Academy Queens Park,601 Queens Ave,,New Westminster,V3M 1L1,49.207258,-122.913252,604-779-6541,,,N,N,N,N,N,N,N,N,N,N,N,N,N,N,N,N,N,,,N,N,N,N,N,N,N,N,N,N,N,2026-05-18,,N,Y,N,Early Steps Academy Queens Park<br>Licensed Group<br>604-779-6541<br><br>Vacancy:<br>&nbsp;&nbsp;&nbsp;&nbsp;<36 months: N<br>&nbsp;&nbsp;&nbsp;&nbsp;30 months -- 5 years: N<br>&nbsp;&nbsp;&nbsp;&nbsp;Preschool: N<br>&nbsp;&nbsp;&nbsp;&nbsp;Grade 1 - Age 12: N<br>
2772,Licensed Group,Little Elephant Montessori Centre,8150 211 St,,Langley,V2Y 0E4,49.150545,-122.63758,778-998-7053,,,N,N,N,N,N,N,N,N,N,N,N,N,N,N,N,N,N,,,N,N,N,N,N,N,N,Y,Y,N,N,2026-05-15,,N,Y,N,Little Elephant Montessori Centre<br>Licensed Group<br>778-998-7053<br><br>Vacancy:<br>&nbsp;&nbsp;&nbsp;&nbsp;<36 months: Y<br>&nbsp;&nbsp;&nbsp;&nbsp;30 months -- 5 years: Y<br>&nbsp;&nbsp;&nbsp;&nbsp;Preschool: N<br>&nbsp;&nbsp;&nbsp;&nbsp;Grade 1 - Age 12: N<br>
2773,Licensed Group,Play Garden Infant And Toddler Centre,1572 Regan Ave,,Coquitlam,V3J 3B8,49.261345,-122.85019,778-798-8162,,,N,N,N,N,N,N,N,N,N,N,N,N,N,N,N,N,N,,,N,N,N,N,N,N,N,Y,N,N,N,2026-05-15,,N,Y,N,Play Garden Infant And Toddler Centre<br>Licensed Group<br>778-798-8162<br><br>Vacancy:<br>&nbsp;&nbsp;&nbsp;&nbsp;<36 months: Y<br>&nbsp;&nbsp;&nbsp;&nbsp;30 months -- 5 years: N<br>&nbsp;&nbsp;&nbsp;&nbsp;Preschool: N<br>&nbsp;&nbsp;&nbsp;&nbsp;Grade 1 - Age 12: N<br>
2774,Licensed Group,Cheery Star Daycare Center,10307 158A St,,Surrey,V4N 2M5,49.189847,-122.783153,778-385-3529,,,N,N,N,N,N,N,N,N,N,N,N,N,N,N,N,N,N,,,N,N,N,N,N,N,N,N,N,N,N,2026-05-19,,N,Y,N,Cheery Star Daycare Center<br>Licensed Group<br>778-385-3529<br><br>Vacancy:<br>&nbsp;&nbsp;&nbsp;&nbsp;<36 months: N<br>&nbsp;&nbsp;&nbsp;&nbsp;30 months -- 5 years: N<br>&nbsp;&nbsp;&nbsp;&nbsp;Preschool: N<br>&nbsp;&nbsp;&nbsp;&nbsp;Grade 1 - Age 12: N<br>
2775,Licensed Group,Nik Kids Academy,622 Schoolhouse St,,Coquitlam,V3J 5P7,49.25548,-122.852649,778-885-3264,,,N,N,N,N,N,N,N,N,N,N,N,N,N,N,N,N,N,,,N,N,N,N,N,N,N,Y,N,N,N,2026-05-15,,N,Y,N,Nik Kids Academy<br>Licensed Group<br>778-885-3264<br><br>Vacancy:<br>&nbsp;&nbsp;&nbsp;&nbsp;<36 months: Y<br>&nbsp;&nbsp;&nbsp;&nbsp;30 months -- 5 years: N<br>&nbsp;&nbsp;&nbsp;&nbsp;Preschool: N<br>&nbsp;&nbsp;&nbsp;&nbsp;Grade 1 - Age 12: N<br>
2776,Licensed Family,Parkside Kids,2315 Camosun Cres,,Port mcneill,V0N 2R0,50.581502,-127.076732,250-315-9711,,,N,N,N,N,N,N,N,N,N,N,N,N,N,N,N,N,N,,,N,N,N,N,N,N,N,N,Y,N,Y,2026-05-19,,N,Y,N,Parkside Kids<br>Licensed Family<br>250-315-9711<br><br>Vacancy:<br>&nbsp;&nbsp;&nbsp;&nbsp;<36 months: N<br>&nbsp;&nbsp;&nbsp;&nbsp;30 months -- 5 years: Y<br>&nbsp;&nbsp;&nbsp;&nbsp;Preschool: N<br>&nbsp;&nbsp;&nbsp;&nbsp;Grade 1 - Age 12: Y<br>
2777,Licensed Group,4 Pillar Early Learning Centre,5110 Manson Ave,,Powell River,V8A 3P1,49.854348,-124.510399,778-636-4717,,,N,N,N,N,N,N,N,N,N,N,N,N,N,N,N,N,N,,,N,N,N,N,N,N,N,N,N,N,N,2026-05-15,,N,Y,N,4 Pillar Early Learning Centre<br>Licensed Group<br>778-636-4717<br><br>Vacancy:<br>&nbsp;&nbsp;&nbsp;&nbsp;<36 months: N<br>&nbsp;&nbsp;&nbsp;&nbsp;30 months -- 5 years: N<br>&nbsp;&nbsp;&nbsp;&nbsp;Preschool: N<br>&nbsp;&nbsp;&nbsp;&nbsp;Grade 1 - Age 12: N<br>
2778,Licensed Group,Abc Montessori Children's Centre,3629 Fraser St,,Vancouver,V5V 4C7,49.252191,-123.090416,604-727-2891,,,N,N,N,N,N,N,N,N,N,N,N,N,N,N,N,N,N,,,N,N,N,N,N,N,N,N,N,N,N,2026-05-15,,N,Y,N,Abc Montessori Children's Centre<br>Licensed Group<br>604-727-2891<br><br>Vacancy:<br>&nbsp;&nbsp;&nbsp;&nbsp;<36 months: N<br>&nbsp;&nbsp;&nbsp;&nbsp;30 months -- 5 years: N<br>&nbsp;&nbsp;&nbsp;&nbsp;Preschool: N<br>&nbsp;&nbsp;&nbsp;&nbsp;Grade 1 - Age 12: N<br>
2779,Licensed Group,Apple Island Childcare,7487 Holly St,,Burnaby,V5E 2C3,49.223025,-122.947456,604-721-7488,,,N,N,N,N,N,N,N,N,N,N,N,N,N,N,N,N,N,,,N,N,N,N,N,N,N,N,N,N,N,2026-05-13,,N,Y,N,Apple Island Childcare<br>Licensed Group<br>604-721-7488<br><br>Vacancy:<br>&nbsp;&nbsp;&nbsp;&nbsp;<36 months: N<br>&nbsp;&nbsp;&nbsp;&nbsp;30 months -- 5 years: N<br>&nbsp;&nbsp;&nbsp;&nbsp;Preschool: N<br>&nbsp;&nbsp;&nbsp;&nbsp;Grade 1 - Age 12: N<br>
2780,Licensed Group,Kinder Years Childcare,2264 Gordon Ave,,West Vancouver,V7V 1W3,49.332605,-123.173169,604-921-2375,,,N,N,N,N,N,N,N,N,N,N,N,N,N,N,N,N,N,,,N,N,N,N,N,N,N,N,N,N,N,2026-05-10,,N,Y,N,Kinder Years Childcare<br>Licensed Group<br>604-921-2375<br><br>Vacancy:<br>&nbsp;&nbsp;&nbsp;&nbsp;<36 months: N<br>&nbsp;&nbsp;&nbsp;&nbsp;30 months -- 5 years: N<br>&nbsp;&nbsp;&nbsp;&nbsp;Preschool: N<br>&nbsp;&nbsp;&nbsp;&nbsp;Grade 1 - Age 12: N<br>
2781,Licensed Group,Marpole Nghbrhd House Child Care And Early Learning Centre,1338 67Th Ave W,,Vancouver,V6P 2T4,49.210237,-123.136351,604-628-5663,,,N,N,N,N,N,N,N,N,N,N,N,N,N,N,N,N,N,Not offered,Not offered,N,N,N,N,N,N,N,N,N,N,N,2026-04-08,,N,Y,Y,Marpole Nghbrhd House Child Care And Early Learning Centre<br>Licensed Group<br>604-628-5663<br><br>Vacancy:<br>&nbsp;&nbsp;&nbsp;&nbsp;<36 months: N<br>&nbsp;&nbsp;&nbsp;&nbsp;30 months -- 5 years: N<br>&nbsp;&nbsp;&nbsp;&nbsp;Preschool: N<br>&nbsp;&nbsp;&nbsp;&nbsp;Grade 1 - Age 12: N<br>
2782,Licensed Group,Marpole Nghbrhd House Child Care And Early Learning Centre,1338 67Th Ave W,,Vancouver,V6P 2T4,49.210237,-123.136351,604-628-5663,,,N,N,N,N,N,N,N,N,N,N,N,N,N,N,N,N,N,Not offered,Not offered,N,N,N,N,N,N,N,N,N,N,N,2026-04-08,,N,Y,Y,Marpole Nghbrhd House Child Care And Early Learning Centre<br>Licensed Group<br>604-628-5663<br><br>Vacancy:<br>&nbsp;&nbsp;&nbsp;&nbsp;<36 months: N<br>&nbsp;&nbsp;&nbsp;&nbsp;30 months -- 5 years: N<br>&nbsp;&nbsp;&nbsp;&nbsp;Preschool: N<br>&nbsp;&nbsp;&nbsp;&nbsp;Grade 1 - Age 12: N<br>
2783,Licensed Group,Marpole Nghbrhd House Child Care And Early Learning Centre,1338 67Th Ave W,,Vancouver,V6P 2T4,49.210237,-123.136351,604-628-5663,,,N,N,N,N,N,N,N,N,N,N,N,N,N,N,N,N,N,Not offered,Not offered,N,N,N,N,N,N,N,N,N,N,Y,2026-04-08,,N,Y,Y,Marpole Nghbrhd House Child Care And Early Learning Centre<br>Licensed Group<br>604-628-5663<br><br>Vacancy:<br>&nbsp;&nbsp;&nbsp;&nbsp;<36 months: N<br>&nbsp;&nbsp;&nbsp;&nbsp;30 months -- 5 years: N<br>&nbsp;&nbsp;&nbsp;&nbsp;Preschool: N<br>&nbsp;&nbsp;&nbsp;&nbsp;Grade 1 - Age 12: Y<br>
2784,Licensed Group,Willowbrook Montessori Daycare - Latimer Campus,8157 198A Street,,Langley,V2Y 1Y6,49.151166,-122.673794,604-753-7276,,,N,N,N,N,N,N,N,N,N,N,N,N,N,N,N,N,N,,,N,N,N,N,N,N,N,N,N,N,N,2026-05-15,,N,Y,N,Willowbrook Montessori Daycare - Latimer Campus<br>Licensed Group<br>604-753-7276<br><br>Vacancy:<br>&nbsp;&nbsp;&nbsp;&nbsp;<36 months: N<br>&nbsp;&nbsp;&nbsp;&nbsp;30 months -- 5 years: N<br>&nbsp;&nbsp;&nbsp;&nbsp;Preschool: N<br>&nbsp;&nbsp;&nbsp;&nbsp;Grade 1 - Age 12: N<br>
2785,Licensed Family,Little Leopards Early Learning,6210 134 St,,Surrey,V3X 1L8,49.115559,-122.850895,778-957-8517,,,N,N,N,N,N,N,N,N,N,N,N,N,N,N,N,N,N,,,N,N,N,N,N,N,N,N,N,N,N,2026-05-01,,N,Y,N,Little Leopards Early Learning<br>Licensed Family<br>778-957-8517<br><br>Vacancy:<br>&nbsp;&nbsp;&nbsp;&nbsp;<36 months: N<br>&nbsp;&nbsp;&nbsp;&nbsp;30 months -- 5 years: N<br>&nbsp;&nbsp;&nbsp;&nbsp;Preschool: N<br>&nbsp;&nbsp;&nbsp;&nbsp;Grade 1 - Age 12: N<br>
2786,Licensed Group,Taryn's Ohana Academy Ltd.,2325 Central Ave,,Victoria,V8S 2S2,48.416341,-123.312135,604-928-9939,,,N,N,N,N,N,N,N,N,N,N,N,N,N,N,N,N,N,,,N,N,N,N,N,N,N,N,N,N,N,2026-04-23,,N,Y,N,Taryn's Ohana Academy Ltd.<br>Licensed Group<br>604-928-9939<br><br>Vacancy:<br>&nbsp;&nbsp;&nbsp;&nbsp;<36 months: N<br>&nbsp;&nbsp;&nbsp;&nbsp;30 months -- 5 years: N<br>&nbsp;&nbsp;&nbsp;&nbsp;Preschool: N<br>&nbsp;&nbsp;&nbsp;&nbsp;Grade 1 - Age 12: N<br>
2787,Licensed Family,Blooming Kids Daycare,14025 60 Ave,,Surrey,V3X 2N2,49.112008,-122.833386,778-231-5947,,,N,N,N,N,N,N,N,N,N,N,N,N,N,N,N,N,N,,,N,N,N,N,N,N,N,N,N,N,N,2026-05-16,,N,Y,N,Blooming Kids Daycare<br>Licensed Family<br>778-231-5947<br><br>Vacancy:<br>&nbsp;&nbsp;&nbsp;&nbsp;<36 months: N<br>&nbsp;&nbsp;&nbsp;&nbsp;30 months -- 5 years: N<br>&nbsp;&nbsp;&nbsp;&nbsp;Preschool: N<br>&nbsp;&nbsp;&nbsp;&nbsp;Grade 1 - Age 12: N<br>
2788,Licensed Group,Taylin Childcare - North Surrey,13388 104Th Ave,,Surrey,V3T 1V6,49.191491,-122.851593,604-349-4066,,,N,N,N,N,N,N,N,N,N,N,N,N,N,N,N,N,N,,,N,N,N,N,N,N,N,N,N,N,N,2026-05-15,,N,Y,N,Taylin Childcare - North Surrey<br>Licensed Group<br>604-349-4066<br><br>Vacancy:<br>&nbsp;&nbsp;&nbsp;&nbsp;<36 months: N<br>&nbsp;&nbsp;&nbsp;&nbsp;30 months -- 5 years: N<br>&nbsp;&nbsp;&nbsp;&nbsp;Preschool: N<br>&nbsp;&nbsp;&nbsp;&nbsp;Grade 1 - Age 12: N<br>
2789,Licensed Group,Cavell Group Childcare (School Age),500 20Th Ave W,,Vancouver,V5Z 1X7,49.252882,-123.117142,604-257-8134,,,N,N,N,N,N,N,N,N,N,N,N,N,N,N,N,N,N,,,N,N,N,N,N,N,N,N,N,N,N,2026-04-23,,N,Y,N,Cavell Group Childcare (School Age)<br>Licensed Group<br>604-257-8134<br><br>Vacancy:<br>&nbsp;&nbsp;&nbsp;&nbsp;<36 months: N<br>&nbsp;&nbsp;&nbsp;&nbsp;30 months -- 5 years: N<br>&nbsp;&nbsp;&nbsp;&nbsp;Preschool: N<br>&nbsp;&nbsp;&nbsp;&nbsp;Grade 1 - Age 12: N<br>
2790,Licensed Group,Watch Me Grow Childcare,2412 164 St,,Surrey,V3Z 0M8,49.045952,-122.767713,778-513-0888,,,N,N,N,N,N,N,N,N,N,N,N,N,N,N,N,N,N,,,N,N,N,N,N,N,N,N,N,N,N,2026-05-19,,N,Y,N,Watch Me Grow Childcare<br>Licensed Group<br>778-513-0888<br><br>Vacancy:<br>&nbsp;&nbsp;&nbsp;&nbsp;<36 months: N<br>&nbsp;&nbsp;&nbsp;&nbsp;30 months -- 5 years: N<br>&nbsp;&nbsp;&nbsp;&nbsp;Preschool: N<br>&nbsp;&nbsp;&nbsp;&nbsp;Grade 1 - Age 12: N<br>
2791,Licensed Family,Mommy Goose Child Care,1335 160A St,,Surrey,V4A 7T7,49.026152,-122.778204,778-926-1708,www.wecarekids.ca,,N,N,N,N,N,N,N,N,N,N,N,N,N,N,N,N,N,,,N,N,N,N,N,N,N,N,N,N,N,2026-04-30,,N,Y,N,Mommy Goose Child Care<br>Licensed Family<br>778-926-1708<br><br>Vacancy:<br>&nbsp;&nbsp;&nbsp;&nbsp;<36 months: N<br>&nbsp;&nbsp;&nbsp;&nbsp;30 months -- 5 years: N<br>&nbsp;&nbsp;&nbsp;&nbsp;Preschool: N<br>&nbsp;&nbsp;&nbsp;&nbsp;Grade 1 - Age 12: N<br>
2792,Licensed Group,"Beanstalk Daycare, The",6537 Iron St,,Chilliwack,V2R 0Z8,49.120958,-121.953394,604-845-1050,,,N,N,N,N,N,N,N,N,N,N,N,N,N,N,N,N,N,,,N,N,N,N,N,N,N,N,N,N,N,2026-05-15,,N,Y,N,"Beanstalk Daycare, The<br>Licensed Group<br>604-845-1050<br><br>Vacancy:<br>&nbsp;&nbsp;&nbsp;&nbsp;<36 months: N<br>&nbsp;&nbsp;&nbsp;&nbsp;30 months -- 5 years: N<br>&nbsp;&nbsp;&nbsp;&nbsp;Preschool: N<br>&nbsp;&nbsp;&nbsp;&nbsp;Grade 1 - Age 12: N<br>"
2793,Licensed Group,Little Diamonds Multi-Age Childcare,1144 Maplewood Cres,,North Vancouver,V7P 1H9,49.318296,-123.116992,778-929-0370,,,N,N,N,N,N,N,N,N,N,N,N,N,N,N,N,N,N,,,N,N,N,N,N,N,N,Y,Y,N,N,2026-05-01,,N,Y,N,Little Diamonds Multi-Age Childcare<br>Licensed Group<br>778-929-0370<br><br>Vacancy:<br>&nbsp;&nbsp;&nbsp;&nbsp;<36 months: Y<br>&nbsp;&nbsp;&nbsp;&nbsp;30 months -- 5 years: Y<br>&nbsp;&nbsp;&nbsp;&nbsp;Preschool: N<br>&nbsp;&nbsp;&nbsp;&nbsp;Grade 1 - Age 12: N<br>
2794,Licensed Family,Care And Fun Childcare,31883 Mayne Ave,,Abbotsford,V2T 4W9,49.063413,-122.341144,604-832-0375,,,N,N,N,N,N,N,N,N,N,N,N,N,N,N,N,N,N,,,N,N,N,N,N,N,N,N,N,N,N,2026-04-22,,N,Y,N,Care And Fun Childcare<br>Licensed Family<br>604-832-0375<br><br>Vacancy:<br>&nbsp;&nbsp;&nbsp;&nbsp;<36 months: N<br>&nbsp;&nbsp;&nbsp;&nbsp;30 months -- 5 years: N<br>&nbsp;&nbsp;&nbsp;&nbsp;Preschool: N<br>&nbsp;&nbsp;&nbsp;&nbsp;Grade 1 - Age 12: N<br>
2795,Licensed Group,Little Sparrows Academy Corporation,8049 Gilley Ave,,Burnaby,V5J 4Y6,49.210654,-122.972614,778-865-7198,,,N,N,N,N,N,N,N,N,N,N,N,N,N,N,N,N,N,,,N,N,N,N,N,N,N,N,N,N,N,2026-05-12,,N,Y,N,Little Sparrows Academy Corporation<br>Licensed Group<br>778-865-7198<br><br>Vacancy:<br>&nbsp;&nbsp;&nbsp;&nbsp;<36 months: N<br>&nbsp;&nbsp;&nbsp;&nbsp;30 months -- 5 years: N<br>&nbsp;&nbsp;&nbsp;&nbsp;Preschool: N<br>&nbsp;&nbsp;&nbsp;&nbsp;Grade 1 - Age 12: N<br>
2796,Licensed Family,Cromie Home Daycare,4929 44 Ave,,Delta,V4K 1B9,49.083153,-123.086908,778-836-0672,,,N,N,N,N,N,N,N,N,N,N,N,N,N,N,N,N,N,,,N,N,N,N,N,N,N,N,Y,N,N,2026-05-20,,N,Y,N,Cromie Home Daycare<br>Licensed Family<br>778-836-0672<br><br>Vacancy:<br>&nbsp;&nbsp;&nbsp;&nbsp;<36 months: N<br>&nbsp;&nbsp;&nbsp;&nbsp;30 months -- 5 years: Y<br>&nbsp;&nbsp;&nbsp;&nbsp;Preschool: N<br>&nbsp;&nbsp;&nbsp;&nbsp;Grade 1 - Age 12: N<br>
2797,Licensed Group,Coast To Coast Educare - Klo Campus,205-595 K.L.O. Rd,,Kelowna,V1Y 8E7,49.861754,-119.489996,778-940-1963,,,N,N,N,N,N,N,N,N,N,N,N,N,N,N,N,N,N,,,N,N,N,N,N,N,N,Y,Y,N,N,2026-05-08,,N,Y,N,Coast To Coast Educare - Klo Campus<br>Licensed Group<br>778-940-1963<br><br>Vacancy:<br>&nbsp;&nbsp;&nbsp;&nbsp;<36 months: Y<br>&nbsp;&nbsp;&nbsp;&nbsp;30 months -- 5 years: Y<br>&nbsp;&nbsp;&nbsp;&nbsp;Preschool: N<br>&nbsp;&nbsp;&nbsp;&nbsp;Grade 1 - Age 12: N<br>
2798,Licensed Family,Riverview Childcare Ltd,2762 Cultus Crt,,Coquitlam,V3C 5A8,49.25129,-122.807575,604-716-6642,,,N,N,N,N,N,N,N,N,N,N,N,N,N,N,N,N,N,,,N,N,N,N,N,N,N,Y,Y,N,N,2026-05-17,,N,Y,N,Riverview Childcare Ltd<br>Licensed Family<br>604-716-6642<br><br>Vacancy:<br>&nbsp;&nbsp;&nbsp;&nbsp;<36 months: Y<br>&nbsp;&nbsp;&nbsp;&nbsp;30 months -- 5 years: Y<br>&nbsp;&nbsp;&nbsp;&nbsp;Preschool: N<br>&nbsp;&nbsp;&nbsp;&nbsp;Grade 1 - Age 12: N<br>
2799,Licensed Group,Parasol - Early Years Learning - 6,1800 Tranquille Rd,,Kamloops,V2B 3L9,50.700142,-120.39474,250-299-3682,,,N,N,N,N,N,N,N,N,N,N,N,N,N,N,N,N,N,,,N,N,N,N,N,N,N,N,N,N,N,2026-04-18,,N,Y,N,Parasol - Early Years Learning - 6<br>Licensed Group<br>250-299-3682<br><br>Vacancy:<br>&nbsp;&nbsp;&nbsp;&nbsp;<36 months: N<br>&nbsp;&nbsp;&nbsp;&nbsp;30 months -- 5 years: N<br>&nbsp;&nbsp;&nbsp;&nbsp;Preschool: N<br>&nbsp;&nbsp;&nbsp;&nbsp;Grade 1 - Age 12: N<br>
2800,Licensed Group,Cherry Blossom Childcare Downtown,932 Balmoral Road,,Victoria,V8T 1A8,48.429202,-123.357984,250-889-7515,,,N,N,N,N,N,N,N,N,N,N,N,N,N,N,N,N,N,,,N,N,N,N,N,N,N,Y,N,N,N,2026-05-21,,N,Y,N,Cherry Blossom Childcare Downtown<br>Licensed Group<br>250-889-7515<br><br>Vacancy:<br>&nbsp;&nbsp;&nbsp;&nbsp;<36 months: Y<br>&nbsp;&nbsp;&nbsp;&nbsp;30 months -- 5 years: N<br>&nbsp;&nbsp;&nbsp;&nbsp;Preschool: N<br>&nbsp;&nbsp;&nbsp;&nbsp;Grade 1 - Age 12: N<br>
2801,Licensed Family,Happy Kids Castle Daycare,605 Dansey Ave,,Coquitlam,V3K 3E9,49.24749,-122.88621,672-963-2024,,,N,N,N,N,N,N,N,N,N,N,N,N,N,N,N,N,N,,,N,N,N,N,N,N,N,N,N,N,N,2026-05-13,,N,Y,N,Happy Kids Castle Daycare<br>Licensed Family<br>672-963-2024<br><br>Vacancy:<br>&nbsp;&nbsp;&nbsp;&nbsp;<36 months: N<br>&nbsp;&nbsp;&nbsp;&nbsp;30 months -- 5 years: N<br>&nbsp;&nbsp;&nbsp;&nbsp;Preschool: N<br>&nbsp;&nbsp;&nbsp;&nbsp;Grade 1 - Age 12: N<br>
2802,Licensed Group,Avant Life Early Learning Centre Squamish,38647 Buckley Ave,,Squamish,V8B 0A3,49.709148,-123.154141,778-340-9044,,,N,N,N,N,N,N,N,N,N,N,N,N,N,N,N,N,N,,,N,N,N,N,N,N,N,N,Y,N,N,2026-05-04,,N,Y,N,Avant Life Early Learning Centre Squamish<br>Licensed Group<br>778-340-9044<br><br>Vacancy:<br>&nbsp;&nbsp;&nbsp;&nbsp;<36 months: N<br>&nbsp;&nbsp;&nbsp;&nbsp;30 months -- 5 years: Y<br>&nbsp;&nbsp;&nbsp;&nbsp;Preschool: N<br>&nbsp;&nbsp;&nbsp;&nbsp;Grade 1 - Age 12: N<br>
2803,Licensed Group,Aurostar Montessori Children Centre (Delta),11040 River Rd,,Delta,V4C 2S2,49.170392,-122.914521,236-868-3450,,,N,N,N,N,N,N,N,N,N,N,N,N,N,N,N,N,N,,,N,N,N,N,N,N,N,Y,Y,N,N,2026-04-30,,N,Y,N,Aurostar Montessori Children Centre (Delta)<br>Licensed Group<br>236-868-3450<br><br>Vacancy:<br>&nbsp;&nbsp;&nbsp;&nbsp;<36 months: Y<br>&nbsp;&nbsp;&nbsp;&nbsp;30 months -- 5 years: Y<br>&nbsp;&nbsp;&nbsp;&nbsp;Preschool: N<br>&nbsp;&nbsp;&nbsp;&nbsp;Grade 1 - Age 12: N<br>
2804,Licensed Group,Happy Foot Infant And Toddler Centre,1621 Deep Cove Rd,,North Vancouver,V7G 1S4,49.321243,-122.953901,604-969-1184,,,N,N,N,N,N,N,N,N,N,N,N,N,N,N,N,N,N,,,N,N,N,N,N,N,N,N,N,N,N,2026-05-04,,N,Y,N,Happy Foot Infant And Toddler Centre<br>Licensed Group<br>604-969-1184<br><br>Vacancy:<br>&nbsp;&nbsp;&nbsp;&nbsp;<36 months: N<br>&nbsp;&nbsp;&nbsp;&nbsp;30 months -- 5 years: N<br>&nbsp;&nbsp;&nbsp;&nbsp;Preschool: N<br>&nbsp;&nbsp;&nbsp;&nbsp;Grade 1 - Age 12: N<br>
2805,Licensed Family,Rising Buds Child Care Centre,15424 99A Ave,,Surrey,V3R 9H4,49.183217,-122.794681,778-680-7474,,,Y,N,N,N,N,N,Y,Y,N,Y,Y,N,N,N,N,N,N,Not offered,Not offered,N,N,N,N,N,Y,Y,N,N,N,N,2026-05-16,,N,Y,N,Rising Buds Child Care Centre<br>Licensed Family<br>778-680-7474<br><br>Vacancy:<br>&nbsp;&nbsp;&nbsp;&nbsp;<36 months: N<br>&nbsp;&nbsp;&nbsp;&nbsp;30 months -- 5 years: N<br>&nbsp;&nbsp;&nbsp;&nbsp;Preschool: N<br>&nbsp;&nbsp;&nbsp;&nbsp;Grade 1 - Age 12: N<br>
2806,Licensed Group,Leq'á:Mel Iwesáwtxw Childcare Centre,62 Moq'wem Pl,,Deroche,V0M 1G0,49.208388,-122.026292,604-832-3041,,,N,N,N,N,N,N,N,N,N,N,N,N,N,N,N,N,N,,,N,N,N,N,N,N,N,N,Y,N,Y,2026-04-20,,N,Y,N,Leq'á:Mel Iwesáwtxw Childcare Centre<br>Licensed Group<br>604-832-3041<br><br>Vacancy:<br>&nbsp;&nbsp;&nbsp;&nbsp;<36 months: N<br>&nbsp;&nbsp;&nbsp;&nbsp;30 months -- 5 years: Y<br>&nbsp;&nbsp;&nbsp;&nbsp;Preschool: N<br>&nbsp;&nbsp;&nbsp;&nbsp;Grade 1 - Age 12: Y<br>
2807,Licensed Family,Playmates Childcare,4755 Marineview Cres,,North Vancouver,V7R 3P4,49.355768,-123.091959,604-780-1893,,,N,N,N,N,N,N,N,N,N,N,N,N,N,N,N,N,N,,,N,N,N,N,N,N,N,N,Y,N,N,2026-04-16,,N,Y,N,Playmates Childcare<br>Licensed Family<br>604-780-1893<br><br>Vacancy:<br>&nbsp;&nbsp;&nbsp;&nbsp;<36 months: N<br>&nbsp;&nbsp;&nbsp;&nbsp;30 months -- 5 years: Y<br>&nbsp;&nbsp;&nbsp;&nbsp;Preschool: N<br>&nbsp;&nbsp;&nbsp;&nbsp;Grade 1 - Age 12: N<br>
2808,Licensed Family,Happy Days Family Daycare,12323 231B St,,Maple Ridge,V2X 1X8,49.226086,-122.580328,604-704-5331,,,N,N,N,N,N,N,N,N,N,N,N,N,N,N,N,N,N,,,N,N,N,N,N,N,N,N,Y,N,Y,2026-04-26,,N,Y,N,Happy Days Family Daycare<br>Licensed Family<br>604-704-5331<br><br>Vacancy:<br>&nbsp;&nbsp;&nbsp;&nbsp;<36 months: N<br>&nbsp;&nbsp;&nbsp;&nbsp;30 months -- 5 years: Y<br>&nbsp;&nbsp;&nbsp;&nbsp;Preschool: N<br>&nbsp;&nbsp;&nbsp;&nbsp;Grade 1 - Age 12: Y<br>
2809,Licensed Group,Acklen Academy,7194 Vedder Rd,,Chilliwack,V2R 4E3,49.133361,-121.95954,604-846-6078,,,N,N,N,N,N,N,N,N,N,N,N,N,N,N,N,N,N,,,N,N,N,N,N,N,N,N,N,N,N,2026-05-17,,N,Y,N,Acklen Academy<br>Licensed Group<br>604-846-6078<br><br>Vacancy:<br>&nbsp;&nbsp;&nbsp;&nbsp;<36 months: N<br>&nbsp;&nbsp;&nbsp;&nbsp;30 months -- 5 years: N<br>&nbsp;&nbsp;&nbsp;&nbsp;Preschool: N<br>&nbsp;&nbsp;&nbsp;&nbsp;Grade 1 - Age 12: N<br>
2810,Licensed Family,Eve's Licensed Flexible 24/7 Family Day Care,434 Solaz Pl,,Gibsons,V0N 1V5,49.398596,-123.548267,604-886-9783,,,N,N,N,N,N,N,N,N,N,N,N,N,N,N,N,N,N,Not offered,Not offered,N,N,N,N,N,N,N,N,N,N,N,2026-05-21,,N,Y,N,Eve's Licensed Flexible 24/7 Family Day Care<br>Licensed Family<br>604-886-9783<br><br>Vacancy:<br>&nbsp;&nbsp;&nbsp;&nbsp;<36 months: N<br>&nbsp;&nbsp;&nbsp;&nbsp;30 months -- 5 years: N<br>&nbsp;&nbsp;&nbsp;&nbsp;Preschool: N<br>&nbsp;&nbsp;&nbsp;&nbsp;Grade 1 - Age 12: N<br>
2811,Licensed Group,Growing Steps Children Centre Chilliwack,46212 Maple Ave,,Chilliwack,V2P 2J4,49.172292,-121.945369,778-387-1787,,,N,N,N,N,N,N,N,N,N,N,N,N,N,N,N,N,N,,,N,N,N,N,N,N,N,N,Y,Y,Y,2026-05-15,,N,Y,N,Growing Steps Children Centre Chilliwack<br>Licensed Group<br>778-387-1787<br><br>Vacancy:<br>&nbsp;&nbsp;&nbsp;&nbsp;<36 months: N<br>&nbsp;&nbsp;&nbsp;&nbsp;30 months -- 5 years: Y<br>&nbsp;&nbsp;&nbsp;&nbsp;Preschool: Y<br>&nbsp;&nbsp;&nbsp;&nbsp;Grade 1 - Age 12: Y<br>
2812,Licensed Group,Lakepoint Childcare And Learning Centre Inc.,205-1331 Westhills Dr,,Langford,V9B 0S2,48.446275,-123.534203,604-710-8125,,,N,N,N,N,N,N,N,N,N,N,N,N,N,N,N,N,N,,,N,N,N,N,N,N,N,N,N,N,Y,2026-04-25,,N,Y,N,Lakepoint Childcare And Learning Centre Inc.<br>Licensed Group<br>604-710-8125<br><br>Vacancy:<br>&nbsp;&nbsp;&nbsp;&nbsp;<36 months: N<br>&nbsp;&nbsp;&nbsp;&nbsp;30 months -- 5 years: N<br>&nbsp;&nbsp;&nbsp;&nbsp;Preschool: N<br>&nbsp;&nbsp;&nbsp;&nbsp;Grade 1 - Age 12: Y<br>
2813,Licensed Group,Bubby's Early Learning Childcare,2410 Malaview Ave,,Sidney,V8L 2G3,48.657382,-123.400045,204-396-4842,,,N,N,N,N,N,N,N,N,N,N,N,N,N,N,N,N,N,,,N,N,N,N,N,N,N,N,N,N,N,2026-05-19,,N,Y,N,Bubby's Early Learning Childcare<br>Licensed Group<br>204-396-4842<br><br>Vacancy:<br>&nbsp;&nbsp;&nbsp;&nbsp;<36 months: N<br>&nbsp;&nbsp;&nbsp;&nbsp;30 months -- 5 years: N<br>&nbsp;&nbsp;&nbsp;&nbsp;Preschool: N<br>&nbsp;&nbsp;&nbsp;&nbsp;Grade 1 - Age 12: N<br>
2814,Licensed Group,Mission Stars Childcare Centre (Hurd St),7381 Hurd St,,Mission,V2V 3H8,49.136133,-122.332984,778-246-1539,,,N,N,N,N,N,N,N,N,N,N,N,N,N,N,N,N,N,,,N,N,N,N,N,N,N,Y,Y,N,N,2026-05-16,,N,Y,N,Mission Stars Childcare Centre (Hurd St)<br>Licensed Group<br>778-246-1539<br><br>Vacancy:<br>&nbsp;&nbsp;&nbsp;&nbsp;<36 months: Y<br>&nbsp;&nbsp;&nbsp;&nbsp;30 months -- 5 years: Y<br>&nbsp;&nbsp;&nbsp;&nbsp;Preschool: N<br>&nbsp;&nbsp;&nbsp;&nbsp;Grade 1 - Age 12: N<br>
2815,Licensed Family,Nurturing Hearts Daycare Ltd,8436 Jack Cres,,Mission,V2V 0G2,49.155678,-122.249162,778-239-5900,,,N,N,N,N,N,N,N,N,N,N,N,N,N,N,N,N,N,,,N,N,N,N,N,N,N,N,N,N,N,2026-05-01,,N,Y,N,Nurturing Hearts Daycare Ltd<br>Licensed Family<br>778-239-5900<br><br>Vacancy:<br>&nbsp;&nbsp;&nbsp;&nbsp;<36 months: N<br>&nbsp;&nbsp;&nbsp;&nbsp;30 months -- 5 years: N<br>&nbsp;&nbsp;&nbsp;&nbsp;Preschool: N<br>&nbsp;&nbsp;&nbsp;&nbsp;Grade 1 - Age 12: N<br>
2816,Licensed Group,A Miracle Childcare,6655 Georgia St,,Burnaby,V5B 1V9,49.278864,-122.966773,672-513-2463,,,Y,N,N,N,N,N,Y,N,N,N,N,N,N,Y,N,N,N,Included in fee,Not offered,N,N,N,N,N,Y,Y,N,N,N,N,2026-05-15,,N,Y,N,A Miracle Childcare<br>Licensed Group<br>672-513-2463<br><br>Vacancy:<br>&nbsp;&nbsp;&nbsp;&nbsp;<36 months: N<br>&nbsp;&nbsp;&nbsp;&nbsp;30 months -- 5 years: N<br>&nbsp;&nbsp;&nbsp;&nbsp;Preschool: N<br>&nbsp;&nbsp;&nbsp;&nbsp;Grade 1 - Age 12: N<br>
2817,Licensed Group,The Gathering Place Early Years Center Ltd.,875 Hollydell Rd,,Kelowna,V1X 1L6,49.884659,-119.403675,250-863-6565,,,N,N,N,N,N,N,N,N,N,N,N,N,N,N,N,N,N,,,N,N,N,N,N,N,N,N,Y,N,N,2026-05-20,,N,Y,N,The Gathering Place Early Years Center Ltd.<br>Licensed Group<br>250-863-6565<br><br>Vacancy:<br>&nbsp;&nbsp;&nbsp;&nbsp;<36 months: N<br>&nbsp;&nbsp;&nbsp;&nbsp;30 months -- 5 years: Y<br>&nbsp;&nbsp;&nbsp;&nbsp;Preschool: N<br>&nbsp;&nbsp;&nbsp;&nbsp;Grade 1 - Age 12: N<br>
2818,Licensed Group,Little Nest Child Learning Centre,2561 168 St,,Surrey,V3Z 0X3,49.04863,-122.757283,778-814-1800,,,N,N,N,N,N,N,N,N,N,N,N,N,N,N,N,N,N,,,N,N,N,N,N,N,N,Y,Y,N,N,2026-05-20,,N,Y,N,Little Nest Child Learning Centre<br>Licensed Group<br>778-814-1800<br><br>Vacancy:<br>&nbsp;&nbsp;&nbsp;&nbsp;<36 months: Y<br>&nbsp;&nbsp;&nbsp;&nbsp;30 months -- 5 years: Y<br>&nbsp;&nbsp;&nbsp;&nbsp;Preschool: N<br>&nbsp;&nbsp;&nbsp;&nbsp;Grade 1 - Age 12: N<br>
2819,Licensed Family,Excellence Children's Academy,3209 197 St,,Langley,V3A 0N9,49.060441,-122.677835,604-825-5512,,,N,N,N,N,N,N,N,N,N,N,N,N,N,N,N,N,N,,,N,N,N,N,N,N,N,N,N,N,N,2026-05-14,,N,Y,N,Excellence Children's Academy<br>Licensed Family<br>604-825-5512<br><br>Vacancy:<br>&nbsp;&nbsp;&nbsp;&nbsp;<36 months: N<br>&nbsp;&nbsp;&nbsp;&nbsp;30 months -- 5 years: N<br>&nbsp;&nbsp;&nbsp;&nbsp;Preschool: N<br>&nbsp;&nbsp;&nbsp;&nbsp;Grade 1 - Age 12: N<br>
2820,Licensed Group,Super Genius Daycare Fernwood,1340 Balmoral Rd,,Victoria,V8R 1L7,48.427955,-123.343144,250-634-1174,,,N,N,N,N,N,N,N,N,N,N,N,N,N,N,N,N,N,,,N,N,N,N,N,N,N,N,N,N,N,2026-04-11,,N,Y,N,Super Genius Daycare Fernwood<br>Licensed Group<br>250-634-1174<br><br>Vacancy:<br>&nbsp;&nbsp;&nbsp;&nbsp;<36 months: N<br>&nbsp;&nbsp;&nbsp;&nbsp;30 months -- 5 years: N<br>&nbsp;&nbsp;&nbsp;&nbsp;Preschool: N<br>&nbsp;&nbsp;&nbsp;&nbsp;Grade 1 - Age 12: N<br>
2821,Licensed Group,Laugh And Learn Children Centre Branch Iii,6596 Evans Rd.,,Chilliwack,V2R 1K8,49.122108,-121.977062,604-726-8295,,,N,N,N,N,N,N,N,N,N,N,N,N,N,N,N,N,N,,,N,N,N,N,N,N,N,Y,Y,N,N,2026-05-13,,N,Y,N,Laugh And Learn Children Centre Branch Iii<br>Licensed Group<br>604-726-8295<br><br>Vacancy:<br>&nbsp;&nbsp;&nbsp;&nbsp;<36 months: Y<br>&nbsp;&nbsp;&nbsp;&nbsp;30 months -- 5 years: Y<br>&nbsp;&nbsp;&nbsp;&nbsp;Preschool: N<br>&nbsp;&nbsp;&nbsp;&nbsp;Grade 1 - Age 12: N<br>
2822,Licensed Family,Tiger Ma - Baby Fox,6177 Parkwood Dr,,Nanaimo,V9T 6C8,49.229834,-124.034291,250-797-7688,,,N,N,N,N,N,N,N,N,N,N,N,N,N,N,N,N,N,,,N,N,N,N,N,N,N,Y,Y,N,Y,2026-05-21,,N,Y,N,Tiger Ma - Baby Fox<br>Licensed Family<br>250-797-7688<br><br>Vacancy:<br>&nbsp;&nbsp;&nbsp;&nbsp;<36 months: Y<br>&nbsp;&nbsp;&nbsp;&nbsp;30 months -- 5 years: Y<br>&nbsp;&nbsp;&nbsp;&nbsp;Preschool: N<br>&nbsp;&nbsp;&nbsp;&nbsp;Grade 1 - Age 12: Y<br>
2823,Licensed Group,Tender Love & Care Daycare #2,204-9288 120 St,,Surrey,V3V 4B8,49.172018,-122.889648,604-728-0752,,,N,N,N,N,N,N,N,N,N,N,N,N,N,N,N,N,N,,,N,N,N,N,N,N,N,N,N,N,N,2026-05-03,,N,Y,N,Tender Love & Care Daycare #2<br>Licensed Group<br>604-728-0752<br><br>Vacancy:<br>&nbsp;&nbsp;&nbsp;&nbsp;<36 months: N<br>&nbsp;&nbsp;&nbsp;&nbsp;30 months -- 5 years: N<br>&nbsp;&nbsp;&nbsp;&nbsp;Preschool: N<br>&nbsp;&nbsp;&nbsp;&nbsp;Grade 1 - Age 12: N<br>
2824,Licensed Family,Sunview Early Learning Centre,2058 Sunview Dr,,West Kelowna,V1Z 3X6,49.879991,-119.562425,250-299-4587,,,N,N,N,N,N,N,N,N,N,N,N,N,N,N,N,N,N,,,N,N,N,N,N,N,N,N,N,N,N,2026-05-01,,N,Y,N,Sunview Early Learning Centre<br>Licensed Family<br>250-299-4587<br><br>Vacancy:<br>&nbsp;&nbsp;&nbsp;&nbsp;<36 months: N<br>&nbsp;&nbsp;&nbsp;&nbsp;30 months -- 5 years: N<br>&nbsp;&nbsp;&nbsp;&nbsp;Preschool: N<br>&nbsp;&nbsp;&nbsp;&nbsp;Grade 1 - Age 12: N<br>
2825,Licensed Group,Kidsrus Early Learning Center Munroe,7728 Munroe Cres,,Vancouver,V5S 3J9,49.214452,-123.040132,604-767-0439,,,N,N,N,N,N,N,N,N,N,N,N,N,N,N,N,N,N,,,N,N,N,N,N,N,N,N,N,N,N,2026-05-18,,N,Y,N,Kidsrus Early Learning Center Munroe<br>Licensed Group<br>604-767-0439<br><br>Vacancy:<br>&nbsp;&nbsp;&nbsp;&nbsp;<36 months: N<br>&nbsp;&nbsp;&nbsp;&nbsp;30 months -- 5 years: N<br>&nbsp;&nbsp;&nbsp;&nbsp;Preschool: N<br>&nbsp;&nbsp;&nbsp;&nbsp;Grade 1 - Age 12: N<br>
2826,Licensed Group,The Big Playhouse Ontario,7721 Ontario St,,Vancouver,V5X 3C6,49.214834,-123.106755,604-690-0439,,,N,N,N,N,N,N,N,N,N,N,N,N,N,N,N,N,N,,,N,N,N,N,N,N,N,N,N,N,N,2026-05-15,,N,Y,N,The Big Playhouse Ontario<br>Licensed Group<br>604-690-0439<br><br>Vacancy:<br>&nbsp;&nbsp;&nbsp;&nbsp;<36 months: N<br>&nbsp;&nbsp;&nbsp;&nbsp;30 months -- 5 years: N<br>&nbsp;&nbsp;&nbsp;&nbsp;Preschool: N<br>&nbsp;&nbsp;&nbsp;&nbsp;Grade 1 - Age 12: N<br>
2827,Licensed Group,Coast Salish ymca Kids Club And Child Care,3538 Sheffeild Ave,,Coquitlam,V3E 3H1,49.29729,-122.73863,250-960-9336,,,N,N,N,N,N,N,N,N,N,N,N,N,N,N,N,N,N,,,N,N,N,N,N,N,N,N,N,N,N,2026-05-14,,N,Y,N,Coast Salish ymca Kids Club And Child Care<br>Licensed Group<br>250-960-9336<br><br>Vacancy:<br>&nbsp;&nbsp;&nbsp;&nbsp;<36 months: N<br>&nbsp;&nbsp;&nbsp;&nbsp;30 months -- 5 years: N<br>&nbsp;&nbsp;&nbsp;&nbsp;Preschool: N<br>&nbsp;&nbsp;&nbsp;&nbsp;Grade 1 - Age 12: N<br>
2828,Licensed Group,Douglas ymca Kids Club,2150 Brigadoon Ave,,Vancouver,V5P 3Z7,49.216047,-123.064656,250-960-9336,,,N,N,N,N,N,N,N,N,N,N,N,N,N,N,N,N,N,,,N,N,N,N,N,N,N,N,N,N,N,2026-05-14,,N,Y,N,Douglas ymca Kids Club<br>Licensed Group<br>250-960-9336<br><br>Vacancy:<br>&nbsp;&nbsp;&nbsp;&nbsp;<36 months: N<br>&nbsp;&nbsp;&nbsp;&nbsp;30 months -- 5 years: N<br>&nbsp;&nbsp;&nbsp;&nbsp;Preschool: N<br>&nbsp;&nbsp;&nbsp;&nbsp;Grade 1 - Age 12: N<br>
2829,Licensed Family,Littleversity Daycare,2936 Wickham Dr,,Coquitlam,V3C 4R9,49.263693,-122.80139,778-238-6729,,,N,N,N,N,N,N,N,N,N,N,N,N,N,N,N,N,N,,,N,N,N,N,N,N,N,N,N,N,N,2026-05-19,,N,Y,N,Littleversity Daycare<br>Licensed Family<br>778-238-6729<br><br>Vacancy:<br>&nbsp;&nbsp;&nbsp;&nbsp;<36 months: N<br>&nbsp;&nbsp;&nbsp;&nbsp;30 months -- 5 years: N<br>&nbsp;&nbsp;&nbsp;&nbsp;Preschool: N<br>&nbsp;&nbsp;&nbsp;&nbsp;Grade 1 - Age 12: N<br>
2830,Licensed Family,Precious Childhood Daycare,10145 158 St,,Surrey,V4N 4V8,49.186892,-122.784372,604-720-3666,,,N,N,N,N,N,N,N,N,N,N,N,N,N,N,N,N,N,,,N,N,N,N,N,N,N,Y,Y,N,N,2026-04-18,,N,Y,N,Precious Childhood Daycare<br>Licensed Family<br>604-720-3666<br><br>Vacancy:<br>&nbsp;&nbsp;&nbsp;&nbsp;<36 months: Y<br>&nbsp;&nbsp;&nbsp;&nbsp;30 months -- 5 years: Y<br>&nbsp;&nbsp;&nbsp;&nbsp;Preschool: N<br>&nbsp;&nbsp;&nbsp;&nbsp;Grade 1 - Age 12: N<br>
2831,Licensed Group,View Royal Childcare @ Strathmore,2773 Strathmore Road,,Langford,V9B 3X4,48.450549,-123.503027,236-470-5202,,,N,N,N,N,N,N,N,N,N,N,N,N,N,N,N,N,N,,,N,N,N,N,N,N,N,N,N,N,N,2026-05-05,,N,Y,N,View Royal Childcare @ Strathmore<br>Licensed Group<br>236-470-5202<br><br>Vacancy:<br>&nbsp;&nbsp;&nbsp;&nbsp;<36 months: N<br>&nbsp;&nbsp;&nbsp;&nbsp;30 months -- 5 years: N<br>&nbsp;&nbsp;&nbsp;&nbsp;Preschool: N<br>&nbsp;&nbsp;&nbsp;&nbsp;Grade 1 - Age 12: N<br>
2832,Licensed Group,Charming Child Daycare Center,10046 156 St,,Surrey,V3R 4L5,49.185252,-122.789493,604-889-5736,,,N,N,N,N,N,Y,Y,N,N,N,N,N,N,N,N,N,Y,Included in fee,Extra fee,N,N,N,N,N,Y,Y,N,N,N,N,2026-05-15,,N,Y,N,Charming Child Daycare Center<br>Licensed Group<br>604-889-5736<br><br>Vacancy:<br>&nbsp;&nbsp;&nbsp;&nbsp;<36 months: N<br>&nbsp;&nbsp;&nbsp;&nbsp;30 months -- 5 years: N<br>&nbsp;&nbsp;&nbsp;&nbsp;Preschool: N<br>&nbsp;&nbsp;&nbsp;&nbsp;Grade 1 - Age 12: N<br>
2833,Licensed Group,Alphabet Zoo Early Learning Centre (Fulton),3322 Fulton Rd,,Victoria,V9C 2T9,48.42528,-123.50506,250-893-0146,,,N,N,N,N,N,N,N,N,N,N,N,N,N,N,N,N,N,,,N,N,N,N,N,N,N,N,N,N,N,2026-05-17,,N,Y,N,Alphabet Zoo Early Learning Centre (Fulton)<br>Licensed Group<br>250-893-0146<br><br>Vacancy:<br>&nbsp;&nbsp;&nbsp;&nbsp;<36 months: N<br>&nbsp;&nbsp;&nbsp;&nbsp;30 months -- 5 years: N<br>&nbsp;&nbsp;&nbsp;&nbsp;Preschool: N<br>&nbsp;&nbsp;&nbsp;&nbsp;Grade 1 - Age 12: N<br>
2834,Licensed Family,Freedom To Grow Childcare Center Inc.,3354 Crescent St,,Cumberland,V0R 1S0,49.623687,-125.029254,250-336-0202,,,N,N,N,N,N,N,N,N,N,N,N,N,N,N,N,N,N,,,N,N,N,N,N,N,N,N,N,N,N,2026-05-21,,N,Y,N,Freedom To Grow Childcare Center Inc.<br>Licensed Family<br>250-336-0202<br><br>Vacancy:<br>&nbsp;&nbsp;&nbsp;&nbsp;<36 months: N<br>&nbsp;&nbsp;&nbsp;&nbsp;30 months -- 5 years: N<br>&nbsp;&nbsp;&nbsp;&nbsp;Preschool: N<br>&nbsp;&nbsp;&nbsp;&nbsp;Grade 1 - Age 12: N<br>
2835,Licensed Group,Sunny Hills Montessori Infant And Toddlers,249 Seymour Street,,Kamloops,V2C 2E7,50.674444,-120.335465,250-377-0775,,,N,N,N,N,N,N,N,N,N,N,N,N,N,N,N,N,N,,,N,N,N,N,N,N,N,N,N,N,N,2026-05-15,,N,Y,N,Sunny Hills Montessori Infant And Toddlers<br>Licensed Group<br>250-377-0775<br><br>Vacancy:<br>&nbsp;&nbsp;&nbsp;&nbsp;<36 months: N<br>&nbsp;&nbsp;&nbsp;&nbsp;30 months -- 5 years: N<br>&nbsp;&nbsp;&nbsp;&nbsp;Preschool: N<br>&nbsp;&nbsp;&nbsp;&nbsp;Grade 1 - Age 12: N<br>
2836,Licensed Family,Sunny Smiles Daycare,14690 81A Ave,,Surrey,V3S 9Y3,49.150229,-122.815308,778-683-7991,,,N,N,N,N,N,N,N,N,N,N,N,N,N,N,N,N,N,,,N,N,N,N,N,N,N,Y,N,N,Y,2026-05-15,,N,Y,N,Sunny Smiles Daycare<br>Licensed Family<br>778-683-7991<br><br>Vacancy:<br>&nbsp;&nbsp;&nbsp;&nbsp;<36 months: Y<br>&nbsp;&nbsp;&nbsp;&nbsp;30 months -- 5 years: N<br>&nbsp;&nbsp;&nbsp;&nbsp;Preschool: N<br>&nbsp;&nbsp;&nbsp;&nbsp;Grade 1 - Age 12: Y<br>
2837,Licensed Group,Sunshine Before & After School Care,980 East 13Th Street,,North Vancouver,V7L 2N2,49.32028,-123.046388,604-987-8229,,,N,N,N,N,N,N,N,N,N,N,N,N,N,N,N,N,N,,,N,N,N,N,N,N,N,N,N,N,N,2026-05-15,,N,Y,N,Sunshine Before & After School Care<br>Licensed Group<br>604-987-8229<br><br>Vacancy:<br>&nbsp;&nbsp;&nbsp;&nbsp;<36 months: N<br>&nbsp;&nbsp;&nbsp;&nbsp;30 months -- 5 years: N<br>&nbsp;&nbsp;&nbsp;&nbsp;Preschool: N<br>&nbsp;&nbsp;&nbsp;&nbsp;Grade 1 - Age 12: N<br>
2838,Licensed Group,Leapin Lizard's Daycares Inc. Camelot,1471 Allison Street,,Penticton,V2A 3X5,49.485274,-119.556612,250-460-2383,,,N,N,N,N,N,N,N,N,N,N,N,N,N,N,N,N,N,,,N,N,N,N,N,N,N,N,N,N,N,2026-05-20,,N,Y,N,Leapin Lizard's Daycares Inc. Camelot<br>Licensed Group<br>250-460-2383<br><br>Vacancy:<br>&nbsp;&nbsp;&nbsp;&nbsp;<36 months: N<br>&nbsp;&nbsp;&nbsp;&nbsp;30 months -- 5 years: N<br>&nbsp;&nbsp;&nbsp;&nbsp;Preschool: N<br>&nbsp;&nbsp;&nbsp;&nbsp;Grade 1 - Age 12: N<br>
2839,Licensed Group,"Learning Circle Ocean Park Campus, The",12761 16 Ave,,Surrey,V4A 1N2,49.031463,-122.868413,604-245-7733,,,N,N,N,N,N,N,N,N,N,N,N,N,N,N,N,N,N,,,N,N,N,N,N,N,N,Y,Y,Y,Y,2026-05-14,,N,Y,N,"Learning Circle Ocean Park Campus, The<br>Licensed Group<br>604-245-7733<br><br>Vacancy:<br>&nbsp;&nbsp;&nbsp;&nbsp;<36 months: Y<br>&nbsp;&nbsp;&nbsp;&nbsp;30 months -- 5 years: Y<br>&nbsp;&nbsp;&nbsp;&nbsp;Preschool: Y<br>&nbsp;&nbsp;&nbsp;&nbsp;Grade 1 - Age 12: Y<br>"
2840,Licensed Group,Maple Treasure Children's Learning Centre,21176 117 Ave,,Maple Ridge,V2X 2H2,49.214864,-122.634322,778-839-6757,,,N,N,N,N,N,N,N,N,N,N,N,N,N,N,N,N,N,,,N,N,N,N,N,N,N,Y,N,N,N,2026-05-20,,N,Y,N,Maple Treasure Children's Learning Centre<br>Licensed Group<br>778-839-6757<br><br>Vacancy:<br>&nbsp;&nbsp;&nbsp;&nbsp;<36 months: Y<br>&nbsp;&nbsp;&nbsp;&nbsp;30 months -- 5 years: N<br>&nbsp;&nbsp;&nbsp;&nbsp;Preschool: N<br>&nbsp;&nbsp;&nbsp;&nbsp;Grade 1 - Age 12: N<br>
2841,Licensed Group,Dynamic Kids Centre School Age,715 Uplands Crt,,Kamloops,V2C 6M8,50.662083,-120.191449,236-313-4746,,,N,N,N,N,N,N,N,N,N,N,N,N,N,N,N,N,N,,,N,N,N,N,N,N,N,N,N,N,N,2026-05-18,,N,Y,N,Dynamic Kids Centre School Age<br>Licensed Group<br>236-313-4746<br><br>Vacancy:<br>&nbsp;&nbsp;&nbsp;&nbsp;<36 months: N<br>&nbsp;&nbsp;&nbsp;&nbsp;30 months -- 5 years: N<br>&nbsp;&nbsp;&nbsp;&nbsp;Preschool: N<br>&nbsp;&nbsp;&nbsp;&nbsp;Grade 1 - Age 12: N<br>
2842,Licensed Group,Kiddo Town Childcare Ltd,14881 59 Ave,,Surrey,V3S 4S6,49.110024,-122.809856,780-246-1450,,,N,N,N,N,N,N,N,N,N,N,N,N,N,N,N,N,N,,,N,N,N,N,N,N,N,N,N,N,N,2026-04-21,,N,Y,N,Kiddo Town Childcare Ltd<br>Licensed Group<br>780-246-1450<br><br>Vacancy:<br>&nbsp;&nbsp;&nbsp;&nbsp;<36 months: N<br>&nbsp;&nbsp;&nbsp;&nbsp;30 months -- 5 years: N<br>&nbsp;&nbsp;&nbsp;&nbsp;Preschool: N<br>&nbsp;&nbsp;&nbsp;&nbsp;Grade 1 - Age 12: N<br>
2843,Licensed Family,Alia's Childcare Centre,7412 Crawford Dr,,Delta,V4C 6X6,49.137739,-122.917015,778-879-3735,,,N,N,N,N,N,N,N,N,N,N,N,N,N,N,N,N,N,,,N,N,N,N,N,N,N,N,Y,N,Y,2026-05-20,,N,Y,N,Alia's Childcare Centre<br>Licensed Family<br>778-879-3735<br><br>Vacancy:<br>&nbsp;&nbsp;&nbsp;&nbsp;<36 months: N<br>&nbsp;&nbsp;&nbsp;&nbsp;30 months -- 5 years: Y<br>&nbsp;&nbsp;&nbsp;&nbsp;Preschool: N<br>&nbsp;&nbsp;&nbsp;&nbsp;Grade 1 - Age 12: Y<br>
2844,Licensed Family,Little Bright Minds Daycare,32858 7Th Ave,,Mission,V2V 2C4,49.139904,-122.314632,236-332-7497,,,N,N,N,N,N,N,N,N,N,N,N,N,N,N,N,N,N,,,N,N,N,N,N,N,N,Y,N,N,Y,2026-05-03,,N,Y,N,Little Bright Minds Daycare<br>Licensed Family<br>236-332-7497<br><br>Vacancy:<br>&nbsp;&nbsp;&nbsp;&nbsp;<36 months: Y<br>&nbsp;&nbsp;&nbsp;&nbsp;30 months -- 5 years: N<br>&nbsp;&nbsp;&nbsp;&nbsp;Preschool: N<br>&nbsp;&nbsp;&nbsp;&nbsp;Grade 1 - Age 12: Y<br>
2845,Licensed Family,Country Estate Childcare,246 Country Estate Pl,,Vernon,V1B 2V3,50.240322,-119.273354,250-641-0421,,,N,N,N,N,N,N,N,N,N,N,N,N,N,N,N,N,N,,,N,N,N,N,N,N,N,N,Y,N,N,2026-05-15,,N,Y,N,Country Estate Childcare<br>Licensed Family<br>250-641-0421<br><br>Vacancy:<br>&nbsp;&nbsp;&nbsp;&nbsp;<36 months: N<br>&nbsp;&nbsp;&nbsp;&nbsp;30 months -- 5 years: Y<br>&nbsp;&nbsp;&nbsp;&nbsp;Preschool: N<br>&nbsp;&nbsp;&nbsp;&nbsp;Grade 1 - Age 12: N<br>
2846,Licensed Group,Ic Early Learning Center (Morley),7726 Morley St,,Burnaby,V5E 2K5,49.230786,-122.948565,604-500-5559,,,N,N,N,N,N,N,N,N,N,N,N,N,N,N,N,N,N,,,N,N,N,N,N,N,N,N,N,N,N,2026-05-20,,N,Y,N,Ic Early Learning Center (Morley)<br>Licensed Group<br>604-500-5559<br><br>Vacancy:<br>&nbsp;&nbsp;&nbsp;&nbsp;<36 months: N<br>&nbsp;&nbsp;&nbsp;&nbsp;30 months -- 5 years: N<br>&nbsp;&nbsp;&nbsp;&nbsp;Preschool: N<br>&nbsp;&nbsp;&nbsp;&nbsp;Grade 1 - Age 12: N<br>
2847,Licensed Group,Abc Lilypad Kids,2960 Okanagan Avenue Se,,Salmon Arm,V1E 2T1,50.699153,-119.252309,250-832-0779,,,N,N,N,N,N,N,N,N,N,N,N,N,N,N,N,N,N,,,N,N,N,N,N,N,N,Y,Y,N,Y,2026-05-01,,N,Y,N,Abc Lilypad Kids<br>Licensed Group<br>250-832-0779<br><br>Vacancy:<br>&nbsp;&nbsp;&nbsp;&nbsp;<36 months: Y<br>&nbsp;&nbsp;&nbsp;&nbsp;30 months -- 5 years: Y<br>&nbsp;&nbsp;&nbsp;&nbsp;Preschool: N<br>&nbsp;&nbsp;&nbsp;&nbsp;Grade 1 - Age 12: Y<br>
2848,Licensed Group,Clever Cub Childcare,5850 Barnacle Street,,Sechelt,V0N 3A0,49.471603,-123.765855,778-708-1165,,,N,N,N,N,N,N,N,N,N,N,N,N,N,N,N,N,N,,,N,N,N,N,N,N,N,N,N,N,N,2026-05-18,,N,Y,N,Clever Cub Childcare<br>Licensed Group<br>778-708-1165<br><br>Vacancy:<br>&nbsp;&nbsp;&nbsp;&nbsp;<36 months: N<br>&nbsp;&nbsp;&nbsp;&nbsp;30 months -- 5 years: N<br>&nbsp;&nbsp;&nbsp;&nbsp;Preschool: N<br>&nbsp;&nbsp;&nbsp;&nbsp;Grade 1 - Age 12: N<br>
2849,Licensed Family,Little Hearts And Hands,756 Serengeti Ave,,Campbell River,V9W 7X2,49.991309,-125.243655,250-850-9128,,,Y,N,N,N,N,N,Y,Y,N,N,N,N,N,N,N,N,N,Not offered,Not offered,N,N,N,N,Y,N,Y,N,N,N,N,2026-05-12,,N,Y,N,Little Hearts And Hands<br>Licensed Family<br>250-850-9128<br><br>Vacancy:<br>&nbsp;&nbsp;&nbsp;&nbsp;<36 months: N<br>&nbsp;&nbsp;&nbsp;&nbsp;30 months -- 5 years: N<br>&nbsp;&nbsp;&nbsp;&nbsp;Preschool: N<br>&nbsp;&nbsp;&nbsp;&nbsp;Grade 1 - Age 12: N<br>
2850,Licensed Family,Giggles & Dimples Daycare Ltd,5973 150 St,,Surrey,V3S 3T3,49.111112,-122.806768,604-561-0409,,,Y,N,N,N,N,N,Y,Y,N,Y,N,N,Y,N,N,N,Y,Not offered,Not offered,N,N,N,N,N,N,Y,Y,Y,N,Y,2026-05-15,,N,Y,N,Giggles & Dimples Daycare Ltd<br>Licensed Family<br>604-561-0409<br><br>Vacancy:<br>&nbsp;&nbsp;&nbsp;&nbsp;<36 months: Y<br>&nbsp;&nbsp;&nbsp;&nbsp;30 months -- 5 years: Y<br>&nbsp;&nbsp;&nbsp;&nbsp;Preschool: N<br>&nbsp;&nbsp;&nbsp;&nbsp;Grade 1 - Age 12: Y<br>
2851,Licensed Group,Angels Playhouse Daycare Society (Rochester Ave),722 Rochester Ave,,Coquitlam,V3K 2V8,49.245102,-122.880891,604-809-3868,,,N,N,N,N,N,N,N,N,N,N,N,N,N,N,N,N,N,,,N,N,N,N,N,N,N,Y,N,N,N,2026-05-18,,N,Y,N,Angels Playhouse Daycare Society (Rochester Ave)<br>Licensed Group<br>604-809-3868<br><br>Vacancy:<br>&nbsp;&nbsp;&nbsp;&nbsp;<36 months: Y<br>&nbsp;&nbsp;&nbsp;&nbsp;30 months -- 5 years: N<br>&nbsp;&nbsp;&nbsp;&nbsp;Preschool: N<br>&nbsp;&nbsp;&nbsp;&nbsp;Grade 1 - Age 12: N<br>
2852,Licensed Group,Nelson Community Preschool,570 Johnstone Rd,,Nelson,V1L 6J2,49.51125,-117.289544,250-352-0526,,,N,N,N,N,N,N,N,N,N,N,N,N,N,N,N,N,N,,,N,N,N,N,N,N,N,N,N,N,N,2026-05-04,,N,Y,N,Nelson Community Preschool<br>Licensed Group<br>250-352-0526<br><br>Vacancy:<br>&nbsp;&nbsp;&nbsp;&nbsp;<36 months: N<br>&nbsp;&nbsp;&nbsp;&nbsp;30 months -- 5 years: N<br>&nbsp;&nbsp;&nbsp;&nbsp;Preschool: N<br>&nbsp;&nbsp;&nbsp;&nbsp;Grade 1 - Age 12: N<br>
2853,Licensed Family,"Fun Zone Learning And Childcare Ltd, The",8262 Bowyer Dr,,Mission,V2V 6V9,49.152238,-122.312078,778-240-5306,,,N,N,N,N,N,N,N,N,N,N,N,N,N,N,N,N,N,Extra fee,Extra fee,N,N,N,N,N,N,N,Y,Y,N,Y,2026-05-19,,N,Y,N,"Fun Zone Learning And Childcare Ltd, The<br>Licensed Family<br>778-240-5306<br><br>Vacancy:<br>&nbsp;&nbsp;&nbsp;&nbsp;<36 months: Y<br>&nbsp;&nbsp;&nbsp;&nbsp;30 months -- 5 years: Y<br>&nbsp;&nbsp;&nbsp;&nbsp;Preschool: N<br>&nbsp;&nbsp;&nbsp;&nbsp;Grade 1 - Age 12: Y<br>"
2854,Licensed Family,Belfi's Child Care,1487 Southview St,,Coquitlam,V3E 0E3,49.304308,-122.753506,604-861-4020,,,N,N,N,N,N,N,N,N,N,N,N,N,N,N,N,N,N,,,N,N,N,N,N,N,N,Y,Y,N,N,2026-05-14,,N,Y,N,Belfi's Child Care<br>Licensed Family<br>604-861-4020<br><br>Vacancy:<br>&nbsp;&nbsp;&nbsp;&nbsp;<36 months: Y<br>&nbsp;&nbsp;&nbsp;&nbsp;30 months -- 5 years: Y<br>&nbsp;&nbsp;&nbsp;&nbsp;Preschool: N<br>&nbsp;&nbsp;&nbsp;&nbsp;Grade 1 - Age 12: N<br>
2855,Licensed Family,Mind Nest In-Home Multi-Age Childcare,915B Roderick Ave,,Coquitlam,V3K 1P9,49.238203,-122.870712,672-337-2599,,,N,N,N,N,N,N,N,N,N,N,N,N,N,N,N,N,N,,,N,N,N,N,N,N,N,Y,Y,N,Y,2026-05-05,,N,Y,N,Mind Nest In-Home Multi-Age Childcare<br>Licensed Family<br>672-337-2599<br><br>Vacancy:<br>&nbsp;&nbsp;&nbsp;&nbsp;<36 months: Y<br>&nbsp;&nbsp;&nbsp;&nbsp;30 months -- 5 years: Y<br>&nbsp;&nbsp;&nbsp;&nbsp;Preschool: N<br>&nbsp;&nbsp;&nbsp;&nbsp;Grade 1 - Age 12: Y<br>
2856,Licensed Group,Angels Land Academy,1054 Prospect Ave,,North Vancouver,V7R 2M7,49.359264,-123.102092,236-888-2363,,,Y,N,N,N,N,N,Y,N,N,N,N,N,N,N,Y,N,N,Extra fee,Extra fee,N,N,N,N,N,N,N,Y,N,N,N,2026-05-15,,N,Y,N,Angels Land Academy<br>Licensed Group<br>236-888-2363<br><br>Vacancy:<br>&nbsp;&nbsp;&nbsp;&nbsp;<36 months: Y<br>&nbsp;&nbsp;&nbsp;&nbsp;30 months -- 5 years: N<br>&nbsp;&nbsp;&nbsp;&nbsp;Preschool: N<br>&nbsp;&nbsp;&nbsp;&nbsp;Grade 1 - Age 12: N<br>
2857,Licensed Group,Peach Blossom Childcare Centre,1528 Bond St,,North Vancouver,V7J 1E7,49.307267,-123.031362,604-990-1261,,,N,N,N,N,N,N,N,N,N,N,N,N,N,N,N,N,N,,,N,N,N,N,N,N,N,N,N,N,N,2026-05-19,,N,Y,N,Peach Blossom Childcare Centre<br>Licensed Group<br>604-990-1261<br><br>Vacancy:<br>&nbsp;&nbsp;&nbsp;&nbsp;<36 months: N<br>&nbsp;&nbsp;&nbsp;&nbsp;30 months -- 5 years: N<br>&nbsp;&nbsp;&nbsp;&nbsp;Preschool: N<br>&nbsp;&nbsp;&nbsp;&nbsp;Grade 1 - Age 12: N<br>
2858,Licensed Family,Whimsical Wonders Childcare,2090 Ware St,,Abbotsford,V2S 3C2,49.040016,-122.3042,778-246-1530,,,N,N,N,N,N,N,N,N,N,N,N,N,N,N,N,N,N,,,N,N,N,N,N,N,N,N,N,N,N,2026-04-15,,N,Y,N,Whimsical Wonders Childcare<br>Licensed Family<br>778-246-1530<br><br>Vacancy:<br>&nbsp;&nbsp;&nbsp;&nbsp;<36 months: N<br>&nbsp;&nbsp;&nbsp;&nbsp;30 months -- 5 years: N<br>&nbsp;&nbsp;&nbsp;&nbsp;Preschool: N<br>&nbsp;&nbsp;&nbsp;&nbsp;Grade 1 - Age 12: N<br>
2859,Licensed Family,Circle Of Love Daycare,9907 View Rd,,Powell River,V8A 0K2,49.766982,-124.397295,604-865-0806,,,N,N,N,N,N,N,N,N,N,N,N,N,N,N,N,N,N,,,N,N,N,N,N,N,N,N,N,N,N,2026-05-16,,N,Y,N,Circle Of Love Daycare<br>Licensed Family<br>604-865-0806<br><br>Vacancy:<br>&nbsp;&nbsp;&nbsp;&nbsp;<36 months: N<br>&nbsp;&nbsp;&nbsp;&nbsp;30 months -- 5 years: N<br>&nbsp;&nbsp;&nbsp;&nbsp;Preschool: N<br>&nbsp;&nbsp;&nbsp;&nbsp;Grade 1 - Age 12: N<br>
2860,Licensed Family,Little Owls Daycare,5323 Snodgrass Rd,,Sechelt,V7Z 0C1,49.46069,-123.736687,604-741-4322,,,N,N,N,N,N,N,N,N,N,N,N,N,N,N,N,N,N,Not offered,Not offered,N,N,N,N,N,N,N,N,N,N,Y,2026-04-23,,N,N,N,Little Owls Daycare<br>Licensed Family<br>604-741-4322<br><br>Vacancy:<br>&nbsp;&nbsp;&nbsp;&nbsp;<36 months: N<br>&nbsp;&nbsp;&nbsp;&nbsp;30 months -- 5 years: N<br>&nbsp;&nbsp;&nbsp;&nbsp;Preschool: N<br>&nbsp;&nbsp;&nbsp;&nbsp;Grade 1 - Age 12: Y<br>
2861,Licensed Group,Little Koala Montessori Academy Ladner,C-5229 Ladner Trunk Road,,Delta,V4K 5B6,49.09034,-123.0788,780-630-7878,,,N,N,N,N,N,N,N,N,N,N,N,N,N,N,N,N,N,,,N,N,N,N,N,N,N,N,Y,N,N,2026-05-15,,N,Y,N,Little Koala Montessori Academy Ladner<br>Licensed Group<br>780-630-7878<br><br>Vacancy:<br>&nbsp;&nbsp;&nbsp;&nbsp;<36 months: N<br>&nbsp;&nbsp;&nbsp;&nbsp;30 months -- 5 years: Y<br>&nbsp;&nbsp;&nbsp;&nbsp;Preschool: N<br>&nbsp;&nbsp;&nbsp;&nbsp;Grade 1 - Age 12: N<br>
2862,Licensed Group,"Beanstalk Daycare, The",44544 Bayshore Ave,,Chilliwack,V2R 0A6,49.100311,-121.990227,604-845-1050,,,N,N,N,N,N,N,N,N,N,N,N,N,N,N,N,N,N,,,N,N,N,N,N,N,N,N,N,N,N,2026-05-15,,N,Y,N,"Beanstalk Daycare, The<br>Licensed Group<br>604-845-1050<br><br>Vacancy:<br>&nbsp;&nbsp;&nbsp;&nbsp;<36 months: N<br>&nbsp;&nbsp;&nbsp;&nbsp;30 months -- 5 years: N<br>&nbsp;&nbsp;&nbsp;&nbsp;Preschool: N<br>&nbsp;&nbsp;&nbsp;&nbsp;Grade 1 - Age 12: N<br>"
2863,Licensed Group,Moloo's Learning Centre,1356 35Th Ave E,,Vancouver,V5W 1C1,49.2383,-123.07789,778-867-3185,,,N,N,N,N,N,N,N,N,N,N,N,N,N,N,N,N,N,,,N,N,N,N,N,N,N,N,N,N,N,2026-05-15,,N,Y,N,Moloo's Learning Centre<br>Licensed Group<br>778-867-3185<br><br>Vacancy:<br>&nbsp;&nbsp;&nbsp;&nbsp;<36 months: N<br>&nbsp;&nbsp;&nbsp;&nbsp;30 months -- 5 years: N<br>&nbsp;&nbsp;&nbsp;&nbsp;Preschool: N<br>&nbsp;&nbsp;&nbsp;&nbsp;Grade 1 - Age 12: N<br>
2864,Licensed Group,Radiance Childcare Centre,613 Queens Ave,,New Westminster,V3M 1L1,49.2068,-122.91424,778-686-6330,,,N,N,N,N,N,N,N,N,N,N,N,N,N,N,N,N,N,,,N,N,N,N,N,N,N,N,N,N,N,2026-05-15,,N,Y,N,Radiance Childcare Centre<br>Licensed Group<br>778-686-6330<br><br>Vacancy:<br>&nbsp;&nbsp;&nbsp;&nbsp;<36 months: N<br>&nbsp;&nbsp;&nbsp;&nbsp;30 months -- 5 years: N<br>&nbsp;&nbsp;&nbsp;&nbsp;Preschool: N<br>&nbsp;&nbsp;&nbsp;&nbsp;Grade 1 - Age 12: N<br>
2865,Licensed Family,Hummingbird Learning House,8049 Macpherson Ave,,Burnaby,V5J 4P5,49.21074,-122.98338,778-302-4647,,,N,N,N,N,N,N,N,N,N,N,N,N,N,N,N,N,N,,,N,N,N,N,N,N,N,N,N,N,N,2026-04-27,,N,Y,N,Hummingbird Learning House<br>Licensed Family<br>778-302-4647<br><br>Vacancy:<br>&nbsp;&nbsp;&nbsp;&nbsp;<36 months: N<br>&nbsp;&nbsp;&nbsp;&nbsp;30 months -- 5 years: N<br>&nbsp;&nbsp;&nbsp;&nbsp;Preschool: N<br>&nbsp;&nbsp;&nbsp;&nbsp;Grade 1 - Age 12: N<br>
2866,Licensed Group,Ruth King Elementary School - Osc,2764 Jacklin Rd,,Victoria,V9B 3X6,48.451883,-123.50567,250-478-8348,,,N,N,N,N,N,N,N,N,N,N,N,N,N,N,N,N,N,,,N,N,N,N,N,N,N,N,N,N,N,2026-05-13,,N,Y,N,Ruth King Elementary School - Osc<br>Licensed Group<br>250-478-8348<br><br>Vacancy:<br>&nbsp;&nbsp;&nbsp;&nbsp;<36 months: N<br>&nbsp;&nbsp;&nbsp;&nbsp;30 months -- 5 years: N<br>&nbsp;&nbsp;&nbsp;&nbsp;Preschool: N<br>&nbsp;&nbsp;&nbsp;&nbsp;Grade 1 - Age 12: N<br>
2867,Licensed Group,St. Mary's After School Care,1125 Freeman Street,,Prince George,V2M 2R6,53.91399,-122.77403,250-563-7502,,,N,N,N,N,N,N,N,N,N,N,N,N,N,N,N,N,N,,,N,N,N,N,N,N,N,N,N,N,Y,2026-05-12,,N,Y,N,St. Mary's After School Care<br>Licensed Group<br>250-563-7502<br><br>Vacancy:<br>&nbsp;&nbsp;&nbsp;&nbsp;<36 months: N<br>&nbsp;&nbsp;&nbsp;&nbsp;30 months -- 5 years: N<br>&nbsp;&nbsp;&nbsp;&nbsp;Preschool: N<br>&nbsp;&nbsp;&nbsp;&nbsp;Grade 1 - Age 12: Y<br>
2868,Licensed Family,Little Bambinos Child Care,8263 Peter Rd,,Prince George,V2K 0B2,54.00597,-122.80366,778-267-0197,,,N,N,N,N,N,N,N,N,N,N,N,N,N,N,N,N,N,,,N,N,N,N,N,N,N,N,Y,N,Y,2026-05-19,,N,Y,N,Little Bambinos Child Care<br>Licensed Family<br>778-267-0197<br><br>Vacancy:<br>&nbsp;&nbsp;&nbsp;&nbsp;<36 months: N<br>&nbsp;&nbsp;&nbsp;&nbsp;30 months -- 5 years: Y<br>&nbsp;&nbsp;&nbsp;&nbsp;Preschool: N<br>&nbsp;&nbsp;&nbsp;&nbsp;Grade 1 - Age 12: Y<br>
2869,Licensed Group,Young Stars Childcare (Kelowna),2-2180 Cortina Dr,,Kelowna,V1P 1V1,49.860451,-119.35965,604-889-0795,,,N,N,N,N,N,N,N,N,N,N,N,N,N,N,N,N,N,,,N,N,N,N,N,N,N,N,Y,N,N,2026-05-03,,N,Y,N,Young Stars Childcare (Kelowna)<br>Licensed Group<br>604-889-0795<br><br>Vacancy:<br>&nbsp;&nbsp;&nbsp;&nbsp;<36 months: N<br>&nbsp;&nbsp;&nbsp;&nbsp;30 months -- 5 years: Y<br>&nbsp;&nbsp;&nbsp;&nbsp;Preschool: N<br>&nbsp;&nbsp;&nbsp;&nbsp;Grade 1 - Age 12: N<br>
2870,Licensed Group,Pixel Wonderland Academy,9270 163A St,,Surrey,V4N 3C6,49.17098,-122.76895,778-751-7866,,,N,N,N,N,N,N,N,N,N,N,N,N,N,N,N,N,N,,,N,N,N,N,N,N,N,Y,Y,N,N,2026-05-03,,N,Y,N,Pixel Wonderland Academy<br>Licensed Group<br>778-751-7866<br><br>Vacancy:<br>&nbsp;&nbsp;&nbsp;&nbsp;<36 months: Y<br>&nbsp;&nbsp;&nbsp;&nbsp;30 months -- 5 years: Y<br>&nbsp;&nbsp;&nbsp;&nbsp;Preschool: N<br>&nbsp;&nbsp;&nbsp;&nbsp;Grade 1 - Age 12: N<br>
2871,Licensed Family,Little Desert Dinos Early Learning Centre,225 Cypress Ave,,Kamloops,V2B 1H5,50.68912,-120.34836,778-257-9604,,,N,N,N,N,N,N,N,N,N,N,N,N,N,N,N,N,N,,,N,N,N,N,N,N,N,N,N,N,N,2026-05-08,,N,Y,N,Little Desert Dinos Early Learning Centre<br>Licensed Family<br>778-257-9604<br><br>Vacancy:<br>&nbsp;&nbsp;&nbsp;&nbsp;<36 months: N<br>&nbsp;&nbsp;&nbsp;&nbsp;30 months -- 5 years: N<br>&nbsp;&nbsp;&nbsp;&nbsp;Preschool: N<br>&nbsp;&nbsp;&nbsp;&nbsp;Grade 1 - Age 12: N<br>
2872,Licensed Group,Blossom Buddies Daycare,8069 203 St,,Langley,V2Y 3W8,49.14939,-122.66075,778-996-5244,,,N,N,N,N,N,N,N,N,N,N,N,N,N,N,N,N,N,,,N,N,N,N,N,N,N,Y,Y,Y,Y,2026-04-01,,N,Y,N,Blossom Buddies Daycare<br>Licensed Group<br>778-996-5244<br><br>Vacancy:<br>&nbsp;&nbsp;&nbsp;&nbsp;<36 months: Y<br>&nbsp;&nbsp;&nbsp;&nbsp;30 months -- 5 years: Y<br>&nbsp;&nbsp;&nbsp;&nbsp;Preschool: Y<br>&nbsp;&nbsp;&nbsp;&nbsp;Grade 1 - Age 12: Y<br>
2873,Licensed Family,Fern Flower - Nature School,3827 Charlton Dr,,Qualicum Beach,V9K 1Z3,49.41848,-124.64514,250-299-2054,https://fernflowernatureschool.net/,,N,N,N,N,N,N,N,N,N,N,N,N,N,N,N,N,N,,,N,N,N,N,N,N,N,Y,Y,N,Y,2026-05-16,,N,Y,N,Fern Flower - Nature School<br>Licensed Family<br>250-299-2054<br><br>Vacancy:<br>&nbsp;&nbsp;&nbsp;&nbsp;<36 months: Y<br>&nbsp;&nbsp;&nbsp;&nbsp;30 months -- 5 years: Y<br>&nbsp;&nbsp;&nbsp;&nbsp;Preschool: N<br>&nbsp;&nbsp;&nbsp;&nbsp;Grade 1 - Age 12: Y<br>
2874,Licensed Group,Abc Academy - Children's Learning Center Ltd - Burnaby,3830 Sunset St,,Burnaby,V5G 1T3,49.249642,-123.019081,604-317-9040,,,N,N,N,N,N,N,N,N,N,N,N,N,N,N,N,N,N,,,N,N,N,N,N,N,N,N,N,N,N,2026-05-20,,N,Y,N,Abc Academy - Children's Learning Center Ltd - Burnaby<br>Licensed Group<br>604-317-9040<br><br>Vacancy:<br>&nbsp;&nbsp;&nbsp;&nbsp;<36 months: N<br>&nbsp;&nbsp;&nbsp;&nbsp;30 months -- 5 years: N<br>&nbsp;&nbsp;&nbsp;&nbsp;Preschool: N<br>&nbsp;&nbsp;&nbsp;&nbsp;Grade 1 - Age 12: N<br>
2875,Licensed Group,Spare Time Fun Centre,1338 W. 67Th Avenue,,Vancouver,V6P 2T4,49.210237,-123.136351,604-261-6612,,,N,N,N,N,N,N,N,N,N,N,N,N,N,N,N,N,N,,,N,N,N,N,N,N,N,N,Y,N,Y,2026-05-21,,N,Y,N,Spare Time Fun Centre<br>Licensed Group<br>604-261-6612<br><br>Vacancy:<br>&nbsp;&nbsp;&nbsp;&nbsp;<36 months: N<br>&nbsp;&nbsp;&nbsp;&nbsp;30 months -- 5 years: Y<br>&nbsp;&nbsp;&nbsp;&nbsp;Preschool: N<br>&nbsp;&nbsp;&nbsp;&nbsp;Grade 1 - Age 12: Y<br>
2876,Licensed Family,Mimi Kids Paradise,1319 Oakwood Cres,,North Vancouver,V7P 1L5,49.320677,-123.118797,604-671-1414,,,N,N,N,N,N,N,N,N,N,N,N,N,N,N,N,N,N,,,N,N,N,N,N,N,N,Y,Y,N,N,2026-05-15,,N,Y,N,Mimi Kids Paradise<br>Licensed Family<br>604-671-1414<br><br>Vacancy:<br>&nbsp;&nbsp;&nbsp;&nbsp;<36 months: Y<br>&nbsp;&nbsp;&nbsp;&nbsp;30 months -- 5 years: Y<br>&nbsp;&nbsp;&nbsp;&nbsp;Preschool: N<br>&nbsp;&nbsp;&nbsp;&nbsp;Grade 1 - Age 12: N<br>
2877,Licensed Family,Abby Twinkle Stars Daycare Inc,32708 Haida Dr,,Abbotsford,V2T 4Z5,49.066757,-122.318448,604-751-5765,,,N,N,N,N,N,N,N,N,N,N,N,N,N,N,N,N,N,,,N,N,N,N,N,N,N,N,N,N,N,2026-05-21,,N,Y,N,Abby Twinkle Stars Daycare Inc<br>Licensed Family<br>604-751-5765<br><br>Vacancy:<br>&nbsp;&nbsp;&nbsp;&nbsp;<36 months: N<br>&nbsp;&nbsp;&nbsp;&nbsp;30 months -- 5 years: N<br>&nbsp;&nbsp;&nbsp;&nbsp;Preschool: N<br>&nbsp;&nbsp;&nbsp;&nbsp;Grade 1 - Age 12: N<br>
2878,Licensed Family,Meaningful Mind Daycare Centre,13070 60 Ave,,Surrey,V3X 2L7,49.111726,-122.860343,778-551-3491,,,N,N,N,N,N,N,N,N,N,N,N,N,N,N,N,N,N,,,N,N,N,N,N,N,N,Y,Y,N,N,2026-04-22,,N,Y,N,Meaningful Mind Daycare Centre<br>Licensed Family<br>778-551-3491<br><br>Vacancy:<br>&nbsp;&nbsp;&nbsp;&nbsp;<36 months: Y<br>&nbsp;&nbsp;&nbsp;&nbsp;30 months -- 5 years: Y<br>&nbsp;&nbsp;&nbsp;&nbsp;Preschool: N<br>&nbsp;&nbsp;&nbsp;&nbsp;Grade 1 - Age 12: N<br>
2879,Licensed Family,Fun Square Childcare Limited,30675 Crestview Ave,,Abbotsford,V2T 6T5,49.069366,-122.374197,778-344-3834,,,N,N,N,N,N,N,N,N,N,N,N,N,N,N,N,N,N,,,N,N,N,N,N,N,N,N,N,N,N,2026-05-01,,N,Y,N,Fun Square Childcare Limited<br>Licensed Family<br>778-344-3834<br><br>Vacancy:<br>&nbsp;&nbsp;&nbsp;&nbsp;<36 months: N<br>&nbsp;&nbsp;&nbsp;&nbsp;30 months -- 5 years: N<br>&nbsp;&nbsp;&nbsp;&nbsp;Preschool: N<br>&nbsp;&nbsp;&nbsp;&nbsp;Grade 1 - Age 12: N<br>
2880,Licensed Family,Dream Catchers Family Childcare,23686 Rock Ridge Dr,,Maple Ridge,V4R 2W2,49.245334,-122.566739,604-753-7256,,,N,N,N,N,N,N,N,N,N,N,N,N,N,N,N,N,N,,,N,N,N,N,N,N,N,N,N,N,N,2026-05-18,,N,Y,N,Dream Catchers Family Childcare<br>Licensed Family<br>604-753-7256<br><br>Vacancy:<br>&nbsp;&nbsp;&nbsp;&nbsp;<36 months: N<br>&nbsp;&nbsp;&nbsp;&nbsp;30 months -- 5 years: N<br>&nbsp;&nbsp;&nbsp;&nbsp;Preschool: N<br>&nbsp;&nbsp;&nbsp;&nbsp;Grade 1 - Age 12: N<br>
2881,Licensed Group,Produckidvity Academy - Bernard,600-1499 St. Paul St,,Kelowna,V1Y 6P1,49.88664,-119.491028,778-214-7406,,,N,N,N,N,N,N,N,N,N,N,N,N,N,N,N,N,N,,,N,N,N,N,N,N,N,N,N,N,N,2026-05-14,,N,Y,N,Produckidvity Academy - Bernard<br>Licensed Group<br>778-214-7406<br><br>Vacancy:<br>&nbsp;&nbsp;&nbsp;&nbsp;<36 months: N<br>&nbsp;&nbsp;&nbsp;&nbsp;30 months -- 5 years: N<br>&nbsp;&nbsp;&nbsp;&nbsp;Preschool: N<br>&nbsp;&nbsp;&nbsp;&nbsp;Grade 1 - Age 12: N<br>
2882,Licensed Family,Lil'tiggers Day Home,2436 Grafton Ave,,Coombs,V0R 1M0,49.288835,-124.432272,250-268-0564,,,N,N,N,N,N,N,N,N,N,N,N,N,N,N,N,N,N,,,N,N,N,N,N,N,N,N,N,N,N,2026-05-14,,N,Y,N,Lil'tiggers Day Home<br>Licensed Family<br>250-268-0564<br><br>Vacancy:<br>&nbsp;&nbsp;&nbsp;&nbsp;<36 months: N<br>&nbsp;&nbsp;&nbsp;&nbsp;30 months -- 5 years: N<br>&nbsp;&nbsp;&nbsp;&nbsp;Preschool: N<br>&nbsp;&nbsp;&nbsp;&nbsp;Grade 1 - Age 12: N<br>
2883,Licensed Family,Little Angels Daycare,11108 104A Ave,,Fort St. John,V1J 0J3,56.250718,-120.866101,250-271-0375,,,N,N,N,N,N,N,N,N,N,N,N,N,N,N,N,N,N,,,N,N,N,N,N,N,N,N,N,N,N,2026-05-16,,N,Y,N,Little Angels Daycare<br>Licensed Family<br>250-271-0375<br><br>Vacancy:<br>&nbsp;&nbsp;&nbsp;&nbsp;<36 months: N<br>&nbsp;&nbsp;&nbsp;&nbsp;30 months -- 5 years: N<br>&nbsp;&nbsp;&nbsp;&nbsp;Preschool: N<br>&nbsp;&nbsp;&nbsp;&nbsp;Grade 1 - Age 12: N<br>
2884,Licensed Family,Love Kids Daycare,3007 Pasture Cir,,Coquitlam,V3C 2C3,49.263545,-122.802472,604-338-8020,,,N,N,N,N,N,N,N,N,N,N,N,N,N,N,N,N,N,,,N,N,N,N,N,N,N,Y,N,N,N,2026-05-15,,N,Y,N,Love Kids Daycare<br>Licensed Family<br>604-338-8020<br><br>Vacancy:<br>&nbsp;&nbsp;&nbsp;&nbsp;<36 months: Y<br>&nbsp;&nbsp;&nbsp;&nbsp;30 months -- 5 years: N<br>&nbsp;&nbsp;&nbsp;&nbsp;Preschool: N<br>&nbsp;&nbsp;&nbsp;&nbsp;Grade 1 - Age 12: N<br>
2885,Licensed Family,Little Flower Daycare,2486 Highlands Dr,,Blind Bay,V0E 1H0,50.86288,-119.383432,604-466-8915,,,N,N,N,N,N,N,N,N,N,N,N,N,N,N,N,N,N,,,N,N,N,N,N,N,N,N,N,N,N,2026-05-15,,N,Y,N,Little Flower Daycare<br>Licensed Family<br>604-466-8915<br><br>Vacancy:<br>&nbsp;&nbsp;&nbsp;&nbsp;<36 months: N<br>&nbsp;&nbsp;&nbsp;&nbsp;30 months -- 5 years: N<br>&nbsp;&nbsp;&nbsp;&nbsp;Preschool: N<br>&nbsp;&nbsp;&nbsp;&nbsp;Grade 1 - Age 12: N<br>
2886,Licensed Group,Renfrew Park Community Centre Out Of School Care,2929 22Nd Ave E,,Vancouver,V5M 2Y3,49.252423,-123.042961,604-654-0793,,,N,N,N,N,N,N,N,N,N,N,N,N,N,N,N,N,N,,,N,N,N,N,N,N,N,N,N,N,N,2026-05-01,,N,Y,N,Renfrew Park Community Centre Out Of School Care<br>Licensed Group<br>604-654-0793<br><br>Vacancy:<br>&nbsp;&nbsp;&nbsp;&nbsp;<36 months: N<br>&nbsp;&nbsp;&nbsp;&nbsp;30 months -- 5 years: N<br>&nbsp;&nbsp;&nbsp;&nbsp;Preschool: N<br>&nbsp;&nbsp;&nbsp;&nbsp;Grade 1 - Age 12: N<br>
2887,Licensed Group,Bgccvi - Arden Child & Family Centre,3040 Lake Trail Road,,Courtenay,V9N 9M1,49.67291,-125.024004,250-754-3215,,,N,N,N,N,N,N,N,N,N,N,N,N,N,N,N,N,N,Not offered,Not offered,N,N,N,N,N,N,N,Y,Y,Y,Y,2026-05-15,,N,Y,N,Bgccvi - Arden Child & Family Centre<br>Licensed Group<br>250-754-3215<br><br>Vacancy:<br>&nbsp;&nbsp;&nbsp;&nbsp;<36 months: Y<br>&nbsp;&nbsp;&nbsp;&nbsp;30 months -- 5 years: Y<br>&nbsp;&nbsp;&nbsp;&nbsp;Preschool: Y<br>&nbsp;&nbsp;&nbsp;&nbsp;Grade 1 - Age 12: Y<br>
2888,Licensed Group,Acre Wood Daycare And Early Learning Inc.,108 - 2360 Beacon Ave,,Sidney,V8L 1X3,48.649584,-123.401167,613-252-4833,,,N,N,N,N,N,N,N,N,N,N,N,N,N,N,N,N,N,,,N,N,N,N,N,N,N,N,N,N,N,2026-05-15,,N,Y,N,Acre Wood Daycare And Early Learning Inc.<br>Licensed Group<br>613-252-4833<br><br>Vacancy:<br>&nbsp;&nbsp;&nbsp;&nbsp;<36 months: N<br>&nbsp;&nbsp;&nbsp;&nbsp;30 months -- 5 years: N<br>&nbsp;&nbsp;&nbsp;&nbsp;Preschool: N<br>&nbsp;&nbsp;&nbsp;&nbsp;Grade 1 - Age 12: N<br>
2889,Licensed Group,Jasmine Early Learning,4456 Lakeshore Rd,,Kelowna,V1W 1W8,49.821687,-119.490613,780-340-5805,,,N,N,N,N,N,N,N,N,N,N,N,N,N,N,N,N,N,,,N,N,N,N,N,N,N,Y,Y,N,N,2026-05-17,,N,Y,N,Jasmine Early Learning<br>Licensed Group<br>780-340-5805<br><br>Vacancy:<br>&nbsp;&nbsp;&nbsp;&nbsp;<36 months: Y<br>&nbsp;&nbsp;&nbsp;&nbsp;30 months -- 5 years: Y<br>&nbsp;&nbsp;&nbsp;&nbsp;Preschool: N<br>&nbsp;&nbsp;&nbsp;&nbsp;Grade 1 - Age 12: N<br>
2890,Licensed Group,Ilm - Cedar Sprouts,1791 Woobank Rd,,Nanaimo,V9X 1G8,49.108442,-123.850706,250-585-7898,,,N,N,N,N,N,N,N,N,N,N,N,N,N,N,N,N,N,,,N,N,N,N,N,N,N,Y,N,N,N,2026-05-15,,N,Y,N,Ilm - Cedar Sprouts<br>Licensed Group<br>250-585-7898<br><br>Vacancy:<br>&nbsp;&nbsp;&nbsp;&nbsp;<36 months: Y<br>&nbsp;&nbsp;&nbsp;&nbsp;30 months -- 5 years: N<br>&nbsp;&nbsp;&nbsp;&nbsp;Preschool: N<br>&nbsp;&nbsp;&nbsp;&nbsp;Grade 1 - Age 12: N<br>
2891,Licensed Group,Dino Multi-Age Daycare,3106 Fisher Crt,,Coquitlam,V3E 2R8,49.295663,-122.783124,778-834-9771,,,Y,Y,N,N,Y,Y,Y,Y,N,Y,Y,N,N,N,N,N,N,Extra fee,Extra fee,N,N,N,N,N,N,N,N,N,N,N,2026-05-14,,N,Y,N,Dino Multi-Age Daycare<br>Licensed Group<br>778-834-9771<br><br>Vacancy:<br>&nbsp;&nbsp;&nbsp;&nbsp;<36 months: N<br>&nbsp;&nbsp;&nbsp;&nbsp;30 months -- 5 years: N<br>&nbsp;&nbsp;&nbsp;&nbsp;Preschool: N<br>&nbsp;&nbsp;&nbsp;&nbsp;Grade 1 - Age 12: N<br>
2892,Licensed Group,Where The Wild Things Grow,1305 Thalia Pl,,Nanaimo,V9R 7E1,49.160361,-123.976667,613-282-1080,,,N,N,N,N,N,N,N,N,N,N,N,N,N,N,N,N,N,,,N,N,N,N,N,N,N,Y,Y,N,N,2026-05-07,,N,Y,N,Where The Wild Things Grow<br>Licensed Group<br>613-282-1080<br><br>Vacancy:<br>&nbsp;&nbsp;&nbsp;&nbsp;<36 months: Y<br>&nbsp;&nbsp;&nbsp;&nbsp;30 months -- 5 years: Y<br>&nbsp;&nbsp;&nbsp;&nbsp;Preschool: N<br>&nbsp;&nbsp;&nbsp;&nbsp;Grade 1 - Age 12: N<br>
2893,Licensed Group,Costumes & Crayons It Centre Urquhart,4480 Urquhart Crescent,,Prince George,V2M 5H4,53.919748,-122.813294,778-983-0806,,,N,N,N,N,N,N,N,N,N,N,N,N,N,N,N,N,N,,,N,N,N,N,N,N,N,N,N,N,N,2026-05-16,,N,Y,N,Costumes & Crayons It Centre Urquhart<br>Licensed Group<br>778-983-0806<br><br>Vacancy:<br>&nbsp;&nbsp;&nbsp;&nbsp;<36 months: N<br>&nbsp;&nbsp;&nbsp;&nbsp;30 months -- 5 years: N<br>&nbsp;&nbsp;&nbsp;&nbsp;Preschool: N<br>&nbsp;&nbsp;&nbsp;&nbsp;Grade 1 - Age 12: N<br>
2894,Licensed Group,Young Riders Childcare,115-1077 56 St,,Delta,V4L 2A2,49.02281,-123.068699,778-999-1949,,,Y,N,N,N,N,N,Y,Y,N,Y,N,N,N,Y,N,N,N,Not offered,Not offered,N,N,N,Y,Y,Y,Y,Y,Y,N,N,2026-05-21,,N,Y,N,Young Riders Childcare<br>Licensed Group<br>778-999-1949<br><br>Vacancy:<br>&nbsp;&nbsp;&nbsp;&nbsp;<36 months: Y<br>&nbsp;&nbsp;&nbsp;&nbsp;30 months -- 5 years: Y<br>&nbsp;&nbsp;&nbsp;&nbsp;Preschool: N<br>&nbsp;&nbsp;&nbsp;&nbsp;Grade 1 - Age 12: N<br>
2895,Licensed Group,Sesisej Childcare Centre,7420 Veyaness Rd,,Saanichton,V8M 1V9,48.583714,-123.416104,250-812-0847,,,N,N,N,N,N,N,N,N,N,N,N,N,N,N,N,N,N,,,N,N,N,N,N,N,N,N,Y,N,N,2026-03-24,,N,Y,N,Sesisej Childcare Centre<br>Licensed Group<br>250-812-0847<br><br>Vacancy:<br>&nbsp;&nbsp;&nbsp;&nbsp;<36 months: N<br>&nbsp;&nbsp;&nbsp;&nbsp;30 months -- 5 years: Y<br>&nbsp;&nbsp;&nbsp;&nbsp;Preschool: N<br>&nbsp;&nbsp;&nbsp;&nbsp;Grade 1 - Age 12: N<br>
2896,Licensed Group,Kidikare Early Learning Centre - Taylor,1585 Taylor Way,,West Vancouver,V7S 1N5,49.339321,-123.135429,604-364-9848,,,N,N,N,N,N,N,N,N,N,N,N,N,N,N,N,N,N,,,N,N,N,N,N,N,N,N,N,N,N,2026-04-20,,N,Y,N,Kidikare Early Learning Centre - Taylor<br>Licensed Group<br>604-364-9848<br><br>Vacancy:<br>&nbsp;&nbsp;&nbsp;&nbsp;<36 months: N<br>&nbsp;&nbsp;&nbsp;&nbsp;30 months -- 5 years: N<br>&nbsp;&nbsp;&nbsp;&nbsp;Preschool: N<br>&nbsp;&nbsp;&nbsp;&nbsp;Grade 1 - Age 12: N<br>
2897,Licensed Group,Kidikare Early Learning Centre - Lawson,1315 Lawson  Avenue,,West Vancouver,V7T 2E6,49.337508,-123.152025,604-364-9848,,,N,N,N,N,N,N,N,N,N,N,N,N,N,N,N,N,N,,,N,N,N,N,N,N,N,N,N,N,N,2026-04-20,,N,Y,N,Kidikare Early Learning Centre - Lawson<br>Licensed Group<br>604-364-9848<br><br>Vacancy:<br>&nbsp;&nbsp;&nbsp;&nbsp;<36 months: N<br>&nbsp;&nbsp;&nbsp;&nbsp;30 months -- 5 years: N<br>&nbsp;&nbsp;&nbsp;&nbsp;Preschool: N<br>&nbsp;&nbsp;&nbsp;&nbsp;Grade 1 - Age 12: N<br>
2898,Licensed Group,Shining Smile Childcare Centre,4749 Osler St,,Vancouver,V6H 2Y5,49.243076,-123.130453,778-387-7768,,,N,N,N,N,N,N,N,N,N,N,N,N,N,N,N,N,N,,,N,N,N,N,N,N,N,N,N,N,N,2026-04-26,,N,Y,N,Shining Smile Childcare Centre<br>Licensed Group<br>778-387-7768<br><br>Vacancy:<br>&nbsp;&nbsp;&nbsp;&nbsp;<36 months: N<br>&nbsp;&nbsp;&nbsp;&nbsp;30 months -- 5 years: N<br>&nbsp;&nbsp;&nbsp;&nbsp;Preschool: N<br>&nbsp;&nbsp;&nbsp;&nbsp;Grade 1 - Age 12: N<br>
2899,Licensed Family,Wonder Balloons Childcare Centre,4-5697 Promontory Rd,,Chilliwack,V2R 0V7,49.105976,-121.935582,250-899-3061,,,N,N,N,N,N,N,N,N,N,N,N,N,N,N,N,N,N,,,N,N,N,N,N,N,N,N,N,N,N,2026-04-24,,N,Y,N,Wonder Balloons Childcare Centre<br>Licensed Family<br>250-899-3061<br><br>Vacancy:<br>&nbsp;&nbsp;&nbsp;&nbsp;<36 months: N<br>&nbsp;&nbsp;&nbsp;&nbsp;30 months -- 5 years: N<br>&nbsp;&nbsp;&nbsp;&nbsp;Preschool: N<br>&nbsp;&nbsp;&nbsp;&nbsp;Grade 1 - Age 12: N<br>
2900,Licensed Group,Surrey Traditional ymca Kids Club,13875 113Th Ave.,,Surrey,V3R 2J6,49.207832,-122.838257,250-960-9336,,,N,N,N,N,N,N,N,N,N,N,N,N,N,N,N,N,N,,,N,N,N,N,N,N,N,N,N,N,N,2026-05-14,,N,Y,N,Surrey Traditional ymca Kids Club<br>Licensed Group<br>250-960-9336<br><br>Vacancy:<br>&nbsp;&nbsp;&nbsp;&nbsp;<36 months: N<br>&nbsp;&nbsp;&nbsp;&nbsp;30 months -- 5 years: N<br>&nbsp;&nbsp;&nbsp;&nbsp;Preschool: N<br>&nbsp;&nbsp;&nbsp;&nbsp;Grade 1 - Age 12: N<br>
2901,Licensed Group,Sea Otter ymca Child Care Centre,65 E Sixth Ave.,,New Westminister,V3L 4G6,49.221217,-122.907725,250-960-9336,,,N,N,N,N,N,N,N,N,N,N,N,N,N,N,N,N,N,,,N,N,N,N,N,N,N,N,N,N,N,2026-05-14,,N,Y,N,Sea Otter ymca Child Care Centre<br>Licensed Group<br>250-960-9336<br><br>Vacancy:<br>&nbsp;&nbsp;&nbsp;&nbsp;<36 months: N<br>&nbsp;&nbsp;&nbsp;&nbsp;30 months -- 5 years: N<br>&nbsp;&nbsp;&nbsp;&nbsp;Preschool: N<br>&nbsp;&nbsp;&nbsp;&nbsp;Grade 1 - Age 12: N<br>
2902,Licensed Group,Cedar Hills ymca Kids Club,12370 98Th Ave.,,Surrey,V3V 2K3,49.180498,-122.879713,250-960-9336,,,N,N,N,N,N,N,N,N,N,N,N,N,N,N,N,N,N,,,N,N,N,N,N,N,N,N,N,N,N,2026-05-14,,N,Y,N,Cedar Hills ymca Kids Club<br>Licensed Group<br>250-960-9336<br><br>Vacancy:<br>&nbsp;&nbsp;&nbsp;&nbsp;<36 months: N<br>&nbsp;&nbsp;&nbsp;&nbsp;30 months -- 5 years: N<br>&nbsp;&nbsp;&nbsp;&nbsp;Preschool: N<br>&nbsp;&nbsp;&nbsp;&nbsp;Grade 1 - Age 12: N<br>
2903,Licensed Group,West Sechelt ymca Child Care,5609 Mason Rd.,,Sechelt,V0N 3A8,49.475589,-123.801904,250-960-9336,,,N,N,N,N,N,N,N,N,N,N,N,N,N,N,N,N,N,,,N,N,N,N,N,N,N,N,N,N,N,2026-05-14,,N,Y,N,West Sechelt ymca Child Care<br>Licensed Group<br>250-960-9336<br><br>Vacancy:<br>&nbsp;&nbsp;&nbsp;&nbsp;<36 months: N<br>&nbsp;&nbsp;&nbsp;&nbsp;30 months -- 5 years: N<br>&nbsp;&nbsp;&nbsp;&nbsp;Preschool: N<br>&nbsp;&nbsp;&nbsp;&nbsp;Grade 1 - Age 12: N<br>
2904,Licensed Group,Acekids Daycare,117-1911 Sooke Rd,,Victoria,V9B 1V8,48.44018,-123.470024,604-910-2451,,,N,N,N,N,N,N,N,N,N,N,N,N,N,N,N,N,N,,,N,N,N,N,N,N,N,Y,Y,N,N,2026-05-15,,N,Y,N,Acekids Daycare<br>Licensed Group<br>604-910-2451<br><br>Vacancy:<br>&nbsp;&nbsp;&nbsp;&nbsp;<36 months: Y<br>&nbsp;&nbsp;&nbsp;&nbsp;30 months -- 5 years: Y<br>&nbsp;&nbsp;&nbsp;&nbsp;Preschool: N<br>&nbsp;&nbsp;&nbsp;&nbsp;Grade 1 - Age 12: N<br>
2905,Licensed Group,Wibble Wobble - Bonny,46030 Bonny Ave,,Chilliwack,V2P 0M3,49.178675,-121.950865,778-246-5513,,,N,N,N,N,N,N,N,N,N,N,N,N,N,N,N,N,N,,,N,N,N,N,N,N,N,N,N,N,N,2026-05-18,,N,Y,N,Wibble Wobble - Bonny<br>Licensed Group<br>778-246-5513<br><br>Vacancy:<br>&nbsp;&nbsp;&nbsp;&nbsp;<36 months: N<br>&nbsp;&nbsp;&nbsp;&nbsp;30 months -- 5 years: N<br>&nbsp;&nbsp;&nbsp;&nbsp;Preschool: N<br>&nbsp;&nbsp;&nbsp;&nbsp;Grade 1 - Age 12: N<br>
2906,Licensed Group,Honey Bees Day Care,819 Fifth St,,New Westminster,V3L 2Y5,49.217733,-122.923234,604-527-6760,,,N,N,N,N,N,N,N,N,N,N,N,N,N,N,N,N,N,,,N,N,N,N,N,N,N,N,N,N,N,2026-05-19,,N,Y,N,Honey Bees Day Care<br>Licensed Group<br>604-527-6760<br><br>Vacancy:<br>&nbsp;&nbsp;&nbsp;&nbsp;<36 months: N<br>&nbsp;&nbsp;&nbsp;&nbsp;30 months -- 5 years: N<br>&nbsp;&nbsp;&nbsp;&nbsp;Preschool: N<br>&nbsp;&nbsp;&nbsp;&nbsp;Grade 1 - Age 12: N<br>
2907,Licensed Group,Puddle Hoppers Child Care,22641 Lougheed Hwy,,Maple Ridge,V2X 2V4,49.21745,-122.595009,778-318-4055,,,N,N,N,N,N,N,N,N,N,N,N,N,N,N,N,N,N,,,N,N,N,N,N,N,N,Y,N,N,N,2026-05-19,,N,Y,N,Puddle Hoppers Child Care<br>Licensed Group<br>778-318-4055<br><br>Vacancy:<br>&nbsp;&nbsp;&nbsp;&nbsp;<36 months: Y<br>&nbsp;&nbsp;&nbsp;&nbsp;30 months -- 5 years: N<br>&nbsp;&nbsp;&nbsp;&nbsp;Preschool: N<br>&nbsp;&nbsp;&nbsp;&nbsp;Grade 1 - Age 12: N<br>
2908,Licensed Family,Little Branches Learning Childcare Centre,8378 114 St,,Delta,V4C 5J7,49.155585,-122.906552,778-233-5500,,,N,N,N,N,N,N,N,N,N,N,N,N,N,N,N,N,N,,,N,N,N,N,N,N,N,N,N,N,Y,2026-04-30,,N,Y,N,Little Branches Learning Childcare Centre<br>Licensed Family<br>778-233-5500<br><br>Vacancy:<br>&nbsp;&nbsp;&nbsp;&nbsp;<36 months: N<br>&nbsp;&nbsp;&nbsp;&nbsp;30 months -- 5 years: N<br>&nbsp;&nbsp;&nbsp;&nbsp;Preschool: N<br>&nbsp;&nbsp;&nbsp;&nbsp;Grade 1 - Age 12: Y<br>
2909,Licensed Group,South Country Preschool,7355 Jaffray Village Loop Rd,,Jaffray,V0B 1T0,49.371714,-115.301279,250-423-4687,,,N,N,N,N,N,N,N,N,N,N,N,N,N,N,N,N,N,,,N,N,N,N,N,N,N,N,N,Y,N,2026-04-09,,N,Y,N,South Country Preschool<br>Licensed Group<br>250-423-4687<br><br>Vacancy:<br>&nbsp;&nbsp;&nbsp;&nbsp;<36 months: N<br>&nbsp;&nbsp;&nbsp;&nbsp;30 months -- 5 years: N<br>&nbsp;&nbsp;&nbsp;&nbsp;Preschool: Y<br>&nbsp;&nbsp;&nbsp;&nbsp;Grade 1 - Age 12: N<br>
2910,Licensed Family,Bright Zone Childcare,1730 Everett Rd,,Abbotsford,V2S 7S4,49.034082,-122.254241,778-536-8510,,,N,N,N,N,N,N,N,N,N,N,N,N,N,N,N,N,N,,,N,N,N,N,N,N,N,Y,N,N,N,2026-05-01,,N,Y,N,Bright Zone Childcare<br>Licensed Family<br>778-536-8510<br><br>Vacancy:<br>&nbsp;&nbsp;&nbsp;&nbsp;<36 months: Y<br>&nbsp;&nbsp;&nbsp;&nbsp;30 months -- 5 years: N<br>&nbsp;&nbsp;&nbsp;&nbsp;Preschool: N<br>&nbsp;&nbsp;&nbsp;&nbsp;Grade 1 - Age 12: N<br>
2911,Licensed Group,Little Charm Daycare,4650 Neville St,,Burnaby,V5J 2H1,49.213621,-122.99851,778-302-6919,,,N,N,N,N,N,N,N,N,N,N,N,N,N,N,N,N,N,,,N,N,N,N,N,N,N,N,N,N,N,2026-04-27,,N,Y,N,Little Charm Daycare<br>Licensed Group<br>778-302-6919<br><br>Vacancy:<br>&nbsp;&nbsp;&nbsp;&nbsp;<36 months: N<br>&nbsp;&nbsp;&nbsp;&nbsp;30 months -- 5 years: N<br>&nbsp;&nbsp;&nbsp;&nbsp;Preschool: N<br>&nbsp;&nbsp;&nbsp;&nbsp;Grade 1 - Age 12: N<br>
2912,Licensed Group,Ssocc Sandpiper After School Care,10111 Fourth Ave,,Richmond,V7E 1V5,49.139457,-123.188606,604-362-7928,,,N,N,N,N,N,N,N,N,N,N,N,N,N,N,N,N,N,,,N,N,N,N,N,N,N,N,Y,Y,N,2026-04-11,,N,Y,N,Ssocc Sandpiper After School Care<br>Licensed Group<br>604-362-7928<br><br>Vacancy:<br>&nbsp;&nbsp;&nbsp;&nbsp;<36 months: N<br>&nbsp;&nbsp;&nbsp;&nbsp;30 months -- 5 years: Y<br>&nbsp;&nbsp;&nbsp;&nbsp;Preschool: Y<br>&nbsp;&nbsp;&nbsp;&nbsp;Grade 1 - Age 12: N<br>
2913,Licensed Family,Big Steps... Little Feet,1340 Langara Dr,,Nanaimo,V9R 6A8,49.161723,-123.984472,250-755-9791,,,N,N,N,N,N,N,N,N,N,N,N,N,N,N,N,N,N,,,N,N,N,N,N,N,N,N,N,N,N,2026-05-15,,N,Y,N,Big Steps... Little Feet<br>Licensed Family<br>250-755-9791<br><br>Vacancy:<br>&nbsp;&nbsp;&nbsp;&nbsp;<36 months: N<br>&nbsp;&nbsp;&nbsp;&nbsp;30 months -- 5 years: N<br>&nbsp;&nbsp;&nbsp;&nbsp;Preschool: N<br>&nbsp;&nbsp;&nbsp;&nbsp;Grade 1 - Age 12: N<br>
2914,Licensed Family,Tiny Toes Child Care,1331 Justine Pl,,Langford,V9B 4J1,48.432487,-123.534976,250-858-4964,,,N,N,N,N,N,N,N,N,N,N,N,N,N,N,N,N,N,,,N,N,N,N,N,N,N,N,Y,N,N,2026-05-19,,N,Y,N,Tiny Toes Child Care<br>Licensed Family<br>250-858-4964<br><br>Vacancy:<br>&nbsp;&nbsp;&nbsp;&nbsp;<36 months: N<br>&nbsp;&nbsp;&nbsp;&nbsp;30 months -- 5 years: Y<br>&nbsp;&nbsp;&nbsp;&nbsp;Preschool: N<br>&nbsp;&nbsp;&nbsp;&nbsp;Grade 1 - Age 12: N<br>
2915,Licensed Family,Abcd Children’S Centre,6836 183 St,,Surrey,V3S 9E4,49.126692,-122.715194,604-679-1215,,,N,N,N,N,N,N,N,N,N,N,N,N,N,N,N,N,N,,,N,N,N,N,N,N,N,N,N,N,N,2026-05-18,,N,Y,N,Abcd Children’S Centre<br>Licensed Family<br>604-679-1215<br><br>Vacancy:<br>&nbsp;&nbsp;&nbsp;&nbsp;<36 months: N<br>&nbsp;&nbsp;&nbsp;&nbsp;30 months -- 5 years: N<br>&nbsp;&nbsp;&nbsp;&nbsp;Preschool: N<br>&nbsp;&nbsp;&nbsp;&nbsp;Grade 1 - Age 12: N<br>
2916,Licensed Group,Toddler Kingdom Childcare,21609 44A Ave,,Langely,V3A 2M4,49.083709,-122.624295,778-714-9800,,,N,N,N,N,N,N,N,N,N,N,N,N,N,N,N,N,N,,,N,N,N,N,N,N,N,Y,N,N,N,2026-05-15,,N,Y,N,Toddler Kingdom Childcare<br>Licensed Group<br>778-714-9800<br><br>Vacancy:<br>&nbsp;&nbsp;&nbsp;&nbsp;<36 months: Y<br>&nbsp;&nbsp;&nbsp;&nbsp;30 months -- 5 years: N<br>&nbsp;&nbsp;&nbsp;&nbsp;Preschool: N<br>&nbsp;&nbsp;&nbsp;&nbsp;Grade 1 - Age 12: N<br>
2917,Licensed Family,Indigo Meadow Learning Centre,950 Taylor Way,,West Vancouver,V7T 2J8,49.332867,-123.134535,778-814-2945,https://indigomeadowlc.ca,,N,N,N,N,N,N,N,N,N,N,N,N,N,N,N,N,N,,,N,N,N,N,N,N,N,N,N,N,N,2026-04-28,,N,Y,N,Indigo Meadow Learning Centre<br>Licensed Family<br>778-814-2945<br><br>Vacancy:<br>&nbsp;&nbsp;&nbsp;&nbsp;<36 months: N<br>&nbsp;&nbsp;&nbsp;&nbsp;30 months -- 5 years: N<br>&nbsp;&nbsp;&nbsp;&nbsp;Preschool: N<br>&nbsp;&nbsp;&nbsp;&nbsp;Grade 1 - Age 12: N<br>
2918,Licensed Group,Smilekids Childcare Hillside,2715 Forbes St,,Victoria,V8R 4C4,48.438534,-123.338109,250-884-4126,,,N,N,N,N,N,N,N,N,N,N,N,N,N,N,N,N,N,,,N,N,N,N,N,N,N,N,N,N,N,2026-05-04,,N,Y,N,Smilekids Childcare Hillside<br>Licensed Group<br>250-884-4126<br><br>Vacancy:<br>&nbsp;&nbsp;&nbsp;&nbsp;<36 months: N<br>&nbsp;&nbsp;&nbsp;&nbsp;30 months -- 5 years: N<br>&nbsp;&nbsp;&nbsp;&nbsp;Preschool: N<br>&nbsp;&nbsp;&nbsp;&nbsp;Grade 1 - Age 12: N<br>
2919,Licensed Family,Amazing Grace Childcare Centre,10816 155A St,,Surrey,V3R 0H7,49.19922,-122.791066,778-885-9369,,,N,N,N,N,N,N,N,N,N,N,N,N,N,N,N,N,N,,,N,N,N,N,N,N,N,N,Y,N,N,2026-04-13,,N,Y,N,Amazing Grace Childcare Centre<br>Licensed Family<br>778-885-9369<br><br>Vacancy:<br>&nbsp;&nbsp;&nbsp;&nbsp;<36 months: N<br>&nbsp;&nbsp;&nbsp;&nbsp;30 months -- 5 years: Y<br>&nbsp;&nbsp;&nbsp;&nbsp;Preschool: N<br>&nbsp;&nbsp;&nbsp;&nbsp;Grade 1 - Age 12: N<br>
2920,Licensed Family,Lil' Dreamers,2278 Kingsford Pl,,Nanaimo,V9X 1Y3,49.122107,-123.926114,250-327-2629,,,N,N,N,N,N,N,N,N,N,N,N,N,N,N,N,N,N,,,N,N,N,N,N,N,N,N,N,N,N,2026-05-19,,N,Y,N,Lil' Dreamers<br>Licensed Family<br>250-327-2629<br><br>Vacancy:<br>&nbsp;&nbsp;&nbsp;&nbsp;<36 months: N<br>&nbsp;&nbsp;&nbsp;&nbsp;30 months -- 5 years: N<br>&nbsp;&nbsp;&nbsp;&nbsp;Preschool: N<br>&nbsp;&nbsp;&nbsp;&nbsp;Grade 1 - Age 12: N<br>
2921,Licensed Group,Service De Garde Des Enfants Creatifs,6887 132Nd St,,Surrey,V3W 4L9,49.128386,-122.856904,604-599-6688,,,,,,,,,,,,,,,,,,,,,,,,,,,,,,,,,,,Y,N,N,Service De Garde Des Enfants Creatifs<br>Licensed Group<br>604-599-6688<br><br>Vacancy:<br>&nbsp;&nbsp;&nbsp;&nbsp;<36 months: None<br>&nbsp;&nbsp;&nbsp;&nbsp;30 months -- 5 years: None<br>&nbsp;&nbsp;&nbsp;&nbsp;Preschool: None<br>&nbsp;&nbsp;&nbsp;&nbsp;Grade 1 - Age 12: None<br>
2922,Licensed Group,Starlight Child Care Ltd.,1-1001 Royal Ave,,New Westminster,V3M 1K3,49.202123,-122.917984,778-859-4100,,,N,N,N,N,N,N,N,N,N,N,N,N,N,N,N,N,N,,,N,N,N,N,N,N,N,N,N,N,N,2026-05-15,,N,Y,N,Starlight Child Care Ltd.<br>Licensed Group<br>778-859-4100<br><br>Vacancy:<br>&nbsp;&nbsp;&nbsp;&nbsp;<36 months: N<br>&nbsp;&nbsp;&nbsp;&nbsp;30 months -- 5 years: N<br>&nbsp;&nbsp;&nbsp;&nbsp;Preschool: N<br>&nbsp;&nbsp;&nbsp;&nbsp;Grade 1 - Age 12: N<br>
2923,Licensed Group,George Elliot ymca Child Care,10241 Bottom Wood Lake Rd,,Lake Country,V4V 1Y7,50.031246,-119.40083,250-491-8678,,,N,N,N,N,N,N,N,N,N,N,N,N,N,N,N,N,N,,,N,N,N,N,N,N,N,N,N,N,N,2026-04-28,,N,N,N,George Elliot ymca Child Care<br>Licensed Group<br>250-491-8678<br><br>Vacancy:<br>&nbsp;&nbsp;&nbsp;&nbsp;<36 months: N<br>&nbsp;&nbsp;&nbsp;&nbsp;30 months -- 5 years: N<br>&nbsp;&nbsp;&nbsp;&nbsp;Preschool: N<br>&nbsp;&nbsp;&nbsp;&nbsp;Grade 1 - Age 12: N<br>
2924,Licensed Group,Shine & Grow Learning Centre,340 23Rd St E,,North Vancouver,V7L 3E5,49.330426,-123.064067,604-347-8825,,,N,N,N,N,N,N,N,N,N,N,N,N,N,N,N,N,N,,,N,N,N,N,N,N,N,N,N,N,N,2026-05-15,,N,Y,N,Shine & Grow Learning Centre<br>Licensed Group<br>604-347-8825<br><br>Vacancy:<br>&nbsp;&nbsp;&nbsp;&nbsp;<36 months: N<br>&nbsp;&nbsp;&nbsp;&nbsp;30 months -- 5 years: N<br>&nbsp;&nbsp;&nbsp;&nbsp;Preschool: N<br>&nbsp;&nbsp;&nbsp;&nbsp;Grade 1 - Age 12: N<br>
2925,Licensed Family,Tiny Tots,12401 Allison St,,Maple Ridge,V2X 4L4,49.228082,-122.662392,778-240-3495,,,N,N,N,N,N,N,N,N,N,N,N,N,N,N,N,N,N,,,N,N,N,N,N,N,N,N,N,N,N,2026-05-11,,N,Y,N,Tiny Tots<br>Licensed Family<br>778-240-3495<br><br>Vacancy:<br>&nbsp;&nbsp;&nbsp;&nbsp;<36 months: N<br>&nbsp;&nbsp;&nbsp;&nbsp;30 months -- 5 years: N<br>&nbsp;&nbsp;&nbsp;&nbsp;Preschool: N<br>&nbsp;&nbsp;&nbsp;&nbsp;Grade 1 - Age 12: N<br>
2926,Licensed Group,Almosthome Strawberry Hill,3897 Holland Ave,,Victoria,V8Z 5K2,48.470837,-123.422399,250-590-7666,,,N,N,N,N,N,N,N,N,N,N,N,N,N,N,N,N,N,,,N,N,N,N,N,N,N,N,Y,N,N,2026-04-29,,N,Y,N,Almosthome Strawberry Hill<br>Licensed Group<br>250-590-7666<br><br>Vacancy:<br>&nbsp;&nbsp;&nbsp;&nbsp;<36 months: N<br>&nbsp;&nbsp;&nbsp;&nbsp;30 months -- 5 years: Y<br>&nbsp;&nbsp;&nbsp;&nbsp;Preschool: N<br>&nbsp;&nbsp;&nbsp;&nbsp;Grade 1 - Age 12: N<br>
2927,Licensed Group,Peninsula Montessori Academy Fraser,3456 Fraser St,,Vancouver,V5V 4C4,49.254175,-123.089152,778-994-1288,,,N,N,N,N,N,N,N,N,N,N,N,N,N,N,N,N,N,,,N,N,N,N,N,N,N,N,Y,N,N,2026-04-21,,N,Y,N,Peninsula Montessori Academy Fraser<br>Licensed Group<br>778-994-1288<br><br>Vacancy:<br>&nbsp;&nbsp;&nbsp;&nbsp;<36 months: N<br>&nbsp;&nbsp;&nbsp;&nbsp;30 months -- 5 years: Y<br>&nbsp;&nbsp;&nbsp;&nbsp;Preschool: N<br>&nbsp;&nbsp;&nbsp;&nbsp;Grade 1 - Age 12: N<br>
2928,Licensed Group,Gabriola Before And After School Care,"Box 130, 680 North Road",,Gabriola,V0R 1X3,49.174678,-123.839832,250-713-4257,,,N,N,N,N,N,N,N,N,N,N,N,N,N,N,N,N,N,,,N,N,N,N,N,N,N,N,N,N,N,2026-05-21,,N,Y,N,Gabriola Before And After School Care<br>Licensed Group<br>250-713-4257<br><br>Vacancy:<br>&nbsp;&nbsp;&nbsp;&nbsp;<36 months: N<br>&nbsp;&nbsp;&nbsp;&nbsp;30 months -- 5 years: N<br>&nbsp;&nbsp;&nbsp;&nbsp;Preschool: N<br>&nbsp;&nbsp;&nbsp;&nbsp;Grade 1 - Age 12: N<br>
2929,Licensed Group,Seymour Montessori Academy,753 Seymour St,,Kamloops,V2C 2H4,50.674733,-120.322745,778-220-9457,,,N,N,N,N,N,N,N,N,N,N,N,N,N,N,N,N,N,,,N,N,N,N,N,N,N,N,N,N,N,2026-05-17,,N,Y,N,Seymour Montessori Academy<br>Licensed Group<br>778-220-9457<br><br>Vacancy:<br>&nbsp;&nbsp;&nbsp;&nbsp;<36 months: N<br>&nbsp;&nbsp;&nbsp;&nbsp;30 months -- 5 years: N<br>&nbsp;&nbsp;&nbsp;&nbsp;Preschool: N<br>&nbsp;&nbsp;&nbsp;&nbsp;Grade 1 - Age 12: N<br>
2930,Licensed Family,Creative Kids Family Child Care,232 Howes St,,New Westminster,V3M 5L6,49.184834,-122.945808,604-325-8024,,,N,N,N,N,N,N,N,N,N,N,N,N,N,N,N,N,N,,,N,N,N,N,N,N,N,N,Y,N,Y,2026-05-20,,N,Y,N,Creative Kids Family Child Care<br>Licensed Family<br>604-325-8024<br><br>Vacancy:<br>&nbsp;&nbsp;&nbsp;&nbsp;<36 months: N<br>&nbsp;&nbsp;&nbsp;&nbsp;30 months -- 5 years: Y<br>&nbsp;&nbsp;&nbsp;&nbsp;Preschool: N<br>&nbsp;&nbsp;&nbsp;&nbsp;Grade 1 - Age 12: Y<br>
2931,Licensed Group,Sardis Elementary School Age Care,45775 Manuel Rd,,Chilliwack,V2R 2E6,49.127752,-121.958478,604-614-6263,,,N,N,N,N,N,N,N,N,N,N,N,N,N,N,N,N,N,,,N,N,N,N,N,N,N,N,N,N,Y,2026-05-06,,N,Y,N,Sardis Elementary School Age Care<br>Licensed Group<br>604-614-6263<br><br>Vacancy:<br>&nbsp;&nbsp;&nbsp;&nbsp;<36 months: N<br>&nbsp;&nbsp;&nbsp;&nbsp;30 months -- 5 years: N<br>&nbsp;&nbsp;&nbsp;&nbsp;Preschool: N<br>&nbsp;&nbsp;&nbsp;&nbsp;Grade 1 - Age 12: Y<br>
2932,Licensed Group,Unsworth Elementary School Age Care,5685 Unsworth Rd,,Chilliwack,V2R 4B6,49.105155,-121.999478,604-614-6263,,,N,N,N,N,N,N,N,N,N,N,N,N,N,N,N,N,N,,,N,N,N,N,N,N,N,N,N,N,Y,2026-05-06,,N,Y,N,Unsworth Elementary School Age Care<br>Licensed Group<br>604-614-6263<br><br>Vacancy:<br>&nbsp;&nbsp;&nbsp;&nbsp;<36 months: N<br>&nbsp;&nbsp;&nbsp;&nbsp;30 months -- 5 years: N<br>&nbsp;&nbsp;&nbsp;&nbsp;Preschool: N<br>&nbsp;&nbsp;&nbsp;&nbsp;Grade 1 - Age 12: Y<br>
2933,Licensed Group,Greendale Elementary School Age Care,6621 Sumas Prairie Rd,,Chilliwack,V2R 4K1,49.121858,-122.047137,604-614-6263,,,N,N,N,N,N,N,N,N,N,N,N,N,N,N,N,N,N,,,N,N,N,N,N,N,N,N,N,N,Y,2026-05-06,,N,Y,N,Greendale Elementary School Age Care<br>Licensed Group<br>604-614-6263<br><br>Vacancy:<br>&nbsp;&nbsp;&nbsp;&nbsp;<36 months: N<br>&nbsp;&nbsp;&nbsp;&nbsp;30 months -- 5 years: N<br>&nbsp;&nbsp;&nbsp;&nbsp;Preschool: N<br>&nbsp;&nbsp;&nbsp;&nbsp;Grade 1 - Age 12: Y<br>
2934,Licensed Group,Taylin Child Care Delair Rd,35270 Delair Rd,,Abbotsford,V3G 2E2,49.034571,-122.247841,604-349-4066,,,N,N,N,N,N,N,N,N,N,N,N,N,N,N,N,N,N,,,N,N,N,N,N,N,N,N,N,N,N,2026-05-15,,N,Y,N,Taylin Child Care Delair Rd<br>Licensed Group<br>604-349-4066<br><br>Vacancy:<br>&nbsp;&nbsp;&nbsp;&nbsp;<36 months: N<br>&nbsp;&nbsp;&nbsp;&nbsp;30 months -- 5 years: N<br>&nbsp;&nbsp;&nbsp;&nbsp;Preschool: N<br>&nbsp;&nbsp;&nbsp;&nbsp;Grade 1 - Age 12: N<br>
2935,Licensed Group,Joyful Journey's Children Centre,211 Rodello St,,Comox,V9M 0E1,49.675022,-124.940952,250-339-3033,,,N,N,N,N,N,N,N,N,N,N,N,N,N,N,N,N,N,,,N,N,N,N,N,N,N,N,N,N,N,2026-04-30,,N,Y,N,Joyful Journey's Children Centre<br>Licensed Group<br>250-339-3033<br><br>Vacancy:<br>&nbsp;&nbsp;&nbsp;&nbsp;<36 months: N<br>&nbsp;&nbsp;&nbsp;&nbsp;30 months -- 5 years: N<br>&nbsp;&nbsp;&nbsp;&nbsp;Preschool: N<br>&nbsp;&nbsp;&nbsp;&nbsp;Grade 1 - Age 12: N<br>
2936,Licensed Group,Rainbow Early Learning Collective,1150 Timberland Rd,,Roberts Creek,V0N 2W0,49.424068,-123.64441,604-886-0163,,,N,N,N,N,N,N,N,N,N,N,N,N,N,N,N,N,N,,,N,N,N,N,N,N,N,N,N,N,N,2026-05-01,,N,Y,N,Rainbow Early Learning Collective<br>Licensed Group<br>604-886-0163<br><br>Vacancy:<br>&nbsp;&nbsp;&nbsp;&nbsp;<36 months: N<br>&nbsp;&nbsp;&nbsp;&nbsp;30 months -- 5 years: N<br>&nbsp;&nbsp;&nbsp;&nbsp;Preschool: N<br>&nbsp;&nbsp;&nbsp;&nbsp;Grade 1 - Age 12: N<br>
2937,Licensed Group,The Thinking Garden Qualicum,138 Hoylake Rd W,,Qualicum Beach,V9K 1K3,49.350901,-124.444862,250-668-0924,,,N,N,N,N,N,N,N,N,N,N,N,N,N,N,N,N,N,,,N,N,N,N,N,N,N,Y,Y,N,N,2026-05-16,,N,Y,N,The Thinking Garden Qualicum<br>Licensed Group<br>250-668-0924<br><br>Vacancy:<br>&nbsp;&nbsp;&nbsp;&nbsp;<36 months: Y<br>&nbsp;&nbsp;&nbsp;&nbsp;30 months -- 5 years: Y<br>&nbsp;&nbsp;&nbsp;&nbsp;Preschool: N<br>&nbsp;&nbsp;&nbsp;&nbsp;Grade 1 - Age 12: N<br>
2938,Licensed Group,Curious Cubs Childcare Centre,9306 208 St,,Langley,V1M 2Y9,49.17197,-122.64552,604-352-5511,,,N,N,N,N,N,N,N,N,N,N,N,N,N,N,N,N,N,,,N,N,N,N,N,N,N,N,N,Y,N,2026-05-14,,N,Y,N,Curious Cubs Childcare Centre<br>Licensed Group<br>604-352-5511<br><br>Vacancy:<br>&nbsp;&nbsp;&nbsp;&nbsp;<36 months: N<br>&nbsp;&nbsp;&nbsp;&nbsp;30 months -- 5 years: N<br>&nbsp;&nbsp;&nbsp;&nbsp;Preschool: Y<br>&nbsp;&nbsp;&nbsp;&nbsp;Grade 1 - Age 12: N<br>
2939,Licensed Group,Ikoka Childcare Learning Center,7808 Ross St,,Vancouver,V5X 4C2,49.213525,-123.08293,778-861-7446,,,N,N,N,N,N,N,N,N,N,N,N,N,N,N,N,N,N,,,N,N,N,N,N,N,N,N,N,N,N,2026-05-03,,N,Y,N,Ikoka Childcare Learning Center<br>Licensed Group<br>778-861-7446<br><br>Vacancy:<br>&nbsp;&nbsp;&nbsp;&nbsp;<36 months: N<br>&nbsp;&nbsp;&nbsp;&nbsp;30 months -- 5 years: N<br>&nbsp;&nbsp;&nbsp;&nbsp;Preschool: N<br>&nbsp;&nbsp;&nbsp;&nbsp;Grade 1 - Age 12: N<br>
2940,Licensed Group,Kiddo House Montessori,6640 Blundell Rd,,Richmond,V7C 1H8,49.155166,-123.150501,778-886-0626,,,N,N,N,N,N,N,N,N,N,N,N,N,N,N,N,N,N,,,N,N,N,N,N,N,N,N,Y,N,N,2026-05-20,,N,Y,Y,Kiddo House Montessori<br>Licensed Group<br>778-886-0626<br><br>Vacancy:<br>&nbsp;&nbsp;&nbsp;&nbsp;<36 months: N<br>&nbsp;&nbsp;&nbsp;&nbsp;30 months -- 5 years: Y<br>&nbsp;&nbsp;&nbsp;&nbsp;Preschool: N<br>&nbsp;&nbsp;&nbsp;&nbsp;Grade 1 - Age 12: N<br>
2941,Licensed Group,Kiddo House Montessori,6640 Blundell Rd,,Richmond,V7C 1H8,49.155166,-123.150501,778-886-0626,,,N,N,N,N,N,N,N,N,N,N,N,N,N,N,N,N,N,,,N,N,N,N,N,N,N,N,N,N,N,2026-05-20,,N,Y,Y,Kiddo House Montessori<br>Licensed Group<br>778-886-0626<br><br>Vacancy:<br>&nbsp;&nbsp;&nbsp;&nbsp;<36 months: N<br>&nbsp;&nbsp;&nbsp;&nbsp;30 months -- 5 years: N<br>&nbsp;&nbsp;&nbsp;&nbsp;Preschool: N<br>&nbsp;&nbsp;&nbsp;&nbsp;Grade 1 - Age 12: N<br>
2942,Licensed Group,Taylin Child Care Douglas,17419 0B Ave,,Surrey,V3Z 8L2,49.003645,-122.739968,604-349-4066,,,N,N,N,N,N,N,N,N,N,N,N,N,N,N,N,N,N,,,N,N,N,N,N,N,N,N,N,N,N,2026-05-15,,N,Y,N,Taylin Child Care Douglas<br>Licensed Group<br>604-349-4066<br><br>Vacancy:<br>&nbsp;&nbsp;&nbsp;&nbsp;<36 months: N<br>&nbsp;&nbsp;&nbsp;&nbsp;30 months -- 5 years: N<br>&nbsp;&nbsp;&nbsp;&nbsp;Preschool: N<br>&nbsp;&nbsp;&nbsp;&nbsp;Grade 1 - Age 12: N<br>
2943,Licensed Group,Blue Ocean Daycare,2221 Ottawa Ave,,West Vancouver,V7V 2S7,49.340332,-123.171418,236-881-3775,,,N,N,N,N,N,N,N,N,N,N,N,N,N,N,N,N,N,,,N,N,N,N,N,N,N,Y,N,N,N,2026-05-18,,N,Y,N,Blue Ocean Daycare<br>Licensed Group<br>236-881-3775<br><br>Vacancy:<br>&nbsp;&nbsp;&nbsp;&nbsp;<36 months: Y<br>&nbsp;&nbsp;&nbsp;&nbsp;30 months -- 5 years: N<br>&nbsp;&nbsp;&nbsp;&nbsp;Preschool: N<br>&nbsp;&nbsp;&nbsp;&nbsp;Grade 1 - Age 12: N<br>
2944,Licensed Family,Lilly Of The Valley,B-822 Quadling Ave,,Coquitlam,V3K 2A4,49.240563,-122.874714,604-368-2921,,,N,N,N,N,N,N,N,N,N,N,N,N,N,N,N,N,N,,,N,N,N,N,N,N,N,N,N,N,N,2026-05-15,,N,Y,N,Lilly Of The Valley<br>Licensed Family<br>604-368-2921<br><br>Vacancy:<br>&nbsp;&nbsp;&nbsp;&nbsp;<36 months: N<br>&nbsp;&nbsp;&nbsp;&nbsp;30 months -- 5 years: N<br>&nbsp;&nbsp;&nbsp;&nbsp;Preschool: N<br>&nbsp;&nbsp;&nbsp;&nbsp;Grade 1 - Age 12: N<br>
2945,Licensed Group,Mathieson After School Childcare Centre,45195 Wells Rd,,Chilliwack,V2R 1H6,49.135523,-121.9739,604-819-4117,,,N,N,N,N,N,N,N,N,N,N,N,N,N,N,N,N,N,Extra fee,Extra fee,N,N,N,N,N,N,N,N,Y,N,Y,2026-05-21,,N,Y,N,Mathieson After School Childcare Centre<br>Licensed Group<br>604-819-4117<br><br>Vacancy:<br>&nbsp;&nbsp;&nbsp;&nbsp;<36 months: N<br>&nbsp;&nbsp;&nbsp;&nbsp;30 months -- 5 years: Y<br>&nbsp;&nbsp;&nbsp;&nbsp;Preschool: N<br>&nbsp;&nbsp;&nbsp;&nbsp;Grade 1 - Age 12: Y<br>
2946,Licensed Family,Yellow Kite Early Learning Centre Ltd.,2154 Nicklaus Dr,,Langford,V9B 6T3,48.472111,-123.528506,250-886-9798,,,N,N,N,N,N,N,N,N,N,N,N,N,N,N,N,N,N,,,N,N,N,N,N,N,N,N,N,N,N,2026-05-18,,N,Y,N,Yellow Kite Early Learning Centre Ltd.<br>Licensed Family<br>250-886-9798<br><br>Vacancy:<br>&nbsp;&nbsp;&nbsp;&nbsp;<36 months: N<br>&nbsp;&nbsp;&nbsp;&nbsp;30 months -- 5 years: N<br>&nbsp;&nbsp;&nbsp;&nbsp;Preschool: N<br>&nbsp;&nbsp;&nbsp;&nbsp;Grade 1 - Age 12: N<br>
2947,Licensed Family,Ferncove Family Daycare,275 Bellamy Link,,Langford,V9B 0R8,48.461015,-123.489567,236-475-8311,,,Y,N,N,N,N,N,Y,Y,N,N,N,N,N,N,N,N,N,Not offered,Not offered,N,N,N,N,N,Y,Y,N,N,N,N,2026-04-15,,N,Y,N,Ferncove Family Daycare<br>Licensed Family<br>236-475-8311<br><br>Vacancy:<br>&nbsp;&nbsp;&nbsp;&nbsp;<36 months: N<br>&nbsp;&nbsp;&nbsp;&nbsp;30 months -- 5 years: N<br>&nbsp;&nbsp;&nbsp;&nbsp;Preschool: N<br>&nbsp;&nbsp;&nbsp;&nbsp;Grade 1 - Age 12: N<br>
2948,Licensed Family,Lulu Berry And Lime Daycare,8013 16Th Ave,,Burnaby,V3N 1R6,49.225539,-122.930323,236-512-8778,,,N,N,N,N,N,N,N,N,N,N,N,N,N,N,N,N,N,,,N,N,N,N,N,N,N,N,N,N,N,2026-05-15,,N,Y,N,Lulu Berry And Lime Daycare<br>Licensed Family<br>236-512-8778<br><br>Vacancy:<br>&nbsp;&nbsp;&nbsp;&nbsp;<36 months: N<br>&nbsp;&nbsp;&nbsp;&nbsp;30 months -- 5 years: N<br>&nbsp;&nbsp;&nbsp;&nbsp;Preschool: N<br>&nbsp;&nbsp;&nbsp;&nbsp;Grade 1 - Age 12: N<br>
2949,Licensed Group,Khalsa Childcare Centre 1,6989 124 St,,Surrey,V3W 3W6,49.130217,-122.879276,604-594-0553,,,N,N,N,N,N,N,N,N,N,N,N,N,N,N,N,N,N,,,N,N,N,N,N,N,N,N,N,Y,N,2026-05-07,,N,Y,N,Khalsa Childcare Centre 1<br>Licensed Group<br>604-594-0553<br><br>Vacancy:<br>&nbsp;&nbsp;&nbsp;&nbsp;<36 months: N<br>&nbsp;&nbsp;&nbsp;&nbsp;30 months -- 5 years: N<br>&nbsp;&nbsp;&nbsp;&nbsp;Preschool: Y<br>&nbsp;&nbsp;&nbsp;&nbsp;Grade 1 - Age 12: N<br>
2950,Licensed Group,Little Lambs Childcare Center,613 Queens Ave,,New Westminster,V3M 1L1,49.206779,-122.914135,604-515-8212,,,N,N,N,N,N,N,N,N,N,N,N,N,N,N,N,N,N,,,N,N,N,N,N,N,N,N,N,N,N,2026-04-21,,N,Y,N,Little Lambs Childcare Center<br>Licensed Group<br>604-515-8212<br><br>Vacancy:<br>&nbsp;&nbsp;&nbsp;&nbsp;<36 months: N<br>&nbsp;&nbsp;&nbsp;&nbsp;30 months -- 5 years: N<br>&nbsp;&nbsp;&nbsp;&nbsp;Preschool: N<br>&nbsp;&nbsp;&nbsp;&nbsp;Grade 1 - Age 12: N<br>
2951,Licensed Group,Creative Playspace Childcare,3342 Smugglers Hill Dr,,Nanaimo,V9T 3V3,49.212345,-123.977174,604-970-1496,,,N,N,N,N,N,N,N,N,N,N,N,N,N,N,N,N,N,,,N,N,N,N,N,N,N,Y,N,N,N,2026-05-18,,N,Y,N,Creative Playspace Childcare<br>Licensed Group<br>604-970-1496<br><br>Vacancy:<br>&nbsp;&nbsp;&nbsp;&nbsp;<36 months: Y<br>&nbsp;&nbsp;&nbsp;&nbsp;30 months -- 5 years: N<br>&nbsp;&nbsp;&nbsp;&nbsp;Preschool: N<br>&nbsp;&nbsp;&nbsp;&nbsp;Grade 1 - Age 12: N<br>
2952,Licensed Family,Dancing Dinos Daycare,2987 Likely Rd,,150 Mile House,V0K 2G0,50.67183,-121.911158,250-267-7272,,,N,N,N,N,N,N,N,N,N,N,N,N,N,N,N,N,N,,,N,N,N,N,N,N,N,N,N,N,N,2026-05-15,,N,Y,N,Dancing Dinos Daycare<br>Licensed Family<br>250-267-7272<br><br>Vacancy:<br>&nbsp;&nbsp;&nbsp;&nbsp;<36 months: N<br>&nbsp;&nbsp;&nbsp;&nbsp;30 months -- 5 years: N<br>&nbsp;&nbsp;&nbsp;&nbsp;Preschool: N<br>&nbsp;&nbsp;&nbsp;&nbsp;Grade 1 - Age 12: N<br>
2953,Licensed Family,Little Jungle Child Care,11 Caramillo Rd,,Kelowna,V1V 1A9,49.906351,-119.464784,416-358-3755,www.littlejunglechildcare.ca,,N,N,N,N,N,N,N,N,N,N,N,N,N,N,N,N,N,,,N,N,N,N,N,N,N,N,Y,N,N,2026-05-19,,N,Y,N,Little Jungle Child Care<br>Licensed Family<br>416-358-3755<br><br>Vacancy:<br>&nbsp;&nbsp;&nbsp;&nbsp;<36 months: N<br>&nbsp;&nbsp;&nbsp;&nbsp;30 months -- 5 years: Y<br>&nbsp;&nbsp;&nbsp;&nbsp;Preschool: N<br>&nbsp;&nbsp;&nbsp;&nbsp;Grade 1 - Age 12: N<br>
2954,Licensed Group,Hello Friends Child Care Corporation 103,103-2787 Jacklin Rd,,Victoria,V9B 3X7,48.450997,-123.504813,403-966-5168,,,Y,N,N,N,N,N,N,Y,N,N,N,N,Y,Y,Y,Y,Y,Extra fee,Extra fee,N,N,N,N,Y,Y,Y,N,N,N,N,2026-05-16,,N,Y,N,Hello Friends Child Care Corporation 103<br>Licensed Group<br>403-966-5168<br><br>Vacancy:<br>&nbsp;&nbsp;&nbsp;&nbsp;<36 months: N<br>&nbsp;&nbsp;&nbsp;&nbsp;30 months -- 5 years: N<br>&nbsp;&nbsp;&nbsp;&nbsp;Preschool: N<br>&nbsp;&nbsp;&nbsp;&nbsp;Grade 1 - Age 12: N<br>
2955,Licensed Family,Cherry Lane Childcare,4260 Ponderosa Cres,,Victoria,V8Z 7G2,48.482076,-123.406643,778-350-2920,,,N,N,N,N,N,N,N,N,N,N,N,N,N,N,N,N,N,,,N,N,N,N,N,N,N,N,N,N,N,2026-05-17,,N,Y,N,Cherry Lane Childcare<br>Licensed Family<br>778-350-2920<br><br>Vacancy:<br>&nbsp;&nbsp;&nbsp;&nbsp;<36 months: N<br>&nbsp;&nbsp;&nbsp;&nbsp;30 months -- 5 years: N<br>&nbsp;&nbsp;&nbsp;&nbsp;Preschool: N<br>&nbsp;&nbsp;&nbsp;&nbsp;Grade 1 - Age 12: N<br>
2956,Licensed Group,St Christopher's Montessori School Casa,2451 Windsor Rd,,Victoria,V8S 5H3,48.422693,-123.306188,250-595-3213,,,N,N,N,N,N,N,N,N,N,N,N,N,N,N,N,N,N,,,N,N,N,N,N,N,N,N,N,N,N,2026-05-19,,N,Y,N,St Christopher's Montessori School Casa<br>Licensed Group<br>250-595-3213<br><br>Vacancy:<br>&nbsp;&nbsp;&nbsp;&nbsp;<36 months: N<br>&nbsp;&nbsp;&nbsp;&nbsp;30 months -- 5 years: N<br>&nbsp;&nbsp;&nbsp;&nbsp;Preschool: N<br>&nbsp;&nbsp;&nbsp;&nbsp;Grade 1 - Age 12: N<br>
2957,Licensed Group,Miss Vicki's Childcare Centre,21150 80 Ave,,Langley,V2Y 0H2,49.147387,-122.636574,778-998-0405,,,N,N,N,N,N,N,N,N,N,N,N,N,N,N,N,N,N,,,N,N,N,N,N,N,N,Y,N,N,N,2026-05-15,,N,Y,N,Miss Vicki's Childcare Centre<br>Licensed Group<br>778-998-0405<br><br>Vacancy:<br>&nbsp;&nbsp;&nbsp;&nbsp;<36 months: Y<br>&nbsp;&nbsp;&nbsp;&nbsp;30 months -- 5 years: N<br>&nbsp;&nbsp;&nbsp;&nbsp;Preschool: N<br>&nbsp;&nbsp;&nbsp;&nbsp;Grade 1 - Age 12: N<br>
2958,Licensed Group,Central Village Childcare Society,101-9391 College St,,Chilliwack,V2P 0G3,49.1727,-121.955488,604-750-6365,,,N,N,N,N,N,N,N,N,N,N,N,N,N,N,N,N,N,,,N,N,N,N,N,N,N,N,N,N,N,2026-05-15,,N,Y,N,Central Village Childcare Society<br>Licensed Group<br>604-750-6365<br><br>Vacancy:<br>&nbsp;&nbsp;&nbsp;&nbsp;<36 months: N<br>&nbsp;&nbsp;&nbsp;&nbsp;30 months -- 5 years: N<br>&nbsp;&nbsp;&nbsp;&nbsp;Preschool: N<br>&nbsp;&nbsp;&nbsp;&nbsp;Grade 1 - Age 12: N<br>
2959,Licensed Group,Mini Marvels Daycare,4369 Turner Rd,,Prince George,V2K 2J5,53.993834,-122.799733,250-613-5897,,,N,N,N,N,N,N,N,N,N,N,N,N,N,N,N,N,N,,,N,N,N,N,N,N,N,N,N,N,N,2026-05-15,,N,Y,N,Mini Marvels Daycare<br>Licensed Group<br>250-613-5897<br><br>Vacancy:<br>&nbsp;&nbsp;&nbsp;&nbsp;<36 months: N<br>&nbsp;&nbsp;&nbsp;&nbsp;30 months -- 5 years: N<br>&nbsp;&nbsp;&nbsp;&nbsp;Preschool: N<br>&nbsp;&nbsp;&nbsp;&nbsp;Grade 1 - Age 12: N<br>
2960,Licensed Family,Flourish Childcare,36 724 Innes Ave S,,Cranbrook,V1C 2A5,49.501806,-115.781623,250-417-7177,,,N,N,N,N,N,N,N,N,N,N,N,N,N,N,N,N,N,,,N,N,N,N,N,N,N,N,N,N,N,2026-05-11,,N,Y,N,Flourish Childcare<br>Licensed Family<br>250-417-7177<br><br>Vacancy:<br>&nbsp;&nbsp;&nbsp;&nbsp;<36 months: N<br>&nbsp;&nbsp;&nbsp;&nbsp;30 months -- 5 years: N<br>&nbsp;&nbsp;&nbsp;&nbsp;Preschool: N<br>&nbsp;&nbsp;&nbsp;&nbsp;Grade 1 - Age 12: N<br>
2961,Licensed Group,Sandbox Early Learning (Abbotsford),32560 Simon Ave,,Abbotsford,V2T 5L7,49.052938,-122.32214,604-868-7121,,,N,N,N,N,N,N,N,N,N,N,N,N,N,N,N,N,N,,,N,N,N,N,N,N,N,N,Y,N,N,2026-04-24,,N,Y,N,Sandbox Early Learning (Abbotsford)<br>Licensed Group<br>604-868-7121<br><br>Vacancy:<br>&nbsp;&nbsp;&nbsp;&nbsp;<36 months: N<br>&nbsp;&nbsp;&nbsp;&nbsp;30 months -- 5 years: Y<br>&nbsp;&nbsp;&nbsp;&nbsp;Preschool: N<br>&nbsp;&nbsp;&nbsp;&nbsp;Grade 1 - Age 12: N<br>
2962,Licensed Family,Puzzles Child Care Centre,1761 Tatlow Ave,,North Vancouver,V7P 3A1,49.325516,-123.11789,778-918-6343,,,N,N,N,N,N,N,N,N,N,N,N,N,N,N,N,N,N,,,N,N,N,N,N,N,N,N,N,N,N,2026-04-21,,N,Y,N,Puzzles Child Care Centre<br>Licensed Family<br>778-918-6343<br><br>Vacancy:<br>&nbsp;&nbsp;&nbsp;&nbsp;<36 months: N<br>&nbsp;&nbsp;&nbsp;&nbsp;30 months -- 5 years: N<br>&nbsp;&nbsp;&nbsp;&nbsp;Preschool: N<br>&nbsp;&nbsp;&nbsp;&nbsp;Grade 1 - Age 12: N<br>
2963,Licensed Group,Puzzles Child Care Centre,5639 Remington Cres,,Chilliwack,V2R 3W9,49.106195,-121.957158,778-918-6343,,,N,N,N,N,N,N,N,N,N,N,N,N,N,N,N,N,N,,,N,N,N,N,N,N,N,N,N,N,N,2026-04-21,,N,Y,N,Puzzles Child Care Centre<br>Licensed Group<br>778-918-6343<br><br>Vacancy:<br>&nbsp;&nbsp;&nbsp;&nbsp;<36 months: N<br>&nbsp;&nbsp;&nbsp;&nbsp;30 months -- 5 years: N<br>&nbsp;&nbsp;&nbsp;&nbsp;Preschool: N<br>&nbsp;&nbsp;&nbsp;&nbsp;Grade 1 - Age 12: N<br>
2964,Licensed Group,Brighouse Junior Kindergarten Corporation,8151 Bennett Road,,Richmond,V6Y 1N4,49.161409,-123.133862,604-312-3352,,,N,N,N,N,N,N,N,N,N,N,N,N,N,N,N,N,N,,,N,N,N,N,N,N,N,N,N,N,N,2026-05-15,,N,Y,N,Brighouse Junior Kindergarten Corporation<br>Licensed Group<br>604-312-3352<br><br>Vacancy:<br>&nbsp;&nbsp;&nbsp;&nbsp;<36 months: N<br>&nbsp;&nbsp;&nbsp;&nbsp;30 months -- 5 years: N<br>&nbsp;&nbsp;&nbsp;&nbsp;Preschool: N<br>&nbsp;&nbsp;&nbsp;&nbsp;Grade 1 - Age 12: N<br>
2965,Licensed Group,Fairview Before And After School Care,205 Howard Ave,,Nanaimo,V9R 3R3,49.166314,-123.956209,250-713-4257,,,N,N,N,N,N,N,N,N,N,N,N,N,N,N,N,N,N,,,N,N,N,N,N,N,N,N,N,N,N,2026-05-21,,N,Y,N,Fairview Before And After School Care<br>Licensed Group<br>250-713-4257<br><br>Vacancy:<br>&nbsp;&nbsp;&nbsp;&nbsp;<36 months: N<br>&nbsp;&nbsp;&nbsp;&nbsp;30 months -- 5 years: N<br>&nbsp;&nbsp;&nbsp;&nbsp;Preschool: N<br>&nbsp;&nbsp;&nbsp;&nbsp;Grade 1 - Age 12: N<br>
2966,Licensed Family,West Arden Childcare Centre,963 Webb Rd,,Courtenay,V9N 9V3,49.672927,-125.024946,250-897-1424,,,N,N,N,N,N,N,N,N,N,N,N,N,N,N,N,N,N,,,N,N,N,N,N,N,N,N,Y,N,Y,2026-04-23,,N,Y,N,West Arden Childcare Centre<br>Licensed Family<br>250-897-1424<br><br>Vacancy:<br>&nbsp;&nbsp;&nbsp;&nbsp;<36 months: N<br>&nbsp;&nbsp;&nbsp;&nbsp;30 months -- 5 years: Y<br>&nbsp;&nbsp;&nbsp;&nbsp;Preschool: N<br>&nbsp;&nbsp;&nbsp;&nbsp;Grade 1 - Age 12: Y<br>
2967,Licensed Family,My Forest Childcare,9007 96A Ave,,Fort St. John,V1J 5G1,56.242925,-120.829342,306-216-0263,,,N,N,N,N,N,N,N,N,N,N,N,N,N,N,N,N,N,,,N,N,N,N,N,N,N,N,N,N,N,2026-05-14,,N,Y,N,My Forest Childcare<br>Licensed Family<br>306-216-0263<br><br>Vacancy:<br>&nbsp;&nbsp;&nbsp;&nbsp;<36 months: N<br>&nbsp;&nbsp;&nbsp;&nbsp;30 months -- 5 years: N<br>&nbsp;&nbsp;&nbsp;&nbsp;Preschool: N<br>&nbsp;&nbsp;&nbsp;&nbsp;Grade 1 - Age 12: N<br>
2968,Licensed Family,Summer Joy Child-Care,3322 Lealand Crt,,Burnaby,V5A 3B6,49.253858,-122.930496,604-230-4674,,,N,N,N,N,N,N,N,N,N,N,N,N,N,N,N,N,N,,,N,N,N,N,N,N,N,N,N,N,N,2026-05-15,,N,Y,N,Summer Joy Child-Care<br>Licensed Family<br>604-230-4674<br><br>Vacancy:<br>&nbsp;&nbsp;&nbsp;&nbsp;<36 months: N<br>&nbsp;&nbsp;&nbsp;&nbsp;30 months -- 5 years: N<br>&nbsp;&nbsp;&nbsp;&nbsp;Preschool: N<br>&nbsp;&nbsp;&nbsp;&nbsp;Grade 1 - Age 12: N<br>
2969,Licensed Family,Possibilities Child Care Center,2242 Shannon Ridge Dr,,West Kelowna,V4T 1S9,49.855224,-119.609308,250-768-3841,,,N,N,N,N,N,N,N,N,N,N,N,N,N,N,N,N,N,,,N,N,N,N,N,N,N,N,Y,N,N,2026-05-07,,N,Y,N,Possibilities Child Care Center<br>Licensed Family<br>250-768-3841<br><br>Vacancy:<br>&nbsp;&nbsp;&nbsp;&nbsp;<36 months: N<br>&nbsp;&nbsp;&nbsp;&nbsp;30 months -- 5 years: Y<br>&nbsp;&nbsp;&nbsp;&nbsp;Preschool: N<br>&nbsp;&nbsp;&nbsp;&nbsp;Grade 1 - Age 12: N<br>
2970,Licensed Family,Angel Queens Daycare,483 Queens Rd W,,North Vancouver,V7N 2K9,49.336332,-123.081938,604-345-6617,,,N,N,N,N,N,N,N,N,N,N,N,N,N,N,N,N,N,,,N,N,N,N,N,N,N,Y,Y,N,Y,2026-05-19,,N,Y,N,Angel Queens Daycare<br>Licensed Family<br>604-345-6617<br><br>Vacancy:<br>&nbsp;&nbsp;&nbsp;&nbsp;<36 months: Y<br>&nbsp;&nbsp;&nbsp;&nbsp;30 months -- 5 years: Y<br>&nbsp;&nbsp;&nbsp;&nbsp;Preschool: N<br>&nbsp;&nbsp;&nbsp;&nbsp;Grade 1 - Age 12: Y<br>
2971,Licensed Group,Heron's Landing 3-5,5Th Fl - 6180 Walter Gage Rd,,Vancouver,V6T 1S1,49.269414,-123.251839,604-837-9232,,,N,N,N,N,N,N,N,N,N,N,N,N,N,N,N,N,N,,,N,N,N,N,N,N,N,N,N,N,N,2026-04-24,,N,Y,N,Heron's Landing 3-5<br>Licensed Group<br>604-837-9232<br><br>Vacancy:<br>&nbsp;&nbsp;&nbsp;&nbsp;<36 months: N<br>&nbsp;&nbsp;&nbsp;&nbsp;30 months -- 5 years: N<br>&nbsp;&nbsp;&nbsp;&nbsp;Preschool: N<br>&nbsp;&nbsp;&nbsp;&nbsp;Grade 1 - Age 12: N<br>
2972,Licensed Group,Heron's Landing - Infant Toddler,5Th Fl - 6180 Walter Gage Rd,,Vancouver,V6T 1S1,49.269414,-123.251839,604-837-9232,,,N,N,N,N,N,N,N,N,N,N,N,N,N,N,N,N,N,,,N,N,N,N,N,N,N,N,N,N,N,2026-04-24,,N,Y,N,Heron's Landing - Infant Toddler<br>Licensed Group<br>604-837-9232<br><br>Vacancy:<br>&nbsp;&nbsp;&nbsp;&nbsp;<36 months: N<br>&nbsp;&nbsp;&nbsp;&nbsp;30 months -- 5 years: N<br>&nbsp;&nbsp;&nbsp;&nbsp;Preschool: N<br>&nbsp;&nbsp;&nbsp;&nbsp;Grade 1 - Age 12: N<br>
2973,Licensed Family,Blue House Family Childcare,38039-B Fifth Ave,,Squamish,V8B 0B4,49.700704,-123.157948,778-886-4094,,,N,N,N,N,N,N,N,N,N,N,N,N,N,N,N,N,N,,,N,N,N,N,N,N,N,N,Y,N,N,2026-05-19,,N,Y,N,Blue House Family Childcare<br>Licensed Family<br>778-886-4094<br><br>Vacancy:<br>&nbsp;&nbsp;&nbsp;&nbsp;<36 months: N<br>&nbsp;&nbsp;&nbsp;&nbsp;30 months -- 5 years: Y<br>&nbsp;&nbsp;&nbsp;&nbsp;Preschool: N<br>&nbsp;&nbsp;&nbsp;&nbsp;Grade 1 - Age 12: N<br>
2974,Licensed Family,Kidzz Early Learning Center-Kelc,454 Eldorado Rd,,Kelowna,V1W 1G8,49.821974,-119.497101,778-215-8940,,,N,N,N,N,N,N,N,N,N,N,N,N,N,N,N,N,N,,,N,N,N,N,N,N,N,Y,Y,N,N,2026-05-17,,N,Y,N,Kidzz Early Learning Center-Kelc<br>Licensed Family<br>778-215-8940<br><br>Vacancy:<br>&nbsp;&nbsp;&nbsp;&nbsp;<36 months: Y<br>&nbsp;&nbsp;&nbsp;&nbsp;30 months -- 5 years: Y<br>&nbsp;&nbsp;&nbsp;&nbsp;Preschool: N<br>&nbsp;&nbsp;&nbsp;&nbsp;Grade 1 - Age 12: N<br>
2975,Licensed Group,Little Munchkins Main St,476 Main St,,mcbride,V0J 2E0,53.302026,-120.164417,250-306-7186,,,N,N,N,N,N,N,N,N,N,N,N,N,N,N,N,N,N,,,N,N,N,N,N,N,N,N,N,N,N,2026-05-18,,N,Y,N,Little Munchkins Main St<br>Licensed Group<br>250-306-7186<br><br>Vacancy:<br>&nbsp;&nbsp;&nbsp;&nbsp;<36 months: N<br>&nbsp;&nbsp;&nbsp;&nbsp;30 months -- 5 years: N<br>&nbsp;&nbsp;&nbsp;&nbsp;Preschool: N<br>&nbsp;&nbsp;&nbsp;&nbsp;Grade 1 - Age 12: N<br>
2976,Licensed Group,Block 8 Academy - Spring Street,2626 Spring St,,Port Moody,V3H 2G8,49.277293,-122.854043,778-893-9706,,,N,N,N,N,N,N,N,N,N,N,N,N,N,N,N,N,N,Not offered,Not offered,N,N,N,N,N,N,N,N,Y,N,Y,2026-05-14,,N,Y,N,Block 8 Academy - Spring Street<br>Licensed Group<br>778-893-9706<br><br>Vacancy:<br>&nbsp;&nbsp;&nbsp;&nbsp;<36 months: N<br>&nbsp;&nbsp;&nbsp;&nbsp;30 months -- 5 years: Y<br>&nbsp;&nbsp;&nbsp;&nbsp;Preschool: N<br>&nbsp;&nbsp;&nbsp;&nbsp;Grade 1 - Age 12: Y<br>
2977,Licensed Family,A.Y Childcare Centre,22963 139 Ave,,Maple Ridge,V4R 2X4,49.254777,-122.584891,778-723-7241,,,N,N,N,N,N,N,N,N,N,N,N,N,N,N,N,N,N,,,N,N,N,N,N,N,N,Y,Y,N,N,2026-05-01,,N,Y,N,A.Y Childcare Centre<br>Licensed Family<br>778-723-7241<br><br>Vacancy:<br>&nbsp;&nbsp;&nbsp;&nbsp;<36 months: Y<br>&nbsp;&nbsp;&nbsp;&nbsp;30 months -- 5 years: Y<br>&nbsp;&nbsp;&nbsp;&nbsp;Preschool: N<br>&nbsp;&nbsp;&nbsp;&nbsp;Grade 1 - Age 12: N<br>
2978,Licensed Family,Wonder World Play School,10554 238 St,,Maple Ridge,V2W 1E1,49.194175,-122.561546,778-683-7398,,,N,N,N,N,N,N,N,N,N,N,N,N,N,N,N,N,N,,,N,N,N,N,N,N,N,N,N,N,N,2026-05-15,,N,Y,N,Wonder World Play School<br>Licensed Family<br>778-683-7398<br><br>Vacancy:<br>&nbsp;&nbsp;&nbsp;&nbsp;<36 months: N<br>&nbsp;&nbsp;&nbsp;&nbsp;30 months -- 5 years: N<br>&nbsp;&nbsp;&nbsp;&nbsp;Preschool: N<br>&nbsp;&nbsp;&nbsp;&nbsp;Grade 1 - Age 12: N<br>
2979,Licensed Group,Dream Castle Childcare Centre Ltd,3542 Highland Dr,,Coquitlam,V3E 0K2,49.299701,-122.743515,778-861-3456,,,N,N,N,N,N,N,N,N,N,N,N,N,N,N,N,N,N,,,N,N,N,N,N,N,N,N,N,N,N,2026-05-15,,N,Y,N,Dream Castle Childcare Centre Ltd<br>Licensed Group<br>778-861-3456<br><br>Vacancy:<br>&nbsp;&nbsp;&nbsp;&nbsp;<36 months: N<br>&nbsp;&nbsp;&nbsp;&nbsp;30 months -- 5 years: N<br>&nbsp;&nbsp;&nbsp;&nbsp;Preschool: N<br>&nbsp;&nbsp;&nbsp;&nbsp;Grade 1 - Age 12: N<br>
2980,Licensed Group,Hatch Kids Learning Centre,9282 Williams Rd,,Richmond,V7A 1H1,49.138925,-123.12045,778-838-6691,,,N,N,N,N,N,N,N,N,N,N,N,N,N,N,N,N,N,,,N,N,N,N,N,N,N,N,N,N,N,2026-04-24,,N,Y,Y,Hatch Kids Learning Centre<br>Licensed Group<br>778-838-6691<br><br>Vacancy:<br>&nbsp;&nbsp;&nbsp;&nbsp;<36 months: N<br>&nbsp;&nbsp;&nbsp;&nbsp;30 months -- 5 years: N<br>&nbsp;&nbsp;&nbsp;&nbsp;Preschool: N<br>&nbsp;&nbsp;&nbsp;&nbsp;Grade 1 - Age 12: N<br>
2981,Licensed Group,Hatch Kids Learning Centre,9282 Williams Rd,,Richmond,V7A 1H1,49.138925,-123.12045,778-838-6691,,,N,N,N,N,N,N,N,N,N,N,N,N,N,N,N,N,N,,,N,N,N,N,N,N,N,N,Y,N,N,2026-04-24,,N,Y,Y,Hatch Kids Learning Centre<br>Licensed Group<br>778-838-6691<br><br>Vacancy:<br>&nbsp;&nbsp;&nbsp;&nbsp;<36 months: N<br>&nbsp;&nbsp;&nbsp;&nbsp;30 months -- 5 years: Y<br>&nbsp;&nbsp;&nbsp;&nbsp;Preschool: N<br>&nbsp;&nbsp;&nbsp;&nbsp;Grade 1 - Age 12: N<br>
2982,Licensed Group,Olive Grove Hillside,870 Lynn Valley Rd,,North Vancouver,V7J 1Z7,49.331588,-123.049189,604-780-7137,,,N,N,N,N,N,N,N,N,N,N,N,N,N,N,N,N,N,,,N,N,N,N,N,N,N,N,N,N,N,2026-05-16,,N,Y,Y,Olive Grove Hillside<br>Licensed Group<br>604-780-7137<br><br>Vacancy:<br>&nbsp;&nbsp;&nbsp;&nbsp;<36 months: N<br>&nbsp;&nbsp;&nbsp;&nbsp;30 months -- 5 years: N<br>&nbsp;&nbsp;&nbsp;&nbsp;Preschool: N<br>&nbsp;&nbsp;&nbsp;&nbsp;Grade 1 - Age 12: N<br>
2983,Licensed Group,Kelowna Kids Co.,439 West Ave,,Kelowna,V1Y 4Z3,49.864564,-119.493352,778-392-8432,,,N,N,N,N,N,N,N,N,N,N,N,N,N,N,N,N,N,,,N,N,N,N,N,N,N,N,N,N,N,2026-05-15,,N,Y,N,Kelowna Kids Co.<br>Licensed Group<br>778-392-8432<br><br>Vacancy:<br>&nbsp;&nbsp;&nbsp;&nbsp;<36 months: N<br>&nbsp;&nbsp;&nbsp;&nbsp;30 months -- 5 years: N<br>&nbsp;&nbsp;&nbsp;&nbsp;Preschool: N<br>&nbsp;&nbsp;&nbsp;&nbsp;Grade 1 - Age 12: N<br>
2984,Licensed Group,Kelowna Kids Co: Lakewood,11414 Lakewood Rd,,Lake Country,V4V 1G4,50.048525,-119.417603,778-392-8432,,,N,N,N,N,N,N,N,N,N,N,N,N,N,N,N,N,N,,,N,N,N,N,N,N,N,N,N,N,N,2026-05-15,,N,Y,N,Kelowna Kids Co: Lakewood<br>Licensed Group<br>778-392-8432<br><br>Vacancy:<br>&nbsp;&nbsp;&nbsp;&nbsp;<36 months: N<br>&nbsp;&nbsp;&nbsp;&nbsp;30 months -- 5 years: N<br>&nbsp;&nbsp;&nbsp;&nbsp;Preschool: N<br>&nbsp;&nbsp;&nbsp;&nbsp;Grade 1 - Age 12: N<br>
2985,Licensed Group,Birdsong Nature School- Mill Bay,2095 Dickson Rd,,Mill Bay,V8H 1B6,48.624491,-123.547862,250-743-7300,,,N,N,N,N,N,N,N,N,N,N,N,N,N,N,N,N,N,,,N,N,N,N,N,N,N,N,Y,N,N,2026-05-19,,N,Y,N,Birdsong Nature School- Mill Bay<br>Licensed Group<br>250-743-7300<br><br>Vacancy:<br>&nbsp;&nbsp;&nbsp;&nbsp;<36 months: N<br>&nbsp;&nbsp;&nbsp;&nbsp;30 months -- 5 years: Y<br>&nbsp;&nbsp;&nbsp;&nbsp;Preschool: N<br>&nbsp;&nbsp;&nbsp;&nbsp;Grade 1 - Age 12: N<br>
2986,Licensed Family,Cedarlings,1745 Woobank Rd,,Nanaimo,V9X 1M8,49.110155,-123.850805,250-857-4323,,,N,N,N,N,N,N,N,N,N,N,N,N,N,N,N,N,N,,,N,N,N,N,N,N,N,N,N,N,N,2026-05-01,,N,Y,N,Cedarlings<br>Licensed Family<br>250-857-4323<br><br>Vacancy:<br>&nbsp;&nbsp;&nbsp;&nbsp;<36 months: N<br>&nbsp;&nbsp;&nbsp;&nbsp;30 months -- 5 years: N<br>&nbsp;&nbsp;&nbsp;&nbsp;Preschool: N<br>&nbsp;&nbsp;&nbsp;&nbsp;Grade 1 - Age 12: N<br>
2987,Licensed Family,Blue Jay Child Care,19327 119 Ave,,Pitt Meadows,V3Y 2N5,49.219316,-122.686086,604-812-2225,Bluejaychildcare.ca,,N,N,N,N,N,N,N,N,N,N,N,N,N,N,N,N,N,,,N,N,N,N,N,N,N,Y,Y,N,N,2026-03-17,,N,Y,N,Blue Jay Child Care<br>Licensed Family<br>604-812-2225<br><br>Vacancy:<br>&nbsp;&nbsp;&nbsp;&nbsp;<36 months: Y<br>&nbsp;&nbsp;&nbsp;&nbsp;30 months -- 5 years: Y<br>&nbsp;&nbsp;&nbsp;&nbsp;Preschool: N<br>&nbsp;&nbsp;&nbsp;&nbsp;Grade 1 - Age 12: N<br>
2988,Licensed Group,Bgccvi - Glacier View Child & Family Centre,241 Beecher Pl,,Courtenay,V9N 3Y4,49.703199,-124.982906,250-754-3215,,,N,N,N,N,N,N,N,N,N,N,N,N,N,N,N,N,N,Not offered,Not offered,N,N,N,N,N,N,N,Y,Y,N,Y,2026-05-15,,N,Y,N,Bgccvi - Glacier View Child & Family Centre<br>Licensed Group<br>250-754-3215<br><br>Vacancy:<br>&nbsp;&nbsp;&nbsp;&nbsp;<36 months: Y<br>&nbsp;&nbsp;&nbsp;&nbsp;30 months -- 5 years: Y<br>&nbsp;&nbsp;&nbsp;&nbsp;Preschool: N<br>&nbsp;&nbsp;&nbsp;&nbsp;Grade 1 - Age 12: Y<br>
2989,Licensed Group,Star Academy Of Montessori Corporation,13780 Westminster Hwy,,Richmond,V6V 1A2,49.170106,-123.07111,778-228-1233,,,N,N,N,N,N,N,N,N,N,N,N,N,N,N,N,N,N,,,N,N,N,N,N,N,N,Y,Y,N,N,2026-05-15,,N,Y,N,Star Academy Of Montessori Corporation<br>Licensed Group<br>778-228-1233<br><br>Vacancy:<br>&nbsp;&nbsp;&nbsp;&nbsp;<36 months: Y<br>&nbsp;&nbsp;&nbsp;&nbsp;30 months -- 5 years: Y<br>&nbsp;&nbsp;&nbsp;&nbsp;Preschool: N<br>&nbsp;&nbsp;&nbsp;&nbsp;Grade 1 - Age 12: N<br>
2990,Licensed Group,Kermode Friendship Society Daycare Center,4714 Park Ave,,Terrace,V8G 1W1,54.519104,-128.594744,250-635-4906,,,N,N,N,N,N,N,N,N,N,N,N,N,N,N,N,N,N,,,N,N,N,N,N,N,N,N,N,N,Y,2026-04-21,,N,Y,N,Kermode Friendship Society Daycare Center<br>Licensed Group<br>250-635-4906<br><br>Vacancy:<br>&nbsp;&nbsp;&nbsp;&nbsp;<36 months: N<br>&nbsp;&nbsp;&nbsp;&nbsp;30 months -- 5 years: N<br>&nbsp;&nbsp;&nbsp;&nbsp;Preschool: N<br>&nbsp;&nbsp;&nbsp;&nbsp;Grade 1 - Age 12: Y<br>
2991,Licensed Family,Honey Bunny Childcare,1362 Corbin Pl,,Coquitlam,V3B 7G8,49.294869,-122.800655,778-239-0266,,,Y,N,N,N,N,N,Y,Y,N,Y,Y,N,N,N,N,N,Y,Included in fee,Not offered,N,N,N,N,Y,Y,N,Y,Y,N,N,2026-05-05,,N,Y,N,Honey Bunny Childcare<br>Licensed Family<br>778-239-0266<br><br>Vacancy:<br>&nbsp;&nbsp;&nbsp;&nbsp;<36 months: Y<br>&nbsp;&nbsp;&nbsp;&nbsp;30 months -- 5 years: Y<br>&nbsp;&nbsp;&nbsp;&nbsp;Preschool: N<br>&nbsp;&nbsp;&nbsp;&nbsp;Grade 1 - Age 12: N<br>
2992,Licensed Group,Top Drawer Daycares Inc.,1300 Chartwell Dr,,West Vancouver,V7S 2R3,49.346833,-123.152466,604-218-7055,,,N,N,N,N,N,N,N,N,N,N,N,N,N,N,N,N,N,,,N,N,N,N,N,N,N,N,N,N,N,2026-04-14,,N,Y,N,Top Drawer Daycares Inc.<br>Licensed Group<br>604-218-7055<br><br>Vacancy:<br>&nbsp;&nbsp;&nbsp;&nbsp;<36 months: N<br>&nbsp;&nbsp;&nbsp;&nbsp;30 months -- 5 years: N<br>&nbsp;&nbsp;&nbsp;&nbsp;Preschool: N<br>&nbsp;&nbsp;&nbsp;&nbsp;Grade 1 - Age 12: N<br>
2993,Licensed Group,A1 Suncrest Daycare,7907 Suncrest Dr,,Burnaby,V5J 3N4,49.212576,-123.013413,778-986-9386,,,Y,N,N,N,N,N,Y,N,N,N,N,N,N,Y,Y,Y,N,Included in fee,Include in fee,N,N,N,Y,Y,Y,Y,N,N,N,N,2026-05-15,,N,Y,N,A1 Suncrest Daycare<br>Licensed Group<br>778-986-9386<br><br>Vacancy:<br>&nbsp;&nbsp;&nbsp;&nbsp;<36 months: N<br>&nbsp;&nbsp;&nbsp;&nbsp;30 months -- 5 years: N<br>&nbsp;&nbsp;&nbsp;&nbsp;Preschool: N<br>&nbsp;&nbsp;&nbsp;&nbsp;Grade 1 - Age 12: N<br>
2994,Licensed Group,Inspirations Montessori School - Williams,110-11020 Williams Rd,,Richmond,V7A 1J1,49.139956,-123.101149,778-980-6085,,,N,N,N,N,N,N,N,N,N,N,N,N,N,N,N,N,N,,,N,N,N,N,N,N,N,N,Y,N,N,2026-03-18,,N,Y,Y,Inspirations Montessori School - Williams<br>Licensed Group<br>778-980-6085<br><br>Vacancy:<br>&nbsp;&nbsp;&nbsp;&nbsp;<36 months: N<br>&nbsp;&nbsp;&nbsp;&nbsp;30 months -- 5 years: Y<br>&nbsp;&nbsp;&nbsp;&nbsp;Preschool: N<br>&nbsp;&nbsp;&nbsp;&nbsp;Grade 1 - Age 12: N<br>
2995,Licensed Group,Inspirations Montessori School - Williams,110-11020 Williams Rd,,Richmond,V7A 1J1,49.139956,-123.101149,778-980-6085,,,N,N,N,N,N,N,N,N,N,N,N,N,N,N,N,N,N,,,N,N,N,N,N,N,N,N,Y,N,N,2026-03-18,,N,Y,Y,Inspirations Montessori School - Williams<br>Licensed Group<br>778-980-6085<br><br>Vacancy:<br>&nbsp;&nbsp;&nbsp;&nbsp;<36 months: N<br>&nbsp;&nbsp;&nbsp;&nbsp;30 months -- 5 years: Y<br>&nbsp;&nbsp;&nbsp;&nbsp;Preschool: N<br>&nbsp;&nbsp;&nbsp;&nbsp;Grade 1 - Age 12: N<br>
2996,Licensed Group,Bright Future Childcare Ltd,1784 Prairie Ave,,Port Coquitlam,V3B 1V1,49.270877,-122.764037,778-237-2677,,,N,N,N,N,N,N,N,N,N,N,N,N,N,N,N,N,N,,,N,N,N,N,N,N,N,N,N,N,N,2026-05-15,,N,Y,N,Bright Future Childcare Ltd<br>Licensed Group<br>778-237-2677<br><br>Vacancy:<br>&nbsp;&nbsp;&nbsp;&nbsp;<36 months: N<br>&nbsp;&nbsp;&nbsp;&nbsp;30 months -- 5 years: N<br>&nbsp;&nbsp;&nbsp;&nbsp;Preschool: N<br>&nbsp;&nbsp;&nbsp;&nbsp;Grade 1 - Age 12: N<br>
2997,Licensed Group,Dover Learning Center - Ridge,22155 Lougheed Hwy,,Maple Ridge,V2X 5V3,49.217457,-122.608957,604-551-3401,,,N,N,N,N,N,N,N,N,N,N,N,N,N,N,N,N,N,,,N,N,N,N,N,N,N,N,N,N,N,2026-04-15,,N,Y,N,Dover Learning Center - Ridge<br>Licensed Group<br>604-551-3401<br><br>Vacancy:<br>&nbsp;&nbsp;&nbsp;&nbsp;<36 months: N<br>&nbsp;&nbsp;&nbsp;&nbsp;30 months -- 5 years: N<br>&nbsp;&nbsp;&nbsp;&nbsp;Preschool: N<br>&nbsp;&nbsp;&nbsp;&nbsp;Grade 1 - Age 12: N<br>
2998,Licensed Family,Sunlight Fraser Valley Daycare,3366 Goldfinch Pl,,Abbotsford,V2T 5S1,49.063587,-122.375782,639-916-0322,,,N,N,N,N,N,N,N,N,N,N,N,N,N,N,N,N,N,,,N,N,N,N,N,N,N,N,N,N,N,2026-05-20,,N,Y,N,Sunlight Fraser Valley Daycare<br>Licensed Family<br>639-916-0322<br><br>Vacancy:<br>&nbsp;&nbsp;&nbsp;&nbsp;<36 months: N<br>&nbsp;&nbsp;&nbsp;&nbsp;30 months -- 5 years: N<br>&nbsp;&nbsp;&nbsp;&nbsp;Preschool: N<br>&nbsp;&nbsp;&nbsp;&nbsp;Grade 1 - Age 12: N<br>
2999,Licensed Family,Rainbow Kids Learning Playhouse,10071 Kel-Win Road,,Lake Country,V4V 1L4,50.028726,-119.412073,250-215-4366,,,N,N,N,N,N,N,N,N,N,N,N,N,N,N,N,N,N,,,N,N,N,N,N,N,N,N,N,N,N,2026-05-15,,N,Y,N,Rainbow Kids Learning Playhouse<br>Licensed Family<br>250-215-4366<br><br>Vacancy:<br>&nbsp;&nbsp;&nbsp;&nbsp;<36 months: N<br>&nbsp;&nbsp;&nbsp;&nbsp;30 months -- 5 years: N<br>&nbsp;&nbsp;&nbsp;&nbsp;Preschool: N<br>&nbsp;&nbsp;&nbsp;&nbsp;Grade 1 - Age 12: N<br>
3000,Licensed Group,The Learning Seed Childcare,3986 Gulfview Dr,,Nanaimo,V9T 6B5,49.228517,-123.965698,250-751-4156,,,N,N,N,N,N,N,N,N,N,N,N,N,N,N,N,N,N,,,N,N,N,N,N,N,N,N,N,N,N,2026-05-17,,N,Y,N,The Learning Seed Childcare<br>Licensed Group<br>250-751-4156<br><br>Vacancy:<br>&nbsp;&nbsp;&nbsp;&nbsp;<36 months: N<br>&nbsp;&nbsp;&nbsp;&nbsp;30 months -- 5 years: N<br>&nbsp;&nbsp;&nbsp;&nbsp;Preschool: N<br>&nbsp;&nbsp;&nbsp;&nbsp;Grade 1 - Age 12: N<br>
3001,Licensed Group,Teddy Bear Academy,4065 Mt Seymour Pky,,North Vancouver,V7G 1Z8,49.315516,-122.958762,604-721-6151,,,N,N,N,N,N,N,N,N,N,N,N,N,N,N,N,N,N,,,N,N,N,N,N,N,N,Y,Y,N,N,2026-05-15,,N,Y,N,Teddy Bear Academy<br>Licensed Group<br>604-721-6151<br><br>Vacancy:<br>&nbsp;&nbsp;&nbsp;&nbsp;<36 months: Y<br>&nbsp;&nbsp;&nbsp;&nbsp;30 months -- 5 years: Y<br>&nbsp;&nbsp;&nbsp;&nbsp;Preschool: N<br>&nbsp;&nbsp;&nbsp;&nbsp;Grade 1 - Age 12: N<br>
3002,Licensed Group,Wind And Tide Child Development Centre-Clayton,18625 Fraser Hwy,,Surrey,V3S 8E7,49.126388,-122.706735,604-617-3246,,,N,N,N,N,N,N,N,N,N,N,N,N,N,N,N,N,N,,,N,N,N,N,N,N,N,Y,Y,N,N,2026-05-18,,N,Y,N,Wind And Tide Child Development Centre-Clayton<br>Licensed Group<br>604-617-3246<br><br>Vacancy:<br>&nbsp;&nbsp;&nbsp;&nbsp;<36 months: Y<br>&nbsp;&nbsp;&nbsp;&nbsp;30 months -- 5 years: Y<br>&nbsp;&nbsp;&nbsp;&nbsp;Preschool: N<br>&nbsp;&nbsp;&nbsp;&nbsp;Grade 1 - Age 12: N<br>
3003,Licensed Group,Hampton House Society,3200-4464 Markham St,,Victoria,V8Z 7X8,48.493739,-123.410529,250-351-6776,,,N,N,N,N,N,N,N,N,N,N,N,N,N,N,N,N,N,,,N,N,N,N,N,N,N,N,N,N,N,2026-05-15,,N,Y,N,Hampton House Society<br>Licensed Group<br>250-351-6776<br><br>Vacancy:<br>&nbsp;&nbsp;&nbsp;&nbsp;<36 months: N<br>&nbsp;&nbsp;&nbsp;&nbsp;30 months -- 5 years: N<br>&nbsp;&nbsp;&nbsp;&nbsp;Preschool: N<br>&nbsp;&nbsp;&nbsp;&nbsp;Grade 1 - Age 12: N<br>
3004,Licensed Group,Class Of West K - Unit 202,202-1979 Old Okanagan Hiwy,,Westbank,V4T 3A4,49.850614,-119.599618,250-808-3930,,,N,N,N,N,N,N,N,N,N,N,N,N,N,N,N,N,N,,,N,N,N,N,N,N,N,N,Y,N,N,2026-05-15,,N,Y,N,Class Of West K - Unit 202<br>Licensed Group<br>250-808-3930<br><br>Vacancy:<br>&nbsp;&nbsp;&nbsp;&nbsp;<36 months: N<br>&nbsp;&nbsp;&nbsp;&nbsp;30 months -- 5 years: Y<br>&nbsp;&nbsp;&nbsp;&nbsp;Preschool: N<br>&nbsp;&nbsp;&nbsp;&nbsp;Grade 1 - Age 12: N<br>
3005,Licensed Group,Bloom & Play Early Learning Center,2139 Springfield Rd,,Kelowna,V1Y 7X1,49.876774,-119.442047,778-940-3040,,,N,N,N,N,N,N,N,N,N,N,N,N,N,N,N,N,N,,,N,N,N,N,N,N,N,Y,Y,N,N,2026-05-11,,N,Y,N,Bloom & Play Early Learning Center<br>Licensed Group<br>778-940-3040<br><br>Vacancy:<br>&nbsp;&nbsp;&nbsp;&nbsp;<36 months: Y<br>&nbsp;&nbsp;&nbsp;&nbsp;30 months -- 5 years: Y<br>&nbsp;&nbsp;&nbsp;&nbsp;Preschool: N<br>&nbsp;&nbsp;&nbsp;&nbsp;Grade 1 - Age 12: N<br>
3006,Licensed Group,Creative Path Daycare 02,8681 150 St,,Surrey,V3S 5G1,49.160721,-122.8072,778-707-6579,,,N,N,N,N,N,N,N,N,N,N,N,N,N,N,N,N,N,,,N,N,N,N,N,N,N,N,Y,N,N,2026-05-07,,N,Y,N,Creative Path Daycare 02<br>Licensed Group<br>778-707-6579<br><br>Vacancy:<br>&nbsp;&nbsp;&nbsp;&nbsp;<36 months: N<br>&nbsp;&nbsp;&nbsp;&nbsp;30 months -- 5 years: Y<br>&nbsp;&nbsp;&nbsp;&nbsp;Preschool: N<br>&nbsp;&nbsp;&nbsp;&nbsp;Grade 1 - Age 12: N<br>
3007,Licensed Group,Nurture Early Childhood Education Centre Ltd.,477 Joffre St S,,Esquimalt,V9A 6C7,48.428578,-123.408314,250-812-0292,,,N,N,N,N,N,N,N,N,N,N,N,N,N,N,N,N,N,,,N,N,N,N,N,N,N,N,N,N,N,2026-05-15,,N,Y,N,Nurture Early Childhood Education Centre Ltd.<br>Licensed Group<br>250-812-0292<br><br>Vacancy:<br>&nbsp;&nbsp;&nbsp;&nbsp;<36 months: N<br>&nbsp;&nbsp;&nbsp;&nbsp;30 months -- 5 years: N<br>&nbsp;&nbsp;&nbsp;&nbsp;Preschool: N<br>&nbsp;&nbsp;&nbsp;&nbsp;Grade 1 - Age 12: N<br>
3008,Licensed Group,Kitsilano Neighbourhood House Hudson Preschool,1530 Maple St,,Vancouver,V6J 3L3,49.272237,-123.150199,604-733-8674,,,N,N,N,N,N,N,N,N,N,N,N,N,N,N,N,N,N,Not offered,Not offered,N,N,N,N,N,N,N,N,N,Y,N,2026-04-08,,N,Y,N,Kitsilano Neighbourhood House Hudson Preschool<br>Licensed Group<br>604-733-8674<br><br>Vacancy:<br>&nbsp;&nbsp;&nbsp;&nbsp;<36 months: N<br>&nbsp;&nbsp;&nbsp;&nbsp;30 months -- 5 years: N<br>&nbsp;&nbsp;&nbsp;&nbsp;Preschool: Y<br>&nbsp;&nbsp;&nbsp;&nbsp;Grade 1 - Age 12: N<br>
3009,Licensed Group,Kitsilano Neighbourhood House Hudson School Age Care,1530 Maple St,,Vancouver,V6J 0H8,49.272237,-123.150199,604-731-1618,,,N,N,N,N,N,N,N,N,N,N,N,N,N,N,N,N,N,Not offered,Not offered,N,N,N,N,N,N,N,N,N,N,N,2026-04-08,,N,Y,N,Kitsilano Neighbourhood House Hudson School Age Care<br>Licensed Group<br>604-731-1618<br><br>Vacancy:<br>&nbsp;&nbsp;&nbsp;&nbsp;<36 months: N<br>&nbsp;&nbsp;&nbsp;&nbsp;30 months -- 5 years: N<br>&nbsp;&nbsp;&nbsp;&nbsp;Preschool: N<br>&nbsp;&nbsp;&nbsp;&nbsp;Grade 1 - Age 12: N<br>
3010,Licensed Group,Regent Early Learning Centre,5950 179 St,,Surrey,V3S 4J9,49.110542,-122.726688,604-576-6313,,,N,N,N,N,N,N,N,N,N,N,N,N,N,N,N,N,N,,,N,N,N,N,N,N,N,N,N,N,N,2026-05-04,,N,Y,N,Regent Early Learning Centre<br>Licensed Group<br>604-576-6313<br><br>Vacancy:<br>&nbsp;&nbsp;&nbsp;&nbsp;<36 months: N<br>&nbsp;&nbsp;&nbsp;&nbsp;30 months -- 5 years: N<br>&nbsp;&nbsp;&nbsp;&nbsp;Preschool: N<br>&nbsp;&nbsp;&nbsp;&nbsp;Grade 1 - Age 12: N<br>
3011,Licensed Group,Marpole Oakridge Family Place Society,8188 Lord St,,Vancouver,V6P 0G8,49.210109,-123.118342,604-263-1405,,,N,N,N,N,N,N,N,N,N,N,N,N,N,N,N,N,N,,,N,N,N,N,N,N,N,N,N,N,N,2026-05-08,,N,Y,N,Marpole Oakridge Family Place Society<br>Licensed Group<br>604-263-1405<br><br>Vacancy:<br>&nbsp;&nbsp;&nbsp;&nbsp;<36 months: N<br>&nbsp;&nbsp;&nbsp;&nbsp;30 months -- 5 years: N<br>&nbsp;&nbsp;&nbsp;&nbsp;Preschool: N<br>&nbsp;&nbsp;&nbsp;&nbsp;Grade 1 - Age 12: N<br>
3012,Licensed Group,Presidential Kids Academy - Main Street,696 Main St,,Penticton,V2A 5C8,49.493189,-119.58933,250-863-0244,,,N,N,N,N,N,N,N,N,N,N,N,N,N,N,N,N,N,,,N,N,N,N,N,N,N,Y,Y,N,N,2026-05-20,,N,Y,N,Presidential Kids Academy - Main Street<br>Licensed Group<br>250-863-0244<br><br>Vacancy:<br>&nbsp;&nbsp;&nbsp;&nbsp;<36 months: Y<br>&nbsp;&nbsp;&nbsp;&nbsp;30 months -- 5 years: Y<br>&nbsp;&nbsp;&nbsp;&nbsp;Preschool: N<br>&nbsp;&nbsp;&nbsp;&nbsp;Grade 1 - Age 12: N<br>
3013,Licensed Group,Mm Learning Inc. Fraserview,2228 Fraserview Dr,,Vancouver,V5P 2N4,49.211145,-123.061302,778-895-3185,,,N,N,N,N,N,N,N,N,N,N,N,N,N,N,N,N,N,,,N,N,N,N,N,N,N,N,N,N,N,2026-05-02,,N,Y,N,Mm Learning Inc. Fraserview<br>Licensed Group<br>778-895-3185<br><br>Vacancy:<br>&nbsp;&nbsp;&nbsp;&nbsp;<36 months: N<br>&nbsp;&nbsp;&nbsp;&nbsp;30 months -- 5 years: N<br>&nbsp;&nbsp;&nbsp;&nbsp;Preschool: N<br>&nbsp;&nbsp;&nbsp;&nbsp;Grade 1 - Age 12: N<br>
3014,Licensed Family,Hope Montessori Academy,505 Wardle St,,Hope,V0X 1L0,49.39036,-121.445691,604-614-9144,,,N,N,N,N,N,N,N,N,N,N,N,N,N,N,N,N,N,,,N,N,N,N,N,N,N,N,N,N,N,2026-05-14,,N,Y,N,Hope Montessori Academy<br>Licensed Family<br>604-614-9144<br><br>Vacancy:<br>&nbsp;&nbsp;&nbsp;&nbsp;<36 months: N<br>&nbsp;&nbsp;&nbsp;&nbsp;30 months -- 5 years: N<br>&nbsp;&nbsp;&nbsp;&nbsp;Preschool: N<br>&nbsp;&nbsp;&nbsp;&nbsp;Grade 1 - Age 12: N<br>
3015,Licensed Group,Metchosin Preschool,1023-4495 Happy Valley Rd,,Victoria,V9C 3Z3,48.3808,-123.532383,250-478-9241,,,N,N,N,N,N,N,N,N,N,N,N,N,N,N,N,N,N,,,N,N,N,N,N,N,N,N,N,Y,N,2026-04-15,,N,Y,N,Metchosin Preschool<br>Licensed Group<br>250-478-9241<br><br>Vacancy:<br>&nbsp;&nbsp;&nbsp;&nbsp;<36 months: N<br>&nbsp;&nbsp;&nbsp;&nbsp;30 months -- 5 years: N<br>&nbsp;&nbsp;&nbsp;&nbsp;Preschool: Y<br>&nbsp;&nbsp;&nbsp;&nbsp;Grade 1 - Age 12: N<br>
3016,Licensed Group,Mia Montessori Academy,110-6111 Dyke Rd,,Richmond,V7E 3R3,49.116753,-123.157029,236-885-1885,,,N,N,N,N,N,N,N,N,N,N,N,N,N,N,N,N,N,,,N,N,N,N,N,N,N,N,Y,N,N,2026-05-11,,N,Y,N,Mia Montessori Academy<br>Licensed Group<br>236-885-1885<br><br>Vacancy:<br>&nbsp;&nbsp;&nbsp;&nbsp;<36 months: N<br>&nbsp;&nbsp;&nbsp;&nbsp;30 months -- 5 years: Y<br>&nbsp;&nbsp;&nbsp;&nbsp;Preschool: N<br>&nbsp;&nbsp;&nbsp;&nbsp;Grade 1 - Age 12: N<br>
3017,Licensed Group,"Beanstalk Daycare, The",46365 Valleyview Rd,,Chilliwack,V2R 5M8,49.098772,-121.941568,604-845-1050,,,N,N,N,N,N,N,N,N,N,N,N,N,N,N,N,N,N,,,N,N,N,N,N,N,N,N,N,N,N,2026-05-15,,N,Y,N,"Beanstalk Daycare, The<br>Licensed Group<br>604-845-1050<br><br>Vacancy:<br>&nbsp;&nbsp;&nbsp;&nbsp;<36 months: N<br>&nbsp;&nbsp;&nbsp;&nbsp;30 months -- 5 years: N<br>&nbsp;&nbsp;&nbsp;&nbsp;Preschool: N<br>&nbsp;&nbsp;&nbsp;&nbsp;Grade 1 - Age 12: N<br>"
3018,Licensed Group,Early Learning And Care,5246 45Th St,,Fort Nelson,V0C 1R0,58.808703,-122.68929,250-321-0250,,,N,N,N,N,N,N,N,N,N,N,N,N,N,N,N,N,N,,,N,N,N,N,N,N,N,Y,N,N,N,2026-05-19,,N,Y,N,Early Learning And Care<br>Licensed Group<br>250-321-0250<br><br>Vacancy:<br>&nbsp;&nbsp;&nbsp;&nbsp;<36 months: Y<br>&nbsp;&nbsp;&nbsp;&nbsp;30 months -- 5 years: N<br>&nbsp;&nbsp;&nbsp;&nbsp;Preschool: N<br>&nbsp;&nbsp;&nbsp;&nbsp;Grade 1 - Age 12: N<br>
3019,Licensed Group,Baby Angel Early Learning Inc,4536 Irmin St,,Burnaby,V5J 1X7,49.215516,-123.001833,778-885-6330,,,N,N,N,N,N,N,N,N,N,N,N,N,N,N,N,N,N,,,N,N,N,N,N,N,N,N,N,N,N,2026-05-16,,N,Y,N,Baby Angel Early Learning Inc<br>Licensed Group<br>778-885-6330<br><br>Vacancy:<br>&nbsp;&nbsp;&nbsp;&nbsp;<36 months: N<br>&nbsp;&nbsp;&nbsp;&nbsp;30 months -- 5 years: N<br>&nbsp;&nbsp;&nbsp;&nbsp;Preschool: N<br>&nbsp;&nbsp;&nbsp;&nbsp;Grade 1 - Age 12: N<br>
3020,Licensed Group,Garderie Les Pagayeurs,820 11Th Ave S,,Golden,V0A 1H0,51.296343,-116.960995,604-736-5056,,,N,N,N,N,N,N,N,N,N,N,N,N,N,N,N,N,N,Not offered,Not offered,N,N,N,N,N,N,N,N,Y,N,Y,2026-04-30,,N,Y,N,Garderie Les Pagayeurs<br>Licensed Group<br>604-736-5056<br><br>Vacancy:<br>&nbsp;&nbsp;&nbsp;&nbsp;<36 months: N<br>&nbsp;&nbsp;&nbsp;&nbsp;30 months -- 5 years: Y<br>&nbsp;&nbsp;&nbsp;&nbsp;Preschool: N<br>&nbsp;&nbsp;&nbsp;&nbsp;Grade 1 - Age 12: Y<br>
3021,Licensed Group,Room To Bloom Child Care Centre,10316 99 Ave,,Fort St. John,V1J 1V4,56.245628,-120.85351,250-262-6584,,,N,N,N,N,N,N,N,N,N,N,N,N,N,N,N,N,N,,,N,N,N,N,N,N,N,Y,Y,N,N,2026-05-15,,N,Y,N,Room To Bloom Child Care Centre<br>Licensed Group<br>250-262-6584<br><br>Vacancy:<br>&nbsp;&nbsp;&nbsp;&nbsp;<36 months: Y<br>&nbsp;&nbsp;&nbsp;&nbsp;30 months -- 5 years: Y<br>&nbsp;&nbsp;&nbsp;&nbsp;Preschool: N<br>&nbsp;&nbsp;&nbsp;&nbsp;Grade 1 - Age 12: N<br>
3022,Licensed Group,Bee Happy Montessori House,526 Normandy Rd,,Victoria,V8Z 3J2,48.500238,-123.387983,250-516-6191,,,N,N,N,N,N,N,N,N,N,N,N,N,N,N,N,N,N,,,N,N,N,N,N,N,N,N,N,N,N,2026-05-15,,N,Y,N,Bee Happy Montessori House<br>Licensed Group<br>250-516-6191<br><br>Vacancy:<br>&nbsp;&nbsp;&nbsp;&nbsp;<36 months: N<br>&nbsp;&nbsp;&nbsp;&nbsp;30 months -- 5 years: N<br>&nbsp;&nbsp;&nbsp;&nbsp;Preschool: N<br>&nbsp;&nbsp;&nbsp;&nbsp;Grade 1 - Age 12: N<br>
3023,Licensed Family,Anchors Wood Playcare,3542 Charnley Pl,,Victoria,V9C 3B9,48.409068,-123.503801,778-677-0466,,,N,N,N,N,N,N,N,N,N,N,N,N,N,N,N,N,N,,,N,N,N,N,N,N,N,Y,N,N,N,2026-05-21,,N,Y,N,Anchors Wood Playcare<br>Licensed Family<br>778-677-0466<br><br>Vacancy:<br>&nbsp;&nbsp;&nbsp;&nbsp;<36 months: Y<br>&nbsp;&nbsp;&nbsp;&nbsp;30 months -- 5 years: N<br>&nbsp;&nbsp;&nbsp;&nbsp;Preschool: N<br>&nbsp;&nbsp;&nbsp;&nbsp;Grade 1 - Age 12: N<br>
3024,Licensed Group,Abby Childcare Centre,2663 James St,,Abbotsford,V2T 3L6,49.050793,-122.329807,604-612-0439,,,N,N,N,N,N,N,N,N,N,N,N,N,N,N,N,N,N,,,N,N,N,N,N,N,N,Y,Y,N,N,2026-05-15,,N,Y,N,Abby Childcare Centre<br>Licensed Group<br>604-612-0439<br><br>Vacancy:<br>&nbsp;&nbsp;&nbsp;&nbsp;<36 months: Y<br>&nbsp;&nbsp;&nbsp;&nbsp;30 months -- 5 years: Y<br>&nbsp;&nbsp;&nbsp;&nbsp;Preschool: N<br>&nbsp;&nbsp;&nbsp;&nbsp;Grade 1 - Age 12: N<br>
3025,Licensed Group,Ohana Academy Inc. Springfield East,3-2121 Springfield Road,,Kelowna,V1Y 7X1,49.876757,-119.44251,250-317-6406,,,N,N,N,N,N,N,N,N,N,N,N,N,N,N,N,N,N,,,N,N,N,N,N,N,N,Y,Y,N,N,2026-04-21,,N,Y,N,Ohana Academy Inc. Springfield East<br>Licensed Group<br>250-317-6406<br><br>Vacancy:<br>&nbsp;&nbsp;&nbsp;&nbsp;<36 months: Y<br>&nbsp;&nbsp;&nbsp;&nbsp;30 months -- 5 years: Y<br>&nbsp;&nbsp;&nbsp;&nbsp;Preschool: N<br>&nbsp;&nbsp;&nbsp;&nbsp;Grade 1 - Age 12: N<br>
3026,Licensed Group,The Clubhouse At Ellison - Esquire,3601 Esquire Rd,,Kelowna,V1X 6L1,49.937199,-119.353247,250-863-1488,,,N,N,N,N,N,N,N,N,N,N,N,N,N,N,N,N,N,,,N,N,N,N,N,N,N,N,N,N,N,2026-05-11,,N,Y,N,The Clubhouse At Ellison - Esquire<br>Licensed Group<br>250-863-1488<br><br>Vacancy:<br>&nbsp;&nbsp;&nbsp;&nbsp;<36 months: N<br>&nbsp;&nbsp;&nbsp;&nbsp;30 months -- 5 years: N<br>&nbsp;&nbsp;&nbsp;&nbsp;Preschool: N<br>&nbsp;&nbsp;&nbsp;&nbsp;Grade 1 - Age 12: N<br>
3027,Licensed Group,Tomorrow's Topkids Bridge Clubhouse,10400 Leonard Rd,,Richmond,V7A 2N5,49.136799,-123.13261,604-437-4744,,,N,N,N,N,N,N,N,N,N,N,N,N,N,N,N,N,N,,,N,N,N,N,N,N,N,N,N,N,N,2026-04-28,,N,Y,N,Tomorrow's Topkids Bridge Clubhouse<br>Licensed Group<br>604-437-4744<br><br>Vacancy:<br>&nbsp;&nbsp;&nbsp;&nbsp;<36 months: N<br>&nbsp;&nbsp;&nbsp;&nbsp;30 months -- 5 years: N<br>&nbsp;&nbsp;&nbsp;&nbsp;Preschool: N<br>&nbsp;&nbsp;&nbsp;&nbsp;Grade 1 - Age 12: N<br>
3028,Licensed Group,Ilm-Willows,2290 Musgrave St,,Victoria,V8R 5Y2,48.435902,-123.310685,250-585-7898,,,N,N,N,N,N,N,N,N,N,N,N,N,N,N,N,N,N,,,N,N,N,N,N,N,N,N,N,N,Y,2026-05-15,,N,Y,N,Ilm-Willows<br>Licensed Group<br>250-585-7898<br><br>Vacancy:<br>&nbsp;&nbsp;&nbsp;&nbsp;<36 months: N<br>&nbsp;&nbsp;&nbsp;&nbsp;30 months -- 5 years: N<br>&nbsp;&nbsp;&nbsp;&nbsp;Preschool: N<br>&nbsp;&nbsp;&nbsp;&nbsp;Grade 1 - Age 12: Y<br>
3029,Licensed Group,Goldstone Childcare Centres Inc. - Newton,12296 71A Ave,,Surrey,V3W 0M1,49.132998,-122.882255,604-729-0543,,,N,N,N,N,N,N,N,N,N,N,N,N,N,N,N,N,N,,,N,N,N,N,N,N,N,Y,Y,N,N,2026-05-21,,N,Y,N,Goldstone Childcare Centres Inc. - Newton<br>Licensed Group<br>604-729-0543<br><br>Vacancy:<br>&nbsp;&nbsp;&nbsp;&nbsp;<36 months: Y<br>&nbsp;&nbsp;&nbsp;&nbsp;30 months -- 5 years: Y<br>&nbsp;&nbsp;&nbsp;&nbsp;Preschool: N<br>&nbsp;&nbsp;&nbsp;&nbsp;Grade 1 - Age 12: N<br>
3030,Licensed Group,Goldstone Childcare Society - mcleod Road,6325 142 St,,Surrey,V3X 1B9,49.118,-122.829115,604-729-0543,,,N,N,N,N,N,N,N,N,N,N,N,N,N,N,N,N,N,,,N,N,N,N,N,N,N,N,Y,Y,N,2026-05-21,,N,Y,N,Goldstone Childcare Society - mcleod Road<br>Licensed Group<br>604-729-0543<br><br>Vacancy:<br>&nbsp;&nbsp;&nbsp;&nbsp;<36 months: N<br>&nbsp;&nbsp;&nbsp;&nbsp;30 months -- 5 years: Y<br>&nbsp;&nbsp;&nbsp;&nbsp;Preschool: Y<br>&nbsp;&nbsp;&nbsp;&nbsp;Grade 1 - Age 12: N<br>
3031,Licensed Group,Creating Smiles - Kilmer,1575 Knappen St,,Port Coquitlam,V3C 2P8,49.243645,-122.770496,778-239-2075,,,N,N,N,N,N,N,N,N,N,N,N,N,N,N,N,N,N,,,N,N,N,N,N,N,N,N,N,N,N,2026-05-13,,N,N,N,Creating Smiles - Kilmer<br>Licensed Group<br>778-239-2075<br><br>Vacancy:<br>&nbsp;&nbsp;&nbsp;&nbsp;<36 months: N<br>&nbsp;&nbsp;&nbsp;&nbsp;30 months -- 5 years: N<br>&nbsp;&nbsp;&nbsp;&nbsp;Preschool: N<br>&nbsp;&nbsp;&nbsp;&nbsp;Grade 1 - Age 12: N<br>
3032,Licensed Group,Creating Smiles - Blakeburn,1040 Riverside Dr,,Port Coquitlam,V3B 8A7,49.26335,-122.740859,778-239-2075,,,N,N,N,N,N,N,N,N,N,N,N,N,N,N,N,N,N,,,N,N,N,N,N,N,N,N,N,N,N,2026-05-13,,N,N,N,Creating Smiles - Blakeburn<br>Licensed Group<br>778-239-2075<br><br>Vacancy:<br>&nbsp;&nbsp;&nbsp;&nbsp;<36 months: N<br>&nbsp;&nbsp;&nbsp;&nbsp;30 months -- 5 years: N<br>&nbsp;&nbsp;&nbsp;&nbsp;Preschool: N<br>&nbsp;&nbsp;&nbsp;&nbsp;Grade 1 - Age 12: N<br>
3033,Licensed Group,Creating Smiles - Glen,3064 Glen Dr,,Coquitlam,V3B 2P9,49.282241,-122.787987,778-239-2075,,,N,N,N,N,N,N,N,N,N,N,N,N,N,N,N,N,N,,,N,N,N,N,N,N,N,N,N,N,N,2026-05-13,,N,N,N,Creating Smiles - Glen<br>Licensed Group<br>778-239-2075<br><br>Vacancy:<br>&nbsp;&nbsp;&nbsp;&nbsp;<36 months: N<br>&nbsp;&nbsp;&nbsp;&nbsp;30 months -- 5 years: N<br>&nbsp;&nbsp;&nbsp;&nbsp;Preschool: N<br>&nbsp;&nbsp;&nbsp;&nbsp;Grade 1 - Age 12: N<br>
3034,Licensed Family,Safe Garden Home Daycare,606 Denton St,,Coquitlam,V3J 3V8,49.254115,-122.887606,778-858-9465,,,N,N,N,N,N,N,N,N,N,N,N,N,N,N,N,N,N,,,N,N,N,N,N,N,N,N,Y,N,N,2026-04-27,,N,Y,N,Safe Garden Home Daycare<br>Licensed Family<br>778-858-9465<br><br>Vacancy:<br>&nbsp;&nbsp;&nbsp;&nbsp;<36 months: N<br>&nbsp;&nbsp;&nbsp;&nbsp;30 months -- 5 years: Y<br>&nbsp;&nbsp;&nbsp;&nbsp;Preschool: N<br>&nbsp;&nbsp;&nbsp;&nbsp;Grade 1 - Age 12: N<br>
3035,Licensed Group,A Wave Of Stars Childcare,1821 Barnet Hwy,,Port Moody,V3H 1V9,49.279745,-122.867372,604-715-7548,,,N,N,N,N,N,N,N,N,N,N,N,N,N,N,N,N,N,,,N,N,N,N,N,N,N,Y,N,N,N,2026-05-18,,N,Y,N,A Wave Of Stars Childcare<br>Licensed Group<br>604-715-7548<br><br>Vacancy:<br>&nbsp;&nbsp;&nbsp;&nbsp;<36 months: Y<br>&nbsp;&nbsp;&nbsp;&nbsp;30 months -- 5 years: N<br>&nbsp;&nbsp;&nbsp;&nbsp;Preschool: N<br>&nbsp;&nbsp;&nbsp;&nbsp;Grade 1 - Age 12: N<br>
3036,Licensed Group,ymca Gillett School Age Care,483 Gillett St,,Prince George,V2M 2T6,53.920886,-122.775471,250-960-9336,,,N,N,N,N,N,N,N,N,N,N,N,N,N,N,N,N,N,,,N,N,N,N,N,N,N,N,N,N,N,2026-05-14,,N,Y,N,ymca Gillett School Age Care<br>Licensed Group<br>250-960-9336<br><br>Vacancy:<br>&nbsp;&nbsp;&nbsp;&nbsp;<36 months: N<br>&nbsp;&nbsp;&nbsp;&nbsp;30 months -- 5 years: N<br>&nbsp;&nbsp;&nbsp;&nbsp;Preschool: N<br>&nbsp;&nbsp;&nbsp;&nbsp;Grade 1 - Age 12: N<br>
3037,Licensed Family,Mary Poppins Daycare,1185 Natures Gate,,Langford,V9B 0B4,48.472204,-123.524395,250-882-1956,,,N,N,N,N,N,N,N,N,N,N,N,N,N,N,N,N,N,,,N,N,N,N,N,N,N,N,N,N,N,2026-05-15,,N,Y,N,Mary Poppins Daycare<br>Licensed Family<br>250-882-1956<br><br>Vacancy:<br>&nbsp;&nbsp;&nbsp;&nbsp;<36 months: N<br>&nbsp;&nbsp;&nbsp;&nbsp;30 months -- 5 years: N<br>&nbsp;&nbsp;&nbsp;&nbsp;Preschool: N<br>&nbsp;&nbsp;&nbsp;&nbsp;Grade 1 - Age 12: N<br>
3038,Licensed Group,Cranbrook's Stay 'N Play Program Association,1200 5Th Ave S,,Cranbrook,V1C 2H1,49.497177,-115.772785,250-426-3069,,,N,N,N,N,N,N,N,N,N,N,N,N,N,N,N,N,N,,,N,N,N,N,N,N,N,N,N,N,N,2026-05-15,,N,Y,N,Cranbrook's Stay 'N Play Program Association<br>Licensed Group<br>250-426-3069<br><br>Vacancy:<br>&nbsp;&nbsp;&nbsp;&nbsp;<36 months: N<br>&nbsp;&nbsp;&nbsp;&nbsp;30 months -- 5 years: N<br>&nbsp;&nbsp;&nbsp;&nbsp;Preschool: N<br>&nbsp;&nbsp;&nbsp;&nbsp;Grade 1 - Age 12: N<br>
3039,Licensed Group,Tiny Timbers Children's Academy Ltd.,6323 197 St,,Langley,V2Y 1K8,49.117595,-122.677508,877-657-1741,,,N,N,N,N,N,N,N,N,N,N,N,N,N,N,N,N,N,,,N,N,N,N,N,N,N,N,N,N,Y,2026-05-21,,N,Y,N,Tiny Timbers Children's Academy Ltd.<br>Licensed Group<br>877-657-1741<br><br>Vacancy:<br>&nbsp;&nbsp;&nbsp;&nbsp;<36 months: N<br>&nbsp;&nbsp;&nbsp;&nbsp;30 months -- 5 years: N<br>&nbsp;&nbsp;&nbsp;&nbsp;Preschool: N<br>&nbsp;&nbsp;&nbsp;&nbsp;Grade 1 - Age 12: Y<br>
3040,Licensed Group,Dream Builders Early Learning Centre,1116-1470 Prairie Ave,,Port Coquitlam,V3B 5M8,49.270907,-122.754538,604-552-8261,,,N,N,N,N,N,N,N,N,N,N,N,N,N,N,N,N,N,,,N,N,N,N,N,N,N,N,N,N,N,2026-05-15,,N,Y,N,Dream Builders Early Learning Centre<br>Licensed Group<br>604-552-8261<br><br>Vacancy:<br>&nbsp;&nbsp;&nbsp;&nbsp;<36 months: N<br>&nbsp;&nbsp;&nbsp;&nbsp;30 months -- 5 years: N<br>&nbsp;&nbsp;&nbsp;&nbsp;Preschool: N<br>&nbsp;&nbsp;&nbsp;&nbsp;Grade 1 - Age 12: N<br>
3041,Licensed Group,Bumble And Bean Out-Of-School Program-Dt,1051 Pine Spring Road,,Kamloops,V2B 7W3,50.669377,-120.315101,250-319-2013,,,N,N,N,N,N,N,N,N,N,N,N,N,N,N,N,N,N,,,N,N,N,N,N,N,N,N,Y,N,Y,2026-05-19,,N,Y,N,Bumble And Bean Out-Of-School Program-Dt<br>Licensed Group<br>250-319-2013<br><br>Vacancy:<br>&nbsp;&nbsp;&nbsp;&nbsp;<36 months: N<br>&nbsp;&nbsp;&nbsp;&nbsp;30 months -- 5 years: Y<br>&nbsp;&nbsp;&nbsp;&nbsp;Preschool: N<br>&nbsp;&nbsp;&nbsp;&nbsp;Grade 1 - Age 12: Y<br>
3042,Licensed Group,Before And After School Care Program At David Hoy,450 Birch Street West,,Fort St James,V0J 1P0,54.447941,-124.257748,250-692-9372,,,N,N,N,N,N,N,N,N,N,N,N,N,N,N,N,N,N,,,N,N,N,N,N,N,N,N,N,N,Y,2026-05-14,,N,Y,N,Before And After School Care Program At David Hoy<br>Licensed Group<br>250-692-9372<br><br>Vacancy:<br>&nbsp;&nbsp;&nbsp;&nbsp;<36 months: N<br>&nbsp;&nbsp;&nbsp;&nbsp;30 months -- 5 years: N<br>&nbsp;&nbsp;&nbsp;&nbsp;Preschool: N<br>&nbsp;&nbsp;&nbsp;&nbsp;Grade 1 - Age 12: Y<br>
3043,Licensed Group,Le Jardin De Basile,5085 Davis Bay Rd,,Sechelt,V7Z 0E7,49.443248,-123.723508,604-212-2047,,,N,N,N,N,N,N,N,N,N,N,N,N,N,N,N,N,N,,,N,N,N,N,N,N,N,N,Y,N,N,2026-05-20,,N,Y,N,Le Jardin De Basile<br>Licensed Group<br>604-212-2047<br><br>Vacancy:<br>&nbsp;&nbsp;&nbsp;&nbsp;<36 months: N<br>&nbsp;&nbsp;&nbsp;&nbsp;30 months -- 5 years: Y<br>&nbsp;&nbsp;&nbsp;&nbsp;Preschool: N<br>&nbsp;&nbsp;&nbsp;&nbsp;Grade 1 - Age 12: N<br>
3044,Licensed Family,Whiz Kidz Montessori Child Care,16458 23 Ave,,Surrey,V3Z 0L8,49.043601,-122.766851,778-513-3330,,,N,N,N,N,N,N,N,N,N,N,N,N,N,N,N,N,N,,,N,N,N,N,N,N,N,N,Y,N,N,2026-05-21,,N,Y,N,Whiz Kidz Montessori Child Care<br>Licensed Family<br>778-513-3330<br><br>Vacancy:<br>&nbsp;&nbsp;&nbsp;&nbsp;<36 months: N<br>&nbsp;&nbsp;&nbsp;&nbsp;30 months -- 5 years: Y<br>&nbsp;&nbsp;&nbsp;&nbsp;Preschool: N<br>&nbsp;&nbsp;&nbsp;&nbsp;Grade 1 - Age 12: N<br>
3045,Licensed Group,Smiling Kids Childcare Centre,1380 Coast Meridian Rd,,Coquitlam,V3E 3H1,49.297213,-122.756326,604-600-4393,,,N,N,N,N,N,N,N,N,N,N,N,N,N,N,N,N,N,,,N,N,N,N,N,N,N,N,N,N,N,2026-05-15,,N,Y,N,Smiling Kids Childcare Centre<br>Licensed Group<br>604-600-4393<br><br>Vacancy:<br>&nbsp;&nbsp;&nbsp;&nbsp;<36 months: N<br>&nbsp;&nbsp;&nbsp;&nbsp;30 months -- 5 years: N<br>&nbsp;&nbsp;&nbsp;&nbsp;Preschool: N<br>&nbsp;&nbsp;&nbsp;&nbsp;Grade 1 - Age 12: N<br>
3046,Licensed Family,Nurturing Roots Child Care,372 Hwy 6 S,,Nakusp,V0G 1R1,50.239169,-117.787117,250-864-8694,,,N,N,N,N,N,N,N,N,N,N,N,N,N,N,N,N,N,,,N,N,N,N,N,N,N,Y,Y,N,N,2026-04-25,,N,Y,N,Nurturing Roots Child Care<br>Licensed Family<br>250-864-8694<br><br>Vacancy:<br>&nbsp;&nbsp;&nbsp;&nbsp;<36 months: Y<br>&nbsp;&nbsp;&nbsp;&nbsp;30 months -- 5 years: Y<br>&nbsp;&nbsp;&nbsp;&nbsp;Preschool: N<br>&nbsp;&nbsp;&nbsp;&nbsp;Grade 1 - Age 12: N<br>
3047,Licensed Group,Twig + Owl / Montroyal Elementary,133 - 5310 Sonora Dr,,North Vancouver,V7R 3V8,49.36124,-123.097508,604-929-5371,,,N,N,N,N,N,N,N,N,N,N,N,N,N,N,N,N,N,,,N,N,N,N,N,N,N,N,N,N,Y,2026-04-19,,N,Y,N,Twig + Owl / Montroyal Elementary<br>Licensed Group<br>604-929-5371<br><br>Vacancy:<br>&nbsp;&nbsp;&nbsp;&nbsp;<36 months: N<br>&nbsp;&nbsp;&nbsp;&nbsp;30 months -- 5 years: N<br>&nbsp;&nbsp;&nbsp;&nbsp;Preschool: N<br>&nbsp;&nbsp;&nbsp;&nbsp;Grade 1 - Age 12: Y<br>
3048,Licensed Family,Peas In The Pod Daycare,114 Gibbon Rd,,Williams Lake,V2G 3N2,52.101639,-122.144507,604-378-2200,,,N,N,N,N,N,N,N,N,N,N,N,N,N,N,N,N,N,,,N,N,N,N,N,N,N,N,N,N,N,2026-05-19,,N,Y,N,Peas In The Pod Daycare<br>Licensed Family<br>604-378-2200<br><br>Vacancy:<br>&nbsp;&nbsp;&nbsp;&nbsp;<36 months: N<br>&nbsp;&nbsp;&nbsp;&nbsp;30 months -- 5 years: N<br>&nbsp;&nbsp;&nbsp;&nbsp;Preschool: N<br>&nbsp;&nbsp;&nbsp;&nbsp;Grade 1 - Age 12: N<br>
3049,Licensed Family,Flora's Family Child Care,20145 71A Ave,,Langley,V2Y 3A1,49.132829,-122.663361,306-203-9088,,,N,N,N,N,N,N,N,N,N,N,N,N,N,N,N,N,N,,,N,N,N,N,N,N,N,N,Y,N,Y,2026-04-27,,N,Y,N,Flora's Family Child Care<br>Licensed Family<br>306-203-9088<br><br>Vacancy:<br>&nbsp;&nbsp;&nbsp;&nbsp;<36 months: N<br>&nbsp;&nbsp;&nbsp;&nbsp;30 months -- 5 years: Y<br>&nbsp;&nbsp;&nbsp;&nbsp;Preschool: N<br>&nbsp;&nbsp;&nbsp;&nbsp;Grade 1 - Age 12: Y<br>
3050,Licensed Group,Angel Pines Center,2826 Cambridge St,,Abbotsford,V2S 4C7,49.053268,-122.279929,778-929-0213,,,N,N,N,N,N,N,N,N,N,N,N,N,N,N,N,N,N,,,N,N,N,N,N,N,N,Y,Y,N,N,2026-05-05,,N,Y,N,Angel Pines Center<br>Licensed Group<br>778-929-0213<br><br>Vacancy:<br>&nbsp;&nbsp;&nbsp;&nbsp;<36 months: Y<br>&nbsp;&nbsp;&nbsp;&nbsp;30 months -- 5 years: Y<br>&nbsp;&nbsp;&nbsp;&nbsp;Preschool: N<br>&nbsp;&nbsp;&nbsp;&nbsp;Grade 1 - Age 12: N<br>
3051,Licensed Group,Bright Light Learning Centre,8383 140 St,,Surrey,V3W 5K9,49.155196,-122.834927,778-318-6486,,,N,N,N,N,N,N,N,N,N,N,N,N,N,N,N,N,N,,,N,N,N,N,N,N,N,Y,Y,N,N,2026-04-08,,N,Y,N,Bright Light Learning Centre<br>Licensed Group<br>778-318-6486<br><br>Vacancy:<br>&nbsp;&nbsp;&nbsp;&nbsp;<36 months: Y<br>&nbsp;&nbsp;&nbsp;&nbsp;30 months -- 5 years: Y<br>&nbsp;&nbsp;&nbsp;&nbsp;Preschool: N<br>&nbsp;&nbsp;&nbsp;&nbsp;Grade 1 - Age 12: N<br>
3052,Licensed Group,Green Valley Sunshine Kids,7332 Grand St,,Mission,V2V 3S1,49.135011,-122.309167,778-347-4242,,,N,N,N,N,N,N,N,N,N,N,N,N,N,N,N,N,N,,,N,N,N,N,N,N,N,N,Y,Y,Y,2026-05-18,,N,Y,N,Green Valley Sunshine Kids<br>Licensed Group<br>778-347-4242<br><br>Vacancy:<br>&nbsp;&nbsp;&nbsp;&nbsp;<36 months: N<br>&nbsp;&nbsp;&nbsp;&nbsp;30 months -- 5 years: Y<br>&nbsp;&nbsp;&nbsp;&nbsp;Preschool: Y<br>&nbsp;&nbsp;&nbsp;&nbsp;Grade 1 - Age 12: Y<br>
3053,Licensed Group,Shine & Grow Learning Centre,359 23Rd St W,,North Vancouver,V7M 2B6,49.330182,-123.080977,604-347-6444,,,N,N,N,N,N,N,N,N,N,N,N,N,N,N,N,N,N,,,N,N,N,N,N,N,N,N,N,N,N,2026-05-15,,N,Y,N,Shine & Grow Learning Centre<br>Licensed Group<br>604-347-6444<br><br>Vacancy:<br>&nbsp;&nbsp;&nbsp;&nbsp;<36 months: N<br>&nbsp;&nbsp;&nbsp;&nbsp;30 months -- 5 years: N<br>&nbsp;&nbsp;&nbsp;&nbsp;Preschool: N<br>&nbsp;&nbsp;&nbsp;&nbsp;Grade 1 - Age 12: N<br>
3054,Licensed Family,Creative Corner Daycare,9536 113 Ave,,Fort St. John,V1J 2X2,56.258599,-120.839871,250-787-5173,,,N,N,N,N,N,N,N,N,N,N,N,N,N,N,N,N,N,,,N,N,N,N,N,N,N,Y,Y,N,N,2026-05-16,,N,Y,N,Creative Corner Daycare<br>Licensed Family<br>250-787-5173<br><br>Vacancy:<br>&nbsp;&nbsp;&nbsp;&nbsp;<36 months: Y<br>&nbsp;&nbsp;&nbsp;&nbsp;30 months -- 5 years: Y<br>&nbsp;&nbsp;&nbsp;&nbsp;Preschool: N<br>&nbsp;&nbsp;&nbsp;&nbsp;Grade 1 - Age 12: N<br>
3055,Licensed Group,Alex House Children's Centre At Ta'talu,1970 165A Street,,Surrey,V3Z 1K4,49.037261,-122.764022,604-875-9111,,,N,N,N,N,N,N,N,N,N,N,N,N,N,N,N,N,N,Not offered,Not offered,N,N,N,N,N,N,N,N,Y,N,Y,2026-04-08,,N,N,N,Alex House Children's Centre At Ta'talu<br>Licensed Group<br>604-875-9111<br><br>Vacancy:<br>&nbsp;&nbsp;&nbsp;&nbsp;<36 months: N<br>&nbsp;&nbsp;&nbsp;&nbsp;30 months -- 5 years: Y<br>&nbsp;&nbsp;&nbsp;&nbsp;Preschool: N<br>&nbsp;&nbsp;&nbsp;&nbsp;Grade 1 - Age 12: Y<br>
3056,Licensed Group,Ssocc Heron Toddlers,12091 Cambie Rd,,Richmond,V6V 1G5,49.184624,-123.090269,604-362-7928,,,N,N,N,N,N,N,N,N,N,N,N,N,N,N,N,N,N,,,N,N,N,N,N,N,N,Y,Y,N,N,2026-04-11,,N,Y,N,Ssocc Heron Toddlers<br>Licensed Group<br>604-362-7928<br><br>Vacancy:<br>&nbsp;&nbsp;&nbsp;&nbsp;<36 months: Y<br>&nbsp;&nbsp;&nbsp;&nbsp;30 months -- 5 years: Y<br>&nbsp;&nbsp;&nbsp;&nbsp;Preschool: N<br>&nbsp;&nbsp;&nbsp;&nbsp;Grade 1 - Age 12: N<br>
3057,Licensed Group,All About Kids Childcare,346 Holbrook Rd E,,Kelowna,V1X 1S9,49.88544,-119.38158,250-469-4866,,,N,N,N,N,N,N,N,N,N,N,N,N,N,N,N,N,N,,,N,N,N,N,N,N,N,N,N,N,N,2026-05-15,,N,Y,N,All About Kids Childcare<br>Licensed Group<br>250-469-4866<br><br>Vacancy:<br>&nbsp;&nbsp;&nbsp;&nbsp;<36 months: N<br>&nbsp;&nbsp;&nbsp;&nbsp;30 months -- 5 years: N<br>&nbsp;&nbsp;&nbsp;&nbsp;Preschool: N<br>&nbsp;&nbsp;&nbsp;&nbsp;Grade 1 - Age 12: N<br>
3058,Licensed Family,Happy House Learning Center,2105 19Th Ave W,,Vancouver,V6L 1C1,49.255465,-123.153366,604-721-5169,,,N,N,N,N,N,N,N,N,N,N,N,N,N,N,N,N,N,,,N,N,N,N,N,N,N,N,N,N,N,2026-05-15,,N,Y,N,Happy House Learning Center<br>Licensed Family<br>604-721-5169<br><br>Vacancy:<br>&nbsp;&nbsp;&nbsp;&nbsp;<36 months: N<br>&nbsp;&nbsp;&nbsp;&nbsp;30 months -- 5 years: N<br>&nbsp;&nbsp;&nbsp;&nbsp;Preschool: N<br>&nbsp;&nbsp;&nbsp;&nbsp;Grade 1 - Age 12: N<br>
3059,Licensed Group,Springwood Elementary Childcare,450 Despard Ave,,Parksville,V9P 1J9,49.312038,-124.327461,250-954-3047,,,N,N,N,N,N,N,N,N,N,N,N,N,N,N,N,N,N,,,N,N,N,N,N,N,N,N,N,N,N,2026-05-05,,N,N,N,Springwood Elementary Childcare<br>Licensed Group<br>250-954-3047<br><br>Vacancy:<br>&nbsp;&nbsp;&nbsp;&nbsp;<36 months: N<br>&nbsp;&nbsp;&nbsp;&nbsp;30 months -- 5 years: N<br>&nbsp;&nbsp;&nbsp;&nbsp;Preschool: N<br>&nbsp;&nbsp;&nbsp;&nbsp;Grade 1 - Age 12: N<br>
3060,Licensed Family,Cozy Corner Childcare,971 Gade Rd,,Langford,V9B 0G8,48.465471,-123.512569,778-533-6830,COZYCORNERCHILDCARE.CA,,N,N,N,N,N,N,N,N,N,N,N,N,N,N,N,N,N,,,N,N,N,N,N,N,N,Y,Y,N,N,2026-04-15,,N,Y,N,Cozy Corner Childcare<br>Licensed Family<br>778-533-6830<br><br>Vacancy:<br>&nbsp;&nbsp;&nbsp;&nbsp;<36 months: Y<br>&nbsp;&nbsp;&nbsp;&nbsp;30 months -- 5 years: Y<br>&nbsp;&nbsp;&nbsp;&nbsp;Preschool: N<br>&nbsp;&nbsp;&nbsp;&nbsp;Grade 1 - Age 12: N<br>
3061,Licensed Family,Fun And Learn Daycare,509 Harrop Ave,,Kelowna,V1X 6W6,49.88609,-119.376876,778-960-7264,,,N,N,N,N,N,N,N,N,N,N,N,N,N,N,N,N,N,,,N,N,N,N,N,N,N,Y,Y,N,N,2026-04-23,,N,Y,N,Fun And Learn Daycare<br>Licensed Family<br>778-960-7264<br><br>Vacancy:<br>&nbsp;&nbsp;&nbsp;&nbsp;<36 months: Y<br>&nbsp;&nbsp;&nbsp;&nbsp;30 months -- 5 years: Y<br>&nbsp;&nbsp;&nbsp;&nbsp;Preschool: N<br>&nbsp;&nbsp;&nbsp;&nbsp;Grade 1 - Age 12: N<br>
3062,Licensed Family,Little Mustard Seeds Early Learning,6117 Marsh Rd,,Duncan,V9L 4G7,48.792981,-123.740129,250-510-5735,,,N,N,N,N,N,N,N,N,N,N,N,N,N,N,N,N,N,,,N,N,N,N,N,N,N,Y,Y,N,N,2026-04-22,,N,Y,N,Little Mustard Seeds Early Learning<br>Licensed Family<br>250-510-5735<br><br>Vacancy:<br>&nbsp;&nbsp;&nbsp;&nbsp;<36 months: Y<br>&nbsp;&nbsp;&nbsp;&nbsp;30 months -- 5 years: Y<br>&nbsp;&nbsp;&nbsp;&nbsp;Preschool: N<br>&nbsp;&nbsp;&nbsp;&nbsp;Grade 1 - Age 12: N<br>
3063,Licensed Group,Precious Stars Childcare Centre,9628 100 St,,Fort St. John,V1J 3X8,56.24342,-120.84789,250-301-6432,,,N,N,N,N,N,N,N,N,N,N,N,N,N,N,N,N,N,,,N,N,N,N,N,N,N,N,Y,N,N,2026-05-18,,N,Y,N,Precious Stars Childcare Centre<br>Licensed Group<br>250-301-6432<br><br>Vacancy:<br>&nbsp;&nbsp;&nbsp;&nbsp;<36 months: N<br>&nbsp;&nbsp;&nbsp;&nbsp;30 months -- 5 years: Y<br>&nbsp;&nbsp;&nbsp;&nbsp;Preschool: N<br>&nbsp;&nbsp;&nbsp;&nbsp;Grade 1 - Age 12: N<br>
3064,Licensed Group,Ilm - Port Alberni,3061 8Th Ave,,Port Alberni,V9Y 2K5,49.234077,-124.800193,250-585-7898,,,N,N,N,N,N,N,N,N,N,N,N,N,N,N,N,N,N,,,N,N,N,N,N,N,N,Y,Y,N,Y,2026-05-15,,N,Y,N,Ilm - Port Alberni<br>Licensed Group<br>250-585-7898<br><br>Vacancy:<br>&nbsp;&nbsp;&nbsp;&nbsp;<36 months: Y<br>&nbsp;&nbsp;&nbsp;&nbsp;30 months -- 5 years: Y<br>&nbsp;&nbsp;&nbsp;&nbsp;Preschool: N<br>&nbsp;&nbsp;&nbsp;&nbsp;Grade 1 - Age 12: Y<br>
3065,Licensed Family,Tiny Seeds Childcare Centre,19817 75 Ave,,Langley,V2Y 5K3,49.138948,-122.67327,604-600-9094,,,N,N,N,N,N,N,N,N,N,N,N,N,N,N,N,N,N,,,N,N,N,N,N,N,N,N,N,N,N,2026-05-19,,N,Y,N,Tiny Seeds Childcare Centre<br>Licensed Family<br>604-600-9094<br><br>Vacancy:<br>&nbsp;&nbsp;&nbsp;&nbsp;<36 months: N<br>&nbsp;&nbsp;&nbsp;&nbsp;30 months -- 5 years: N<br>&nbsp;&nbsp;&nbsp;&nbsp;Preschool: N<br>&nbsp;&nbsp;&nbsp;&nbsp;Grade 1 - Age 12: N<br>
3066,Licensed Family,Glade Abc Childcare Center,1136 Glade Crt,,Port Coquitlam,V3B 1R5,49.269456,-122.744979,778-686-5878,https://fb.watch/v_nP5gUh56/,,N,N,N,N,N,N,N,N,N,N,N,N,N,N,N,N,N,,,N,N,N,N,N,N,N,N,Y,N,N,2026-05-15,,N,Y,N,Glade Abc Childcare Center<br>Licensed Family<br>778-686-5878<br><br>Vacancy:<br>&nbsp;&nbsp;&nbsp;&nbsp;<36 months: N<br>&nbsp;&nbsp;&nbsp;&nbsp;30 months -- 5 years: Y<br>&nbsp;&nbsp;&nbsp;&nbsp;Preschool: N<br>&nbsp;&nbsp;&nbsp;&nbsp;Grade 1 - Age 12: N<br>
3067,Licensed Group,Lni Childcare Learning Centre,51265 Yale Rd,,Rosedale,V0X 1X0,49.182018,-121.806701,604-446-7721,,,N,N,N,N,N,N,N,N,N,N,N,N,N,N,N,N,N,,,N,N,N,N,N,N,N,Y,N,N,N,2026-04-16,,N,Y,N,Lni Childcare Learning Centre<br>Licensed Group<br>604-446-7721<br><br>Vacancy:<br>&nbsp;&nbsp;&nbsp;&nbsp;<36 months: Y<br>&nbsp;&nbsp;&nbsp;&nbsp;30 months -- 5 years: N<br>&nbsp;&nbsp;&nbsp;&nbsp;Preschool: N<br>&nbsp;&nbsp;&nbsp;&nbsp;Grade 1 - Age 12: N<br>
3068,Licensed Group,Just Peachy Child Care Ltd.,1785 Hovey Rd,,Saanichton,V8M 1V8,48.585148,-123.426544,250-888-4561,,,N,N,N,N,N,N,N,N,N,N,N,N,N,N,N,N,N,,,N,N,N,N,N,N,N,N,N,N,N,2026-05-19,,N,Y,N,Just Peachy Child Care Ltd.<br>Licensed Group<br>250-888-4561<br><br>Vacancy:<br>&nbsp;&nbsp;&nbsp;&nbsp;<36 months: N<br>&nbsp;&nbsp;&nbsp;&nbsp;30 months -- 5 years: N<br>&nbsp;&nbsp;&nbsp;&nbsp;Preschool: N<br>&nbsp;&nbsp;&nbsp;&nbsp;Grade 1 - Age 12: N<br>
3069,Licensed Family,Stepping Stones Family Day Care,3785 Goheen Pl,,Prince George,V2N 4Z4,53.894455,-122.793706,250-552-9304,,,N,N,N,N,N,N,N,N,N,N,N,N,N,N,N,N,N,,,N,N,N,N,N,N,N,N,N,N,N,2026-05-20,,N,Y,N,Stepping Stones Family Day Care<br>Licensed Family<br>250-552-9304<br><br>Vacancy:<br>&nbsp;&nbsp;&nbsp;&nbsp;<36 months: N<br>&nbsp;&nbsp;&nbsp;&nbsp;30 months -- 5 years: N<br>&nbsp;&nbsp;&nbsp;&nbsp;Preschool: N<br>&nbsp;&nbsp;&nbsp;&nbsp;Grade 1 - Age 12: N<br>
3070,Licensed Group,Goodwin Academy Daycare,2-10468 Whalley Blvd,,Surrey,V3T 4H5,49.19295,-122.842014,604-518-7531,,,N,N,N,N,N,N,N,N,N,N,N,N,N,N,N,N,N,,,N,N,N,N,N,N,N,Y,Y,N,N,2026-05-14,,N,Y,N,Goodwin Academy Daycare<br>Licensed Group<br>604-518-7531<br><br>Vacancy:<br>&nbsp;&nbsp;&nbsp;&nbsp;<36 months: Y<br>&nbsp;&nbsp;&nbsp;&nbsp;30 months -- 5 years: Y<br>&nbsp;&nbsp;&nbsp;&nbsp;Preschool: N<br>&nbsp;&nbsp;&nbsp;&nbsp;Grade 1 - Age 12: N<br>
3071,Licensed Group,Gobind Sarvar Childcare Center,8922 168 St,,Surrey,V4N 6G7,49.165355,-122.756354,778-552-4030,,,N,N,N,N,N,N,N,N,N,N,N,N,N,N,N,N,N,,,N,N,N,N,N,N,N,N,N,N,N,2026-04-17,,N,Y,N,Gobind Sarvar Childcare Center<br>Licensed Group<br>778-552-4030<br><br>Vacancy:<br>&nbsp;&nbsp;&nbsp;&nbsp;<36 months: N<br>&nbsp;&nbsp;&nbsp;&nbsp;30 months -- 5 years: N<br>&nbsp;&nbsp;&nbsp;&nbsp;Preschool: N<br>&nbsp;&nbsp;&nbsp;&nbsp;Grade 1 - Age 12: N<br>
3072,Licensed Group,Happyland Infant And Toddler Daycare (Dundas),4212 Dundas St,,Burnaby,V5C 1B1,49.284408,-123.010862,778-883-9030,,,N,N,N,N,N,N,N,N,N,N,N,N,N,N,N,N,N,,,N,N,N,N,N,N,N,N,N,N,N,2026-05-15,,N,Y,N,Happyland Infant And Toddler Daycare (Dundas)<br>Licensed Group<br>778-883-9030<br><br>Vacancy:<br>&nbsp;&nbsp;&nbsp;&nbsp;<36 months: N<br>&nbsp;&nbsp;&nbsp;&nbsp;30 months -- 5 years: N<br>&nbsp;&nbsp;&nbsp;&nbsp;Preschool: N<br>&nbsp;&nbsp;&nbsp;&nbsp;Grade 1 - Age 12: N<br>
3073,Licensed Group,Blue Castle Kidz Academy,808 Dublin St,,New Westminster,V3M 2Y6,49.214888,-122.929929,778-989-2574,,,Y,N,N,N,N,N,Y,N,N,N,N,N,N,Y,N,N,N,Not offered,Not offered,N,N,N,N,N,Y,Y,N,N,N,N,2026-04-21,,N,Y,N,Blue Castle Kidz Academy<br>Licensed Group<br>778-989-2574<br><br>Vacancy:<br>&nbsp;&nbsp;&nbsp;&nbsp;<36 months: N<br>&nbsp;&nbsp;&nbsp;&nbsp;30 months -- 5 years: N<br>&nbsp;&nbsp;&nbsp;&nbsp;Preschool: N<br>&nbsp;&nbsp;&nbsp;&nbsp;Grade 1 - Age 12: N<br>
3074,Licensed Group,Super Dooper Childcare Centre,3328 Turner Ave,,Coquitlam,V3E 3B9,49.302443,-122.771225,604-790-9956,,,N,N,N,N,N,N,N,N,N,N,N,N,N,N,N,N,N,,,N,N,N,N,N,N,N,N,N,N,N,2026-05-18,,N,Y,N,Super Dooper Childcare Centre<br>Licensed Group<br>604-790-9956<br><br>Vacancy:<br>&nbsp;&nbsp;&nbsp;&nbsp;<36 months: N<br>&nbsp;&nbsp;&nbsp;&nbsp;30 months -- 5 years: N<br>&nbsp;&nbsp;&nbsp;&nbsp;Preschool: N<br>&nbsp;&nbsp;&nbsp;&nbsp;Grade 1 - Age 12: N<br>
3075,Licensed Group,Marin Learning Center,5110 Marine Dr,,Burnaby,V5J 3G6,49.205372,-122.99022,604-283-4088,,,N,N,N,N,N,N,N,N,N,N,N,N,N,N,N,N,N,,,N,N,N,N,N,N,N,N,Y,N,N,2026-05-15,,N,Y,N,Marin Learning Center<br>Licensed Group<br>604-283-4088<br><br>Vacancy:<br>&nbsp;&nbsp;&nbsp;&nbsp;<36 months: N<br>&nbsp;&nbsp;&nbsp;&nbsp;30 months -- 5 years: Y<br>&nbsp;&nbsp;&nbsp;&nbsp;Preschool: N<br>&nbsp;&nbsp;&nbsp;&nbsp;Grade 1 - Age 12: N<br>
3076,Licensed Family,Little Einstein Day Care Ltd.,9435 James St,,Chilliwack,V2P 6Y4,49.173592,-121.925852,778-512-9945,,,N,N,N,N,N,N,N,N,N,N,N,N,N,N,N,N,N,,,N,N,N,N,N,N,N,N,N,N,N,2026-05-14,,N,Y,N,Little Einstein Day Care Ltd.<br>Licensed Family<br>778-512-9945<br><br>Vacancy:<br>&nbsp;&nbsp;&nbsp;&nbsp;<36 months: N<br>&nbsp;&nbsp;&nbsp;&nbsp;30 months -- 5 years: N<br>&nbsp;&nbsp;&nbsp;&nbsp;Preschool: N<br>&nbsp;&nbsp;&nbsp;&nbsp;Grade 1 - Age 12: N<br>
3077,Licensed Group,Mm Learning Inc Victoria 61,2043 E 61St Ave,,Vancouver,V5P 2K4,49.214525,-123.064952,778-895-3185,,,N,N,N,N,N,N,N,N,N,N,N,N,N,N,N,N,N,,,N,N,N,N,N,N,N,N,N,N,N,2026-05-02,,N,Y,N,Mm Learning Inc Victoria 61<br>Licensed Group<br>778-895-3185<br><br>Vacancy:<br>&nbsp;&nbsp;&nbsp;&nbsp;<36 months: N<br>&nbsp;&nbsp;&nbsp;&nbsp;30 months -- 5 years: N<br>&nbsp;&nbsp;&nbsp;&nbsp;Preschool: N<br>&nbsp;&nbsp;&nbsp;&nbsp;Grade 1 - Age 12: N<br>
3078,Licensed Family,Explore Daycare,6124 Arlington Dr,,Chilliwack,V2R 2J5,49.113393,-121.971649,604-791-4117,,,N,N,N,N,N,N,N,N,N,N,N,N,N,N,N,N,N,,,N,N,N,N,N,N,N,N,N,N,N,2026-04-20,,N,Y,N,Explore Daycare<br>Licensed Family<br>604-791-4117<br><br>Vacancy:<br>&nbsp;&nbsp;&nbsp;&nbsp;<36 months: N<br>&nbsp;&nbsp;&nbsp;&nbsp;30 months -- 5 years: N<br>&nbsp;&nbsp;&nbsp;&nbsp;Preschool: N<br>&nbsp;&nbsp;&nbsp;&nbsp;Grade 1 - Age 12: N<br>
3079,Licensed Group,Ilm-Fairview,12209 206 St,,Maple Ridge,V2X 1T8,49.223716,-122.651502,250-585-7898,,,N,N,N,N,N,N,N,N,N,N,N,N,N,N,N,N,N,,,N,N,N,N,N,N,N,N,Y,N,Y,2026-05-15,,N,Y,N,Ilm-Fairview<br>Licensed Group<br>250-585-7898<br><br>Vacancy:<br>&nbsp;&nbsp;&nbsp;&nbsp;<36 months: N<br>&nbsp;&nbsp;&nbsp;&nbsp;30 months -- 5 years: Y<br>&nbsp;&nbsp;&nbsp;&nbsp;Preschool: N<br>&nbsp;&nbsp;&nbsp;&nbsp;Grade 1 - Age 12: Y<br>
3080,Licensed Group,Sunflower Child Care Centre,7006 College Way,,Coldstream,V1B 0B7,50.234418,-119.279395,250-558-9963,,,N,N,N,N,N,N,N,N,N,N,N,N,N,N,N,N,N,,,N,N,N,N,N,N,N,N,N,N,N,2026-05-12,,N,Y,N,Sunflower Child Care Centre<br>Licensed Group<br>250-558-9963<br><br>Vacancy:<br>&nbsp;&nbsp;&nbsp;&nbsp;<36 months: N<br>&nbsp;&nbsp;&nbsp;&nbsp;30 months -- 5 years: N<br>&nbsp;&nbsp;&nbsp;&nbsp;Preschool: N<br>&nbsp;&nbsp;&nbsp;&nbsp;Grade 1 - Age 12: N<br>
3081,Licensed Group,Maven Lane - Creekside,10104 Kalamalka Rd,,Coldstream,V1B 1L7,50.222612,-119.232901,250-558-9963,,,N,N,N,N,N,N,N,N,N,N,N,N,N,N,N,N,N,,,N,N,N,N,N,N,N,N,N,N,N,2026-05-12,,N,Y,N,Maven Lane - Creekside<br>Licensed Group<br>250-558-9963<br><br>Vacancy:<br>&nbsp;&nbsp;&nbsp;&nbsp;<36 months: N<br>&nbsp;&nbsp;&nbsp;&nbsp;30 months -- 5 years: N<br>&nbsp;&nbsp;&nbsp;&nbsp;Preschool: N<br>&nbsp;&nbsp;&nbsp;&nbsp;Grade 1 - Age 12: N<br>
3082,Licensed Group,Babies 'N' Tots Daycare,1236 Cerise Dr,,Kelowna,V1Y 9R8,49.893244,-119.470955,306-502-5222,,,N,N,N,N,N,N,N,N,N,N,N,N,N,N,N,N,N,,,N,N,N,N,N,N,N,N,N,N,N,2026-05-15,,N,Y,N,Babies 'N' Tots Daycare<br>Licensed Group<br>306-502-5222<br><br>Vacancy:<br>&nbsp;&nbsp;&nbsp;&nbsp;<36 months: N<br>&nbsp;&nbsp;&nbsp;&nbsp;30 months -- 5 years: N<br>&nbsp;&nbsp;&nbsp;&nbsp;Preschool: N<br>&nbsp;&nbsp;&nbsp;&nbsp;Grade 1 - Age 12: N<br>
3083,Licensed Group,Chartwell Childcare,659 North Rd,,Gibsons,V0N 1V9,49.407205,-123.513987,604-970-0008,,,N,N,N,N,N,N,N,N,N,N,N,N,N,N,N,N,N,,,N,N,N,N,N,N,N,N,N,N,N,2026-04-16,,N,Y,Y,Chartwell Childcare<br>Licensed Group<br>604-970-0008<br><br>Vacancy:<br>&nbsp;&nbsp;&nbsp;&nbsp;<36 months: N<br>&nbsp;&nbsp;&nbsp;&nbsp;30 months -- 5 years: N<br>&nbsp;&nbsp;&nbsp;&nbsp;Preschool: N<br>&nbsp;&nbsp;&nbsp;&nbsp;Grade 1 - Age 12: N<br>
3084,Licensed Group,Chartwell Childcare,659 North Rd,,Gibsons,V0N 1V9,49.407205,-123.513987,604-970-0008,,,N,N,N,N,N,N,N,N,N,N,N,N,N,N,N,N,N,,,N,N,N,N,N,N,N,N,Y,N,N,2026-04-16,,N,Y,Y,Chartwell Childcare<br>Licensed Group<br>604-970-0008<br><br>Vacancy:<br>&nbsp;&nbsp;&nbsp;&nbsp;<36 months: N<br>&nbsp;&nbsp;&nbsp;&nbsp;30 months -- 5 years: Y<br>&nbsp;&nbsp;&nbsp;&nbsp;Preschool: N<br>&nbsp;&nbsp;&nbsp;&nbsp;Grade 1 - Age 12: N<br>
3085,Licensed Family,Pinnacles Early Learning Centre,4640 Coventry Dr,,Richmond,V7C 4R2,49.151624,-123.174715,672-833-9143,,,N,N,N,N,N,N,N,N,N,N,N,N,N,N,N,N,N,,,N,N,N,N,N,N,N,N,N,N,N,2026-05-07,,N,Y,N,Pinnacles Early Learning Centre<br>Licensed Family<br>672-833-9143<br><br>Vacancy:<br>&nbsp;&nbsp;&nbsp;&nbsp;<36 months: N<br>&nbsp;&nbsp;&nbsp;&nbsp;30 months -- 5 years: N<br>&nbsp;&nbsp;&nbsp;&nbsp;Preschool: N<br>&nbsp;&nbsp;&nbsp;&nbsp;Grade 1 - Age 12: N<br>
3086,Licensed Group,Nurture & Grow Learning Center,24497 Fraser Hwy,,Langley,V2Z 2L2,49.071661,-122.545544,604-779-1424,,,N,N,N,N,N,N,N,N,N,N,N,N,N,N,N,N,N,,,N,N,N,N,N,N,N,N,Y,N,N,2026-05-03,,N,Y,N,Nurture & Grow Learning Center<br>Licensed Group<br>604-779-1424<br><br>Vacancy:<br>&nbsp;&nbsp;&nbsp;&nbsp;<36 months: N<br>&nbsp;&nbsp;&nbsp;&nbsp;30 months -- 5 years: Y<br>&nbsp;&nbsp;&nbsp;&nbsp;Preschool: N<br>&nbsp;&nbsp;&nbsp;&nbsp;Grade 1 - Age 12: N<br>
3087,Licensed Family,Explore & Learn Family Daycare,4517 Fraser St,,Vancouver,V5V 4G9,49.244324,-123.090635,236-886-4598,,,N,N,N,N,N,N,N,N,N,N,N,N,N,N,N,N,N,,,N,N,N,N,N,N,N,N,N,N,N,2026-05-15,,N,Y,N,Explore & Learn Family Daycare<br>Licensed Family<br>236-886-4598<br><br>Vacancy:<br>&nbsp;&nbsp;&nbsp;&nbsp;<36 months: N<br>&nbsp;&nbsp;&nbsp;&nbsp;30 months -- 5 years: N<br>&nbsp;&nbsp;&nbsp;&nbsp;Preschool: N<br>&nbsp;&nbsp;&nbsp;&nbsp;Grade 1 - Age 12: N<br>
3088,Licensed Family,Kindly Kids Land Center,2989 Cove Pl,,Coquitlam,V3C 3R6,49.262229,-122.810065,778-829-7177,,,N,N,N,N,N,N,N,N,N,N,N,N,N,N,N,N,N,,,N,N,N,N,N,N,N,N,Y,N,N,2026-03-23,,N,Y,N,Kindly Kids Land Center<br>Licensed Family<br>778-829-7177<br><br>Vacancy:<br>&nbsp;&nbsp;&nbsp;&nbsp;<36 months: N<br>&nbsp;&nbsp;&nbsp;&nbsp;30 months -- 5 years: Y<br>&nbsp;&nbsp;&nbsp;&nbsp;Preschool: N<br>&nbsp;&nbsp;&nbsp;&nbsp;Grade 1 - Age 12: N<br>
3089,Licensed Group,"Blessed Generations Academy - Canada Way, Burnaby",7837 Canada Way,,Burnaby,V3N 3K8,49.217635,-122.933082,604-618-4767,,,N,N,N,N,N,N,N,N,N,N,N,N,N,N,N,N,N,,,N,N,N,N,N,N,N,N,Y,N,N,2026-04-20,,N,Y,N,"Blessed Generations Academy - Canada Way, Burnaby<br>Licensed Group<br>604-618-4767<br><br>Vacancy:<br>&nbsp;&nbsp;&nbsp;&nbsp;<36 months: N<br>&nbsp;&nbsp;&nbsp;&nbsp;30 months -- 5 years: Y<br>&nbsp;&nbsp;&nbsp;&nbsp;Preschool: N<br>&nbsp;&nbsp;&nbsp;&nbsp;Grade 1 - Age 12: N<br>"
3090,Licensed Family,Cute Flowers Child Care Centre,1890 Rosebery Ave,,West Vancouver,V7V 2Z6,49.342866,-123.16503,778-317-4694,,,N,N,N,N,N,N,N,N,N,N,N,N,N,N,N,N,N,,,N,N,N,N,N,N,N,N,Y,N,N,2026-05-06,,N,Y,N,Cute Flowers Child Care Centre<br>Licensed Family<br>778-317-4694<br><br>Vacancy:<br>&nbsp;&nbsp;&nbsp;&nbsp;<36 months: N<br>&nbsp;&nbsp;&nbsp;&nbsp;30 months -- 5 years: Y<br>&nbsp;&nbsp;&nbsp;&nbsp;Preschool: N<br>&nbsp;&nbsp;&nbsp;&nbsp;Grade 1 - Age 12: N<br>
3091,Licensed Group,Champion Kids Learning Centre #2,20478 Fraser Hwy,,Langley,V3A 4G2,49.104278,-122.654574,778-321-8624,,,N,N,N,N,N,N,N,N,N,N,N,N,N,N,N,N,N,,,N,N,N,N,N,N,N,N,Y,N,N,2026-05-21,,N,Y,N,Champion Kids Learning Centre #2<br>Licensed Group<br>778-321-8624<br><br>Vacancy:<br>&nbsp;&nbsp;&nbsp;&nbsp;<36 months: N<br>&nbsp;&nbsp;&nbsp;&nbsp;30 months -- 5 years: Y<br>&nbsp;&nbsp;&nbsp;&nbsp;Preschool: N<br>&nbsp;&nbsp;&nbsp;&nbsp;Grade 1 - Age 12: N<br>
3092,Licensed Group,Watson Childcare Centre Iii,6583 Dayton Dr,,Chilliwack,V2R 1V2,49.121734,-121.972133,604-613-1148,,,N,N,N,N,N,N,N,N,N,N,N,N,N,N,N,N,N,,,N,N,N,N,N,N,N,Y,Y,N,N,2026-05-21,,N,Y,N,Watson Childcare Centre Iii<br>Licensed Group<br>604-613-1148<br><br>Vacancy:<br>&nbsp;&nbsp;&nbsp;&nbsp;<36 months: Y<br>&nbsp;&nbsp;&nbsp;&nbsp;30 months -- 5 years: Y<br>&nbsp;&nbsp;&nbsp;&nbsp;Preschool: N<br>&nbsp;&nbsp;&nbsp;&nbsp;Grade 1 - Age 12: N<br>
3093,Licensed Group,Inner Smile Children's Center,561 16Th St,,Courtenay,V9N 1X4,49.683049,-124.994518,250-898-1035,,,N,N,N,N,N,N,N,N,N,N,N,N,N,N,N,N,N,,,N,N,N,N,N,N,N,N,N,N,N,2026-05-18,,N,Y,N,Inner Smile Children's Center<br>Licensed Group<br>250-898-1035<br><br>Vacancy:<br>&nbsp;&nbsp;&nbsp;&nbsp;<36 months: N<br>&nbsp;&nbsp;&nbsp;&nbsp;30 months -- 5 years: N<br>&nbsp;&nbsp;&nbsp;&nbsp;Preschool: N<br>&nbsp;&nbsp;&nbsp;&nbsp;Grade 1 - Age 12: N<br>
3094,Licensed Family,Peach And Nini Family Child Care,2243 Ashlee Rd,,Nanaimo,V9R 6T5,49.170151,-123.993604,778-990-1209,,,N,N,N,N,N,N,N,N,N,N,N,N,N,N,N,N,N,,,N,N,N,N,N,N,N,N,Y,N,N,2026-04-23,,N,Y,N,Peach And Nini Family Child Care<br>Licensed Family<br>778-990-1209<br><br>Vacancy:<br>&nbsp;&nbsp;&nbsp;&nbsp;<36 months: N<br>&nbsp;&nbsp;&nbsp;&nbsp;30 months -- 5 years: Y<br>&nbsp;&nbsp;&nbsp;&nbsp;Preschool: N<br>&nbsp;&nbsp;&nbsp;&nbsp;Grade 1 - Age 12: N<br>
3095,Licensed Family,Heartland Kids Childcare,2089 156 St,,Surrey,V4A 4T9,49.04001,-122.790443,604-715-0050,,,N,N,N,N,N,N,N,N,N,N,N,N,N,N,N,N,N,,,N,N,N,N,N,N,N,N,N,N,N,2026-05-15,,N,Y,N,Heartland Kids Childcare<br>Licensed Family<br>604-715-0050<br><br>Vacancy:<br>&nbsp;&nbsp;&nbsp;&nbsp;<36 months: N<br>&nbsp;&nbsp;&nbsp;&nbsp;30 months -- 5 years: N<br>&nbsp;&nbsp;&nbsp;&nbsp;Preschool: N<br>&nbsp;&nbsp;&nbsp;&nbsp;Grade 1 - Age 12: N<br>
3096,Licensed Family,Berkley Kids Club,2391 Berkley Ave,,North Vancouver,V7H 1Z6,49.329239,-123.001475,604-765-1727,,,N,N,N,N,N,N,N,N,N,N,N,N,N,N,N,N,N,,,N,N,N,N,N,N,N,N,N,N,N,2026-05-16,,N,Y,N,Berkley Kids Club<br>Licensed Family<br>604-765-1727<br><br>Vacancy:<br>&nbsp;&nbsp;&nbsp;&nbsp;<36 months: N<br>&nbsp;&nbsp;&nbsp;&nbsp;30 months -- 5 years: N<br>&nbsp;&nbsp;&nbsp;&nbsp;Preschool: N<br>&nbsp;&nbsp;&nbsp;&nbsp;Grade 1 - Age 12: N<br>
3097,Licensed Group,Spring Daycare,306 22Nd St W,,North Vancouver,V7M 2A4,49.32961,-123.078812,604-779-1380,,,N,N,N,N,N,N,N,N,N,N,N,N,N,N,N,N,N,,,N,N,N,N,N,N,N,N,N,N,N,2026-04-16,,N,Y,N,Spring Daycare<br>Licensed Group<br>604-779-1380<br><br>Vacancy:<br>&nbsp;&nbsp;&nbsp;&nbsp;<36 months: N<br>&nbsp;&nbsp;&nbsp;&nbsp;30 months -- 5 years: N<br>&nbsp;&nbsp;&nbsp;&nbsp;Preschool: N<br>&nbsp;&nbsp;&nbsp;&nbsp;Grade 1 - Age 12: N<br>
3098,Licensed Group,Forever Learning Childcare Inc.,4800 Wilson Rd,,Duncan,V9L 6L6,48.743534,-123.67179,250-896-2473,,,N,N,N,N,N,N,N,N,N,N,N,N,N,N,N,N,N,,,N,N,N,N,N,N,N,N,N,N,N,2026-04-27,,N,Y,N,Forever Learning Childcare Inc.<br>Licensed Group<br>250-896-2473<br><br>Vacancy:<br>&nbsp;&nbsp;&nbsp;&nbsp;<36 months: N<br>&nbsp;&nbsp;&nbsp;&nbsp;30 months -- 5 years: N<br>&nbsp;&nbsp;&nbsp;&nbsp;Preschool: N<br>&nbsp;&nbsp;&nbsp;&nbsp;Grade 1 - Age 12: N<br>
3099,Licensed Family,Early Steps Highgate,7327 Edmonds St,,Burnaby,V3N 1A7,49.219153,-122.951032,604-544-5770,,,N,N,N,N,N,N,N,N,N,N,N,N,N,N,N,N,N,,,N,N,N,N,N,N,N,N,Y,N,N,2026-04-18,,N,Y,N,Early Steps Highgate<br>Licensed Family<br>604-544-5770<br><br>Vacancy:<br>&nbsp;&nbsp;&nbsp;&nbsp;<36 months: N<br>&nbsp;&nbsp;&nbsp;&nbsp;30 months -- 5 years: Y<br>&nbsp;&nbsp;&nbsp;&nbsp;Preschool: N<br>&nbsp;&nbsp;&nbsp;&nbsp;Grade 1 - Age 12: N<br>
3100,Licensed Group,Goldstone Park - Basc,6287 146 Street,,Surrey,V3S 3A3,49.116558,-122.818105,604-501-5530,,,N,N,N,N,N,N,N,N,N,N,N,N,N,N,N,N,N,,,N,N,N,N,N,N,N,N,N,N,Y,2026-04-30,,N,Y,N,Goldstone Park - Basc<br>Licensed Group<br>604-501-5530<br><br>Vacancy:<br>&nbsp;&nbsp;&nbsp;&nbsp;<36 months: N<br>&nbsp;&nbsp;&nbsp;&nbsp;30 months -- 5 years: N<br>&nbsp;&nbsp;&nbsp;&nbsp;Preschool: N<br>&nbsp;&nbsp;&nbsp;&nbsp;Grade 1 - Age 12: Y<br>
3101,Licensed Group,Little Stars Childcare Center E58th,969 East 58Th Ave,,Vancouver,V5X 1W6,49.21758,-123.08597,778-889-9654,,,N,N,N,N,N,N,N,N,N,N,N,N,N,N,N,N,N,,,N,N,N,N,N,N,N,N,N,N,N,2026-05-16,,N,Y,N,Little Stars Childcare Center E58th<br>Licensed Group<br>778-889-9654<br><br>Vacancy:<br>&nbsp;&nbsp;&nbsp;&nbsp;<36 months: N<br>&nbsp;&nbsp;&nbsp;&nbsp;30 months -- 5 years: N<br>&nbsp;&nbsp;&nbsp;&nbsp;Preschool: N<br>&nbsp;&nbsp;&nbsp;&nbsp;Grade 1 - Age 12: N<br>
3102,Licensed Group,Sofia's Academy 2630 Alhambra Drive,2630 Alhambra Dr,,West Kelowna,V1Z 2Z3,49.862291,-119.567142,250-864-4842,,,N,N,N,N,N,N,N,N,N,N,N,N,N,N,N,N,N,,,N,N,N,N,N,N,N,N,Y,N,N,2026-05-01,,N,Y,N,Sofia's Academy 2630 Alhambra Drive<br>Licensed Group<br>250-864-4842<br><br>Vacancy:<br>&nbsp;&nbsp;&nbsp;&nbsp;<36 months: N<br>&nbsp;&nbsp;&nbsp;&nbsp;30 months -- 5 years: Y<br>&nbsp;&nbsp;&nbsp;&nbsp;Preschool: N<br>&nbsp;&nbsp;&nbsp;&nbsp;Grade 1 - Age 12: N<br>
3103,Licensed Group,Ladybird Montessori Learning Academy,8-1180 Pinetree Way,,Coquitlam,V3B 7L2,49.281471,-122.793923,778-285-1737,,,N,N,N,N,N,N,N,N,N,N,N,N,N,N,N,N,N,,,N,N,N,N,N,N,N,Y,Y,N,N,2026-05-15,,N,Y,N,Ladybird Montessori Learning Academy<br>Licensed Group<br>778-285-1737<br><br>Vacancy:<br>&nbsp;&nbsp;&nbsp;&nbsp;<36 months: Y<br>&nbsp;&nbsp;&nbsp;&nbsp;30 months -- 5 years: Y<br>&nbsp;&nbsp;&nbsp;&nbsp;Preschool: N<br>&nbsp;&nbsp;&nbsp;&nbsp;Grade 1 - Age 12: N<br>
3104,Licensed Group,Polka Dot Early Learning,10-800 mcbride Blvd,,New Westminster,V3L 2B8,49.222746,-122.91424,604-724-4328,,,N,N,N,N,N,N,N,N,N,N,N,N,N,N,N,N,N,,,N,N,N,N,N,N,N,N,N,N,N,2026-05-11,,N,Y,N,Polka Dot Early Learning<br>Licensed Group<br>604-724-4328<br><br>Vacancy:<br>&nbsp;&nbsp;&nbsp;&nbsp;<36 months: N<br>&nbsp;&nbsp;&nbsp;&nbsp;30 months -- 5 years: N<br>&nbsp;&nbsp;&nbsp;&nbsp;Preschool: N<br>&nbsp;&nbsp;&nbsp;&nbsp;Grade 1 - Age 12: N<br>
3105,Licensed Group,The Victoria School For Ideal Education,2828 Belmont Ave,,Victoria,V8R 4B1,48.440549,-123.339345,250-383-6654,,,N,N,N,N,N,N,N,N,N,N,N,N,N,N,N,N,N,,,N,N,N,N,N,N,N,N,N,N,N,2026-03-11,,N,N,N,The Victoria School For Ideal Education<br>Licensed Group<br>250-383-6654<br><br>Vacancy:<br>&nbsp;&nbsp;&nbsp;&nbsp;<36 months: N<br>&nbsp;&nbsp;&nbsp;&nbsp;30 months -- 5 years: N<br>&nbsp;&nbsp;&nbsp;&nbsp;Preschool: N<br>&nbsp;&nbsp;&nbsp;&nbsp;Grade 1 - Age 12: N<br>
3106,Licensed Group,Mighty Cubs Childcare,15010 Ashby Pl,,Surrey,V3S 5G2,49.159923,-122.806432,672-515-6702,,,N,N,N,N,N,N,N,N,N,N,N,N,N,N,N,N,N,,,N,N,N,N,N,N,N,N,Y,N,N,2026-05-22,,N,Y,N,Mighty Cubs Childcare<br>Licensed Group<br>672-515-6702<br><br>Vacancy:<br>&nbsp;&nbsp;&nbsp;&nbsp;<36 months: N<br>&nbsp;&nbsp;&nbsp;&nbsp;30 months -- 5 years: Y<br>&nbsp;&nbsp;&nbsp;&nbsp;Preschool: N<br>&nbsp;&nbsp;&nbsp;&nbsp;Grade 1 - Age 12: N<br>
3107,Licensed Group,Next Level Childcare Society - Clearbrook,112-2653 Trethewey St,,Abbotsford,V2T 0B5,49.051329,-122.326735,604-380-4060,,,N,N,N,N,N,N,N,N,N,N,N,N,N,N,N,N,N,,,N,N,N,N,N,N,N,N,N,N,N,2026-05-15,,N,Y,N,Next Level Childcare Society - Clearbrook<br>Licensed Group<br>604-380-4060<br><br>Vacancy:<br>&nbsp;&nbsp;&nbsp;&nbsp;<36 months: N<br>&nbsp;&nbsp;&nbsp;&nbsp;30 months -- 5 years: N<br>&nbsp;&nbsp;&nbsp;&nbsp;Preschool: N<br>&nbsp;&nbsp;&nbsp;&nbsp;Grade 1 - Age 12: N<br>
3108,Licensed Group,Ilm-Edith Mcdermott,12178 Bonson Rd,,Pitt Meadows,V3Y 2L5,49.223836,-122.679256,250-585-7898,,,N,N,N,N,N,N,N,N,N,N,N,N,N,N,N,N,N,,,N,N,N,N,N,N,N,N,Y,N,Y,2026-05-15,,N,Y,N,Ilm-Edith Mcdermott<br>Licensed Group<br>250-585-7898<br><br>Vacancy:<br>&nbsp;&nbsp;&nbsp;&nbsp;<36 months: N<br>&nbsp;&nbsp;&nbsp;&nbsp;30 months -- 5 years: Y<br>&nbsp;&nbsp;&nbsp;&nbsp;Preschool: N<br>&nbsp;&nbsp;&nbsp;&nbsp;Grade 1 - Age 12: Y<br>
3109,Licensed Group,Kiddie Club Childcare Center,22-32700 South Fraser Way,,Abbotsford,V2T 4M5,49.050298,-122.318504,778-963-8811,,,N,N,N,N,N,N,N,N,N,N,N,N,N,N,N,N,N,,,N,N,N,N,N,N,N,Y,Y,N,N,2026-05-18,,N,Y,N,Kiddie Club Childcare Center<br>Licensed Group<br>778-963-8811<br><br>Vacancy:<br>&nbsp;&nbsp;&nbsp;&nbsp;<36 months: Y<br>&nbsp;&nbsp;&nbsp;&nbsp;30 months -- 5 years: Y<br>&nbsp;&nbsp;&nbsp;&nbsp;Preschool: N<br>&nbsp;&nbsp;&nbsp;&nbsp;Grade 1 - Age 12: N<br>
3110,Licensed Family,Bay Breeze Buddies,204 Moray St,,Port Moody,V3H 2S5,49.274273,-122.834524,778-846-2684,baybreezebuddies.com,,N,N,N,N,N,N,N,N,N,N,N,N,N,N,N,N,N,,,N,N,N,N,N,N,N,N,N,N,N,2026-05-03,,N,Y,N,Bay Breeze Buddies<br>Licensed Family<br>778-846-2684<br><br>Vacancy:<br>&nbsp;&nbsp;&nbsp;&nbsp;<36 months: N<br>&nbsp;&nbsp;&nbsp;&nbsp;30 months -- 5 years: N<br>&nbsp;&nbsp;&nbsp;&nbsp;Preschool: N<br>&nbsp;&nbsp;&nbsp;&nbsp;Grade 1 - Age 12: N<br>
3111,Licensed Family,Creative Island Child Care,3392 Creston Close,,Coquitlam,V3E 0C5,49.290108,-122.75373,236-883-1276,,,N,N,N,N,N,N,N,N,N,N,N,N,N,N,N,N,N,,,N,N,N,N,N,N,N,Y,Y,N,N,2026-05-18,,N,Y,N,Creative Island Child Care<br>Licensed Family<br>236-883-1276<br><br>Vacancy:<br>&nbsp;&nbsp;&nbsp;&nbsp;<36 months: Y<br>&nbsp;&nbsp;&nbsp;&nbsp;30 months -- 5 years: Y<br>&nbsp;&nbsp;&nbsp;&nbsp;Preschool: N<br>&nbsp;&nbsp;&nbsp;&nbsp;Grade 1 - Age 12: N<br>
3112,Licensed Group,"Shine Bright, Northern Tykes Daycare",10500 13 St,,Dawson Creek,V1G 3W6,55.756304,-120.236732,250-793-8012,,,N,N,N,N,N,N,N,N,N,N,N,N,N,N,N,N,N,,,N,N,N,N,N,N,N,N,N,N,N,2026-05-15,,N,Y,N,"Shine Bright, Northern Tykes Daycare<br>Licensed Group<br>250-793-8012<br><br>Vacancy:<br>&nbsp;&nbsp;&nbsp;&nbsp;<36 months: N<br>&nbsp;&nbsp;&nbsp;&nbsp;30 months -- 5 years: N<br>&nbsp;&nbsp;&nbsp;&nbsp;Preschool: N<br>&nbsp;&nbsp;&nbsp;&nbsp;Grade 1 - Age 12: N<br>"
3113,Licensed Group,Langara Learning Center,142 51St Ave E,,Vancouver,V5X 1C3,49.223534,-123.103014,778-889-9654,,,N,N,N,N,N,N,N,N,N,N,N,N,N,N,N,N,N,,,N,N,N,N,N,N,N,N,N,N,N,2026-05-16,,N,Y,N,Langara Learning Center<br>Licensed Group<br>778-889-9654<br><br>Vacancy:<br>&nbsp;&nbsp;&nbsp;&nbsp;<36 months: N<br>&nbsp;&nbsp;&nbsp;&nbsp;30 months -- 5 years: N<br>&nbsp;&nbsp;&nbsp;&nbsp;Preschool: N<br>&nbsp;&nbsp;&nbsp;&nbsp;Grade 1 - Age 12: N<br>
3114,Licensed Group,Happy Gogo Childcare Centre,7928 14Th Ave,,Burnaby,V3N 2B4,49.222045,-122.930375,778-320-9988,,,N,N,N,N,N,N,N,N,N,N,N,N,N,N,N,N,N,,,N,N,N,N,N,N,N,N,N,N,N,2026-05-17,,N,Y,N,Happy Gogo Childcare Centre<br>Licensed Group<br>778-320-9988<br><br>Vacancy:<br>&nbsp;&nbsp;&nbsp;&nbsp;<36 months: N<br>&nbsp;&nbsp;&nbsp;&nbsp;30 months -- 5 years: N<br>&nbsp;&nbsp;&nbsp;&nbsp;Preschool: N<br>&nbsp;&nbsp;&nbsp;&nbsp;Grade 1 - Age 12: N<br>
3115,Licensed Group,Qaqauailas House Of Learning,208 Wabilisla St,,Bella Bella,V0T 1Z0,52.163929,-128.144726,778-213-8177,,,,,,,,,,,,,,,,,,,,,,,,,,,,,,,,,,,Y,N,N,Qaqauailas House Of Learning<br>Licensed Group<br>778-213-8177<br><br>Vacancy:<br>&nbsp;&nbsp;&nbsp;&nbsp;<36 months: None<br>&nbsp;&nbsp;&nbsp;&nbsp;30 months -- 5 years: None<br>&nbsp;&nbsp;&nbsp;&nbsp;Preschool: None<br>&nbsp;&nbsp;&nbsp;&nbsp;Grade 1 - Age 12: None<br>
3116,Licensed Group,James mckinney ymca Kids Club,10451 Lassam Rd,,Richmond,V7E 2C2,49.136571,-123.165121,250-960-9336,,,N,N,N,N,N,N,N,N,N,N,N,N,N,N,N,N,N,,,N,N,N,N,N,N,N,N,N,N,N,2026-05-14,,N,Y,N,James mckinney ymca Kids Club<br>Licensed Group<br>250-960-9336<br><br>Vacancy:<br>&nbsp;&nbsp;&nbsp;&nbsp;<36 months: N<br>&nbsp;&nbsp;&nbsp;&nbsp;30 months -- 5 years: N<br>&nbsp;&nbsp;&nbsp;&nbsp;Preschool: N<br>&nbsp;&nbsp;&nbsp;&nbsp;Grade 1 - Age 12: N<br>
3117,Licensed Group,ymca Hudson's Hope Care And Learning Centre,109-10500 Dudley Dr,,Hudson's Hope,V0C 1V0,56.02273,-121.922097,250-960-9336,,,N,N,N,N,N,N,N,N,N,N,N,N,N,N,N,N,N,,,N,N,N,N,N,N,N,N,N,N,N,2026-05-14,,N,Y,N,ymca Hudson's Hope Care And Learning Centre<br>Licensed Group<br>250-960-9336<br><br>Vacancy:<br>&nbsp;&nbsp;&nbsp;&nbsp;<36 months: N<br>&nbsp;&nbsp;&nbsp;&nbsp;30 months -- 5 years: N<br>&nbsp;&nbsp;&nbsp;&nbsp;Preschool: N<br>&nbsp;&nbsp;&nbsp;&nbsp;Grade 1 - Age 12: N<br>
3118,Licensed Group,Royal Heights ymca Kids Club,11665 97 Ave,,Surrey,V3V 2B9,49.179192,-122.899399,250-960-9336,,,N,N,N,N,N,N,N,N,N,N,N,N,N,N,N,N,N,,,N,N,N,N,N,N,N,N,N,N,N,2026-05-14,,N,Y,N,Royal Heights ymca Kids Club<br>Licensed Group<br>250-960-9336<br><br>Vacancy:<br>&nbsp;&nbsp;&nbsp;&nbsp;<36 months: N<br>&nbsp;&nbsp;&nbsp;&nbsp;30 months -- 5 years: N<br>&nbsp;&nbsp;&nbsp;&nbsp;Preschool: N<br>&nbsp;&nbsp;&nbsp;&nbsp;Grade 1 - Age 12: N<br>
3119,Licensed Family,Pocket Tots Childcare,1660  Centennary Dr,,Nanaimo,V9X 1A4,49.117238,-123.927166,250-755-6001,,,N,N,N,N,N,N,Y,Y,N,N,N,N,N,N,N,N,N,Not offered,Not offered,N,N,N,N,Y,Y,Y,N,Y,N,N,2026-05-15,,N,Y,N,Pocket Tots Childcare<br>Licensed Family<br>250-755-6001<br><br>Vacancy:<br>&nbsp;&nbsp;&nbsp;&nbsp;<36 months: N<br>&nbsp;&nbsp;&nbsp;&nbsp;30 months -- 5 years: Y<br>&nbsp;&nbsp;&nbsp;&nbsp;Preschool: N<br>&nbsp;&nbsp;&nbsp;&nbsp;Grade 1 - Age 12: N<br>
3120,Licensed Group,Bright Cross Learning Center,13639 108 Ave,,Surrey,V3T 2K4,49.198964,-122.844033,778-789-8222,,,N,N,N,N,N,N,N,N,N,N,N,N,N,N,N,N,N,,,N,N,N,N,N,N,N,N,Y,N,N,2026-05-14,,N,Y,N,Bright Cross Learning Center<br>Licensed Group<br>778-789-8222<br><br>Vacancy:<br>&nbsp;&nbsp;&nbsp;&nbsp;<36 months: N<br>&nbsp;&nbsp;&nbsp;&nbsp;30 months -- 5 years: Y<br>&nbsp;&nbsp;&nbsp;&nbsp;Preschool: N<br>&nbsp;&nbsp;&nbsp;&nbsp;Grade 1 - Age 12: N<br>
3121,Licensed Group,Angels Playhouse Daycare Society (Buffalo St),7189 Buffalo St,,Burnaby,V5A 1Z1,49.254032,-122.953479,604-809-3868,,,N,N,N,N,N,N,N,N,N,N,N,N,N,N,N,N,N,,,N,N,N,N,N,N,N,Y,N,N,N,2026-05-18,,N,Y,N,Angels Playhouse Daycare Society (Buffalo St)<br>Licensed Group<br>604-809-3868<br><br>Vacancy:<br>&nbsp;&nbsp;&nbsp;&nbsp;<36 months: Y<br>&nbsp;&nbsp;&nbsp;&nbsp;30 months -- 5 years: N<br>&nbsp;&nbsp;&nbsp;&nbsp;Preschool: N<br>&nbsp;&nbsp;&nbsp;&nbsp;Grade 1 - Age 12: N<br>
3122,Licensed Group,Cr Next Generations,1048 Hemlock St,,Campbell River,V9W 3E4,50.025635,-125.254028,250-830-8396,,,N,N,N,N,N,N,N,N,N,N,N,N,N,N,N,N,N,,,N,N,N,N,N,N,N,N,N,N,N,2026-05-19,,N,Y,N,Cr Next Generations<br>Licensed Group<br>250-830-8396<br><br>Vacancy:<br>&nbsp;&nbsp;&nbsp;&nbsp;<36 months: N<br>&nbsp;&nbsp;&nbsp;&nbsp;30 months -- 5 years: N<br>&nbsp;&nbsp;&nbsp;&nbsp;Preschool: N<br>&nbsp;&nbsp;&nbsp;&nbsp;Grade 1 - Age 12: N<br>
3123,Licensed Group,Quinton Childcare,1950 Quinton Ave,,Coquitlam,V3J 3K5,49.260533,-122.839062,604-655-7718,,,N,N,N,N,N,N,N,N,N,N,N,N,N,N,N,N,N,,,N,N,N,N,N,N,N,N,N,N,N,2026-05-19,,N,Y,N,Quinton Childcare<br>Licensed Group<br>604-655-7718<br><br>Vacancy:<br>&nbsp;&nbsp;&nbsp;&nbsp;<36 months: N<br>&nbsp;&nbsp;&nbsp;&nbsp;30 months -- 5 years: N<br>&nbsp;&nbsp;&nbsp;&nbsp;Preschool: N<br>&nbsp;&nbsp;&nbsp;&nbsp;Grade 1 - Age 12: N<br>
3124,Licensed Group,Organic Early Learning (Satellite),7501 6Th St,,Burnaby,V3N 3M2,49.223548,-122.933831,604-765-9982,,,N,N,N,N,N,N,N,N,N,N,N,N,N,N,N,N,N,,,N,N,N,N,N,N,N,Y,Y,N,N,2026-05-20,,N,Y,N,Organic Early Learning (Satellite)<br>Licensed Group<br>604-765-9982<br><br>Vacancy:<br>&nbsp;&nbsp;&nbsp;&nbsp;<36 months: Y<br>&nbsp;&nbsp;&nbsp;&nbsp;30 months -- 5 years: Y<br>&nbsp;&nbsp;&nbsp;&nbsp;Preschool: N<br>&nbsp;&nbsp;&nbsp;&nbsp;Grade 1 - Age 12: N<br>
3125,Licensed Family,Family Friends,6335 Picadilly Pl,,Sechelt,V7Z 0N9,49.47057,-123.792791,604-989-9854,,,,,,,,,,,,,,,,,,,,,,,,,,,,,,,,,,,Y,N,N,Family Friends<br>Licensed Family<br>604-989-9854<br><br>Vacancy:<br>&nbsp;&nbsp;&nbsp;&nbsp;<36 months: None<br>&nbsp;&nbsp;&nbsp;&nbsp;30 months -- 5 years: None<br>&nbsp;&nbsp;&nbsp;&nbsp;Preschool: None<br>&nbsp;&nbsp;&nbsp;&nbsp;Grade 1 - Age 12: None<br>
3126,Licensed Group,Just 4 Kids,3300 7Th St S,,Cranbrook,V1C 5G3,49.502492,-115.736016,250-464-0527,,,N,N,N,N,N,N,N,N,N,N,N,N,N,N,N,N,N,Not offered,Not offered,N,N,N,N,N,N,N,N,N,N,N,2026-05-13,,N,N,N,Just 4 Kids<br>Licensed Group<br>250-464-0527<br><br>Vacancy:<br>&nbsp;&nbsp;&nbsp;&nbsp;<36 months: N<br>&nbsp;&nbsp;&nbsp;&nbsp;30 months -- 5 years: N<br>&nbsp;&nbsp;&nbsp;&nbsp;Preschool: N<br>&nbsp;&nbsp;&nbsp;&nbsp;Grade 1 - Age 12: N<br>
3127,Licensed Group,Season Explorations Childcare,4534 Gladstone St,,Vancouver,V5N 4Z9,49.244239,-123.060566,778-316-6111,,,N,N,N,N,N,N,N,N,N,N,N,N,N,N,N,N,N,,,N,N,N,N,N,N,N,N,N,N,N,2026-05-01,,N,Y,N,Season Explorations Childcare<br>Licensed Group<br>778-316-6111<br><br>Vacancy:<br>&nbsp;&nbsp;&nbsp;&nbsp;<36 months: N<br>&nbsp;&nbsp;&nbsp;&nbsp;30 months -- 5 years: N<br>&nbsp;&nbsp;&nbsp;&nbsp;Preschool: N<br>&nbsp;&nbsp;&nbsp;&nbsp;Grade 1 - Age 12: N<br>
3128,Licensed Family,Mama Moon Childcare Center,6736 6Th St,,Burnaby,V5E 3S7,49.230588,-122.942194,672-515-2993,www.mamamoonchildcarecentre.com,,N,N,N,N,N,N,N,N,N,N,N,N,N,N,N,N,N,,,N,N,N,N,N,N,N,N,N,N,N,2026-05-01,,N,Y,N,Mama Moon Childcare Center<br>Licensed Family<br>672-515-2993<br><br>Vacancy:<br>&nbsp;&nbsp;&nbsp;&nbsp;<36 months: N<br>&nbsp;&nbsp;&nbsp;&nbsp;30 months -- 5 years: N<br>&nbsp;&nbsp;&nbsp;&nbsp;Preschool: N<br>&nbsp;&nbsp;&nbsp;&nbsp;Grade 1 - Age 12: N<br>
3129,Licensed Group,Smiley Daycare Boundary,1133 Boundary Rd,,Vancouver,V5K 4T4,49.274422,-123.024038,778-855-4318,,,N,N,N,N,N,N,N,N,N,N,N,N,N,N,N,N,N,,,N,N,N,N,N,N,N,N,N,N,N,2026-05-17,,N,Y,N,Smiley Daycare Boundary<br>Licensed Group<br>778-855-4318<br><br>Vacancy:<br>&nbsp;&nbsp;&nbsp;&nbsp;<36 months: N<br>&nbsp;&nbsp;&nbsp;&nbsp;30 months -- 5 years: N<br>&nbsp;&nbsp;&nbsp;&nbsp;Preschool: N<br>&nbsp;&nbsp;&nbsp;&nbsp;Grade 1 - Age 12: N<br>
3130,Licensed Group,Burke Village Academy,3516 Forst Ave,,Coquitlam,V3B 2W7,49.287187,-122.739926,778-723-5650,,,N,N,N,N,N,N,N,N,N,N,N,N,N,N,N,N,N,,,N,N,N,N,N,N,N,N,N,N,N,2026-05-15,,N,Y,N,Burke Village Academy<br>Licensed Group<br>778-723-5650<br><br>Vacancy:<br>&nbsp;&nbsp;&nbsp;&nbsp;<36 months: N<br>&nbsp;&nbsp;&nbsp;&nbsp;30 months -- 5 years: N<br>&nbsp;&nbsp;&nbsp;&nbsp;Preschool: N<br>&nbsp;&nbsp;&nbsp;&nbsp;Grade 1 - Age 12: N<br>
3131,Licensed Group,Pioneering Minds Childcare Ltd,6079 Marine Drive,,Burnaby,V3N 2X8,49.205096,-122.972002,778-865-9183,,,N,N,N,N,N,N,N,N,N,N,N,N,N,N,N,N,N,,,N,N,N,N,N,N,N,Y,N,N,N,2026-05-02,,N,Y,N,Pioneering Minds Childcare Ltd<br>Licensed Group<br>778-865-9183<br><br>Vacancy:<br>&nbsp;&nbsp;&nbsp;&nbsp;<36 months: Y<br>&nbsp;&nbsp;&nbsp;&nbsp;30 months -- 5 years: N<br>&nbsp;&nbsp;&nbsp;&nbsp;Preschool: N<br>&nbsp;&nbsp;&nbsp;&nbsp;Grade 1 - Age 12: N<br>
3132,Licensed Group,Bean Sprouts,3323 23Rd Ave E,,Vancouver,V5R 1B8,49.249903,-123.032862,778-997-1058,,,N,N,N,N,N,N,N,N,N,N,N,N,N,N,N,N,N,,,N,N,N,N,N,N,N,N,N,N,N,2026-05-07,,N,Y,N,Bean Sprouts<br>Licensed Group<br>778-997-1058<br><br>Vacancy:<br>&nbsp;&nbsp;&nbsp;&nbsp;<36 months: N<br>&nbsp;&nbsp;&nbsp;&nbsp;30 months -- 5 years: N<br>&nbsp;&nbsp;&nbsp;&nbsp;Preschool: N<br>&nbsp;&nbsp;&nbsp;&nbsp;Grade 1 - Age 12: N<br>
3133,Licensed Family,Safe Haven Daycare,7810 Cedarbrook Rd,,Chilliwack,V2R 6G7,49.161752,-121.988955,236-458-7095,,,Y,N,N,N,N,N,Y,Y,N,N,N,N,N,N,N,N,N,Not offered,Not offered,N,N,N,Y,Y,Y,N,N,N,N,N,2026-05-12,,N,Y,N,Safe Haven Daycare<br>Licensed Family<br>236-458-7095<br><br>Vacancy:<br>&nbsp;&nbsp;&nbsp;&nbsp;<36 months: N<br>&nbsp;&nbsp;&nbsp;&nbsp;30 months -- 5 years: N<br>&nbsp;&nbsp;&nbsp;&nbsp;Preschool: N<br>&nbsp;&nbsp;&nbsp;&nbsp;Grade 1 - Age 12: N<br>
3134,Licensed Group,Leap Forward,101-2717 Peatt Rd,,Langford,V9B 3V2,48.452093,-123.498518,250-818-9225,,,N,N,N,N,N,N,N,N,N,N,N,N,N,N,N,N,N,,,N,N,N,N,N,N,N,N,N,N,N,2026-05-01,,N,Y,N,Leap Forward<br>Licensed Group<br>250-818-9225<br><br>Vacancy:<br>&nbsp;&nbsp;&nbsp;&nbsp;<36 months: N<br>&nbsp;&nbsp;&nbsp;&nbsp;30 months -- 5 years: N<br>&nbsp;&nbsp;&nbsp;&nbsp;Preschool: N<br>&nbsp;&nbsp;&nbsp;&nbsp;Grade 1 - Age 12: N<br>
3135,Licensed Group,Bee Haven Childcare - Chesterfield,2641 Chesterfield Ave,,North Vancouver,V7N 3M3,49.333913,-123.075747,604-785-9398,,,N,N,N,N,N,N,N,N,N,N,N,N,N,N,N,N,N,,,N,N,N,N,N,N,N,N,N,N,N,2026-05-14,,N,Y,Y,Bee Haven Childcare - Chesterfield<br>Licensed Group<br>604-785-9398<br><br>Vacancy:<br>&nbsp;&nbsp;&nbsp;&nbsp;<36 months: N<br>&nbsp;&nbsp;&nbsp;&nbsp;30 months -- 5 years: N<br>&nbsp;&nbsp;&nbsp;&nbsp;Preschool: N<br>&nbsp;&nbsp;&nbsp;&nbsp;Grade 1 - Age 12: N<br>
3136,Licensed Group,Little Oak Childcare Centre (Stride Burnaby),7171 Stride Ave,,Burnaby,V3N 1T8,49.213794,-122.95137,778-898-6338,,,N,N,N,N,N,N,N,N,N,N,N,N,N,N,N,N,N,,,N,N,N,N,N,N,N,N,N,N,N,2026-04-29,,N,Y,N,Little Oak Childcare Centre (Stride Burnaby)<br>Licensed Group<br>778-898-6338<br><br>Vacancy:<br>&nbsp;&nbsp;&nbsp;&nbsp;<36 months: N<br>&nbsp;&nbsp;&nbsp;&nbsp;30 months -- 5 years: N<br>&nbsp;&nbsp;&nbsp;&nbsp;Preschool: N<br>&nbsp;&nbsp;&nbsp;&nbsp;Grade 1 - Age 12: N<br>
3137,Licensed Group,Pure Play Child Care Marshall Inc.,201-34314 Marshall Rd,,Abbotsford,V2S 1L9,49.037783,-122.275077,604-854-0327,,,N,N,N,N,N,N,N,N,N,N,N,N,N,N,N,N,N,,,N,N,N,N,N,N,N,Y,Y,N,Y,2026-05-06,,N,Y,N,Pure Play Child Care Marshall Inc.<br>Licensed Group<br>604-854-0327<br><br>Vacancy:<br>&nbsp;&nbsp;&nbsp;&nbsp;<36 months: Y<br>&nbsp;&nbsp;&nbsp;&nbsp;30 months -- 5 years: Y<br>&nbsp;&nbsp;&nbsp;&nbsp;Preschool: N<br>&nbsp;&nbsp;&nbsp;&nbsp;Grade 1 - Age 12: Y<br>
3138,Licensed Family,Revelstoke Neverland Childcare,1627 Mt Begbie Rd,,Revelstoke,V0E 2S0,50.971852,-118.223791,250-837-8851,,,N,N,N,N,N,N,N,N,N,N,N,N,N,N,N,N,N,,,N,N,N,N,N,N,N,N,N,N,N,2026-05-18,,N,Y,N,Revelstoke Neverland Childcare<br>Licensed Family<br>250-837-8851<br><br>Vacancy:<br>&nbsp;&nbsp;&nbsp;&nbsp;<36 months: N<br>&nbsp;&nbsp;&nbsp;&nbsp;30 months -- 5 years: N<br>&nbsp;&nbsp;&nbsp;&nbsp;Preschool: N<br>&nbsp;&nbsp;&nbsp;&nbsp;Grade 1 - Age 12: N<br>
3139,Licensed Family,Little Melody,3775 Watling St,,Burnaby,V5J 1V1,49.216847,-123.021606,778-951-8652,,,N,N,N,N,N,N,N,N,N,N,N,N,N,N,N,N,N,,,N,N,N,N,N,N,N,N,N,N,N,2026-05-16,,N,Y,N,Little Melody<br>Licensed Family<br>778-951-8652<br><br>Vacancy:<br>&nbsp;&nbsp;&nbsp;&nbsp;<36 months: N<br>&nbsp;&nbsp;&nbsp;&nbsp;30 months -- 5 years: N<br>&nbsp;&nbsp;&nbsp;&nbsp;Preschool: N<br>&nbsp;&nbsp;&nbsp;&nbsp;Grade 1 - Age 12: N<br>
3140,Licensed Family,Welcome Kids Daycare,2268 Mountain Dr,,Abbotsford,V3G 1E4,49.042421,-122.229766,778-893-8938,,,N,N,N,N,N,N,N,N,N,N,N,N,N,N,N,N,N,,,N,N,N,N,N,N,N,Y,Y,N,Y,2026-03-26,,N,Y,N,Welcome Kids Daycare<br>Licensed Family<br>778-893-8938<br><br>Vacancy:<br>&nbsp;&nbsp;&nbsp;&nbsp;<36 months: Y<br>&nbsp;&nbsp;&nbsp;&nbsp;30 months -- 5 years: Y<br>&nbsp;&nbsp;&nbsp;&nbsp;Preschool: N<br>&nbsp;&nbsp;&nbsp;&nbsp;Grade 1 - Age 12: Y<br>
3141,Licensed Group,A&N Academic Montessori School Ltd.,529 Queens Ave,,New Westminster,V3L 1K2,49.20738,-122.91233,778-387-8808,,,N,N,N,N,N,N,N,N,N,N,N,N,N,N,N,N,N,,,N,N,N,N,N,N,N,N,Y,N,N,2026-05-21,,N,Y,N,A&N Academic Montessori School Ltd.<br>Licensed Group<br>778-387-8808<br><br>Vacancy:<br>&nbsp;&nbsp;&nbsp;&nbsp;<36 months: N<br>&nbsp;&nbsp;&nbsp;&nbsp;30 months -- 5 years: Y<br>&nbsp;&nbsp;&nbsp;&nbsp;Preschool: N<br>&nbsp;&nbsp;&nbsp;&nbsp;Grade 1 - Age 12: N<br>
3142,Licensed Group,Peek-A-Boo Childcare Center Inc.,1119 Eyremount Dr,,West Vancouver,V7S 2B9,49.354049,-123.142666,778-996-3643,,,N,N,N,N,N,N,N,N,N,N,N,N,N,N,N,N,N,,,N,N,N,N,N,N,N,Y,Y,N,N,2026-04-20,,N,Y,N,Peek-A-Boo Childcare Center Inc.<br>Licensed Group<br>778-996-3643<br><br>Vacancy:<br>&nbsp;&nbsp;&nbsp;&nbsp;<36 months: Y<br>&nbsp;&nbsp;&nbsp;&nbsp;30 months -- 5 years: Y<br>&nbsp;&nbsp;&nbsp;&nbsp;Preschool: N<br>&nbsp;&nbsp;&nbsp;&nbsp;Grade 1 - Age 12: N<br>
3143,Licensed Group,Angels Playhouse Daycare Society (Grafton St),4529 Grafton St,,Burnaby,V5H 1L8,49.232313,-123.002368,604-809-3868,,,N,N,N,N,N,N,N,N,N,N,N,N,N,N,N,N,N,,,N,N,N,N,N,N,N,Y,N,N,N,2026-05-18,,N,Y,N,Angels Playhouse Daycare Society (Grafton St)<br>Licensed Group<br>604-809-3868<br><br>Vacancy:<br>&nbsp;&nbsp;&nbsp;&nbsp;<36 months: Y<br>&nbsp;&nbsp;&nbsp;&nbsp;30 months -- 5 years: N<br>&nbsp;&nbsp;&nbsp;&nbsp;Preschool: N<br>&nbsp;&nbsp;&nbsp;&nbsp;Grade 1 - Age 12: N<br>
3144,Licensed Group,Angels Playhouse Daycare Society (6Th Ave),1641 Sixth Ave,,New Westminster,V3M 2C8,49.203459,-122.938931,604-809-3868,,,N,N,N,N,N,N,N,N,N,N,N,N,N,N,N,N,N,,,N,N,N,N,N,N,N,Y,N,N,N,2026-05-18,,N,Y,N,Angels Playhouse Daycare Society (6Th Ave)<br>Licensed Group<br>604-809-3868<br><br>Vacancy:<br>&nbsp;&nbsp;&nbsp;&nbsp;<36 months: Y<br>&nbsp;&nbsp;&nbsp;&nbsp;30 months -- 5 years: N<br>&nbsp;&nbsp;&nbsp;&nbsp;Preschool: N<br>&nbsp;&nbsp;&nbsp;&nbsp;Grade 1 - Age 12: N<br>
3145,Licensed Group,Waves & Wonders Early Learning Academy - Gcc (Under 36 Mths),107 Church St,,Brittania Beach,V8B 1E7,49.625199,-123.205664,604-771-6850,,,N,N,N,N,N,N,N,N,N,N,N,N,N,N,N,N,N,,,N,N,N,N,N,N,N,N,N,N,N,2026-05-19,,N,Y,N,Waves & Wonders Early Learning Academy - Gcc (Under 36 Mths)<br>Licensed Group<br>604-771-6850<br><br>Vacancy:<br>&nbsp;&nbsp;&nbsp;&nbsp;<36 months: N<br>&nbsp;&nbsp;&nbsp;&nbsp;30 months -- 5 years: N<br>&nbsp;&nbsp;&nbsp;&nbsp;Preschool: N<br>&nbsp;&nbsp;&nbsp;&nbsp;Grade 1 - Age 12: N<br>
3146,Licensed Group,Waves & Wonders Early Learning Academy - Gcc (30Mths To Sa),107 Church St,,Brittania Beach,V8B 1E7,49.625199,-123.205664,604-771-6850,,,N,N,N,N,N,N,N,N,N,N,N,N,N,N,N,N,N,,,N,N,N,N,N,N,N,N,N,N,N,2026-05-19,,N,Y,N,Waves & Wonders Early Learning Academy - Gcc (30Mths To Sa)<br>Licensed Group<br>604-771-6850<br><br>Vacancy:<br>&nbsp;&nbsp;&nbsp;&nbsp;<36 months: N<br>&nbsp;&nbsp;&nbsp;&nbsp;30 months -- 5 years: N<br>&nbsp;&nbsp;&nbsp;&nbsp;Preschool: N<br>&nbsp;&nbsp;&nbsp;&nbsp;Grade 1 - Age 12: N<br>
3147,Licensed Group,Blue Mountain Kids Academy Ltd,1045 Ridgeway Ave,,Coquitlam,V3J 1S6,49.249922,-122.864111,672-963-2024,,,N,N,N,N,N,N,N,N,N,N,N,N,N,N,N,N,N,,,N,N,N,N,N,N,N,N,N,N,N,2026-05-13,,N,Y,N,Blue Mountain Kids Academy Ltd<br>Licensed Group<br>672-963-2024<br><br>Vacancy:<br>&nbsp;&nbsp;&nbsp;&nbsp;<36 months: N<br>&nbsp;&nbsp;&nbsp;&nbsp;30 months -- 5 years: N<br>&nbsp;&nbsp;&nbsp;&nbsp;Preschool: N<br>&nbsp;&nbsp;&nbsp;&nbsp;Grade 1 - Age 12: N<br>
3148,Licensed Family,Chalo Child Care Centre,32462 Hillcrest Ave,,Abbotsford,V2T 1T6,49.049144,-122.32482,236-258-1915,,,Y,N,N,N,N,N,Y,N,N,Y,Y,N,Y,N,N,N,N,Not offered,Not offered,N,N,N,N,N,N,N,N,N,N,N,2026-05-14,,N,Y,N,Chalo Child Care Centre<br>Licensed Family<br>236-258-1915<br><br>Vacancy:<br>&nbsp;&nbsp;&nbsp;&nbsp;<36 months: N<br>&nbsp;&nbsp;&nbsp;&nbsp;30 months -- 5 years: N<br>&nbsp;&nbsp;&nbsp;&nbsp;Preschool: N<br>&nbsp;&nbsp;&nbsp;&nbsp;Grade 1 - Age 12: N<br>
3149,Licensed Family,Rosynest Academy,13978 64A Ave,,Surrey,V3W 3L9,49.119728,-122.834847,604-388-0032,,,N,N,N,N,N,N,N,N,N,N,N,N,N,N,N,N,N,,,N,N,N,N,N,N,N,Y,Y,N,N,2026-05-15,,N,Y,N,Rosynest Academy<br>Licensed Family<br>604-388-0032<br><br>Vacancy:<br>&nbsp;&nbsp;&nbsp;&nbsp;<36 months: Y<br>&nbsp;&nbsp;&nbsp;&nbsp;30 months -- 5 years: Y<br>&nbsp;&nbsp;&nbsp;&nbsp;Preschool: N<br>&nbsp;&nbsp;&nbsp;&nbsp;Grade 1 - Age 12: N<br>
3150,Licensed Family,Kidopia Early Learning Ltd.,718 Wellington Dr,,North Vancouver,V7K 1K7,49.343104,-123.055639,604-760-4842,,,N,N,N,N,N,N,N,N,N,N,N,N,N,N,N,N,N,,,N,N,N,N,N,N,N,N,Y,N,N,2026-05-01,,N,Y,N,Kidopia Early Learning Ltd.<br>Licensed Family<br>604-760-4842<br><br>Vacancy:<br>&nbsp;&nbsp;&nbsp;&nbsp;<36 months: N<br>&nbsp;&nbsp;&nbsp;&nbsp;30 months -- 5 years: Y<br>&nbsp;&nbsp;&nbsp;&nbsp;Preschool: N<br>&nbsp;&nbsp;&nbsp;&nbsp;Grade 1 - Age 12: N<br>
3151,Licensed Family,Care And Fun Childcare Centre 1,2485 Sugarpine St,,Abbotsford,V2T 3M7,49.047202,-122.325507,604-832-0375,,,N,N,N,N,N,N,N,N,N,N,N,N,N,N,N,N,N,,,N,N,N,N,N,N,N,N,N,N,N,2026-05-12,,N,Y,N,Care And Fun Childcare Centre 1<br>Licensed Family<br>604-832-0375<br><br>Vacancy:<br>&nbsp;&nbsp;&nbsp;&nbsp;<36 months: N<br>&nbsp;&nbsp;&nbsp;&nbsp;30 months -- 5 years: N<br>&nbsp;&nbsp;&nbsp;&nbsp;Preschool: N<br>&nbsp;&nbsp;&nbsp;&nbsp;Grade 1 - Age 12: N<br>
3152,Licensed Group,Blessings Miracles Daycare Centre Ltd.,4041 200B St,,Langley,V3A 1P1,49.075436,-122.668171,778-863-5511,,,N,N,N,N,N,N,N,N,N,N,N,N,N,N,N,N,N,,,N,N,N,N,N,N,N,Y,Y,N,N,2026-05-15,,N,Y,N,Blessings Miracles Daycare Centre Ltd.<br>Licensed Group<br>778-863-5511<br><br>Vacancy:<br>&nbsp;&nbsp;&nbsp;&nbsp;<36 months: Y<br>&nbsp;&nbsp;&nbsp;&nbsp;30 months -- 5 years: Y<br>&nbsp;&nbsp;&nbsp;&nbsp;Preschool: N<br>&nbsp;&nbsp;&nbsp;&nbsp;Grade 1 - Age 12: N<br>
3153,Licensed Group,Kids' Heaven Learning Centre,3737 Sutherland St,,Port Coquitlam,V3B 7C2,49.278933,-122.753922,778-951-3953,,,N,N,N,N,N,N,N,N,N,N,N,N,N,N,N,N,N,,,N,N,N,N,N,N,N,Y,N,N,N,2026-05-08,,N,Y,N,Kids' Heaven Learning Centre<br>Licensed Group<br>778-951-3953<br><br>Vacancy:<br>&nbsp;&nbsp;&nbsp;&nbsp;<36 months: Y<br>&nbsp;&nbsp;&nbsp;&nbsp;30 months -- 5 years: N<br>&nbsp;&nbsp;&nbsp;&nbsp;Preschool: N<br>&nbsp;&nbsp;&nbsp;&nbsp;Grade 1 - Age 12: N<br>
3154,Licensed Family,Luvdale Childcare Centre,13804 65A Avenue,,Surrey,V3W 9R8,49.122006,-122.839691,250-792-9655,,,N,N,N,N,N,N,N,N,N,N,N,N,N,N,N,N,N,,,N,N,N,N,N,N,N,Y,Y,N,Y,2026-05-14,,N,Y,N,Luvdale Childcare Centre<br>Licensed Family<br>250-792-9655<br><br>Vacancy:<br>&nbsp;&nbsp;&nbsp;&nbsp;<36 months: Y<br>&nbsp;&nbsp;&nbsp;&nbsp;30 months -- 5 years: Y<br>&nbsp;&nbsp;&nbsp;&nbsp;Preschool: N<br>&nbsp;&nbsp;&nbsp;&nbsp;Grade 1 - Age 12: Y<br>
3155,Licensed Group,Kidz Hub Early Learning Centre Inc.,1-31895 Lougheed Hwy,,Mission,V2V 0K8,49.134602,-122.340451,604-590-6771,,,N,N,N,N,N,N,N,N,N,N,N,N,N,N,N,N,N,,,N,N,N,N,N,N,N,Y,Y,N,N,2026-05-16,,N,Y,N,Kidz Hub Early Learning Centre Inc.<br>Licensed Group<br>604-590-6771<br><br>Vacancy:<br>&nbsp;&nbsp;&nbsp;&nbsp;<36 months: Y<br>&nbsp;&nbsp;&nbsp;&nbsp;30 months -- 5 years: Y<br>&nbsp;&nbsp;&nbsp;&nbsp;Preschool: N<br>&nbsp;&nbsp;&nbsp;&nbsp;Grade 1 - Age 12: N<br>
3156,Licensed Family,Little Step Child Care,4142 Manor St,,Burnaby,V5G 1B1,49.256952,-123.013125,778-889-3875,,,N,N,N,N,N,N,N,N,N,N,N,N,N,N,N,N,N,,,N,N,N,N,N,N,N,N,N,N,N,2026-05-17,,N,Y,N,Little Step Child Care<br>Licensed Family<br>778-889-3875<br><br>Vacancy:<br>&nbsp;&nbsp;&nbsp;&nbsp;<36 months: N<br>&nbsp;&nbsp;&nbsp;&nbsp;30 months -- 5 years: N<br>&nbsp;&nbsp;&nbsp;&nbsp;Preschool: N<br>&nbsp;&nbsp;&nbsp;&nbsp;Grade 1 - Age 12: N<br>
3157,Licensed Group,Creating Smiles - Kennedy Trail,8305 122A St.,,Surrey,V3W 9P8,49.153966,-122.882933,778-239-2075,,,N,N,N,N,N,N,N,N,N,N,N,N,N,N,N,N,N,,,N,N,N,N,N,N,N,N,N,N,Y,2026-05-13,,N,Y,N,Creating Smiles - Kennedy Trail<br>Licensed Group<br>778-239-2075<br><br>Vacancy:<br>&nbsp;&nbsp;&nbsp;&nbsp;<36 months: N<br>&nbsp;&nbsp;&nbsp;&nbsp;30 months -- 5 years: N<br>&nbsp;&nbsp;&nbsp;&nbsp;Preschool: N<br>&nbsp;&nbsp;&nbsp;&nbsp;Grade 1 - Age 12: Y<br>
3158,Licensed Group,Cambridge ymca Kids Club,6115 150Th St.,,Surrey,V3S 3H7,49.113764,-122.806846,250-960-9336,,,N,N,N,N,N,N,N,N,N,N,N,N,N,N,N,N,N,,,N,N,N,N,N,N,N,N,N,N,N,2026-05-14,,N,Y,N,Cambridge ymca Kids Club<br>Licensed Group<br>250-960-9336<br><br>Vacancy:<br>&nbsp;&nbsp;&nbsp;&nbsp;<36 months: N<br>&nbsp;&nbsp;&nbsp;&nbsp;30 months -- 5 years: N<br>&nbsp;&nbsp;&nbsp;&nbsp;Preschool: N<br>&nbsp;&nbsp;&nbsp;&nbsp;Grade 1 - Age 12: N<br>
3159,Licensed Group,Edgehill ymca Child Care,7312 Abbotsford St.,,Powell River,V8A 2G5,49.852073,-124.507122,250-960-9336,,,N,N,N,N,N,N,N,N,N,N,N,N,N,N,N,N,N,,,N,N,N,N,N,N,N,N,N,N,N,2026-05-14,,N,Y,Y,Edgehill ymca Child Care<br>Licensed Group<br>250-960-9336<br><br>Vacancy:<br>&nbsp;&nbsp;&nbsp;&nbsp;<36 months: N<br>&nbsp;&nbsp;&nbsp;&nbsp;30 months -- 5 years: N<br>&nbsp;&nbsp;&nbsp;&nbsp;Preschool: N<br>&nbsp;&nbsp;&nbsp;&nbsp;Grade 1 - Age 12: N<br>
3160,Licensed Group,Edgehill ymca Child Care,7312 Abbotsford St.,,Powell River,V8A 2G5,49.852073,-124.507122,250-960-9336,,,N,N,N,N,N,N,N,N,N,N,N,N,N,N,N,N,N,,,N,N,N,N,N,N,N,N,N,N,N,2026-05-14,,N,Y,Y,Edgehill ymca Child Care<br>Licensed Group<br>250-960-9336<br><br>Vacancy:<br>&nbsp;&nbsp;&nbsp;&nbsp;<36 months: N<br>&nbsp;&nbsp;&nbsp;&nbsp;30 months -- 5 years: N<br>&nbsp;&nbsp;&nbsp;&nbsp;Preschool: N<br>&nbsp;&nbsp;&nbsp;&nbsp;Grade 1 - Age 12: N<br>
3161,Licensed Family,Adventures On Aros Child Care Centre,739 Aros Rd,,Cobble Hill,V8H 0A1,48.701241,-123.554389,250-885-6975,,,N,N,N,N,N,N,N,N,N,N,N,N,N,N,N,N,N,,,N,N,N,N,N,N,N,N,N,N,N,2026-03-31,,N,Y,N,Adventures On Aros Child Care Centre<br>Licensed Family<br>250-885-6975<br><br>Vacancy:<br>&nbsp;&nbsp;&nbsp;&nbsp;<36 months: N<br>&nbsp;&nbsp;&nbsp;&nbsp;30 months -- 5 years: N<br>&nbsp;&nbsp;&nbsp;&nbsp;Preschool: N<br>&nbsp;&nbsp;&nbsp;&nbsp;Grade 1 - Age 12: N<br>
3162,Licensed Family,Little Owls Nest,501-808 Nicola St,,Vancouver,V6G 0E5,49.288305,-123.131599,778-385-8733,,,N,N,N,N,N,N,N,N,N,N,N,N,N,N,N,N,N,,,N,N,N,N,N,N,N,N,N,N,N,2026-05-15,,N,Y,N,Little Owls Nest<br>Licensed Family<br>778-385-8733<br><br>Vacancy:<br>&nbsp;&nbsp;&nbsp;&nbsp;<36 months: N<br>&nbsp;&nbsp;&nbsp;&nbsp;30 months -- 5 years: N<br>&nbsp;&nbsp;&nbsp;&nbsp;Preschool: N<br>&nbsp;&nbsp;&nbsp;&nbsp;Grade 1 - Age 12: N<br>
3163,Licensed Group,Moloo's Learning Centre 59Th,1340 E 59Th Ave,,Vancouver,V5X 1Z1,49.216142,-123.078786,778-867-3185,,,N,N,N,N,N,N,N,N,N,N,N,N,N,N,N,N,N,,,N,N,N,N,N,N,N,N,N,N,N,2026-05-15,,N,Y,N,Moloo's Learning Centre 59Th<br>Licensed Group<br>778-867-3185<br><br>Vacancy:<br>&nbsp;&nbsp;&nbsp;&nbsp;<36 months: N<br>&nbsp;&nbsp;&nbsp;&nbsp;30 months -- 5 years: N<br>&nbsp;&nbsp;&nbsp;&nbsp;Preschool: N<br>&nbsp;&nbsp;&nbsp;&nbsp;Grade 1 - Age 12: N<br>
3164,Licensed Group,Acre Wood Daycare And Early Learning Incorportated,103-9830 Second St,,Sidney,V8L 3C6,48.64966,-123.396879,613-252-4833,,,N,N,N,N,N,N,N,N,N,N,N,N,N,N,N,N,N,,,N,N,N,N,N,N,N,N,N,N,N,2026-05-15,,N,Y,N,Acre Wood Daycare And Early Learning Incorportated<br>Licensed Group<br>613-252-4833<br><br>Vacancy:<br>&nbsp;&nbsp;&nbsp;&nbsp;<36 months: N<br>&nbsp;&nbsp;&nbsp;&nbsp;30 months -- 5 years: N<br>&nbsp;&nbsp;&nbsp;&nbsp;Preschool: N<br>&nbsp;&nbsp;&nbsp;&nbsp;Grade 1 - Age 12: N<br>
3165,Licensed Family,Tish's Tots,13869 Silver Valley Rd,,Maple Ridge,V4R 0C2,49.253746,-122.577657,613-889-4889,,,N,N,N,N,N,N,N,N,N,N,N,N,N,N,N,N,N,,,N,N,N,N,N,N,N,N,N,N,N,2026-04-23,,N,Y,N,Tish's Tots<br>Licensed Family<br>613-889-4889<br><br>Vacancy:<br>&nbsp;&nbsp;&nbsp;&nbsp;<36 months: N<br>&nbsp;&nbsp;&nbsp;&nbsp;30 months -- 5 years: N<br>&nbsp;&nbsp;&nbsp;&nbsp;Preschool: N<br>&nbsp;&nbsp;&nbsp;&nbsp;Grade 1 - Age 12: N<br>
3166,Licensed Group,Wild Rose Child Care,1057 Wildrose Rd,,Castlegar,V1N 4T7,49.335807,-117.658903,250-304-0361,,,N,N,N,N,N,N,N,N,N,N,N,N,N,N,N,N,N,,,N,N,N,N,N,N,N,N,N,N,N,2026-05-15,,N,Y,N,Wild Rose Child Care<br>Licensed Group<br>250-304-0361<br><br>Vacancy:<br>&nbsp;&nbsp;&nbsp;&nbsp;<36 months: N<br>&nbsp;&nbsp;&nbsp;&nbsp;30 months -- 5 years: N<br>&nbsp;&nbsp;&nbsp;&nbsp;Preschool: N<br>&nbsp;&nbsp;&nbsp;&nbsp;Grade 1 - Age 12: N<br>
3167,Licensed Group,Caterpillar Fun House # 4,15151 - 72Nd Ave,,Surrey,V3S 2G3,49.133895,-122.802615,,,,N,N,N,N,N,N,N,N,N,N,N,N,N,N,N,N,N,,,N,N,N,N,N,N,N,N,N,N,N,2026-05-15,,N,Y,N,Caterpillar Fun House # 4<br>Licensed Group<br>None<br><br>Vacancy:<br>&nbsp;&nbsp;&nbsp;&nbsp;<36 months: N<br>&nbsp;&nbsp;&nbsp;&nbsp;30 months -- 5 years: N<br>&nbsp;&nbsp;&nbsp;&nbsp;Preschool: N<br>&nbsp;&nbsp;&nbsp;&nbsp;Grade 1 - Age 12: N<br>
3168,Licensed Group,Ray Of Sunshine Child Care And Drop In Center Inc.,4108 Coursier Ave,,Revelstoke,V0E 2S0,50.976615,-118.173106,250-683-8663,,,N,N,N,N,N,N,N,N,N,N,N,N,N,N,N,N,N,,,N,N,N,N,N,N,N,N,N,N,N,2026-05-15,,N,Y,N,Ray Of Sunshine Child Care And Drop In Center Inc.<br>Licensed Group<br>250-683-8663<br><br>Vacancy:<br>&nbsp;&nbsp;&nbsp;&nbsp;<36 months: N<br>&nbsp;&nbsp;&nbsp;&nbsp;30 months -- 5 years: N<br>&nbsp;&nbsp;&nbsp;&nbsp;Preschool: N<br>&nbsp;&nbsp;&nbsp;&nbsp;Grade 1 - Age 12: N<br>
3169,Licensed Group,"Beanstalk Daycare, The",5278 Westwood Dr,,Chilliwack,V2R 5N9,49.098225,-121.948082,604-845-1050,,,N,N,N,N,N,N,N,N,N,N,N,N,N,N,N,N,N,,,N,N,N,N,N,N,N,N,N,N,N,2026-05-15,,N,Y,N,"Beanstalk Daycare, The<br>Licensed Group<br>604-845-1050<br><br>Vacancy:<br>&nbsp;&nbsp;&nbsp;&nbsp;<36 months: N<br>&nbsp;&nbsp;&nbsp;&nbsp;30 months -- 5 years: N<br>&nbsp;&nbsp;&nbsp;&nbsp;Preschool: N<br>&nbsp;&nbsp;&nbsp;&nbsp;Grade 1 - Age 12: N<br>"
3170,Licensed Group,The Big Playhouse Nanaimo,2646 3Rd Ave E,,Vancouver,V5M 1H2,49.267306,-123.050916,604-724-0439,,,N,N,N,N,N,N,N,N,N,N,N,N,N,N,N,N,N,,,N,N,N,N,N,N,N,N,N,N,N,2026-05-15,,N,Y,N,The Big Playhouse Nanaimo<br>Licensed Group<br>604-724-0439<br><br>Vacancy:<br>&nbsp;&nbsp;&nbsp;&nbsp;<36 months: N<br>&nbsp;&nbsp;&nbsp;&nbsp;30 months -- 5 years: N<br>&nbsp;&nbsp;&nbsp;&nbsp;Preschool: N<br>&nbsp;&nbsp;&nbsp;&nbsp;Grade 1 - Age 12: N<br>
3171,Licensed Group,Pretty Angels Daycare,8148 18Th Ave,,Burnaby,V3N 1K1,49.228739,-122.927887,236-862-5435,,,N,N,N,N,N,N,N,N,N,N,N,N,N,N,N,N,N,,,N,N,N,N,N,N,N,N,N,N,N,2026-04-29,,N,Y,N,Pretty Angels Daycare<br>Licensed Group<br>236-862-5435<br><br>Vacancy:<br>&nbsp;&nbsp;&nbsp;&nbsp;<36 months: N<br>&nbsp;&nbsp;&nbsp;&nbsp;30 months -- 5 years: N<br>&nbsp;&nbsp;&nbsp;&nbsp;Preschool: N<br>&nbsp;&nbsp;&nbsp;&nbsp;Grade 1 - Age 12: N<br>
3172,Licensed Group,Little Steps Child Care Center,4160 Williams Rd,,Richmond,V7E 1J8,49.140839,-123.17911,778-233-2368,,,N,N,N,N,N,N,N,N,N,N,N,N,N,N,N,N,N,,,N,N,N,N,N,N,N,N,N,N,N,2026-05-19,,N,Y,N,Little Steps Child Care Center<br>Licensed Group<br>778-233-2368<br><br>Vacancy:<br>&nbsp;&nbsp;&nbsp;&nbsp;<36 months: N<br>&nbsp;&nbsp;&nbsp;&nbsp;30 months -- 5 years: N<br>&nbsp;&nbsp;&nbsp;&nbsp;Preschool: N<br>&nbsp;&nbsp;&nbsp;&nbsp;Grade 1 - Age 12: N<br>
3173,Licensed Family,Knowledge Castle Childcare,3731 Evergreen St,,Port Coquitlam,V3B 4X3,49.279187,-122.744708,778-919-9776,,,N,N,N,N,N,N,N,N,N,N,N,N,N,N,N,N,N,,,N,N,N,N,N,N,N,N,N,N,N,2026-05-15,,N,Y,N,Knowledge Castle Childcare<br>Licensed Family<br>778-919-9776<br><br>Vacancy:<br>&nbsp;&nbsp;&nbsp;&nbsp;<36 months: N<br>&nbsp;&nbsp;&nbsp;&nbsp;30 months -- 5 years: N<br>&nbsp;&nbsp;&nbsp;&nbsp;Preschool: N<br>&nbsp;&nbsp;&nbsp;&nbsp;Grade 1 - Age 12: N<br>
3174,Licensed Group,Tweety Blue Bird Ii,425 56Th Ave E,,Vancouver,V5X 1R5,49.21946,-123.096914,778-855-9546,,,N,N,N,N,N,N,N,N,N,N,N,N,N,N,N,N,N,,,N,N,N,N,N,N,N,N,N,N,N,2026-05-17,,N,Y,N,Tweety Blue Bird Ii<br>Licensed Group<br>778-855-9546<br><br>Vacancy:<br>&nbsp;&nbsp;&nbsp;&nbsp;<36 months: N<br>&nbsp;&nbsp;&nbsp;&nbsp;30 months -- 5 years: N<br>&nbsp;&nbsp;&nbsp;&nbsp;Preschool: N<br>&nbsp;&nbsp;&nbsp;&nbsp;Grade 1 - Age 12: N<br>
3175,Licensed Family,Ridge & River Child Care,338 15Th Ave,,Genelle,V0G 1G0,49.209256,-117.692092,250-218-3711,,,N,N,N,N,N,N,N,N,N,N,N,N,N,N,N,N,N,,,N,N,N,N,N,N,N,N,N,N,N,2026-05-15,,N,Y,N,Ridge & River Child Care<br>Licensed Family<br>250-218-3711<br><br>Vacancy:<br>&nbsp;&nbsp;&nbsp;&nbsp;<36 months: N<br>&nbsp;&nbsp;&nbsp;&nbsp;30 months -- 5 years: N<br>&nbsp;&nbsp;&nbsp;&nbsp;Preschool: N<br>&nbsp;&nbsp;&nbsp;&nbsp;Grade 1 - Age 12: N<br>
3176,Licensed Family,Dino Discovery Daycare,3398 Nightingale Dr,,Abbotsford,V2T 5W3,49.06397,-122.373234,778-598-1361,,,N,N,N,N,N,N,N,N,N,N,N,N,N,N,N,N,N,,,N,N,N,N,N,N,N,N,Y,N,N,2026-05-19,,N,Y,N,Dino Discovery Daycare<br>Licensed Family<br>778-598-1361<br><br>Vacancy:<br>&nbsp;&nbsp;&nbsp;&nbsp;<36 months: N<br>&nbsp;&nbsp;&nbsp;&nbsp;30 months -- 5 years: Y<br>&nbsp;&nbsp;&nbsp;&nbsp;Preschool: N<br>&nbsp;&nbsp;&nbsp;&nbsp;Grade 1 - Age 12: N<br>
3177,Licensed Group,Anna's Greenhouse Daycare,220 Bernatchey St,,Coquitlam,V3K 4C3,49.236649,-122.87646,778-859-8010,,,N,N,N,N,N,N,N,N,N,N,N,N,N,N,N,N,N,,,N,N,N,N,N,N,N,Y,N,N,N,2026-04-07,,N,Y,N,Anna's Greenhouse Daycare<br>Licensed Group<br>778-859-8010<br><br>Vacancy:<br>&nbsp;&nbsp;&nbsp;&nbsp;<36 months: Y<br>&nbsp;&nbsp;&nbsp;&nbsp;30 months -- 5 years: N<br>&nbsp;&nbsp;&nbsp;&nbsp;Preschool: N<br>&nbsp;&nbsp;&nbsp;&nbsp;Grade 1 - Age 12: N<br>
3178,Licensed Group,Dreamisland Daycare,104-3210 25 Ave,,Vernon,V1T 1P1,50.260382,-119.274964,250-351-4128,,,N,N,N,N,N,N,N,N,N,N,N,N,N,N,N,N,N,,,N,N,N,N,N,N,N,N,N,N,N,2026-05-13,,N,Y,N,Dreamisland Daycare<br>Licensed Group<br>250-351-4128<br><br>Vacancy:<br>&nbsp;&nbsp;&nbsp;&nbsp;<36 months: N<br>&nbsp;&nbsp;&nbsp;&nbsp;30 months -- 5 years: N<br>&nbsp;&nbsp;&nbsp;&nbsp;Preschool: N<br>&nbsp;&nbsp;&nbsp;&nbsp;Grade 1 - Age 12: N<br>
3179,Licensed Group,Service De Garde Les Aventuriers,4275 Crown St,,Vancouver,V6S 2K3,49.248983,-123.195114,236-992-7149,,,N,N,N,N,N,N,N,N,N,N,N,N,N,N,N,N,N,,,N,N,N,N,N,N,N,N,N,N,N,2026-05-01,,N,Y,N,Service De Garde Les Aventuriers<br>Licensed Group<br>236-992-7149<br><br>Vacancy:<br>&nbsp;&nbsp;&nbsp;&nbsp;<36 months: N<br>&nbsp;&nbsp;&nbsp;&nbsp;30 months -- 5 years: N<br>&nbsp;&nbsp;&nbsp;&nbsp;Preschool: N<br>&nbsp;&nbsp;&nbsp;&nbsp;Grade 1 - Age 12: N<br>
3180,Licensed Group,Blossom Valley Early Learning Centre,1685 Pandosy St,,Kelowna,V1Y 1R1,49.884235,-119.494991,236-420-5111,,,N,N,N,N,N,N,N,N,N,N,N,N,N,N,N,N,N,,,N,N,N,N,N,N,N,N,Y,N,Y,2026-05-15,,N,Y,N,Blossom Valley Early Learning Centre<br>Licensed Group<br>236-420-5111<br><br>Vacancy:<br>&nbsp;&nbsp;&nbsp;&nbsp;<36 months: N<br>&nbsp;&nbsp;&nbsp;&nbsp;30 months -- 5 years: Y<br>&nbsp;&nbsp;&nbsp;&nbsp;Preschool: N<br>&nbsp;&nbsp;&nbsp;&nbsp;Grade 1 - Age 12: Y<br>
3181,Licensed Group,Pure Play Child Care Eagle Landing,8249 Eagle Landing Parkway,,Chilliwack,V2R 0P9,49.152637,-121.978089,604-854-0327,,,N,N,N,N,N,N,N,N,N,N,N,N,N,N,N,N,N,,,N,N,N,N,N,N,N,Y,Y,N,N,2026-05-06,,N,Y,N,Pure Play Child Care Eagle Landing<br>Licensed Group<br>604-854-0327<br><br>Vacancy:<br>&nbsp;&nbsp;&nbsp;&nbsp;<36 months: Y<br>&nbsp;&nbsp;&nbsp;&nbsp;30 months -- 5 years: Y<br>&nbsp;&nbsp;&nbsp;&nbsp;Preschool: N<br>&nbsp;&nbsp;&nbsp;&nbsp;Grade 1 - Age 12: N<br>
3182,Licensed Group,Ramo Childcare Center,4895 Mackenzie St,,Vancouver,V6L 2R7,49.242413,-123.170266,604-365-8128,,,N,N,N,N,N,N,N,N,N,N,N,N,N,N,N,N,N,,,N,N,N,N,N,N,N,N,N,N,N,2026-05-15,,N,Y,N,Ramo Childcare Center<br>Licensed Group<br>604-365-8128<br><br>Vacancy:<br>&nbsp;&nbsp;&nbsp;&nbsp;<36 months: N<br>&nbsp;&nbsp;&nbsp;&nbsp;30 months -- 5 years: N<br>&nbsp;&nbsp;&nbsp;&nbsp;Preschool: N<br>&nbsp;&nbsp;&nbsp;&nbsp;Grade 1 - Age 12: N<br>
3183,Licensed Family,Little Steps,13801 Coldicutt Ave,,White Rock,V4B 3B1,49.030562,-122.839846,778-988-5581,,,N,N,N,N,N,N,N,N,N,N,N,N,N,N,N,N,N,,,N,N,N,N,N,N,N,N,N,N,N,2026-04-15,,N,Y,N,Little Steps<br>Licensed Family<br>778-988-5581<br><br>Vacancy:<br>&nbsp;&nbsp;&nbsp;&nbsp;<36 months: N<br>&nbsp;&nbsp;&nbsp;&nbsp;30 months -- 5 years: N<br>&nbsp;&nbsp;&nbsp;&nbsp;Preschool: N<br>&nbsp;&nbsp;&nbsp;&nbsp;Grade 1 - Age 12: N<br>
3184,Licensed Group,Kidscool Early Learning Centre Nw,337 6Th St,,New Westminster,V3L 3A8,49.210269,-122.916153,604-767-9726,,,N,N,N,N,N,N,N,N,N,N,N,N,N,N,N,N,N,,,N,N,N,N,N,N,N,N,N,N,N,2026-05-15,,N,Y,N,Kidscool Early Learning Centre Nw<br>Licensed Group<br>604-767-9726<br><br>Vacancy:<br>&nbsp;&nbsp;&nbsp;&nbsp;<36 months: N<br>&nbsp;&nbsp;&nbsp;&nbsp;30 months -- 5 years: N<br>&nbsp;&nbsp;&nbsp;&nbsp;Preschool: N<br>&nbsp;&nbsp;&nbsp;&nbsp;Grade 1 - Age 12: N<br>
3185,Licensed Group,Rocky Mountain Childcare-Marysville,526 309 Ave,,Kimberley,V1A 3J3,49.634779,-115.951195,250-489-3114,,,N,N,N,N,N,N,N,N,N,N,N,N,N,N,N,N,N,,,N,N,N,N,N,N,N,Y,Y,N,Y,2026-05-14,,N,N,N,Rocky Mountain Childcare-Marysville<br>Licensed Group<br>250-489-3114<br><br>Vacancy:<br>&nbsp;&nbsp;&nbsp;&nbsp;<36 months: Y<br>&nbsp;&nbsp;&nbsp;&nbsp;30 months -- 5 years: Y<br>&nbsp;&nbsp;&nbsp;&nbsp;Preschool: N<br>&nbsp;&nbsp;&nbsp;&nbsp;Grade 1 - Age 12: Y<br>
3186,Licensed Group,Quality Time Childcare Centre,31668 South Fraser Way,,Abbotsford,V2T 1T9,49.046161,-122.346219,778-551-3099,,,N,N,N,N,N,N,N,N,N,N,N,N,N,N,N,N,N,,,N,N,N,N,N,N,N,N,N,N,N,2026-05-20,,N,Y,N,Quality Time Childcare Centre<br>Licensed Group<br>778-551-3099<br><br>Vacancy:<br>&nbsp;&nbsp;&nbsp;&nbsp;<36 months: N<br>&nbsp;&nbsp;&nbsp;&nbsp;30 months -- 5 years: N<br>&nbsp;&nbsp;&nbsp;&nbsp;Preschool: N<br>&nbsp;&nbsp;&nbsp;&nbsp;Grade 1 - Age 12: N<br>
3187,Licensed Group,Mini Miracles Children Centre,1102 Ridgeway Ave,,Coquitlam,V3J 1S9,49.249637,-122.862088,604-790-1102,,,N,N,N,N,N,N,N,N,N,N,N,N,N,N,N,N,N,,,N,N,N,N,N,N,N,N,N,N,N,2026-05-16,,N,Y,N,Mini Miracles Children Centre<br>Licensed Group<br>604-790-1102<br><br>Vacancy:<br>&nbsp;&nbsp;&nbsp;&nbsp;<36 months: N<br>&nbsp;&nbsp;&nbsp;&nbsp;30 months -- 5 years: N<br>&nbsp;&nbsp;&nbsp;&nbsp;Preschool: N<br>&nbsp;&nbsp;&nbsp;&nbsp;Grade 1 - Age 12: N<br>
3188,Licensed Family,Early Bird Daycare,6573 Steeple Chase,,Sooke,V9Z 0W3,48.385752,-123.719259,250-634-3566,,,N,N,N,N,N,N,N,N,N,N,N,N,N,N,N,N,N,,,N,N,N,N,N,N,N,N,N,N,N,2026-05-15,,N,Y,N,Early Bird Daycare<br>Licensed Family<br>250-634-3566<br><br>Vacancy:<br>&nbsp;&nbsp;&nbsp;&nbsp;<36 months: N<br>&nbsp;&nbsp;&nbsp;&nbsp;30 months -- 5 years: N<br>&nbsp;&nbsp;&nbsp;&nbsp;Preschool: N<br>&nbsp;&nbsp;&nbsp;&nbsp;Grade 1 - Age 12: N<br>
3189,Licensed Family,Haven Daycare Academy,11474 77 Ave,,Delta,V4C 1L9,49.143098,-122.90506,778-322-2497,havenacademy.ca,,N,N,N,N,N,N,N,N,N,N,N,N,N,N,N,N,N,,,N,N,N,N,N,N,N,N,Y,N,Y,2026-05-15,,N,Y,N,Haven Daycare Academy<br>Licensed Family<br>778-322-2497<br><br>Vacancy:<br>&nbsp;&nbsp;&nbsp;&nbsp;<36 months: N<br>&nbsp;&nbsp;&nbsp;&nbsp;30 months -- 5 years: Y<br>&nbsp;&nbsp;&nbsp;&nbsp;Preschool: N<br>&nbsp;&nbsp;&nbsp;&nbsp;Grade 1 - Age 12: Y<br>
3190,Licensed Group,Taylin Child Care Summerfield,17371 1St Ave,,Surrey,V3Z 8L2,49.00428,-122.741563,604-349-4066,,,N,N,N,N,N,N,N,N,N,N,N,N,N,N,N,N,N,,,N,N,N,N,N,N,N,N,N,N,N,2026-05-15,,N,Y,N,Taylin Child Care Summerfield<br>Licensed Group<br>604-349-4066<br><br>Vacancy:<br>&nbsp;&nbsp;&nbsp;&nbsp;<36 months: N<br>&nbsp;&nbsp;&nbsp;&nbsp;30 months -- 5 years: N<br>&nbsp;&nbsp;&nbsp;&nbsp;Preschool: N<br>&nbsp;&nbsp;&nbsp;&nbsp;Grade 1 - Age 12: N<br>
3191,Licensed Group,All My Kids Ltd,1710 Harbour Dr,,Coquitlam,V3J 5W2,49.266178,-122.846015,778-835-6104,,,N,N,N,N,N,N,Y,N,N,N,N,N,N,N,N,N,N,Included in fee,Not offered,N,N,N,N,N,N,N,Y,N,N,N,2026-05-16,,N,Y,N,All My Kids Ltd<br>Licensed Group<br>778-835-6104<br><br>Vacancy:<br>&nbsp;&nbsp;&nbsp;&nbsp;<36 months: Y<br>&nbsp;&nbsp;&nbsp;&nbsp;30 months -- 5 years: N<br>&nbsp;&nbsp;&nbsp;&nbsp;Preschool: N<br>&nbsp;&nbsp;&nbsp;&nbsp;Grade 1 - Age 12: N<br>
3192,Licensed Group,Golden Bear School Age Program,2390 Jubilee St,,Rossland,V0G 1Y0,49.080925,-117.798989,250-362-5856,,,N,N,N,N,N,N,N,N,N,N,N,N,N,N,N,N,N,,,N,N,N,N,N,N,N,N,N,N,Y,2026-05-19,,N,Y,N,Golden Bear School Age Program<br>Licensed Group<br>250-362-5856<br><br>Vacancy:<br>&nbsp;&nbsp;&nbsp;&nbsp;<36 months: N<br>&nbsp;&nbsp;&nbsp;&nbsp;30 months -- 5 years: N<br>&nbsp;&nbsp;&nbsp;&nbsp;Preschool: N<br>&nbsp;&nbsp;&nbsp;&nbsp;Grade 1 - Age 12: Y<br>
3193,Licensed Family,Adventures Daycare,5539 Teskey Pl,,Chilliwack,V2R 5N1,49.102863,-121.941499,604-803-0788,,,N,N,N,N,N,N,N,N,N,N,N,N,N,N,N,N,N,,,N,N,N,N,N,N,N,N,Y,N,N,2026-05-06,,N,Y,N,Adventures Daycare<br>Licensed Family<br>604-803-0788<br><br>Vacancy:<br>&nbsp;&nbsp;&nbsp;&nbsp;<36 months: N<br>&nbsp;&nbsp;&nbsp;&nbsp;30 months -- 5 years: Y<br>&nbsp;&nbsp;&nbsp;&nbsp;Preschool: N<br>&nbsp;&nbsp;&nbsp;&nbsp;Grade 1 - Age 12: N<br>
3194,Licensed Group,Growing Tree Toddler Center,7759 204A St,,Langley,V2Y 4K3,49.143715,-122.656111,778-246-2234,,,N,N,N,N,N,N,N,N,N,N,N,N,N,N,N,N,N,,,N,N,N,N,N,N,N,N,N,N,N,2026-05-03,,N,Y,N,Growing Tree Toddler Center<br>Licensed Group<br>778-246-2234<br><br>Vacancy:<br>&nbsp;&nbsp;&nbsp;&nbsp;<36 months: N<br>&nbsp;&nbsp;&nbsp;&nbsp;30 months -- 5 years: N<br>&nbsp;&nbsp;&nbsp;&nbsp;Preschool: N<br>&nbsp;&nbsp;&nbsp;&nbsp;Grade 1 - Age 12: N<br>
3195,Licensed Group,Autumn Childcare Centre #1,46185 Olds Dr,,Chilliwack,V2P 0B5,49.151217,-121.94622,778-552-8012,,,N,N,N,N,N,N,N,N,N,N,N,N,N,N,N,N,N,,,N,N,N,N,N,N,N,Y,Y,N,N,2026-04-20,,N,Y,N,Autumn Childcare Centre #1<br>Licensed Group<br>778-552-8012<br><br>Vacancy:<br>&nbsp;&nbsp;&nbsp;&nbsp;<36 months: Y<br>&nbsp;&nbsp;&nbsp;&nbsp;30 months -- 5 years: Y<br>&nbsp;&nbsp;&nbsp;&nbsp;Preschool: N<br>&nbsp;&nbsp;&nbsp;&nbsp;Grade 1 - Age 12: N<br>
3196,Licensed Group,Khalsa Childcare Centre - Ch,14988 76 Ave,,Surrey,V3S 6Z4,49.140899,-122.806943,604-897-0954,,,N,N,N,N,N,N,N,N,N,N,N,N,N,N,N,N,N,,,N,N,N,N,N,N,N,N,N,N,N,2026-05-07,,N,Y,N,Khalsa Childcare Centre - Ch<br>Licensed Group<br>604-897-0954<br><br>Vacancy:<br>&nbsp;&nbsp;&nbsp;&nbsp;<36 months: N<br>&nbsp;&nbsp;&nbsp;&nbsp;30 months -- 5 years: N<br>&nbsp;&nbsp;&nbsp;&nbsp;Preschool: N<br>&nbsp;&nbsp;&nbsp;&nbsp;Grade 1 - Age 12: N<br>
3197,Licensed Group,Gobind Sarvar Preschool & School Age,8820 168 St,,Surrey,V4N 6G7,49.16348,-122.756321,778-552-4030,,,N,N,N,N,N,N,N,N,N,N,N,N,N,N,N,N,N,,,N,N,N,N,N,N,N,N,N,Y,Y,2026-05-08,,N,Y,N,Gobind Sarvar Preschool & School Age<br>Licensed Group<br>778-552-4030<br><br>Vacancy:<br>&nbsp;&nbsp;&nbsp;&nbsp;<36 months: N<br>&nbsp;&nbsp;&nbsp;&nbsp;30 months -- 5 years: N<br>&nbsp;&nbsp;&nbsp;&nbsp;Preschool: Y<br>&nbsp;&nbsp;&nbsp;&nbsp;Grade 1 - Age 12: Y<br>
3198,Licensed Group,Green Trails Infants & Toddlers,132 Sharon Pl,,Nanaimo,V9V 1C5,49.244644,-124.033238,250-667-2114,,,N,N,N,N,N,N,N,N,N,N,N,N,N,N,N,N,N,,,N,N,N,N,N,N,N,N,N,N,N,2026-05-15,,N,Y,N,Green Trails Infants & Toddlers<br>Licensed Group<br>250-667-2114<br><br>Vacancy:<br>&nbsp;&nbsp;&nbsp;&nbsp;<36 months: N<br>&nbsp;&nbsp;&nbsp;&nbsp;30 months -- 5 years: N<br>&nbsp;&nbsp;&nbsp;&nbsp;Preschool: N<br>&nbsp;&nbsp;&nbsp;&nbsp;Grade 1 - Age 12: N<br>
3199,Licensed Group,Silly Moose Academy,2641 Panorama Dr,,Coquitlam,V3E 2W1,49.297896,-122.815902,778-822-7537,,,Y,N,N,N,N,N,Y,N,N,N,N,N,N,N,N,N,Y,Not offered,Not offered,N,N,N,N,N,Y,N,Y,N,N,N,2026-04-28,,N,Y,N,Silly Moose Academy<br>Licensed Group<br>778-822-7537<br><br>Vacancy:<br>&nbsp;&nbsp;&nbsp;&nbsp;<36 months: Y<br>&nbsp;&nbsp;&nbsp;&nbsp;30 months -- 5 years: N<br>&nbsp;&nbsp;&nbsp;&nbsp;Preschool: N<br>&nbsp;&nbsp;&nbsp;&nbsp;Grade 1 - Age 12: N<br>
3200,Licensed Family,Kid N Kaboodle Family Childcare,46225 Strathcona Rd,,Chilliwack,V2P 3T1,49.187085,-121.945547,250-202-8503,,,N,N,N,N,N,N,N,N,N,N,N,N,N,N,N,N,N,,,N,N,N,N,N,N,N,Y,Y,N,Y,2026-05-15,,N,Y,N,Kid N Kaboodle Family Childcare<br>Licensed Family<br>250-202-8503<br><br>Vacancy:<br>&nbsp;&nbsp;&nbsp;&nbsp;<36 months: Y<br>&nbsp;&nbsp;&nbsp;&nbsp;30 months -- 5 years: Y<br>&nbsp;&nbsp;&nbsp;&nbsp;Preschool: N<br>&nbsp;&nbsp;&nbsp;&nbsp;Grade 1 - Age 12: Y<br>
3201,Licensed Family,Dad Does It Childcare,1341 Kellogg Ave,,Prince George,V2M 4B1,53.912243,-122.792058,250-301-9442,,,N,N,N,N,N,N,N,N,N,N,N,N,N,N,N,N,N,,,N,N,N,N,N,N,N,N,N,N,N,2026-05-15,,N,Y,N,Dad Does It Childcare<br>Licensed Family<br>250-301-9442<br><br>Vacancy:<br>&nbsp;&nbsp;&nbsp;&nbsp;<36 months: N<br>&nbsp;&nbsp;&nbsp;&nbsp;30 months -- 5 years: N<br>&nbsp;&nbsp;&nbsp;&nbsp;Preschool: N<br>&nbsp;&nbsp;&nbsp;&nbsp;Grade 1 - Age 12: N<br>
3202,Licensed Family,Young Of Green Gables Early Learning,4662 208B St,,Langley,V3A 7E6,49.086565,-122.644965,778-366-8252,,,N,N,N,N,N,N,N,N,N,N,N,N,N,N,N,N,N,,,N,N,N,N,N,N,N,N,N,N,N,2026-05-15,,N,Y,N,Young Of Green Gables Early Learning<br>Licensed Family<br>778-366-8252<br><br>Vacancy:<br>&nbsp;&nbsp;&nbsp;&nbsp;<36 months: N<br>&nbsp;&nbsp;&nbsp;&nbsp;30 months -- 5 years: N<br>&nbsp;&nbsp;&nbsp;&nbsp;Preschool: N<br>&nbsp;&nbsp;&nbsp;&nbsp;Grade 1 - Age 12: N<br>
3203,Licensed Group,The Dogwood Pre-K Academy,1574 Dufour Rd,,Sooke,V9Z 0T6,48.358759,-123.728722,250-882-9707,,,N,N,N,N,N,N,N,N,N,N,N,N,N,N,N,N,N,,,N,N,N,N,N,N,N,N,N,N,N,2026-05-20,,N,Y,N,The Dogwood Pre-K Academy<br>Licensed Group<br>250-882-9707<br><br>Vacancy:<br>&nbsp;&nbsp;&nbsp;&nbsp;<36 months: N<br>&nbsp;&nbsp;&nbsp;&nbsp;30 months -- 5 years: N<br>&nbsp;&nbsp;&nbsp;&nbsp;Preschool: N<br>&nbsp;&nbsp;&nbsp;&nbsp;Grade 1 - Age 12: N<br>
3204,Licensed Family,Happy House Child Care,720 61St Ave E,,Vancouver,V5X 2C2,49.214567,-123.090166,604-803-8325,,,N,N,N,N,N,N,N,N,N,N,N,N,N,N,N,N,N,,,N,N,N,N,N,N,N,N,N,N,N,2026-05-15,,N,Y,N,Happy House Child Care<br>Licensed Family<br>604-803-8325<br><br>Vacancy:<br>&nbsp;&nbsp;&nbsp;&nbsp;<36 months: N<br>&nbsp;&nbsp;&nbsp;&nbsp;30 months -- 5 years: N<br>&nbsp;&nbsp;&nbsp;&nbsp;Preschool: N<br>&nbsp;&nbsp;&nbsp;&nbsp;Grade 1 - Age 12: N<br>
3205,Licensed Family,Jazzy Bumblebees Childcare,33575 2Nd Ave,,Mission,V2V 6J3,49.135582,-122.294811,672-533-0225,,,Y,N,N,N,N,N,Y,Y,N,N,N,N,N,N,N,N,N,Not offered,Not offered,N,N,N,N,N,N,Y,Y,Y,N,Y,2026-05-17,,N,Y,N,Jazzy Bumblebees Childcare<br>Licensed Family<br>672-533-0225<br><br>Vacancy:<br>&nbsp;&nbsp;&nbsp;&nbsp;<36 months: Y<br>&nbsp;&nbsp;&nbsp;&nbsp;30 months -- 5 years: Y<br>&nbsp;&nbsp;&nbsp;&nbsp;Preschool: N<br>&nbsp;&nbsp;&nbsp;&nbsp;Grade 1 - Age 12: Y<br>
3206,Licensed Group,La Petite Ecole,4037 32Nd Ave W,,Vancouver,V6S 1Z5,49.243621,-123.194998,604-619-7313,,,N,N,N,N,N,N,N,N,N,N,N,N,N,N,N,N,N,,,N,N,N,N,N,N,N,N,N,N,N,2026-05-03,,N,N,N,La Petite Ecole<br>Licensed Group<br>604-619-7313<br><br>Vacancy:<br>&nbsp;&nbsp;&nbsp;&nbsp;<36 months: N<br>&nbsp;&nbsp;&nbsp;&nbsp;30 months -- 5 years: N<br>&nbsp;&nbsp;&nbsp;&nbsp;Preschool: N<br>&nbsp;&nbsp;&nbsp;&nbsp;Grade 1 - Age 12: N<br>
3207,Licensed Group,Produckidvity - West Kelowna,101-2311 Carrington Rd,,West Kelowna,V4T 3K8,49.829762,-119.620572,778-754-5447,,,N,N,N,N,N,N,N,N,N,N,N,N,N,N,N,N,N,,,N,N,N,N,N,N,N,N,N,N,N,2026-05-14,,N,Y,N,Produckidvity - West Kelowna<br>Licensed Group<br>778-754-5447<br><br>Vacancy:<br>&nbsp;&nbsp;&nbsp;&nbsp;<36 months: N<br>&nbsp;&nbsp;&nbsp;&nbsp;30 months -- 5 years: N<br>&nbsp;&nbsp;&nbsp;&nbsp;Preschool: N<br>&nbsp;&nbsp;&nbsp;&nbsp;Grade 1 - Age 12: N<br>
3208,Licensed Group,Vista Child Centre,2942 Valleyvista Dr,,Coquitlam,V3E 2P4,49.297557,-122.79805,604-522-6466,,,N,N,N,N,N,N,N,N,N,N,N,N,N,N,N,N,N,,,N,N,N,N,N,N,N,N,N,N,N,2026-05-15,,N,Y,N,Vista Child Centre<br>Licensed Group<br>604-522-6466<br><br>Vacancy:<br>&nbsp;&nbsp;&nbsp;&nbsp;<36 months: N<br>&nbsp;&nbsp;&nbsp;&nbsp;30 months -- 5 years: N<br>&nbsp;&nbsp;&nbsp;&nbsp;Preschool: N<br>&nbsp;&nbsp;&nbsp;&nbsp;Grade 1 - Age 12: N<br>
3209,Licensed Group,Kidspace Learning Centres Walnut Grove,501-21183 88Th Ave,,Langley,V1M 2G5,49.162667,-122.633878,604-380-4060,,,N,N,N,N,N,N,N,N,N,N,N,N,N,N,N,N,N,,,N,N,N,N,N,N,N,N,N,N,N,2026-05-15,,N,Y,N,Kidspace Learning Centres Walnut Grove<br>Licensed Group<br>604-380-4060<br><br>Vacancy:<br>&nbsp;&nbsp;&nbsp;&nbsp;<36 months: N<br>&nbsp;&nbsp;&nbsp;&nbsp;30 months -- 5 years: N<br>&nbsp;&nbsp;&nbsp;&nbsp;Preschool: N<br>&nbsp;&nbsp;&nbsp;&nbsp;Grade 1 - Age 12: N<br>
3210,Licensed Group,Westwood Kids Castle Childcare,2921 Valleyvista Dr,,Coquitlam,V3E 2P3,49.297153,-122.799604,604-649-6860,,,N,N,N,N,N,N,N,N,N,N,N,N,N,N,N,N,N,,,N,N,N,N,N,N,N,Y,N,N,N,2026-05-16,,N,Y,N,Westwood Kids Castle Childcare<br>Licensed Group<br>604-649-6860<br><br>Vacancy:<br>&nbsp;&nbsp;&nbsp;&nbsp;<36 months: Y<br>&nbsp;&nbsp;&nbsp;&nbsp;30 months -- 5 years: N<br>&nbsp;&nbsp;&nbsp;&nbsp;Preschool: N<br>&nbsp;&nbsp;&nbsp;&nbsp;Grade 1 - Age 12: N<br>
3211,Licensed Group,Kelowna Early Explorers Academy,2-1880 Baron Rd,,Kelowna,V1X 6G3,49.88488,-119.425316,778-484-0129,,,N,N,N,N,N,N,N,N,N,N,N,N,N,N,N,N,N,,,N,N,N,N,N,N,N,N,N,N,N,2026-05-14,,N,Y,N,Kelowna Early Explorers Academy<br>Licensed Group<br>778-484-0129<br><br>Vacancy:<br>&nbsp;&nbsp;&nbsp;&nbsp;<36 months: N<br>&nbsp;&nbsp;&nbsp;&nbsp;30 months -- 5 years: N<br>&nbsp;&nbsp;&nbsp;&nbsp;Preschool: N<br>&nbsp;&nbsp;&nbsp;&nbsp;Grade 1 - Age 12: N<br>
3212,Licensed Group,Tiny Tyke Town,1388 5Th Ave,,Prince George,V2L 3L4,53.915919,-122.748192,250-899-4546,,,N,N,N,N,N,N,N,N,N,N,N,N,N,N,N,N,N,,,N,N,N,N,N,N,N,N,N,N,N,2026-05-14,,N,Y,N,Tiny Tyke Town<br>Licensed Group<br>250-899-4546<br><br>Vacancy:<br>&nbsp;&nbsp;&nbsp;&nbsp;<36 months: N<br>&nbsp;&nbsp;&nbsp;&nbsp;30 months -- 5 years: N<br>&nbsp;&nbsp;&nbsp;&nbsp;Preschool: N<br>&nbsp;&nbsp;&nbsp;&nbsp;Grade 1 - Age 12: N<br>
3213,Licensed Group,Wizisland Childcare And Education Centre,2-612 Head St,,Esquimalt,V9A 5S8,48.430882,-123.401462,250-588-8638,,,N,N,N,N,N,N,N,N,N,N,N,N,N,N,N,N,N,,,N,N,N,N,N,N,N,N,N,N,N,2026-05-15,,N,Y,N,Wizisland Childcare And Education Centre<br>Licensed Group<br>250-588-8638<br><br>Vacancy:<br>&nbsp;&nbsp;&nbsp;&nbsp;<36 months: N<br>&nbsp;&nbsp;&nbsp;&nbsp;30 months -- 5 years: N<br>&nbsp;&nbsp;&nbsp;&nbsp;Preschool: N<br>&nbsp;&nbsp;&nbsp;&nbsp;Grade 1 - Age 12: N<br>
3214,Licensed Group,Legendary Leaders And Explorers Childcare Centre Chilliwack,45160 Deans Ave,,Chilliwack,V2P 7B1,49.159584,-121.975286,604-763-2023,,,N,N,N,N,N,N,N,N,N,N,N,N,N,N,N,N,N,,,N,N,N,N,N,N,N,N,N,N,N,2026-05-15,,N,Y,N,Legendary Leaders And Explorers Childcare Centre Chilliwack<br>Licensed Group<br>604-763-2023<br><br>Vacancy:<br>&nbsp;&nbsp;&nbsp;&nbsp;<36 months: N<br>&nbsp;&nbsp;&nbsp;&nbsp;30 months -- 5 years: N<br>&nbsp;&nbsp;&nbsp;&nbsp;Preschool: N<br>&nbsp;&nbsp;&nbsp;&nbsp;Grade 1 - Age 12: N<br>
3215,Licensed Group,4Pillar Early Learning Centre Inc.,172 Mckenzie Avenue,,Prince George,V2L 4N4,53.892763,-122.764645,604-414-5757,,,N,N,N,N,N,N,N,N,N,N,N,N,N,N,N,N,N,,,N,N,N,N,N,N,N,N,N,N,N,2026-05-15,,N,Y,N,4Pillar Early Learning Centre Inc.<br>Licensed Group<br>604-414-5757<br><br>Vacancy:<br>&nbsp;&nbsp;&nbsp;&nbsp;<36 months: N<br>&nbsp;&nbsp;&nbsp;&nbsp;30 months -- 5 years: N<br>&nbsp;&nbsp;&nbsp;&nbsp;Preschool: N<br>&nbsp;&nbsp;&nbsp;&nbsp;Grade 1 - Age 12: N<br>
3216,Licensed Group,Growing Hands-Austin Heights Childcare Centre,103-1001 Austin Ave,,Coquitlam,V3K 3N9,49.249357,-122.867611,778-899-1797,,,N,N,N,N,N,N,N,N,N,N,N,N,N,N,N,N,N,,,N,N,N,N,N,N,N,N,N,N,N,2026-05-20,,N,Y,N,Growing Hands-Austin Heights Childcare Centre<br>Licensed Group<br>778-899-1797<br><br>Vacancy:<br>&nbsp;&nbsp;&nbsp;&nbsp;<36 months: N<br>&nbsp;&nbsp;&nbsp;&nbsp;30 months -- 5 years: N<br>&nbsp;&nbsp;&nbsp;&nbsp;Preschool: N<br>&nbsp;&nbsp;&nbsp;&nbsp;Grade 1 - Age 12: N<br>
3217,Licensed Group,Bgc Williams Lake-Chilcotin Road,709 Lyne Road,,Williams Lake,V2G 3Z3,52.114737,-122.172317,250-305-4254,,,N,N,N,N,N,N,N,N,N,N,N,N,N,N,N,N,N,Not offered,Not offered,N,N,N,N,N,N,N,N,N,N,N,2026-05-21,,N,Y,N,Bgc Williams Lake-Chilcotin Road<br>Licensed Group<br>250-305-4254<br><br>Vacancy:<br>&nbsp;&nbsp;&nbsp;&nbsp;<36 months: N<br>&nbsp;&nbsp;&nbsp;&nbsp;30 months -- 5 years: N<br>&nbsp;&nbsp;&nbsp;&nbsp;Preschool: N<br>&nbsp;&nbsp;&nbsp;&nbsp;Grade 1 - Age 12: N<br>
3218,Licensed Group,Areakids Daycare Ltd.,174 Jermyn Ave,,Penticton,V2A 2E1,49.49136,-119.585914,250-462-9484,,,N,N,N,N,N,N,N,N,N,N,N,N,N,N,N,N,N,,,N,N,N,N,N,N,N,N,Y,N,N,2026-05-15,,N,Y,N,Areakids Daycare Ltd.<br>Licensed Group<br>250-462-9484<br><br>Vacancy:<br>&nbsp;&nbsp;&nbsp;&nbsp;<36 months: N<br>&nbsp;&nbsp;&nbsp;&nbsp;30 months -- 5 years: Y<br>&nbsp;&nbsp;&nbsp;&nbsp;Preschool: N<br>&nbsp;&nbsp;&nbsp;&nbsp;Grade 1 - Age 12: N<br>
3219,Licensed Group,Maven House Childcare Center,19330 Fairway Drive,,Surrey,V3S 0B7,49.114951,-122.687614,604-512-0406,,,N,N,N,N,N,N,N,N,N,N,N,N,N,N,N,N,N,,,N,N,N,N,N,N,N,Y,Y,N,N,2026-05-17,,N,Y,N,Maven House Childcare Center<br>Licensed Group<br>604-512-0406<br><br>Vacancy:<br>&nbsp;&nbsp;&nbsp;&nbsp;<36 months: Y<br>&nbsp;&nbsp;&nbsp;&nbsp;30 months -- 5 years: Y<br>&nbsp;&nbsp;&nbsp;&nbsp;Preschool: N<br>&nbsp;&nbsp;&nbsp;&nbsp;Grade 1 - Age 12: N<br>
3220,Licensed Group,Goldstone Childcare Society - Te Scott,7079-148Th St,,Surrey,V3S 8E3,49.131511,-122.812452,604-729-0543,,,N,N,N,N,N,N,N,N,N,N,N,N,N,N,N,N,N,,,N,N,N,N,N,N,N,N,Y,Y,N,2026-05-21,,N,Y,N,Goldstone Childcare Society - Te Scott<br>Licensed Group<br>604-729-0543<br><br>Vacancy:<br>&nbsp;&nbsp;&nbsp;&nbsp;<36 months: N<br>&nbsp;&nbsp;&nbsp;&nbsp;30 months -- 5 years: Y<br>&nbsp;&nbsp;&nbsp;&nbsp;Preschool: Y<br>&nbsp;&nbsp;&nbsp;&nbsp;Grade 1 - Age 12: N<br>
3221,Licensed Family,Twinkle Star In-Home Multi Age Child Care,3676 mcgill St,,Vancouver,V5K 1J4,49.288384,-123.024035,604-255-8495,,,N,N,N,N,N,N,N,N,N,N,N,N,N,N,N,N,N,,,N,N,N,N,N,N,N,N,Y,N,N,2026-05-16,,N,Y,N,Twinkle Star In-Home Multi Age Child Care<br>Licensed Family<br>604-255-8495<br><br>Vacancy:<br>&nbsp;&nbsp;&nbsp;&nbsp;<36 months: N<br>&nbsp;&nbsp;&nbsp;&nbsp;30 months -- 5 years: Y<br>&nbsp;&nbsp;&nbsp;&nbsp;Preschool: N<br>&nbsp;&nbsp;&nbsp;&nbsp;Grade 1 - Age 12: N<br>
3222,Licensed Family,Big Smiles Early Learning Centre,19654 47 Ave,,Langley,V3A 5G8,49.08745,-122.678386,236-777-4247,,,N,N,N,N,N,N,N,N,N,N,N,N,N,N,N,N,N,,,N,N,N,N,N,N,N,N,N,N,N,2026-05-20,,N,Y,N,Big Smiles Early Learning Centre<br>Licensed Family<br>236-777-4247<br><br>Vacancy:<br>&nbsp;&nbsp;&nbsp;&nbsp;<36 months: N<br>&nbsp;&nbsp;&nbsp;&nbsp;30 months -- 5 years: N<br>&nbsp;&nbsp;&nbsp;&nbsp;Preschool: N<br>&nbsp;&nbsp;&nbsp;&nbsp;Grade 1 - Age 12: N<br>
3223,Licensed Group,Peachy Keen Early Learning Ltd,14973 88 Ave,,Surrey,V3S 2S4,49.162997,-122.807702,778-954-9993,,,N,N,N,N,N,N,N,N,N,N,N,N,N,N,N,N,N,,,N,N,N,N,N,N,N,N,N,N,N,2026-05-20,,N,Y,N,Peachy Keen Early Learning Ltd<br>Licensed Group<br>778-954-9993<br><br>Vacancy:<br>&nbsp;&nbsp;&nbsp;&nbsp;<36 months: N<br>&nbsp;&nbsp;&nbsp;&nbsp;30 months -- 5 years: N<br>&nbsp;&nbsp;&nbsp;&nbsp;Preschool: N<br>&nbsp;&nbsp;&nbsp;&nbsp;Grade 1 - Age 12: N<br>
3224,Licensed Group,Annar Fine Art Academy Childcare Ltd,3013 Spring St,,Port Moody,V3H 4B6,49.276964,-122.843948,778-822-7120,,,N,N,N,N,N,N,N,N,N,N,N,N,N,N,N,N,N,,,N,N,N,N,N,N,N,N,Y,N,Y,2026-05-14,,N,Y,N,Annar Fine Art Academy Childcare Ltd<br>Licensed Group<br>778-822-7120<br><br>Vacancy:<br>&nbsp;&nbsp;&nbsp;&nbsp;<36 months: N<br>&nbsp;&nbsp;&nbsp;&nbsp;30 months -- 5 years: Y<br>&nbsp;&nbsp;&nbsp;&nbsp;Preschool: N<br>&nbsp;&nbsp;&nbsp;&nbsp;Grade 1 - Age 12: Y<br>
3225,Licensed Group,Paragon Kids Inc. Amblepath,1-40137 Government Road,,Squamish,V8B 0N7,49.736934,-123.14069,604-360-6214,,,N,N,N,N,N,N,N,N,N,N,N,N,N,N,N,N,N,,,N,N,N,N,N,N,N,N,N,N,N,2026-05-13,,N,Y,Y,Paragon Kids Inc. Amblepath<br>Licensed Group<br>604-360-6214<br><br>Vacancy:<br>&nbsp;&nbsp;&nbsp;&nbsp;<36 months: N<br>&nbsp;&nbsp;&nbsp;&nbsp;30 months -- 5 years: N<br>&nbsp;&nbsp;&nbsp;&nbsp;Preschool: N<br>&nbsp;&nbsp;&nbsp;&nbsp;Grade 1 - Age 12: N<br>
3226,Licensed Group,Paragon Kids Inc. Amblepath,1-40137 Government Road,,Squamish,V8B 0N7,49.736934,-123.14069,604-360-6214,,,N,N,N,N,N,N,N,N,N,N,N,N,N,N,N,N,N,,,N,N,N,N,N,N,N,N,N,N,N,2026-05-13,,N,Y,Y,Paragon Kids Inc. Amblepath<br>Licensed Group<br>604-360-6214<br><br>Vacancy:<br>&nbsp;&nbsp;&nbsp;&nbsp;<36 months: N<br>&nbsp;&nbsp;&nbsp;&nbsp;30 months -- 5 years: N<br>&nbsp;&nbsp;&nbsp;&nbsp;Preschool: N<br>&nbsp;&nbsp;&nbsp;&nbsp;Grade 1 - Age 12: N<br>
3227,Licensed Family,Nurturing Nook Childcare,13975 Marine Dr,,White Rock,V4B 1A3,49.027809,-122.835125,604-825-9509,,,Y,N,N,N,N,N,Y,Y,N,Y,Y,N,N,N,N,N,Y,Not offered,Not offered,N,N,N,N,N,N,N,Y,Y,N,Y,2026-05-18,,N,Y,N,Nurturing Nook Childcare<br>Licensed Family<br>604-825-9509<br><br>Vacancy:<br>&nbsp;&nbsp;&nbsp;&nbsp;<36 months: Y<br>&nbsp;&nbsp;&nbsp;&nbsp;30 months -- 5 years: Y<br>&nbsp;&nbsp;&nbsp;&nbsp;Preschool: N<br>&nbsp;&nbsp;&nbsp;&nbsp;Grade 1 - Age 12: Y<br>
3228,Licensed Group,Ikoka Childcare Learning Center 57Th,1025 57Th E Ave,,Vancouver,V5X 1T4,49.218428,-123.084709,778-861-7446,,,N,N,N,N,N,N,N,N,N,N,N,N,N,N,N,N,N,,,N,N,N,N,N,N,N,N,N,N,N,2026-05-03,,N,Y,N,Ikoka Childcare Learning Center 57Th<br>Licensed Group<br>778-861-7446<br><br>Vacancy:<br>&nbsp;&nbsp;&nbsp;&nbsp;<36 months: N<br>&nbsp;&nbsp;&nbsp;&nbsp;30 months -- 5 years: N<br>&nbsp;&nbsp;&nbsp;&nbsp;Preschool: N<br>&nbsp;&nbsp;&nbsp;&nbsp;Grade 1 - Age 12: N<br>
3229,Licensed Family,Bambino Family Childcare Centre,829 Windermere St,,Vancouver,V5K 4J5,49.276869,-123.036689,236-558-3290,,,N,N,N,N,N,N,N,N,N,N,N,N,N,N,N,N,N,,,N,N,N,N,N,N,N,N,N,N,N,2026-05-19,,N,Y,N,Bambino Family Childcare Centre<br>Licensed Family<br>236-558-3290<br><br>Vacancy:<br>&nbsp;&nbsp;&nbsp;&nbsp;<36 months: N<br>&nbsp;&nbsp;&nbsp;&nbsp;30 months -- 5 years: N<br>&nbsp;&nbsp;&nbsp;&nbsp;Preschool: N<br>&nbsp;&nbsp;&nbsp;&nbsp;Grade 1 - Age 12: N<br>
3230,Licensed Group,Ic Early Learning Center (Sardis B),4845 Sardis St,,Burnaby,V5H 1L4,49.233695,-122.995372,604-500-5559,,,N,N,N,N,N,N,N,N,N,N,N,N,N,N,N,N,N,,,N,N,N,N,N,N,N,N,N,N,N,2026-05-20,,N,Y,N,Ic Early Learning Center (Sardis B)<br>Licensed Group<br>604-500-5559<br><br>Vacancy:<br>&nbsp;&nbsp;&nbsp;&nbsp;<36 months: N<br>&nbsp;&nbsp;&nbsp;&nbsp;30 months -- 5 years: N<br>&nbsp;&nbsp;&nbsp;&nbsp;Preschool: N<br>&nbsp;&nbsp;&nbsp;&nbsp;Grade 1 - Age 12: N<br>
3231,Licensed Group,Kids Academy Daycare,361 Pembina St,,New Westminster,V3M 5J5,49.192929,-122.938993,604-600-3019,,,N,N,N,N,N,N,N,N,N,N,N,N,N,N,N,N,N,Extra fee,Extra fee,N,N,N,N,N,N,N,N,N,N,N,2026-04-15,,N,Y,N,Kids Academy Daycare<br>Licensed Group<br>604-600-3019<br><br>Vacancy:<br>&nbsp;&nbsp;&nbsp;&nbsp;<36 months: N<br>&nbsp;&nbsp;&nbsp;&nbsp;30 months -- 5 years: N<br>&nbsp;&nbsp;&nbsp;&nbsp;Preschool: N<br>&nbsp;&nbsp;&nbsp;&nbsp;Grade 1 - Age 12: N<br>
3232,Licensed Family,Lni Childcare Learning Centre,46334 Maple Ave,,Chilliwack,V2P 2J6,49.172196,-121.941632,604-446-7721,,,N,N,N,N,N,N,N,N,N,N,N,N,N,N,N,N,N,,,N,N,N,N,N,N,N,Y,Y,N,N,2026-04-16,,N,Y,N,Lni Childcare Learning Centre<br>Licensed Family<br>604-446-7721<br><br>Vacancy:<br>&nbsp;&nbsp;&nbsp;&nbsp;<36 months: Y<br>&nbsp;&nbsp;&nbsp;&nbsp;30 months -- 5 years: Y<br>&nbsp;&nbsp;&nbsp;&nbsp;Preschool: N<br>&nbsp;&nbsp;&nbsp;&nbsp;Grade 1 - Age 12: N<br>
3233,Licensed Family,Sunshine And Smile Childcare Centre,4770 205 St,,Langley,V3A 7J5,49.089055,-122.654314,672-985-4250,,,N,N,N,N,N,N,N,N,N,N,N,N,N,N,N,N,N,,,N,N,N,N,N,N,N,N,Y,N,N,2026-05-15,,N,Y,N,Sunshine And Smile Childcare Centre<br>Licensed Family<br>672-985-4250<br><br>Vacancy:<br>&nbsp;&nbsp;&nbsp;&nbsp;<36 months: N<br>&nbsp;&nbsp;&nbsp;&nbsp;30 months -- 5 years: Y<br>&nbsp;&nbsp;&nbsp;&nbsp;Preschool: N<br>&nbsp;&nbsp;&nbsp;&nbsp;Grade 1 - Age 12: N<br>
3234,Licensed Family,Little Jewels Childcare Corp.,7371 147A St,,Surrey,V3S 9L7,49.136716,-122.814781,778-223-3151,,,N,N,N,N,N,N,N,N,N,N,N,N,N,N,N,N,N,,,N,N,N,N,N,N,N,N,Y,N,N,2026-04-30,,N,Y,N,Little Jewels Childcare Corp.<br>Licensed Family<br>778-223-3151<br><br>Vacancy:<br>&nbsp;&nbsp;&nbsp;&nbsp;<36 months: N<br>&nbsp;&nbsp;&nbsp;&nbsp;30 months -- 5 years: Y<br>&nbsp;&nbsp;&nbsp;&nbsp;Preschool: N<br>&nbsp;&nbsp;&nbsp;&nbsp;Grade 1 - Age 12: N<br>
3235,Licensed Group,Willowbrae Academy Sunwood,910-3025 Lougheed Hwy,,Coquitlam,V3B 6S2,49.276275,-122.791864,778-918-9010,,,N,N,N,N,N,N,N,N,N,N,N,N,N,N,N,N,N,,,N,N,N,N,N,N,N,Y,Y,Y,Y,2026-05-15,,N,Y,N,Willowbrae Academy Sunwood<br>Licensed Group<br>778-918-9010<br><br>Vacancy:<br>&nbsp;&nbsp;&nbsp;&nbsp;<36 months: Y<br>&nbsp;&nbsp;&nbsp;&nbsp;30 months -- 5 years: Y<br>&nbsp;&nbsp;&nbsp;&nbsp;Preschool: Y<br>&nbsp;&nbsp;&nbsp;&nbsp;Grade 1 - Age 12: Y<br>
3236,Licensed Family,Smalls & Smiles Childcare Centre Ltd,3414 Hazelwood Pl,,Abbotsford,V2S 0H8,49.064037,-122.282655,204-906-1313,smalls.smiles2childcarecentre@gmail.com,,N,N,N,N,N,N,N,N,N,N,N,N,N,N,N,N,N,,,N,N,N,N,N,N,N,Y,Y,N,Y,2026-05-03,,N,Y,N,Smalls & Smiles Childcare Centre Ltd<br>Licensed Family<br>204-906-1313<br><br>Vacancy:<br>&nbsp;&nbsp;&nbsp;&nbsp;<36 months: Y<br>&nbsp;&nbsp;&nbsp;&nbsp;30 months -- 5 years: Y<br>&nbsp;&nbsp;&nbsp;&nbsp;Preschool: N<br>&nbsp;&nbsp;&nbsp;&nbsp;Grade 1 - Age 12: Y<br>
3237,Licensed Family,Ducky Daycare,17569 Abbey Dr,,Surrey,V4N 4H2,49.18729,-122.735275,604-910-1605,,,N,N,N,N,N,N,N,N,N,N,N,N,N,N,N,N,N,,,N,N,N,N,N,N,N,Y,Y,N,Y,2026-04-27,,N,Y,N,Ducky Daycare<br>Licensed Family<br>604-910-1605<br><br>Vacancy:<br>&nbsp;&nbsp;&nbsp;&nbsp;<36 months: Y<br>&nbsp;&nbsp;&nbsp;&nbsp;30 months -- 5 years: Y<br>&nbsp;&nbsp;&nbsp;&nbsp;Preschool: N<br>&nbsp;&nbsp;&nbsp;&nbsp;Grade 1 - Age 12: Y<br>
3238,Licensed Family,Merita Learning Academy,18928 68A Ave,,Surrey,V4N 5J8,49.12702,-122.697647,778-822-3170,,,N,N,N,N,N,N,N,N,N,N,N,N,N,N,N,N,N,,,N,N,N,N,N,N,N,N,N,N,N,2026-05-19,,N,Y,N,Merita Learning Academy<br>Licensed Family<br>778-822-3170<br><br>Vacancy:<br>&nbsp;&nbsp;&nbsp;&nbsp;<36 months: N<br>&nbsp;&nbsp;&nbsp;&nbsp;30 months -- 5 years: N<br>&nbsp;&nbsp;&nbsp;&nbsp;Preschool: N<br>&nbsp;&nbsp;&nbsp;&nbsp;Grade 1 - Age 12: N<br>
3239,Licensed Family,Maple Tree Childcare,18050 67 Ave,,Surrey,V3S 8C3,49.124011,-122.722713,604-603-3261,,,N,N,N,N,N,N,N,N,N,N,N,N,N,N,N,N,N,Extra fee,Extra fee,N,N,N,N,N,N,N,N,N,N,N,2026-05-19,,N,Y,N,Maple Tree Childcare<br>Licensed Family<br>604-603-3261<br><br>Vacancy:<br>&nbsp;&nbsp;&nbsp;&nbsp;<36 months: N<br>&nbsp;&nbsp;&nbsp;&nbsp;30 months -- 5 years: N<br>&nbsp;&nbsp;&nbsp;&nbsp;Preschool: N<br>&nbsp;&nbsp;&nbsp;&nbsp;Grade 1 - Age 12: N<br>
3240,Licensed Family,Hugs + Giggles Daycare,2598 Tupela Dr,,Kamloops,V2B 6V9,50.748149,-120.349721,778-257-0027,,,N,N,N,N,N,N,N,N,N,N,N,N,N,N,N,N,N,,,N,N,N,N,N,N,N,N,N,N,N,2026-05-15,,N,Y,N,Hugs + Giggles Daycare<br>Licensed Family<br>778-257-0027<br><br>Vacancy:<br>&nbsp;&nbsp;&nbsp;&nbsp;<36 months: N<br>&nbsp;&nbsp;&nbsp;&nbsp;30 months -- 5 years: N<br>&nbsp;&nbsp;&nbsp;&nbsp;Preschool: N<br>&nbsp;&nbsp;&nbsp;&nbsp;Grade 1 - Age 12: N<br>
3241,Licensed Group,Cheam Elementary School Age Care,9895 Banford Rd,,Chilliwack,V2P 6H3,49.181586,-121.893527,604-798-0955,,,N,N,N,N,N,N,N,N,N,N,N,N,N,N,N,N,N,,,N,N,N,N,N,N,N,N,N,N,Y,2026-05-06,,N,Y,N,Cheam Elementary School Age Care<br>Licensed Group<br>604-798-0955<br><br>Vacancy:<br>&nbsp;&nbsp;&nbsp;&nbsp;<36 months: N<br>&nbsp;&nbsp;&nbsp;&nbsp;30 months -- 5 years: N<br>&nbsp;&nbsp;&nbsp;&nbsp;Preschool: N<br>&nbsp;&nbsp;&nbsp;&nbsp;Grade 1 - Age 12: Y<br>
3242,Licensed Group,Joyful Lambs Daycare,6995 202B St,,Langley,V2Y 2Z6,49.129523,-122.661365,250-884-5332,,,N,N,N,N,N,N,N,N,N,N,N,N,N,N,N,N,N,,,N,N,N,N,N,N,N,Y,N,N,N,2026-05-15,,N,Y,N,Joyful Lambs Daycare<br>Licensed Group<br>250-884-5332<br><br>Vacancy:<br>&nbsp;&nbsp;&nbsp;&nbsp;<36 months: Y<br>&nbsp;&nbsp;&nbsp;&nbsp;30 months -- 5 years: N<br>&nbsp;&nbsp;&nbsp;&nbsp;Preschool: N<br>&nbsp;&nbsp;&nbsp;&nbsp;Grade 1 - Age 12: N<br>
3243,Licensed Group,Salt And Pepper Infant/Toddler Group Daycare,9691 Aquila Rd,,Richmond,V7A 3R1,49.1431,-123.109504,604-353-2152,,,N,N,N,N,N,N,N,N,N,N,N,N,N,N,N,N,N,,,N,N,N,N,N,N,N,N,N,N,N,2026-04-22,,N,Y,N,Salt And Pepper Infant/Toddler Group Daycare<br>Licensed Group<br>604-353-2152<br><br>Vacancy:<br>&nbsp;&nbsp;&nbsp;&nbsp;<36 months: N<br>&nbsp;&nbsp;&nbsp;&nbsp;30 months -- 5 years: N<br>&nbsp;&nbsp;&nbsp;&nbsp;Preschool: N<br>&nbsp;&nbsp;&nbsp;&nbsp;Grade 1 - Age 12: N<br>
3244,Licensed Group,Liliom Childcare,720 9Th St E,,North Vancouver,V7L 2B9,49.315922,-123.054024,604-655-4143,,,N,N,N,N,N,N,N,N,N,N,N,N,N,N,N,N,N,,,N,N,N,N,N,N,N,Y,N,N,N,2026-05-02,,N,Y,N,Liliom Childcare<br>Licensed Group<br>604-655-4143<br><br>Vacancy:<br>&nbsp;&nbsp;&nbsp;&nbsp;<36 months: Y<br>&nbsp;&nbsp;&nbsp;&nbsp;30 months -- 5 years: N<br>&nbsp;&nbsp;&nbsp;&nbsp;Preschool: N<br>&nbsp;&nbsp;&nbsp;&nbsp;Grade 1 - Age 12: N<br>
3245,Licensed Group,Bright Kiddo Childcare Ltd,717 Poirier St,,Coquitlam,V3J 6B5,49.260656,-122.846047,778-833-1137,,,N,N,N,N,N,N,N,N,N,N,N,N,N,N,N,N,N,,,N,N,N,N,N,N,N,N,N,N,N,2026-04-16,,N,Y,N,Bright Kiddo Childcare Ltd<br>Licensed Group<br>778-833-1137<br><br>Vacancy:<br>&nbsp;&nbsp;&nbsp;&nbsp;<36 months: N<br>&nbsp;&nbsp;&nbsp;&nbsp;30 months -- 5 years: N<br>&nbsp;&nbsp;&nbsp;&nbsp;Preschool: N<br>&nbsp;&nbsp;&nbsp;&nbsp;Grade 1 - Age 12: N<br>
3246,Licensed Group,New Kids On The Block Daycare,2969 Earl Grey St,,Victoria,V9A 1W5,48.446903,-123.392523,866-519-3648,,,,,,,,,,,,,,,,,,,,,,,,,,,,,,,,,,,Y,Y,N,New Kids On The Block Daycare<br>Licensed Group<br>866-519-3648<br><br>Vacancy:<br>&nbsp;&nbsp;&nbsp;&nbsp;<36 months: None<br>&nbsp;&nbsp;&nbsp;&nbsp;30 months -- 5 years: None<br>&nbsp;&nbsp;&nbsp;&nbsp;Preschool: None<br>&nbsp;&nbsp;&nbsp;&nbsp;Grade 1 - Age 12: None<br>
3247,Licensed Family,Arthistory,2007 Floralynn Cres,,North Vancouver,V7J 2W1,49.327072,-123.033904,778-628-5452,,,N,N,N,N,N,N,N,N,N,N,N,N,N,N,N,N,N,,,N,N,N,N,N,N,N,Y,Y,N,Y,2026-05-06,,N,Y,N,Arthistory<br>Licensed Family<br>778-628-5452<br><br>Vacancy:<br>&nbsp;&nbsp;&nbsp;&nbsp;<36 months: Y<br>&nbsp;&nbsp;&nbsp;&nbsp;30 months -- 5 years: Y<br>&nbsp;&nbsp;&nbsp;&nbsp;Preschool: N<br>&nbsp;&nbsp;&nbsp;&nbsp;Grade 1 - Age 12: Y<br>
3248,Licensed Family,63 Fulmar Daycare,63 Fulmar St,,Kitimat,V8C 1T3,54.061264,-128.632876,250-279-5766,,,N,N,N,N,N,N,N,N,N,N,N,N,N,N,N,N,N,,,N,N,N,N,N,N,N,N,Y,N,N,2026-05-15,,N,Y,N,63 Fulmar Daycare<br>Licensed Family<br>250-279-5766<br><br>Vacancy:<br>&nbsp;&nbsp;&nbsp;&nbsp;<36 months: N<br>&nbsp;&nbsp;&nbsp;&nbsp;30 months -- 5 years: Y<br>&nbsp;&nbsp;&nbsp;&nbsp;Preschool: N<br>&nbsp;&nbsp;&nbsp;&nbsp;Grade 1 - Age 12: N<br>
3249,Licensed Group,Butterflies,B- 2215 Kootenay St,,Nelson,V1L 5S1,49.477498,-117.284242,250-551-2542,,,N,N,N,N,N,N,N,N,N,N,N,N,N,N,N,N,N,,,N,N,N,N,N,N,N,N,N,N,N,2026-04-22,,N,Y,N,Butterflies<br>Licensed Group<br>250-551-2542<br><br>Vacancy:<br>&nbsp;&nbsp;&nbsp;&nbsp;<36 months: N<br>&nbsp;&nbsp;&nbsp;&nbsp;30 months -- 5 years: N<br>&nbsp;&nbsp;&nbsp;&nbsp;Preschool: N<br>&nbsp;&nbsp;&nbsp;&nbsp;Grade 1 - Age 12: N<br>
3250,Licensed Family,Early Explorers Academy,46054 Bonny Ave,,Chilliwack,V2P 0M3,49.178672,-121.95033,778-237-7819,,,N,N,N,N,N,N,N,N,N,N,N,N,N,N,N,N,N,,,N,N,N,N,N,N,N,N,N,N,N,2026-05-20,,N,Y,N,Early Explorers Academy<br>Licensed Family<br>778-237-7819<br><br>Vacancy:<br>&nbsp;&nbsp;&nbsp;&nbsp;<36 months: N<br>&nbsp;&nbsp;&nbsp;&nbsp;30 months -- 5 years: N<br>&nbsp;&nbsp;&nbsp;&nbsp;Preschool: N<br>&nbsp;&nbsp;&nbsp;&nbsp;Grade 1 - Age 12: N<br>
3251,Licensed Group,The Learning Seed Childcare-Blackberry,3609 Sundown Dr,,Nanaimo,V9T 4H5,49.221773,-123.954757,250-751-4156,,,N,N,N,N,N,N,N,N,N,N,N,N,N,N,N,N,N,,,N,N,N,N,N,N,N,N,N,N,N,2026-05-17,,N,Y,N,The Learning Seed Childcare-Blackberry<br>Licensed Group<br>250-751-4156<br><br>Vacancy:<br>&nbsp;&nbsp;&nbsp;&nbsp;<36 months: N<br>&nbsp;&nbsp;&nbsp;&nbsp;30 months -- 5 years: N<br>&nbsp;&nbsp;&nbsp;&nbsp;Preschool: N<br>&nbsp;&nbsp;&nbsp;&nbsp;Grade 1 - Age 12: N<br>
3252,Licensed Group,Sun Peaks Early Learning Centre,5036 Valley Dr,,Sun Peaks,V0E 5N0,50.883183,-119.867791,250-318-1641,,,N,N,N,N,N,N,N,N,N,N,N,N,N,N,N,N,N,,,N,N,N,N,N,N,N,Y,Y,N,Y,2026-05-20,,N,Y,N,Sun Peaks Early Learning Centre<br>Licensed Group<br>250-318-1641<br><br>Vacancy:<br>&nbsp;&nbsp;&nbsp;&nbsp;<36 months: Y<br>&nbsp;&nbsp;&nbsp;&nbsp;30 months -- 5 years: Y<br>&nbsp;&nbsp;&nbsp;&nbsp;Preschool: N<br>&nbsp;&nbsp;&nbsp;&nbsp;Grade 1 - Age 12: Y<br>
3253,Licensed Family,Taycare,726 Selwyn Cres,,Prince George,V2M 5H5,53.91841,-122.812541,250-612-7892,,,N,N,N,N,N,N,N,N,N,N,N,N,N,N,N,N,N,,,N,N,N,N,N,N,N,N,N,N,N,2026-04-17,,N,Y,N,Taycare<br>Licensed Family<br>250-612-7892<br><br>Vacancy:<br>&nbsp;&nbsp;&nbsp;&nbsp;<36 months: N<br>&nbsp;&nbsp;&nbsp;&nbsp;30 months -- 5 years: N<br>&nbsp;&nbsp;&nbsp;&nbsp;Preschool: N<br>&nbsp;&nbsp;&nbsp;&nbsp;Grade 1 - Age 12: N<br>
3254,Licensed Group,Noah's Ark Daycare Seymour,444 Seymour St,,Kamloops,V2C 2G6,50.675108,-120.330466,250-571-2414,,,N,N,N,N,N,N,N,N,N,N,N,N,N,N,N,N,N,,,N,N,N,N,N,N,N,N,Y,N,N,2026-05-15,,N,Y,N,Noah's Ark Daycare Seymour<br>Licensed Group<br>250-571-2414<br><br>Vacancy:<br>&nbsp;&nbsp;&nbsp;&nbsp;<36 months: N<br>&nbsp;&nbsp;&nbsp;&nbsp;30 months -- 5 years: Y<br>&nbsp;&nbsp;&nbsp;&nbsp;Preschool: N<br>&nbsp;&nbsp;&nbsp;&nbsp;Grade 1 - Age 12: N<br>
3255,Licensed Group,Lucky Duckling Daycare,45212 Oliver Cres,,Chilliwack,V2R 2J6,49.111741,-121.973285,236-380-3100,,,N,N,N,N,N,N,N,N,N,N,N,N,N,N,N,N,N,,,N,N,N,N,N,N,N,N,N,N,N,2026-05-18,,N,Y,N,Lucky Duckling Daycare<br>Licensed Group<br>236-380-3100<br><br>Vacancy:<br>&nbsp;&nbsp;&nbsp;&nbsp;<36 months: N<br>&nbsp;&nbsp;&nbsp;&nbsp;30 months -- 5 years: N<br>&nbsp;&nbsp;&nbsp;&nbsp;Preschool: N<br>&nbsp;&nbsp;&nbsp;&nbsp;Grade 1 - Age 12: N<br>
3256,Licensed Family,Poco Lavender Forest Child Care Center,3601 Hastings St,,Port Coquitlam,V3B 4N5,49.276754,-122.782525,236-989-1551,,,N,N,N,N,N,N,N,N,N,N,N,N,N,N,N,N,N,,,N,N,N,N,N,N,N,Y,Y,N,N,2026-05-15,,N,Y,N,Poco Lavender Forest Child Care Center<br>Licensed Family<br>236-989-1551<br><br>Vacancy:<br>&nbsp;&nbsp;&nbsp;&nbsp;<36 months: Y<br>&nbsp;&nbsp;&nbsp;&nbsp;30 months -- 5 years: Y<br>&nbsp;&nbsp;&nbsp;&nbsp;Preschool: N<br>&nbsp;&nbsp;&nbsp;&nbsp;Grade 1 - Age 12: N<br>
3257,Licensed Group,Maple House Academy,2979  W 41St Ave,,Richmond,V6N 3C8,49.235032,-123.172398,604-368-3361,,,N,N,N,N,N,N,N,N,N,N,N,N,N,N,N,N,N,,,N,N,N,N,N,N,N,Y,N,N,N,2026-05-16,,N,Y,N,Maple House Academy<br>Licensed Group<br>604-368-3361<br><br>Vacancy:<br>&nbsp;&nbsp;&nbsp;&nbsp;<36 months: Y<br>&nbsp;&nbsp;&nbsp;&nbsp;30 months -- 5 years: N<br>&nbsp;&nbsp;&nbsp;&nbsp;Preschool: N<br>&nbsp;&nbsp;&nbsp;&nbsp;Grade 1 - Age 12: N<br>
3258,Licensed Group,Lively Days Childcare Centre,42479 Yarrow Central Rd,,Chilliwack,V2R 5C8,49.082603,-122.048908,604-845-8717,,,N,N,N,N,N,N,N,N,N,N,N,N,N,N,N,N,N,,,N,N,N,N,N,N,N,Y,Y,N,N,2026-05-15,,N,Y,N,Lively Days Childcare Centre<br>Licensed Group<br>604-845-8717<br><br>Vacancy:<br>&nbsp;&nbsp;&nbsp;&nbsp;<36 months: Y<br>&nbsp;&nbsp;&nbsp;&nbsp;30 months -- 5 years: Y<br>&nbsp;&nbsp;&nbsp;&nbsp;Preschool: N<br>&nbsp;&nbsp;&nbsp;&nbsp;Grade 1 - Age 12: N<br>
3259,Licensed Group,Penguin And Panda Childcare,1659 Manning Ave,,Port Coquitlam,V3B 1K7,49.268588,-122.760417,778-881-0530,,,N,N,N,N,N,N,N,N,N,N,N,N,N,N,N,N,N,,,N,N,N,N,N,N,N,Y,N,N,N,2026-05-01,,N,Y,N,Penguin And Panda Childcare<br>Licensed Group<br>778-881-0530<br><br>Vacancy:<br>&nbsp;&nbsp;&nbsp;&nbsp;<36 months: Y<br>&nbsp;&nbsp;&nbsp;&nbsp;30 months -- 5 years: N<br>&nbsp;&nbsp;&nbsp;&nbsp;Preschool: N<br>&nbsp;&nbsp;&nbsp;&nbsp;Grade 1 - Age 12: N<br>
3260,Licensed Family,Momzi Daycare,3390 Princeton Ave,,Coquitlam,V3E 0G1,49.298209,-122.755583,604-537-3782,,,N,N,N,N,N,N,N,N,N,N,N,N,N,N,N,N,N,,,N,N,N,N,N,N,N,Y,Y,N,N,2026-05-15,,N,Y,N,Momzi Daycare<br>Licensed Family<br>604-537-3782<br><br>Vacancy:<br>&nbsp;&nbsp;&nbsp;&nbsp;<36 months: Y<br>&nbsp;&nbsp;&nbsp;&nbsp;30 months -- 5 years: Y<br>&nbsp;&nbsp;&nbsp;&nbsp;Preschool: N<br>&nbsp;&nbsp;&nbsp;&nbsp;Grade 1 - Age 12: N<br>
3261,Licensed Group,Songbird Early Learning Centre,614 Ninth St,,Nelson,V1L 0A6,49.50388,-117.269781,250-352-9292,,,N,N,N,N,N,N,N,N,N,N,N,N,N,N,N,N,N,,,N,N,N,N,N,N,N,N,N,N,N,2026-05-08,,N,Y,N,Songbird Early Learning Centre<br>Licensed Group<br>250-352-9292<br><br>Vacancy:<br>&nbsp;&nbsp;&nbsp;&nbsp;<36 months: N<br>&nbsp;&nbsp;&nbsp;&nbsp;30 months -- 5 years: N<br>&nbsp;&nbsp;&nbsp;&nbsp;Preschool: N<br>&nbsp;&nbsp;&nbsp;&nbsp;Grade 1 - Age 12: N<br>
3262,Licensed Family,Little Smiles Childcare Centre,7983 Prince Albert St,,Vancouver,V5X 3Z9,49.212462,-123.088596,778-321-3246,,,N,N,N,N,N,N,N,N,N,N,N,N,N,N,N,N,N,,,N,N,N,N,N,N,N,N,N,N,N,2026-05-21,,N,Y,N,Little Smiles Childcare Centre<br>Licensed Family<br>778-321-3246<br><br>Vacancy:<br>&nbsp;&nbsp;&nbsp;&nbsp;<36 months: N<br>&nbsp;&nbsp;&nbsp;&nbsp;30 months -- 5 years: N<br>&nbsp;&nbsp;&nbsp;&nbsp;Preschool: N<br>&nbsp;&nbsp;&nbsp;&nbsp;Grade 1 - Age 12: N<br>
3263,Licensed Group,Apple Island Childcare,6859 Dow Ave,,Burnaby,V5J 3X1,49.221482,-123.003561,604-721-7488,,,N,N,N,N,N,N,N,N,N,N,N,N,N,N,N,N,N,,,N,N,N,N,N,N,N,N,N,N,N,2026-05-13,,N,Y,N,Apple Island Childcare<br>Licensed Group<br>604-721-7488<br><br>Vacancy:<br>&nbsp;&nbsp;&nbsp;&nbsp;<36 months: N<br>&nbsp;&nbsp;&nbsp;&nbsp;30 months -- 5 years: N<br>&nbsp;&nbsp;&nbsp;&nbsp;Preschool: N<br>&nbsp;&nbsp;&nbsp;&nbsp;Grade 1 - Age 12: N<br>
3264,Licensed Group,The B.C. Muslim Association,1359 Mckenzie Ave,,Victoria,V8P 2M1,48.471102,-123.348348,604-626-1340,,,N,N,N,N,N,N,N,N,N,N,N,N,N,N,N,N,N,,,N,N,N,N,N,N,N,N,Y,N,N,2026-05-19,,N,Y,N,The B.C. Muslim Association<br>Licensed Group<br>604-626-1340<br><br>Vacancy:<br>&nbsp;&nbsp;&nbsp;&nbsp;<36 months: N<br>&nbsp;&nbsp;&nbsp;&nbsp;30 months -- 5 years: Y<br>&nbsp;&nbsp;&nbsp;&nbsp;Preschool: N<br>&nbsp;&nbsp;&nbsp;&nbsp;Grade 1 - Age 12: N<br>
3265,Licensed Family,Joyful Harmony Child Care,6258 Empress Ave,,Burnaby,V5E 2S5,49.227616,-122.965838,778-885-0219,,,N,N,N,N,N,N,N,N,N,N,N,N,N,N,N,N,N,,,N,N,N,N,N,N,N,N,N,N,N,2026-05-01,,N,Y,N,Joyful Harmony Child Care<br>Licensed Family<br>778-885-0219<br><br>Vacancy:<br>&nbsp;&nbsp;&nbsp;&nbsp;<36 months: N<br>&nbsp;&nbsp;&nbsp;&nbsp;30 months -- 5 years: N<br>&nbsp;&nbsp;&nbsp;&nbsp;Preschool: N<br>&nbsp;&nbsp;&nbsp;&nbsp;Grade 1 - Age 12: N<br>
3266,Licensed Family,L & Friends Childcare,2025 Regan Ave,,Coquitlam,V3J 3C3,49.261961,-122.837989,604-363-9084,,,N,N,N,N,N,N,N,N,N,N,N,N,N,N,N,N,N,,,N,N,N,N,N,N,N,N,N,N,N,2026-05-20,,N,Y,N,L & Friends Childcare<br>Licensed Family<br>604-363-9084<br><br>Vacancy:<br>&nbsp;&nbsp;&nbsp;&nbsp;<36 months: N<br>&nbsp;&nbsp;&nbsp;&nbsp;30 months -- 5 years: N<br>&nbsp;&nbsp;&nbsp;&nbsp;Preschool: N<br>&nbsp;&nbsp;&nbsp;&nbsp;Grade 1 - Age 12: N<br>
3267,Licensed Group,Kidspace Learning Centres Armstrong Inc. Pleasant Valley,2570 Pleasant Valley Rd,,Armstrong,V4Y 0H8,50.439595,-119.205078,604-380-4060,,,N,N,N,N,N,N,N,N,N,N,N,N,N,N,N,N,N,,,N,N,N,N,N,N,N,N,N,N,N,2026-05-15,,N,Y,N,Kidspace Learning Centres Armstrong Inc. Pleasant Valley<br>Licensed Group<br>604-380-4060<br><br>Vacancy:<br>&nbsp;&nbsp;&nbsp;&nbsp;<36 months: N<br>&nbsp;&nbsp;&nbsp;&nbsp;30 months -- 5 years: N<br>&nbsp;&nbsp;&nbsp;&nbsp;Preschool: N<br>&nbsp;&nbsp;&nbsp;&nbsp;Grade 1 - Age 12: N<br>
3268,Licensed Group,Twig And Owl / Hardy,2668 Hardy Crescent,,North Vancouver,V7H 1K2,49.320437,-123.000091,604-929-5371,,,N,N,N,N,N,N,N,N,N,N,N,N,N,N,N,N,N,,,N,N,N,N,N,N,N,N,N,N,N,2026-04-19,,N,Y,N,Twig And Owl / Hardy<br>Licensed Group<br>604-929-5371<br><br>Vacancy:<br>&nbsp;&nbsp;&nbsp;&nbsp;<36 months: N<br>&nbsp;&nbsp;&nbsp;&nbsp;30 months -- 5 years: N<br>&nbsp;&nbsp;&nbsp;&nbsp;Preschool: N<br>&nbsp;&nbsp;&nbsp;&nbsp;Grade 1 - Age 12: N<br>
3269,Licensed Group,Cocomelon Learning Centre- 27Th Street,1-2901 27 St,,Vernon,V1T 4W3,50.26326,-119.266207,306-471-4567,,,N,N,N,N,N,N,N,N,N,N,N,N,N,N,N,N,N,,,N,N,N,N,N,N,N,N,N,N,N,2026-05-15,,N,Y,N,Cocomelon Learning Centre- 27Th Street<br>Licensed Group<br>306-471-4567<br><br>Vacancy:<br>&nbsp;&nbsp;&nbsp;&nbsp;<36 months: N<br>&nbsp;&nbsp;&nbsp;&nbsp;30 months -- 5 years: N<br>&nbsp;&nbsp;&nbsp;&nbsp;Preschool: N<br>&nbsp;&nbsp;&nbsp;&nbsp;Grade 1 - Age 12: N<br>
3270,Licensed Family,Maples Academy Keremeos,1-607 4Th St,,Keremeos,V0X 1N3,49.205742,-119.829075,604-445-8975,,,N,N,N,N,N,N,N,N,N,N,N,N,N,N,N,N,N,,,N,N,N,N,N,N,N,Y,N,N,N,2026-05-18,,N,Y,N,Maples Academy Keremeos<br>Licensed Family<br>604-445-8975<br><br>Vacancy:<br>&nbsp;&nbsp;&nbsp;&nbsp;<36 months: Y<br>&nbsp;&nbsp;&nbsp;&nbsp;30 months -- 5 years: N<br>&nbsp;&nbsp;&nbsp;&nbsp;Preschool: N<br>&nbsp;&nbsp;&nbsp;&nbsp;Grade 1 - Age 12: N<br>
3271,Licensed Group,Pebble Lane Early Learning White Rock,15670 Columbia Ave,,White Rock,V4B 1L1,49.018221,-122.788429,604-560-8353,,,N,N,N,N,N,N,N,N,N,N,N,N,N,N,N,N,N,,,N,N,N,N,N,N,N,Y,Y,N,N,2026-05-15,,N,Y,N,Pebble Lane Early Learning White Rock<br>Licensed Group<br>604-560-8353<br><br>Vacancy:<br>&nbsp;&nbsp;&nbsp;&nbsp;<36 months: Y<br>&nbsp;&nbsp;&nbsp;&nbsp;30 months -- 5 years: Y<br>&nbsp;&nbsp;&nbsp;&nbsp;Preschool: N<br>&nbsp;&nbsp;&nbsp;&nbsp;Grade 1 - Age 12: N<br>
3272,Licensed Family,Little Adventurers Learning Centre Inc.,33145 Capri Crt,,Abbotsford,V2S 5N5,49.034451,-122.305968,778-865-9816,,,N,N,N,N,N,N,N,N,N,N,N,N,N,N,N,N,N,,,N,N,N,N,N,N,N,Y,Y,N,Y,2026-04-15,,N,Y,N,Little Adventurers Learning Centre Inc.<br>Licensed Family<br>778-865-9816<br><br>Vacancy:<br>&nbsp;&nbsp;&nbsp;&nbsp;<36 months: Y<br>&nbsp;&nbsp;&nbsp;&nbsp;30 months -- 5 years: Y<br>&nbsp;&nbsp;&nbsp;&nbsp;Preschool: N<br>&nbsp;&nbsp;&nbsp;&nbsp;Grade 1 - Age 12: Y<br>
3273,Licensed Family,Sweetsteps Childcare,4366 Majestic Dr,,Victoria,V8N 5S1,48.486583,-123.332456,250-885-5168,,,N,N,N,N,N,N,N,N,N,N,N,N,N,N,N,N,N,,,N,N,N,N,N,N,N,Y,Y,N,N,2026-05-11,,N,Y,N,Sweetsteps Childcare<br>Licensed Family<br>250-885-5168<br><br>Vacancy:<br>&nbsp;&nbsp;&nbsp;&nbsp;<36 months: Y<br>&nbsp;&nbsp;&nbsp;&nbsp;30 months -- 5 years: Y<br>&nbsp;&nbsp;&nbsp;&nbsp;Preschool: N<br>&nbsp;&nbsp;&nbsp;&nbsp;Grade 1 - Age 12: N<br>
3274,Licensed Group,Garderie Les Louveteaux,785 49Th St,,Delta,V4M 2P3,49.017059,-123.089135,604-736-5056,,,N,N,N,N,N,N,N,N,N,N,N,N,N,N,N,N,N,Not offered,Not offered,N,N,N,N,N,N,N,N,Y,N,Y,2026-04-30,,N,Y,N,Garderie Les Louveteaux<br>Licensed Group<br>604-736-5056<br><br>Vacancy:<br>&nbsp;&nbsp;&nbsp;&nbsp;<36 months: N<br>&nbsp;&nbsp;&nbsp;&nbsp;30 months -- 5 years: Y<br>&nbsp;&nbsp;&nbsp;&nbsp;Preschool: N<br>&nbsp;&nbsp;&nbsp;&nbsp;Grade 1 - Age 12: Y<br>
3275,Licensed Group,Blossoms@Bellevue Academy (Mountain Hwy),102-277 Mountain Hwy,,North Vancouver,V7J 3T6,49.306849,-123.03253,778-288-0052,,,N,N,N,N,N,N,N,N,N,N,N,N,N,N,N,N,N,,,N,N,N,N,N,N,N,Y,N,N,N,2026-04-29,,N,Y,N,Blossoms@Bellevue Academy (Mountain Hwy)<br>Licensed Group<br>778-288-0052<br><br>Vacancy:<br>&nbsp;&nbsp;&nbsp;&nbsp;<36 months: Y<br>&nbsp;&nbsp;&nbsp;&nbsp;30 months -- 5 years: N<br>&nbsp;&nbsp;&nbsp;&nbsp;Preschool: N<br>&nbsp;&nbsp;&nbsp;&nbsp;Grade 1 - Age 12: N<br>
3276,Licensed Group,"Beanstalk Daycare, The",7-5530 Teskey Rd,,Chilliwack,V2R 4V3,49.102853,-121.938129,604-845-1050,,,N,N,N,N,N,N,N,N,N,N,N,N,N,N,N,N,N,,,N,N,N,N,N,N,N,N,N,N,N,2026-05-15,,N,Y,N,"Beanstalk Daycare, The<br>Licensed Group<br>604-845-1050<br><br>Vacancy:<br>&nbsp;&nbsp;&nbsp;&nbsp;<36 months: N<br>&nbsp;&nbsp;&nbsp;&nbsp;30 months -- 5 years: N<br>&nbsp;&nbsp;&nbsp;&nbsp;Preschool: N<br>&nbsp;&nbsp;&nbsp;&nbsp;Grade 1 - Age 12: N<br>"
3277,Licensed Family,Toddler World Early Learning Centre Inc.,664 Robson Dr,,Kamloops,V2E 2B7,50.647592,-120.353788,250-879-1436,,,N,N,N,N,N,N,N,N,N,N,N,N,N,N,N,N,N,,,N,N,N,N,N,N,N,N,N,N,N,2026-05-19,,N,Y,N,Toddler World Early Learning Centre Inc.<br>Licensed Family<br>250-879-1436<br><br>Vacancy:<br>&nbsp;&nbsp;&nbsp;&nbsp;<36 months: N<br>&nbsp;&nbsp;&nbsp;&nbsp;30 months -- 5 years: N<br>&nbsp;&nbsp;&nbsp;&nbsp;Preschool: N<br>&nbsp;&nbsp;&nbsp;&nbsp;Grade 1 - Age 12: N<br>
3278,Licensed Group,Watch Me Grow Early Learning Centre,9635 137 St,,Surrey,V3T 4G8,49.17777,-122.843608,778-239-0449,,,N,N,N,N,N,N,N,N,N,N,N,N,N,N,N,N,N,,,N,N,N,N,N,N,N,N,Y,N,N,2026-05-20,,N,Y,N,Watch Me Grow Early Learning Centre<br>Licensed Group<br>778-239-0449<br><br>Vacancy:<br>&nbsp;&nbsp;&nbsp;&nbsp;<36 months: N<br>&nbsp;&nbsp;&nbsp;&nbsp;30 months -- 5 years: Y<br>&nbsp;&nbsp;&nbsp;&nbsp;Preschool: N<br>&nbsp;&nbsp;&nbsp;&nbsp;Grade 1 - Age 12: N<br>
3279,Licensed Family,Bearbears Daycare,3262 Westsyde Rd,,Kamloops,V2B 0H1,50.767207,-120.345833,250-879-1651,,,N,N,N,N,N,N,N,N,N,N,N,N,N,N,N,N,N,,,N,N,N,N,N,N,N,N,N,N,N,2026-04-15,,N,Y,N,Bearbears Daycare<br>Licensed Family<br>250-879-1651<br><br>Vacancy:<br>&nbsp;&nbsp;&nbsp;&nbsp;<36 months: N<br>&nbsp;&nbsp;&nbsp;&nbsp;30 months -- 5 years: N<br>&nbsp;&nbsp;&nbsp;&nbsp;Preschool: N<br>&nbsp;&nbsp;&nbsp;&nbsp;Grade 1 - Age 12: N<br>
3280,Licensed Family,Kinderfarm Daycare Inc.,2220 Francis St,,Vernon,V1B 3B4,50.25868,-119.238608,250-503-7775,,,N,N,N,N,N,N,N,N,N,N,N,N,N,N,N,N,N,,,N,N,N,N,N,N,N,N,N,N,N,2026-05-08,,N,Y,N,Kinderfarm Daycare Inc.<br>Licensed Family<br>250-503-7775<br><br>Vacancy:<br>&nbsp;&nbsp;&nbsp;&nbsp;<36 months: N<br>&nbsp;&nbsp;&nbsp;&nbsp;30 months -- 5 years: N<br>&nbsp;&nbsp;&nbsp;&nbsp;Preschool: N<br>&nbsp;&nbsp;&nbsp;&nbsp;Grade 1 - Age 12: N<br>
3281,Licensed Family,Little Academics Childcare Ltd.,3686 Blue Jay St,,Abbotsford,V2T 6R6,49.069246,-122.371427,778-245-0373,,,N,N,N,N,N,N,N,N,N,N,N,N,N,N,N,N,N,,,N,N,N,N,N,N,N,Y,N,N,N,2026-05-19,,N,Y,N,Little Academics Childcare Ltd.<br>Licensed Family<br>778-245-0373<br><br>Vacancy:<br>&nbsp;&nbsp;&nbsp;&nbsp;<36 months: Y<br>&nbsp;&nbsp;&nbsp;&nbsp;30 months -- 5 years: N<br>&nbsp;&nbsp;&nbsp;&nbsp;Preschool: N<br>&nbsp;&nbsp;&nbsp;&nbsp;Grade 1 - Age 12: N<br>
3282,Licensed Family,Bright Young Minds Daycare,7080 Silverdale Pl,,Brentwood Bay,V8M 1G9,48.575228,-123.44284,778-679-7438,,,N,N,N,N,N,N,N,N,N,N,N,N,N,N,N,N,N,,,N,N,N,N,N,N,N,N,N,N,N,2026-05-19,,N,Y,N,Bright Young Minds Daycare<br>Licensed Family<br>778-679-7438<br><br>Vacancy:<br>&nbsp;&nbsp;&nbsp;&nbsp;<36 months: N<br>&nbsp;&nbsp;&nbsp;&nbsp;30 months -- 5 years: N<br>&nbsp;&nbsp;&nbsp;&nbsp;Preschool: N<br>&nbsp;&nbsp;&nbsp;&nbsp;Grade 1 - Age 12: N<br>
3283,Licensed Group,Doodle Bug Learning Center Inc,2051 Ingot Dr,,Cobble Hill,V8H 0K5,48.667264,-123.641259,403-808-1233,,,N,N,N,N,N,N,N,N,N,N,N,N,N,N,N,N,N,,,N,N,N,N,N,N,N,N,Y,N,N,2026-04-21,,N,Y,N,Doodle Bug Learning Center Inc<br>Licensed Group<br>403-808-1233<br><br>Vacancy:<br>&nbsp;&nbsp;&nbsp;&nbsp;<36 months: N<br>&nbsp;&nbsp;&nbsp;&nbsp;30 months -- 5 years: Y<br>&nbsp;&nbsp;&nbsp;&nbsp;Preschool: N<br>&nbsp;&nbsp;&nbsp;&nbsp;Grade 1 - Age 12: N<br>
3284,Licensed Group,Cefa Morgan Crossing East,101-15400 Croydon Dr,,Surrey,V3Z 1K1,49.059759,-122.796894,778-241-7917,,,N,N,N,N,N,N,N,N,N,N,N,N,N,N,N,N,N,,,N,N,N,N,N,N,N,Y,Y,N,N,2026-05-15,,N,Y,N,Cefa Morgan Crossing East<br>Licensed Group<br>778-241-7917<br><br>Vacancy:<br>&nbsp;&nbsp;&nbsp;&nbsp;<36 months: Y<br>&nbsp;&nbsp;&nbsp;&nbsp;30 months -- 5 years: Y<br>&nbsp;&nbsp;&nbsp;&nbsp;Preschool: N<br>&nbsp;&nbsp;&nbsp;&nbsp;Grade 1 - Age 12: N<br>
3285,Licensed Family,Roseland Childcare Center,2022 Foster Ave,,Coquitlam,V3J 2N6,49.255791,-122.838643,778-929-4740,,,Y,N,N,N,N,N,Y,Y,N,N,N,N,N,N,Y,N,Y,Not offered,Not offered,N,N,N,N,N,Y,N,N,N,N,N,2026-04-22,,N,Y,N,Roseland Childcare Center<br>Licensed Family<br>778-929-4740<br><br>Vacancy:<br>&nbsp;&nbsp;&nbsp;&nbsp;<36 months: N<br>&nbsp;&nbsp;&nbsp;&nbsp;30 months -- 5 years: N<br>&nbsp;&nbsp;&nbsp;&nbsp;Preschool: N<br>&nbsp;&nbsp;&nbsp;&nbsp;Grade 1 - Age 12: N<br>
3286,Licensed Group,Alex House Children's Centre At Strawberry Hill,12152 75 Ave,,Surrey,V3W 2S5,49.139255,-122.886111,778-239-2514,,,N,N,N,N,N,N,N,N,N,N,N,N,N,N,N,N,N,Not offered,Not offered,N,N,N,N,N,N,N,N,Y,N,N,2026-04-08,,N,N,N,Alex House Children's Centre At Strawberry Hill<br>Licensed Group<br>778-239-2514<br><br>Vacancy:<br>&nbsp;&nbsp;&nbsp;&nbsp;<36 months: N<br>&nbsp;&nbsp;&nbsp;&nbsp;30 months -- 5 years: Y<br>&nbsp;&nbsp;&nbsp;&nbsp;Preschool: N<br>&nbsp;&nbsp;&nbsp;&nbsp;Grade 1 - Age 12: N<br>
3287,Licensed Family,Cubby Campus Childcare Centre,2968 Thorncliffe Dr,,North Vancouver,V7R 2S8,49.336212,-123.09554,604-889-4946,,,N,N,N,N,N,N,N,N,N,N,N,N,N,N,N,N,N,,,N,N,N,N,N,N,N,N,N,N,Y,2026-05-15,,N,Y,N,Cubby Campus Childcare Centre<br>Licensed Family<br>604-889-4946<br><br>Vacancy:<br>&nbsp;&nbsp;&nbsp;&nbsp;<36 months: N<br>&nbsp;&nbsp;&nbsp;&nbsp;30 months -- 5 years: N<br>&nbsp;&nbsp;&nbsp;&nbsp;Preschool: N<br>&nbsp;&nbsp;&nbsp;&nbsp;Grade 1 - Age 12: Y<br>
3288,Licensed Family,Kanata Children's Place,3646 Lynndale Cres,,Burnaby,V5A 3S8,49.250881,-122.95131,672-755-2535,,,N,N,N,N,N,N,N,N,N,N,N,N,N,N,N,N,N,,,N,N,N,N,N,N,N,N,N,N,N,2026-05-16,,N,Y,N,Kanata Children's Place<br>Licensed Family<br>672-755-2535<br><br>Vacancy:<br>&nbsp;&nbsp;&nbsp;&nbsp;<36 months: N<br>&nbsp;&nbsp;&nbsp;&nbsp;30 months -- 5 years: N<br>&nbsp;&nbsp;&nbsp;&nbsp;Preschool: N<br>&nbsp;&nbsp;&nbsp;&nbsp;Grade 1 - Age 12: N<br>
3289,Licensed Group,Happy Kids Castle Daycare Inc,19004 119 Ave,,Pitt Meadows,V3Y 1X8,49.218737,-122.695106,778-882-1985,,,N,N,N,N,N,N,N,N,N,N,N,N,N,N,N,N,N,,,N,N,N,N,N,N,N,N,N,N,N,2026-05-13,,N,Y,N,Happy Kids Castle Daycare Inc<br>Licensed Group<br>778-882-1985<br><br>Vacancy:<br>&nbsp;&nbsp;&nbsp;&nbsp;<36 months: N<br>&nbsp;&nbsp;&nbsp;&nbsp;30 months -- 5 years: N<br>&nbsp;&nbsp;&nbsp;&nbsp;Preschool: N<br>&nbsp;&nbsp;&nbsp;&nbsp;Grade 1 - Age 12: N<br>
3290,Licensed Group,Woodpecker Infant Toddler Care,8482 214A St,,Langley,V1M 2K6,49.156807,-122.628901,236-990-1366,,,N,N,N,N,N,N,N,N,N,N,N,N,N,N,N,N,N,,,N,N,N,N,N,N,N,N,N,N,N,2026-05-18,,N,Y,N,Woodpecker Infant Toddler Care<br>Licensed Group<br>236-990-1366<br><br>Vacancy:<br>&nbsp;&nbsp;&nbsp;&nbsp;<36 months: N<br>&nbsp;&nbsp;&nbsp;&nbsp;30 months -- 5 years: N<br>&nbsp;&nbsp;&nbsp;&nbsp;Preschool: N<br>&nbsp;&nbsp;&nbsp;&nbsp;Grade 1 - Age 12: N<br>
3291,Licensed Group,Wings & Roots Afterschool Care,1406 George St,,Enderby,V0E 1V0,50.554858,-119.141108,778-215-2547,,,Y,N,N,N,N,N,N,N,N,Y,Y,N,N,N,N,N,N,Extra fee,Not offered,N,N,N,N,Y,Y,N,N,N,N,N,2026-05-17,,N,Y,N,Wings & Roots Afterschool Care<br>Licensed Group<br>778-215-2547<br><br>Vacancy:<br>&nbsp;&nbsp;&nbsp;&nbsp;<36 months: N<br>&nbsp;&nbsp;&nbsp;&nbsp;30 months -- 5 years: N<br>&nbsp;&nbsp;&nbsp;&nbsp;Preschool: N<br>&nbsp;&nbsp;&nbsp;&nbsp;Grade 1 - Age 12: N<br>
3292,Licensed Family,Little Hubs Academy Ltd,12327 99 Ave,,Surrey,V3V 2N6,49.182699,-122.881074,604-720-1587,,,N,N,N,N,N,N,N,N,N,N,N,N,N,N,N,N,N,,,N,N,N,N,N,N,N,N,N,N,N,2026-05-18,,N,Y,N,Little Hubs Academy Ltd<br>Licensed Family<br>604-720-1587<br><br>Vacancy:<br>&nbsp;&nbsp;&nbsp;&nbsp;<36 months: N<br>&nbsp;&nbsp;&nbsp;&nbsp;30 months -- 5 years: N<br>&nbsp;&nbsp;&nbsp;&nbsp;Preschool: N<br>&nbsp;&nbsp;&nbsp;&nbsp;Grade 1 - Age 12: N<br>
3293,Licensed Group,Playtime Childcare Society - Georgia Avenue Location,625 Georgia Ave,,Nanaimo,V9R 3W3,49.154063,-123.952665,250-714-4555,,,N,N,N,N,N,N,N,N,N,N,N,N,N,N,N,N,N,,,N,N,N,N,N,N,N,Y,Y,N,N,2026-05-15,,N,Y,N,Playtime Childcare Society - Georgia Avenue Location<br>Licensed Group<br>250-714-4555<br><br>Vacancy:<br>&nbsp;&nbsp;&nbsp;&nbsp;<36 months: Y<br>&nbsp;&nbsp;&nbsp;&nbsp;30 months -- 5 years: Y<br>&nbsp;&nbsp;&nbsp;&nbsp;Preschool: N<br>&nbsp;&nbsp;&nbsp;&nbsp;Grade 1 - Age 12: N<br>
3294,Licensed Family,Astra Star Daycare,16662 102 Ave,,Surrey,V4N 4X2,49.188566,-122.759645,604-771-6804,,,N,Y,Y,Y,N,Y,Y,Y,N,Y,Y,N,N,N,N,N,Y,Extra fee,Extra fee,N,N,N,N,N,N,Y,Y,Y,N,Y,2026-05-15,,N,Y,N,Astra Star Daycare<br>Licensed Family<br>604-771-6804<br><br>Vacancy:<br>&nbsp;&nbsp;&nbsp;&nbsp;<36 months: Y<br>&nbsp;&nbsp;&nbsp;&nbsp;30 months -- 5 years: Y<br>&nbsp;&nbsp;&nbsp;&nbsp;Preschool: N<br>&nbsp;&nbsp;&nbsp;&nbsp;Grade 1 - Age 12: Y<br>
3295,Licensed Family,Ceeport Happy Kids Daycare Ltd.,3670 Sunset Blvd,,North Vancouver,V7R 3X9,49.342877,-123.10426,778-871-7380,,,N,N,N,N,N,N,N,N,N,N,N,N,N,N,N,N,N,,,N,N,N,N,N,N,N,Y,Y,N,Y,2026-04-30,,N,Y,N,Ceeport Happy Kids Daycare Ltd.<br>Licensed Family<br>778-871-7380<br><br>Vacancy:<br>&nbsp;&nbsp;&nbsp;&nbsp;<36 months: Y<br>&nbsp;&nbsp;&nbsp;&nbsp;30 months -- 5 years: Y<br>&nbsp;&nbsp;&nbsp;&nbsp;Preschool: N<br>&nbsp;&nbsp;&nbsp;&nbsp;Grade 1 - Age 12: Y<br>
3296,Licensed Group,Glitter And Sparkly Childcare Ltd,27123 River Rd,,Maple Ridge,V2W 1M4,49.175836,-122.471039,604-360-1247,,,N,N,N,N,N,N,N,N,N,N,N,N,N,N,N,N,N,,,N,N,N,N,N,N,N,Y,Y,N,N,2026-05-15,,N,Y,N,Glitter And Sparkly Childcare Ltd<br>Licensed Group<br>604-360-1247<br><br>Vacancy:<br>&nbsp;&nbsp;&nbsp;&nbsp;<36 months: Y<br>&nbsp;&nbsp;&nbsp;&nbsp;30 months -- 5 years: Y<br>&nbsp;&nbsp;&nbsp;&nbsp;Preschool: N<br>&nbsp;&nbsp;&nbsp;&nbsp;Grade 1 - Age 12: N<br>
3297,Licensed Group,Forest Cubs Childcare,20467 90 Cres,,Langley,V1M 1A7,49.165262,-122.654397,647-864-1234,,,N,N,N,N,N,N,N,N,N,N,N,N,N,N,N,N,N,,,N,N,N,N,N,N,N,Y,N,N,N,2026-05-15,,N,Y,N,Forest Cubs Childcare<br>Licensed Group<br>647-864-1234<br><br>Vacancy:<br>&nbsp;&nbsp;&nbsp;&nbsp;<36 months: Y<br>&nbsp;&nbsp;&nbsp;&nbsp;30 months -- 5 years: N<br>&nbsp;&nbsp;&nbsp;&nbsp;Preschool: N<br>&nbsp;&nbsp;&nbsp;&nbsp;Grade 1 - Age 12: N<br>
3298,Licensed Group,Kids First Montessori Preschool,15372 94 Ave,,Surrey,V3R 1E3,49.173325,-122.796543,778-895-0007,,,N,N,N,N,N,N,N,N,N,N,N,N,N,N,N,N,N,,,N,N,N,N,N,N,N,N,N,N,N,2026-05-15,,N,Y,N,Kids First Montessori Preschool<br>Licensed Group<br>778-895-0007<br><br>Vacancy:<br>&nbsp;&nbsp;&nbsp;&nbsp;<36 months: N<br>&nbsp;&nbsp;&nbsp;&nbsp;30 months -- 5 years: N<br>&nbsp;&nbsp;&nbsp;&nbsp;Preschool: N<br>&nbsp;&nbsp;&nbsp;&nbsp;Grade 1 - Age 12: N<br>
3299,Licensed Family,Lovely Bee House Daycare,21309 87B Ave,,Langley,V1M 2A1,49.16195,-122.631695,778-681-0863,,,N,N,N,N,N,N,N,N,N,N,N,N,N,N,N,N,N,,,N,N,N,N,N,N,N,N,N,N,N,2026-04-27,,N,Y,N,Lovely Bee House Daycare<br>Licensed Family<br>778-681-0863<br><br>Vacancy:<br>&nbsp;&nbsp;&nbsp;&nbsp;<36 months: N<br>&nbsp;&nbsp;&nbsp;&nbsp;30 months -- 5 years: N<br>&nbsp;&nbsp;&nbsp;&nbsp;Preschool: N<br>&nbsp;&nbsp;&nbsp;&nbsp;Grade 1 - Age 12: N<br>
3300,Licensed Family,Icando Child Care Centre,820 Tartan Rd,,Kelowna,V1X 3L7,49.898893,-119.393831,604-600-2784,,,N,N,N,N,N,N,N,N,N,N,N,N,N,N,N,N,N,,,N,N,N,N,N,N,N,N,N,N,N,2026-04-24,,N,Y,N,Icando Child Care Centre<br>Licensed Family<br>604-600-2784<br><br>Vacancy:<br>&nbsp;&nbsp;&nbsp;&nbsp;<36 months: N<br>&nbsp;&nbsp;&nbsp;&nbsp;30 months -- 5 years: N<br>&nbsp;&nbsp;&nbsp;&nbsp;Preschool: N<br>&nbsp;&nbsp;&nbsp;&nbsp;Grade 1 - Age 12: N<br>
3301,Licensed Group,House Of Montessori Daycare,6599 Berkeley St,,Vancouver,V5S 2J5,49.223943,-123.05774,604-417-1505,,,N,N,N,N,N,N,N,N,N,N,N,N,N,N,N,N,N,,,N,N,N,N,N,N,N,N,N,N,N,2026-04-20,,N,Y,N,House Of Montessori Daycare<br>Licensed Group<br>604-417-1505<br><br>Vacancy:<br>&nbsp;&nbsp;&nbsp;&nbsp;<36 months: N<br>&nbsp;&nbsp;&nbsp;&nbsp;30 months -- 5 years: N<br>&nbsp;&nbsp;&nbsp;&nbsp;Preschool: N<br>&nbsp;&nbsp;&nbsp;&nbsp;Grade 1 - Age 12: N<br>
3302,Licensed Group,Cablecar Childcare,131 Sturgeon St,,Kitimat,V8C 2K6,54.091572,-128.62404,403-409-3447,,,N,N,N,N,N,N,N,N,N,N,N,N,N,N,N,N,N,,,N,N,N,N,N,N,N,N,Y,N,N,2026-05-12,,N,Y,N,Cablecar Childcare<br>Licensed Group<br>403-409-3447<br><br>Vacancy:<br>&nbsp;&nbsp;&nbsp;&nbsp;<36 months: N<br>&nbsp;&nbsp;&nbsp;&nbsp;30 months -- 5 years: Y<br>&nbsp;&nbsp;&nbsp;&nbsp;Preschool: N<br>&nbsp;&nbsp;&nbsp;&nbsp;Grade 1 - Age 12: N<br>
3303,Licensed Group,Happy Learner Daycare Centre,3478 Trumpeter St,,Victoria,V9C 0R5,48.416008,-123.494087,250-797-6818,,,N,N,N,N,N,N,N,N,N,N,N,N,N,N,N,N,N,,,N,N,N,N,N,N,N,N,N,N,N,2026-04-03,,N,Y,N,Happy Learner Daycare Centre<br>Licensed Group<br>250-797-6818<br><br>Vacancy:<br>&nbsp;&nbsp;&nbsp;&nbsp;<36 months: N<br>&nbsp;&nbsp;&nbsp;&nbsp;30 months -- 5 years: N<br>&nbsp;&nbsp;&nbsp;&nbsp;Preschool: N<br>&nbsp;&nbsp;&nbsp;&nbsp;Grade 1 - Age 12: N<br>
3304,Licensed Group,Kidsrus Early Learning Center Oak Street,1007 51St Ave W,,Vancouver,V6P 1C2,49.224945,-123.128828,604-767-0439,,,N,N,N,N,N,N,N,N,N,N,N,N,N,N,N,N,N,,,N,N,N,N,N,N,N,N,N,N,N,2026-05-18,,N,Y,N,Kidsrus Early Learning Center Oak Street<br>Licensed Group<br>604-767-0439<br><br>Vacancy:<br>&nbsp;&nbsp;&nbsp;&nbsp;<36 months: N<br>&nbsp;&nbsp;&nbsp;&nbsp;30 months -- 5 years: N<br>&nbsp;&nbsp;&nbsp;&nbsp;Preschool: N<br>&nbsp;&nbsp;&nbsp;&nbsp;Grade 1 - Age 12: N<br>
3305,Licensed Group,Mira's Happy House@ St. Anthony Elementary School,595 Keith Rd,,West Vancouver,V7T 1L8,49.331792,-123.132042,604-723-1494,,,N,N,N,N,N,N,N,N,N,N,N,N,N,N,N,N,N,,,N,N,N,N,N,N,N,N,N,N,Y,2026-04-20,,N,Y,N,Mira's Happy House@ St. Anthony Elementary School<br>Licensed Group<br>604-723-1494<br><br>Vacancy:<br>&nbsp;&nbsp;&nbsp;&nbsp;<36 months: N<br>&nbsp;&nbsp;&nbsp;&nbsp;30 months -- 5 years: N<br>&nbsp;&nbsp;&nbsp;&nbsp;Preschool: N<br>&nbsp;&nbsp;&nbsp;&nbsp;Grade 1 - Age 12: Y<br>
3306,Licensed Group,Lni Childcare Learning Centre,8090 Atchelitz Rd,,Chilliwack,V2R 4H4,49.147584,-121.987598,604-446-7721,,,N,N,N,N,N,N,N,N,N,N,N,N,N,N,N,N,N,,,N,N,N,N,N,N,N,Y,N,N,N,2026-04-16,,N,Y,N,Lni Childcare Learning Centre<br>Licensed Group<br>604-446-7721<br><br>Vacancy:<br>&nbsp;&nbsp;&nbsp;&nbsp;<36 months: Y<br>&nbsp;&nbsp;&nbsp;&nbsp;30 months -- 5 years: N<br>&nbsp;&nbsp;&nbsp;&nbsp;Preschool: N<br>&nbsp;&nbsp;&nbsp;&nbsp;Grade 1 - Age 12: N<br>
3307,Licensed Group,Growing Steps Academy,3375 Laburnum Dr,,Trail,V1R 2S8,49.100623,-117.671047,778-387-1787,,,N,N,N,N,N,N,N,N,N,N,N,N,N,N,N,N,N,,,N,N,N,N,N,N,N,N,N,N,N,2026-05-15,,N,Y,N,Growing Steps Academy<br>Licensed Group<br>778-387-1787<br><br>Vacancy:<br>&nbsp;&nbsp;&nbsp;&nbsp;<36 months: N<br>&nbsp;&nbsp;&nbsp;&nbsp;30 months -- 5 years: N<br>&nbsp;&nbsp;&nbsp;&nbsp;Preschool: N<br>&nbsp;&nbsp;&nbsp;&nbsp;Grade 1 - Age 12: N<br>
3308,Licensed Group,Sunny Valley Early Learning Centre,"201-203, 7592 Vedder Rd Chilliwack Bc V2r 5V9",,Chilliwack,V2R 5V9,49.13995,-121.958035,778-683-5791,,,N,N,N,N,N,N,N,N,N,N,N,N,N,N,N,N,N,,,N,N,N,N,N,N,N,N,Y,N,N,2026-05-19,,N,Y,N,Sunny Valley Early Learning Centre<br>Licensed Group<br>778-683-5791<br><br>Vacancy:<br>&nbsp;&nbsp;&nbsp;&nbsp;<36 months: N<br>&nbsp;&nbsp;&nbsp;&nbsp;30 months -- 5 years: Y<br>&nbsp;&nbsp;&nbsp;&nbsp;Preschool: N<br>&nbsp;&nbsp;&nbsp;&nbsp;Grade 1 - Age 12: N<br>
3309,Licensed Group,A & B Early Learning Centre,6327 Berwick Crt,,Burnaby,V5E 4C3,49.227791,-122.971428,778-995-2628,,,N,N,N,N,N,N,N,N,N,N,N,N,N,N,N,N,N,,,N,N,N,N,N,N,N,Y,Y,N,N,2026-05-14,,N,Y,N,A & B Early Learning Centre<br>Licensed Group<br>778-995-2628<br><br>Vacancy:<br>&nbsp;&nbsp;&nbsp;&nbsp;<36 months: Y<br>&nbsp;&nbsp;&nbsp;&nbsp;30 months -- 5 years: Y<br>&nbsp;&nbsp;&nbsp;&nbsp;Preschool: N<br>&nbsp;&nbsp;&nbsp;&nbsp;Grade 1 - Age 12: N<br>
3310,Licensed Group,Beautiful Blessings Learning Centre Inc,103-1785 Clearbrook Rd,,Abbotsford,V2T 5X5,49.034332,-122.337701,778-865-9816,,,Y,Y,Y,N,N,N,Y,Y,Y,Y,Y,N,Y,N,Y,N,N,Included in fee,Include in fee,Y,N,N,N,Y,Y,Y,Y,Y,Y,Y,2026-05-11,,N,Y,N,Beautiful Blessings Learning Centre Inc<br>Licensed Group<br>778-865-9816<br><br>Vacancy:<br>&nbsp;&nbsp;&nbsp;&nbsp;<36 months: Y<br>&nbsp;&nbsp;&nbsp;&nbsp;30 months -- 5 years: Y<br>&nbsp;&nbsp;&nbsp;&nbsp;Preschool: Y<br>&nbsp;&nbsp;&nbsp;&nbsp;Grade 1 - Age 12: Y<br>
3311,Licensed Group,Mount Pleasant Neighbourhood House At Eric Hamber Secondary,902 33Rd Ave W,,Vancouver,V5Z 0L2,49.241299,-123.125127,604-879-8208,,,N,N,N,N,N,N,N,N,N,N,N,N,N,N,N,N,N,Not offered,Not offered,N,N,N,N,N,N,N,N,N,N,N,2026-04-08,,N,Y,Y,Mount Pleasant Neighbourhood House At Eric Hamber Secondary<br>Licensed Group<br>604-879-8208<br><br>Vacancy:<br>&nbsp;&nbsp;&nbsp;&nbsp;<36 months: N<br>&nbsp;&nbsp;&nbsp;&nbsp;30 months -- 5 years: N<br>&nbsp;&nbsp;&nbsp;&nbsp;Preschool: N<br>&nbsp;&nbsp;&nbsp;&nbsp;Grade 1 - Age 12: N<br>
3312,Licensed Group,Mount Pleasant Neighbourhood House At Eric Hamber Secondary,902 33Rd Ave W,,Vancouver,V5Z 0L2,49.241299,-123.125127,604-879-8208,,,N,N,N,N,N,N,N,N,N,N,N,N,N,N,N,N,N,Not offered,Not offered,N,N,N,N,N,N,N,N,N,N,N,2026-04-08,,N,Y,Y,Mount Pleasant Neighbourhood House At Eric Hamber Secondary<br>Licensed Group<br>604-879-8208<br><br>Vacancy:<br>&nbsp;&nbsp;&nbsp;&nbsp;<36 months: N<br>&nbsp;&nbsp;&nbsp;&nbsp;30 months -- 5 years: N<br>&nbsp;&nbsp;&nbsp;&nbsp;Preschool: N<br>&nbsp;&nbsp;&nbsp;&nbsp;Grade 1 - Age 12: N<br>
3313,Licensed Family,Simba Daycare,3750 St. Pauls Ave,,North Vancouver,V7N 1T3,49.343601,-123.069645,604-719-4481,,,Y,N,N,N,N,Y,Y,Y,N,Y,N,N,N,N,N,N,N,Extra fee,Not offered,N,N,N,N,N,N,N,Y,Y,N,Y,2026-05-20,,N,Y,N,Simba Daycare<br>Licensed Family<br>604-719-4481<br><br>Vacancy:<br>&nbsp;&nbsp;&nbsp;&nbsp;<36 months: Y<br>&nbsp;&nbsp;&nbsp;&nbsp;30 months -- 5 years: Y<br>&nbsp;&nbsp;&nbsp;&nbsp;Preschool: N<br>&nbsp;&nbsp;&nbsp;&nbsp;Grade 1 - Age 12: Y<br>
3314,Licensed Family,Loving Shades Childcare Center Ltd.,14281 62 B Ave,,Surrey,V3X 0B7,49.117073,-122.826398,604-358-5756,,,N,N,N,N,N,N,N,N,N,N,N,N,N,N,N,N,N,,,N,N,N,N,N,N,N,Y,Y,N,Y,2026-05-19,,N,Y,N,Loving Shades Childcare Center Ltd.<br>Licensed Family<br>604-358-5756<br><br>Vacancy:<br>&nbsp;&nbsp;&nbsp;&nbsp;<36 months: Y<br>&nbsp;&nbsp;&nbsp;&nbsp;30 months -- 5 years: Y<br>&nbsp;&nbsp;&nbsp;&nbsp;Preschool: N<br>&nbsp;&nbsp;&nbsp;&nbsp;Grade 1 - Age 12: Y<br>
3315,Licensed Group,Cela Afterschool Learning,6640 Blundell Rd,,Richmond,V7C 1H8,49.155166,-123.150501,778-951-3438,,,N,N,N,N,N,N,N,N,N,N,N,N,N,N,N,N,N,,,N,N,N,N,N,N,N,N,N,N,Y,2026-05-20,,N,Y,N,Cela Afterschool Learning<br>Licensed Group<br>778-951-3438<br><br>Vacancy:<br>&nbsp;&nbsp;&nbsp;&nbsp;<36 months: N<br>&nbsp;&nbsp;&nbsp;&nbsp;30 months -- 5 years: N<br>&nbsp;&nbsp;&nbsp;&nbsp;Preschool: N<br>&nbsp;&nbsp;&nbsp;&nbsp;Grade 1 - Age 12: Y<br>
3316,Licensed Family,Deniz Family Childcare,2979 Paisley Rd,,North Vancouver,V7R 1C6,49.337409,-123.111963,514-608-4865,,,N,N,N,N,N,N,N,N,N,N,N,N,N,N,N,N,N,,,N,N,N,N,N,N,N,Y,Y,N,N,2026-04-19,,N,Y,N,Deniz Family Childcare<br>Licensed Family<br>514-608-4865<br><br>Vacancy:<br>&nbsp;&nbsp;&nbsp;&nbsp;<36 months: Y<br>&nbsp;&nbsp;&nbsp;&nbsp;30 months -- 5 years: Y<br>&nbsp;&nbsp;&nbsp;&nbsp;Preschool: N<br>&nbsp;&nbsp;&nbsp;&nbsp;Grade 1 - Age 12: N<br>
3317,Licensed Family,Five Stars Child Care,1542 Angelo Ave,,Port Coquitlam,V3B 1C7,49.261499,-122.757175,604-442-9431,,,N,N,N,N,N,N,N,N,N,N,N,N,N,N,N,N,N,,,N,N,N,N,N,N,N,Y,Y,N,Y,2026-05-01,,N,Y,N,Five Stars Child Care<br>Licensed Family<br>604-442-9431<br><br>Vacancy:<br>&nbsp;&nbsp;&nbsp;&nbsp;<36 months: Y<br>&nbsp;&nbsp;&nbsp;&nbsp;30 months -- 5 years: Y<br>&nbsp;&nbsp;&nbsp;&nbsp;Preschool: N<br>&nbsp;&nbsp;&nbsp;&nbsp;Grade 1 - Age 12: Y<br>
3318,Licensed Family,Wondersprouts Daycare Ltd,33469 Franklin Ave,,Abbotsford,V2S 1B1,49.032126,-122.296825,778-933-1242,,,N,N,N,N,N,N,Y,Y,N,Y,Y,N,Y,N,N,N,N,Not offered,Not offered,N,N,N,N,N,Y,Y,N,N,N,N,2026-04-26,,N,Y,N,Wondersprouts Daycare Ltd<br>Licensed Family<br>778-933-1242<br><br>Vacancy:<br>&nbsp;&nbsp;&nbsp;&nbsp;<36 months: N<br>&nbsp;&nbsp;&nbsp;&nbsp;30 months -- 5 years: N<br>&nbsp;&nbsp;&nbsp;&nbsp;Preschool: N<br>&nbsp;&nbsp;&nbsp;&nbsp;Grade 1 - Age 12: N<br>
3319,Licensed Group,Ideal Kids Early Learning Center,2079 Falcon Rd,,Kamloops,V2C 4J2,50.678465,-120.268409,250-879-3001,,,N,N,N,N,N,N,N,N,N,N,N,N,N,N,N,N,N,,,N,N,N,N,N,N,N,Y,Y,N,N,2026-05-19,,N,Y,N,Ideal Kids Early Learning Center<br>Licensed Group<br>250-879-3001<br><br>Vacancy:<br>&nbsp;&nbsp;&nbsp;&nbsp;<36 months: Y<br>&nbsp;&nbsp;&nbsp;&nbsp;30 months -- 5 years: Y<br>&nbsp;&nbsp;&nbsp;&nbsp;Preschool: N<br>&nbsp;&nbsp;&nbsp;&nbsp;Grade 1 - Age 12: N<br>
3320,Licensed Family,Wee Urchins Family Daycare,294 Meade Ave,,Victoria,V9C 1C9,48.43766,-123.456598,250-858-9153,,,N,N,N,N,N,N,N,N,N,N,N,N,N,N,N,N,N,,,N,N,N,N,N,N,N,N,N,N,N,2026-05-19,,N,Y,N,Wee Urchins Family Daycare<br>Licensed Family<br>250-858-9153<br><br>Vacancy:<br>&nbsp;&nbsp;&nbsp;&nbsp;<36 months: N<br>&nbsp;&nbsp;&nbsp;&nbsp;30 months -- 5 years: N<br>&nbsp;&nbsp;&nbsp;&nbsp;Preschool: N<br>&nbsp;&nbsp;&nbsp;&nbsp;Grade 1 - Age 12: N<br>
3321,Licensed Family,Tiny Rainbow Daycare,1190 Sinclair St,,West Vancouver,V7V 3W2,49.335368,-123.162764,778-522-4045,,,N,N,N,N,N,N,N,N,N,N,N,N,N,N,N,N,N,,,N,N,N,N,N,N,N,N,N,N,N,2026-05-12,,N,Y,N,Tiny Rainbow Daycare<br>Licensed Family<br>778-522-4045<br><br>Vacancy:<br>&nbsp;&nbsp;&nbsp;&nbsp;<36 months: N<br>&nbsp;&nbsp;&nbsp;&nbsp;30 months -- 5 years: N<br>&nbsp;&nbsp;&nbsp;&nbsp;Preschool: N<br>&nbsp;&nbsp;&nbsp;&nbsp;Grade 1 - Age 12: N<br>
3322,Licensed Group,Dreamy Eyes Childcare Inc.,2742A Country Club Dr,,Nanaimo,V9T 1R2,49.203099,-123.994213,,,,N,N,N,N,N,N,N,N,N,N,N,N,N,N,N,N,N,,,N,N,N,N,N,N,N,N,N,N,N,2026-05-19,,N,Y,N,Dreamy Eyes Childcare Inc.<br>Licensed Group<br>None<br><br>Vacancy:<br>&nbsp;&nbsp;&nbsp;&nbsp;<36 months: N<br>&nbsp;&nbsp;&nbsp;&nbsp;30 months -- 5 years: N<br>&nbsp;&nbsp;&nbsp;&nbsp;Preschool: N<br>&nbsp;&nbsp;&nbsp;&nbsp;Grade 1 - Age 12: N<br>
3323,Licensed Group,Epicentre,4409 Bedwell Harbour Rd,,Pender Island,V0N 2M1,48.798511,-123.282225,250-629-3665,,,N,N,N,N,N,N,N,N,N,N,N,N,N,N,N,N,N,,,N,N,N,N,N,N,N,N,Y,N,N,2026-05-11,,N,Y,N,Epicentre<br>Licensed Group<br>250-629-3665<br><br>Vacancy:<br>&nbsp;&nbsp;&nbsp;&nbsp;<36 months: N<br>&nbsp;&nbsp;&nbsp;&nbsp;30 months -- 5 years: Y<br>&nbsp;&nbsp;&nbsp;&nbsp;Preschool: N<br>&nbsp;&nbsp;&nbsp;&nbsp;Grade 1 - Age 12: N<br>
3324,Licensed Family,Red Moon Childcare,13477 78A Ave,,Surrey,V3W 2Y2,49.14556,-122.849206,604-561-7112,,,N,N,N,N,N,N,N,N,N,N,N,N,N,N,N,N,N,,,N,N,N,N,N,N,N,N,N,N,N,2026-04-22,,N,Y,N,Red Moon Childcare<br>Licensed Family<br>604-561-7112<br><br>Vacancy:<br>&nbsp;&nbsp;&nbsp;&nbsp;<36 months: N<br>&nbsp;&nbsp;&nbsp;&nbsp;30 months -- 5 years: N<br>&nbsp;&nbsp;&nbsp;&nbsp;Preschool: N<br>&nbsp;&nbsp;&nbsp;&nbsp;Grade 1 - Age 12: N<br>
3325,Licensed Family,Creek Kids Childcare,262 Wayne Rd,,Campbell River,V9W 1T6,49.958036,-125.212307,250-202-6847,,,N,N,N,N,N,N,N,N,N,N,N,N,N,N,N,N,N,,,N,N,N,N,N,N,N,N,N,N,N,2026-05-14,,N,Y,N,Creek Kids Childcare<br>Licensed Family<br>250-202-6847<br><br>Vacancy:<br>&nbsp;&nbsp;&nbsp;&nbsp;<36 months: N<br>&nbsp;&nbsp;&nbsp;&nbsp;30 months -- 5 years: N<br>&nbsp;&nbsp;&nbsp;&nbsp;Preschool: N<br>&nbsp;&nbsp;&nbsp;&nbsp;Grade 1 - Age 12: N<br>
3326,Licensed Group,Little Moon Childcare Ltd,23106 135 Ave,,Maple Ridge,V4R 0E6,49.247291,-122.582667,778-251-2740,,,N,N,N,N,N,N,N,N,N,N,N,N,N,N,N,N,N,,,N,N,N,N,N,N,N,N,N,N,N,2026-05-14,,N,Y,N,Little Moon Childcare Ltd<br>Licensed Group<br>778-251-2740<br><br>Vacancy:<br>&nbsp;&nbsp;&nbsp;&nbsp;<36 months: N<br>&nbsp;&nbsp;&nbsp;&nbsp;30 months -- 5 years: N<br>&nbsp;&nbsp;&nbsp;&nbsp;Preschool: N<br>&nbsp;&nbsp;&nbsp;&nbsp;Grade 1 - Age 12: N<br>
3327,Licensed Family,Sproutlings Sanctuary,214 Crestview Dr,,Prince Rupert,V8J 2Z7,54.318772,-130.290878,604-832-1247,,,N,N,N,N,N,N,N,N,N,N,N,N,N,N,N,N,N,,,N,N,N,N,N,N,N,Y,Y,N,N,2026-05-13,,N,Y,N,Sproutlings Sanctuary<br>Licensed Family<br>604-832-1247<br><br>Vacancy:<br>&nbsp;&nbsp;&nbsp;&nbsp;<36 months: Y<br>&nbsp;&nbsp;&nbsp;&nbsp;30 months -- 5 years: Y<br>&nbsp;&nbsp;&nbsp;&nbsp;Preschool: N<br>&nbsp;&nbsp;&nbsp;&nbsp;Grade 1 - Age 12: N<br>
3328,Licensed Group,All Bright Early Learning Center Metro,5620 Oakglen Dr,,Burnaby,V5H 3M5,49.23357,-122.989916,778-316-5360,,,N,N,N,N,N,N,N,N,N,N,N,N,N,N,N,N,N,,,N,N,N,N,N,N,N,N,N,N,N,2026-05-02,,N,Y,N,All Bright Early Learning Center Metro<br>Licensed Group<br>778-316-5360<br><br>Vacancy:<br>&nbsp;&nbsp;&nbsp;&nbsp;<36 months: N<br>&nbsp;&nbsp;&nbsp;&nbsp;30 months -- 5 years: N<br>&nbsp;&nbsp;&nbsp;&nbsp;Preschool: N<br>&nbsp;&nbsp;&nbsp;&nbsp;Grade 1 - Age 12: N<br>
3329,Licensed Family,My Nest Daycare,7521 Minster Dr E,,Delta,V4C 7C3,49.139933,-122.914034,236-591-8154,,,N,N,N,N,N,N,N,N,N,N,N,N,N,N,N,N,N,,,N,N,N,N,N,N,N,N,N,N,Y,2026-05-19,,N,Y,N,My Nest Daycare<br>Licensed Family<br>236-591-8154<br><br>Vacancy:<br>&nbsp;&nbsp;&nbsp;&nbsp;<36 months: N<br>&nbsp;&nbsp;&nbsp;&nbsp;30 months -- 5 years: N<br>&nbsp;&nbsp;&nbsp;&nbsp;Preschool: N<br>&nbsp;&nbsp;&nbsp;&nbsp;Grade 1 - Age 12: Y<br>
3330,Licensed Group,Preschool North & Childcare,333 Becott Place,,Prince George,V2L 4V7,53.905137,-122.735886,250-565-5262,,,N,N,N,N,N,N,N,N,N,N,N,N,N,N,N,N,N,,,N,N,N,N,N,N,N,N,Y,N,N,2026-05-04,,N,Y,N,Preschool North & Childcare<br>Licensed Group<br>250-565-5262<br><br>Vacancy:<br>&nbsp;&nbsp;&nbsp;&nbsp;<36 months: N<br>&nbsp;&nbsp;&nbsp;&nbsp;30 months -- 5 years: Y<br>&nbsp;&nbsp;&nbsp;&nbsp;Preschool: N<br>&nbsp;&nbsp;&nbsp;&nbsp;Grade 1 - Age 12: N<br>
3331,Licensed Group,Kids Town Childcare Centre,101-104 - 32559 Logan Ave,,Mission,V2V 6W8,49.134063,-122.323319,604-388-0707,,,N,N,N,N,N,N,N,N,N,N,N,N,N,N,N,N,N,,,N,N,N,N,N,N,N,Y,Y,N,N,2026-05-10,,N,Y,N,Kids Town Childcare Centre<br>Licensed Group<br>604-388-0707<br><br>Vacancy:<br>&nbsp;&nbsp;&nbsp;&nbsp;<36 months: Y<br>&nbsp;&nbsp;&nbsp;&nbsp;30 months -- 5 years: Y<br>&nbsp;&nbsp;&nbsp;&nbsp;Preschool: N<br>&nbsp;&nbsp;&nbsp;&nbsp;Grade 1 - Age 12: N<br>
3332,Licensed Group,Blossoms & Roots Childcare - Crescent Park,12752 28 Ave,,Surrey,V4A 2P4,49.052881,-122.868643,778-871-3043,,,N,N,N,N,N,N,N,N,N,N,N,N,N,N,N,N,N,,,N,N,N,N,N,N,N,N,N,N,N,2026-05-15,,N,Y,N,Blossoms & Roots Childcare - Crescent Park<br>Licensed Group<br>778-871-3043<br><br>Vacancy:<br>&nbsp;&nbsp;&nbsp;&nbsp;<36 months: N<br>&nbsp;&nbsp;&nbsp;&nbsp;30 months -- 5 years: N<br>&nbsp;&nbsp;&nbsp;&nbsp;Preschool: N<br>&nbsp;&nbsp;&nbsp;&nbsp;Grade 1 - Age 12: N<br>
3333,Licensed Family,Care And Fun Childcare Centre 2,33422 King Rd,,Abbotsford,V2S 6J5,49.030893,-122.298208,778-552-5130,,,N,N,N,N,N,N,N,N,N,N,N,N,N,N,N,N,N,,,N,N,N,N,N,N,N,N,N,N,N,2026-05-19,,N,Y,N,Care And Fun Childcare Centre 2<br>Licensed Family<br>778-552-5130<br><br>Vacancy:<br>&nbsp;&nbsp;&nbsp;&nbsp;<36 months: N<br>&nbsp;&nbsp;&nbsp;&nbsp;30 months -- 5 years: N<br>&nbsp;&nbsp;&nbsp;&nbsp;Preschool: N<br>&nbsp;&nbsp;&nbsp;&nbsp;Grade 1 - Age 12: N<br>
3334,Licensed Family,Dream & Discover,45454 Reece Ave,,Chilliwack,V2P 3A3,49.176155,-121.966591,778-872-5725,,,N,N,N,N,N,N,N,N,N,N,N,N,N,N,N,N,N,,,N,N,N,N,N,N,N,N,N,N,N,2026-05-21,,N,Y,N,Dream & Discover<br>Licensed Family<br>778-872-5725<br><br>Vacancy:<br>&nbsp;&nbsp;&nbsp;&nbsp;<36 months: N<br>&nbsp;&nbsp;&nbsp;&nbsp;30 months -- 5 years: N<br>&nbsp;&nbsp;&nbsp;&nbsp;Preschool: N<br>&nbsp;&nbsp;&nbsp;&nbsp;Grade 1 - Age 12: N<br>
3335,Licensed Family,Sunnynest Childcare,3126 Patullo Cres,,Coquitlam,V3E 2R3,49.296532,-122.78173,604-348-6272,,,N,N,N,N,N,N,N,N,N,N,N,N,N,N,N,N,N,,,N,N,N,N,N,N,N,N,N,N,N,2026-05-15,,N,Y,N,Sunnynest Childcare<br>Licensed Family<br>604-348-6272<br><br>Vacancy:<br>&nbsp;&nbsp;&nbsp;&nbsp;<36 months: N<br>&nbsp;&nbsp;&nbsp;&nbsp;30 months -- 5 years: N<br>&nbsp;&nbsp;&nbsp;&nbsp;Preschool: N<br>&nbsp;&nbsp;&nbsp;&nbsp;Grade 1 - Age 12: N<br>
3336,Licensed Group,Wecare - Vista View,5043 Vista View Cres,,Nanaimo,V9V 1L6,49.237281,-123.987437,236-788-4868,,,N,N,N,N,N,N,N,N,N,N,N,N,N,N,N,N,N,,,N,N,N,N,N,N,N,N,N,N,N,2026-05-14,,N,Y,N,Wecare - Vista View<br>Licensed Group<br>236-788-4868<br><br>Vacancy:<br>&nbsp;&nbsp;&nbsp;&nbsp;<36 months: N<br>&nbsp;&nbsp;&nbsp;&nbsp;30 months -- 5 years: N<br>&nbsp;&nbsp;&nbsp;&nbsp;Preschool: N<br>&nbsp;&nbsp;&nbsp;&nbsp;Grade 1 - Age 12: N<br>
3337,Licensed Group,Lni Childcare Learning Centre,9220 Sitka Pl,,Chilliwack,V2P 0H8,49.169614,-121.922455,604-446-7721,,,N,N,N,N,N,N,N,N,N,N,N,N,N,N,N,N,N,,,N,N,N,N,N,N,N,Y,N,N,N,2026-04-16,,N,Y,N,Lni Childcare Learning Centre<br>Licensed Group<br>604-446-7721<br><br>Vacancy:<br>&nbsp;&nbsp;&nbsp;&nbsp;<36 months: Y<br>&nbsp;&nbsp;&nbsp;&nbsp;30 months -- 5 years: N<br>&nbsp;&nbsp;&nbsp;&nbsp;Preschool: N<br>&nbsp;&nbsp;&nbsp;&nbsp;Grade 1 - Age 12: N<br>
3338,Licensed Group,Burnaby-South Childcare Centre,7225 Gilley Ave,,Burnaby,V5J 4W9,49.218307,-122.972458,604-808-7623,,,N,N,N,N,N,N,N,N,N,N,N,N,N,N,N,N,N,,,N,N,N,N,N,N,N,N,N,N,N,2026-04-21,,N,Y,N,Burnaby-South Childcare Centre<br>Licensed Group<br>604-808-7623<br><br>Vacancy:<br>&nbsp;&nbsp;&nbsp;&nbsp;<36 months: N<br>&nbsp;&nbsp;&nbsp;&nbsp;30 months -- 5 years: N<br>&nbsp;&nbsp;&nbsp;&nbsp;Preschool: N<br>&nbsp;&nbsp;&nbsp;&nbsp;Grade 1 - Age 12: N<br>
3339,Licensed Group,The Growing Grove Childcare,3685 Napier St,,Vancouver,V5K 2Y1,49.275188,-123.024373,672-355-3685,,,N,N,N,N,N,N,N,N,N,N,N,N,N,N,N,N,N,,,N,N,N,N,N,N,N,N,N,N,N,2026-05-16,,N,Y,N,The Growing Grove Childcare<br>Licensed Group<br>672-355-3685<br><br>Vacancy:<br>&nbsp;&nbsp;&nbsp;&nbsp;<36 months: N<br>&nbsp;&nbsp;&nbsp;&nbsp;30 months -- 5 years: N<br>&nbsp;&nbsp;&nbsp;&nbsp;Preschool: N<br>&nbsp;&nbsp;&nbsp;&nbsp;Grade 1 - Age 12: N<br>
3340,Licensed Group,Brickwater Early Learning,116-22633 Selkirk Ave,,Maple Ridge,V2X 1C7,49.218061,-122.595252,604-720-4809,,,N,N,N,N,N,N,N,N,N,N,N,N,N,N,N,N,N,,,N,N,N,N,N,N,N,Y,Y,N,N,2026-05-18,,N,Y,N,Brickwater Early Learning<br>Licensed Group<br>604-720-4809<br><br>Vacancy:<br>&nbsp;&nbsp;&nbsp;&nbsp;<36 months: Y<br>&nbsp;&nbsp;&nbsp;&nbsp;30 months -- 5 years: Y<br>&nbsp;&nbsp;&nbsp;&nbsp;Preschool: N<br>&nbsp;&nbsp;&nbsp;&nbsp;Grade 1 - Age 12: N<br>
3341,Licensed Group,Little Sketch Child Care,8256 202 St,,Langley,V2Y 0Y9,49.153192,-122.661242,778-580-8566,,,N,N,N,N,N,N,N,N,N,N,N,N,N,N,N,N,N,,,N,N,N,N,N,N,N,N,N,N,N,2026-05-05,,N,Y,N,Little Sketch Child Care<br>Licensed Group<br>778-580-8566<br><br>Vacancy:<br>&nbsp;&nbsp;&nbsp;&nbsp;<36 months: N<br>&nbsp;&nbsp;&nbsp;&nbsp;30 months -- 5 years: N<br>&nbsp;&nbsp;&nbsp;&nbsp;Preschool: N<br>&nbsp;&nbsp;&nbsp;&nbsp;Grade 1 - Age 12: N<br>
3342,Licensed Group,Tanpopo Child Care Inc.,2-2105 Scarboro Ave,,Vancouver,V5P 2L2,49.21384,-123.063698,236-480-0043,,,N,N,N,N,N,N,N,N,N,N,N,N,N,N,N,N,N,,,N,N,N,N,N,N,N,N,N,N,N,2026-05-19,,N,Y,N,Tanpopo Child Care Inc.<br>Licensed Group<br>236-480-0043<br><br>Vacancy:<br>&nbsp;&nbsp;&nbsp;&nbsp;<36 months: N<br>&nbsp;&nbsp;&nbsp;&nbsp;30 months -- 5 years: N<br>&nbsp;&nbsp;&nbsp;&nbsp;Preschool: N<br>&nbsp;&nbsp;&nbsp;&nbsp;Grade 1 - Age 12: N<br>
3343,Licensed Group,Onesky Wiltse Childcare Center,595 Balsam Ave,,Penticton,V2A 7V1,49.469942,-119.567722,250-485-8969,,,N,N,N,N,N,N,N,N,N,N,N,N,N,N,N,N,N,,,N,N,N,N,N,N,N,N,N,N,Y,2026-05-11,,N,Y,N,Onesky Wiltse Childcare Center<br>Licensed Group<br>250-485-8969<br><br>Vacancy:<br>&nbsp;&nbsp;&nbsp;&nbsp;<36 months: N<br>&nbsp;&nbsp;&nbsp;&nbsp;30 months -- 5 years: N<br>&nbsp;&nbsp;&nbsp;&nbsp;Preschool: N<br>&nbsp;&nbsp;&nbsp;&nbsp;Grade 1 - Age 12: Y<br>
3344,Licensed Group,Monarch Montessori Academy,2079 30Th Ave W,,Vancouver,V6J 3A4,49.245221,-123.151564,604-563-9511,,,N,N,N,N,N,N,N,N,N,N,N,N,N,N,N,N,N,,,N,N,N,N,N,N,N,N,N,N,N,2026-05-10,,N,N,N,Monarch Montessori Academy<br>Licensed Group<br>604-563-9511<br><br>Vacancy:<br>&nbsp;&nbsp;&nbsp;&nbsp;<36 months: N<br>&nbsp;&nbsp;&nbsp;&nbsp;30 months -- 5 years: N<br>&nbsp;&nbsp;&nbsp;&nbsp;Preschool: N<br>&nbsp;&nbsp;&nbsp;&nbsp;Grade 1 - Age 12: N<br>
3345,Licensed Group,Academics Prekindergarten Yvr,400- 3600 Lysander Ln,,Richmond,V7B 1C3,49.189597,-123.141669,604-861-9074,,,N,N,N,N,N,N,N,N,N,N,N,N,N,N,N,N,N,,,N,N,N,N,N,N,N,N,N,N,Y,2026-05-15,,N,Y,N,Academics Prekindergarten Yvr<br>Licensed Group<br>604-861-9074<br><br>Vacancy:<br>&nbsp;&nbsp;&nbsp;&nbsp;<36 months: N<br>&nbsp;&nbsp;&nbsp;&nbsp;30 months -- 5 years: N<br>&nbsp;&nbsp;&nbsp;&nbsp;Preschool: N<br>&nbsp;&nbsp;&nbsp;&nbsp;Grade 1 - Age 12: Y<br>
3346,Licensed Group,Wild Things Daycare Ltd,433 95Th Ave,,Dawson Creek,V1G 1H4,55.767725,-120.220644,250-784-4210,WILDTHINGSDAYCARE@HOTMAIL.COM,,N,N,N,N,N,N,N,N,N,N,N,N,N,N,N,N,N,,,N,N,N,N,N,N,N,N,N,N,N,2026-04-15,,N,Y,N,Wild Things Daycare Ltd<br>Licensed Group<br>250-784-4210<br><br>Vacancy:<br>&nbsp;&nbsp;&nbsp;&nbsp;<36 months: N<br>&nbsp;&nbsp;&nbsp;&nbsp;30 months -- 5 years: N<br>&nbsp;&nbsp;&nbsp;&nbsp;Preschool: N<br>&nbsp;&nbsp;&nbsp;&nbsp;Grade 1 - Age 12: N<br>
3347,Licensed Group,Tseycum First Nation Daycare,1294 Sunbird Cre,,North Saanich,V8L 5S4,48.664593,-123.44886,250-480-9351,,,N,N,N,N,N,N,N,N,N,N,N,N,N,N,N,N,N,,,N,N,N,N,N,N,N,Y,Y,N,N,2026-05-19,,N,N,N,Tseycum First Nation Daycare<br>Licensed Group<br>250-480-9351<br><br>Vacancy:<br>&nbsp;&nbsp;&nbsp;&nbsp;<36 months: Y<br>&nbsp;&nbsp;&nbsp;&nbsp;30 months -- 5 years: Y<br>&nbsp;&nbsp;&nbsp;&nbsp;Preschool: N<br>&nbsp;&nbsp;&nbsp;&nbsp;Grade 1 - Age 12: N<br>
3348,Licensed Group,Lynn Creek Child Care,1491 Hunter St,,North Vancouver,V7J 1H3,49.310349,-123.033035,604-983-6365,,,Y,N,N,N,N,N,Y,N,N,N,N,N,N,N,N,N,N,Not offered,Not offered,N,N,N,N,Y,Y,Y,N,Y,N,N,2026-04-28,,N,Y,Y,Lynn Creek Child Care<br>Licensed Group<br>604-983-6365<br><br>Vacancy:<br>&nbsp;&nbsp;&nbsp;&nbsp;<36 months: N<br>&nbsp;&nbsp;&nbsp;&nbsp;30 months -- 5 years: Y<br>&nbsp;&nbsp;&nbsp;&nbsp;Preschool: N<br>&nbsp;&nbsp;&nbsp;&nbsp;Grade 1 - Age 12: N<br>
3349,Licensed Group,Lynn Creek Child Care,1491 Hunter St,,North Vancouver,V7J 1H3,49.310349,-123.033035,604-983-6365,,,Y,N,N,N,N,N,N,Y,N,N,N,N,N,N,N,N,N,Not offered,Not offered,N,N,N,N,Y,Y,Y,N,Y,N,N,2026-04-28,,N,Y,Y,Lynn Creek Child Care<br>Licensed Group<br>604-983-6365<br><br>Vacancy:<br>&nbsp;&nbsp;&nbsp;&nbsp;<36 months: N<br>&nbsp;&nbsp;&nbsp;&nbsp;30 months -- 5 years: Y<br>&nbsp;&nbsp;&nbsp;&nbsp;Preschool: N<br>&nbsp;&nbsp;&nbsp;&nbsp;Grade 1 - Age 12: N<br>
3350,Licensed Group,Little Lamb Christian Montessori Children House,21811 52A Ave,,Langley,V2Y 1L3,49.098277,-122.618679,778-908-8938,,,Y,N,N,N,N,N,N,Y,N,N,N,Y,N,Y,N,N,N,Not offered,Not offered,N,N,N,N,N,N,N,Y,Y,N,N,2026-05-02,,N,Y,N,Little Lamb Christian Montessori Children House<br>Licensed Group<br>778-908-8938<br><br>Vacancy:<br>&nbsp;&nbsp;&nbsp;&nbsp;<36 months: Y<br>&nbsp;&nbsp;&nbsp;&nbsp;30 months -- 5 years: Y<br>&nbsp;&nbsp;&nbsp;&nbsp;Preschool: N<br>&nbsp;&nbsp;&nbsp;&nbsp;Grade 1 - Age 12: N<br>
3351,Licensed Group,Secret Heart Academy - Wellington,45820 Wellington Ave,,Chilliwack,V2P 2C9,49.172111,-121.95687,604-402-4300,,,N,N,N,N,N,N,N,N,N,N,N,N,N,N,N,N,N,,,N,N,N,N,N,N,N,Y,Y,N,N,2026-05-03,,N,Y,N,Secret Heart Academy - Wellington<br>Licensed Group<br>604-402-4300<br><br>Vacancy:<br>&nbsp;&nbsp;&nbsp;&nbsp;<36 months: Y<br>&nbsp;&nbsp;&nbsp;&nbsp;30 months -- 5 years: Y<br>&nbsp;&nbsp;&nbsp;&nbsp;Preschool: N<br>&nbsp;&nbsp;&nbsp;&nbsp;Grade 1 - Age 12: N<br>
3352,Licensed Group,Hava Childcare Academy,113 - 11300 Pazarena Pl,,Maple Ridge,V2X 5P1,49.207761,-122.583284,604-441-3900,,,N,N,N,N,N,N,N,N,N,N,N,N,N,N,N,N,N,,,N,N,N,N,N,N,N,N,N,N,N,2026-05-15,,N,Y,N,Hava Childcare Academy<br>Licensed Group<br>604-441-3900<br><br>Vacancy:<br>&nbsp;&nbsp;&nbsp;&nbsp;<36 months: N<br>&nbsp;&nbsp;&nbsp;&nbsp;30 months -- 5 years: N<br>&nbsp;&nbsp;&nbsp;&nbsp;Preschool: N<br>&nbsp;&nbsp;&nbsp;&nbsp;Grade 1 - Age 12: N<br>
3353,Licensed Group,Toma’S Montessori Childcare - Surrey,13526 King George Blvd,,Surrey,V3T 2T7,49.200094,-122.847538,778-773-8507,,,N,N,N,N,N,N,N,N,N,N,N,N,N,N,N,N,N,,,N,N,N,N,N,N,N,Y,N,N,N,2026-05-18,,N,Y,N,Toma’S Montessori Childcare - Surrey<br>Licensed Group<br>778-773-8507<br><br>Vacancy:<br>&nbsp;&nbsp;&nbsp;&nbsp;<36 months: Y<br>&nbsp;&nbsp;&nbsp;&nbsp;30 months -- 5 years: N<br>&nbsp;&nbsp;&nbsp;&nbsp;Preschool: N<br>&nbsp;&nbsp;&nbsp;&nbsp;Grade 1 - Age 12: N<br>
3354,Licensed Group,Crescent Heights Academy Child Care-Diamond,18620 56Th Ave,,Surrey,V3S 1G1,49.10397,-122.70654,604-427-2282,,,,,,,,,,,,,,,,,,,,,,,,,,,,,,,,,,,Y,Y,N,Crescent Heights Academy Child Care-Diamond<br>Licensed Group<br>604-427-2282<br><br>Vacancy:<br>&nbsp;&nbsp;&nbsp;&nbsp;<36 months: None<br>&nbsp;&nbsp;&nbsp;&nbsp;30 months -- 5 years: None<br>&nbsp;&nbsp;&nbsp;&nbsp;Preschool: None<br>&nbsp;&nbsp;&nbsp;&nbsp;Grade 1 - Age 12: None<br>
3355,Licensed Family,Little Duck Family Child Care,2108 Shelby Cres,,West Kelowna,V4T 3B1,49.857533,-119.603261,250-859-0957,,,N,N,N,N,N,N,N,N,N,N,N,N,N,N,N,N,N,,,N,N,N,N,N,N,N,N,N,N,N,2026-05-15,,N,Y,N,Little Duck Family Child Care<br>Licensed Family<br>250-859-0957<br><br>Vacancy:<br>&nbsp;&nbsp;&nbsp;&nbsp;<36 months: N<br>&nbsp;&nbsp;&nbsp;&nbsp;30 months -- 5 years: N<br>&nbsp;&nbsp;&nbsp;&nbsp;Preschool: N<br>&nbsp;&nbsp;&nbsp;&nbsp;Grade 1 - Age 12: N<br>
3356,Licensed Group,Sullivan Nest Early Learning Centre,6655 154 St,,Surrey,V3S 7C6,49.123768,-122.795707,604-590-4115,,,,,,,,,,,,,,,,,,,,,,,,,,,,,,,,,,,Y,Y,N,Sullivan Nest Early Learning Centre<br>Licensed Group<br>604-590-4115<br><br>Vacancy:<br>&nbsp;&nbsp;&nbsp;&nbsp;<36 months: None<br>&nbsp;&nbsp;&nbsp;&nbsp;30 months -- 5 years: None<br>&nbsp;&nbsp;&nbsp;&nbsp;Preschool: None<br>&nbsp;&nbsp;&nbsp;&nbsp;Grade 1 - Age 12: None<br>
3357,Licensed Family,Little Masters Childcare,34697 4Th Ave,,Abbotsford,V2S 8B8,49.00632,-122.263223,672-985-5230,,,N,N,N,N,N,N,N,N,N,N,N,N,N,N,N,N,N,,,N,N,N,N,N,N,N,Y,Y,N,Y,2026-05-16,,N,Y,N,Little Masters Childcare<br>Licensed Family<br>672-985-5230<br><br>Vacancy:<br>&nbsp;&nbsp;&nbsp;&nbsp;<36 months: Y<br>&nbsp;&nbsp;&nbsp;&nbsp;30 months -- 5 years: Y<br>&nbsp;&nbsp;&nbsp;&nbsp;Preschool: N<br>&nbsp;&nbsp;&nbsp;&nbsp;Grade 1 - Age 12: Y<br>
3358,Licensed Group,Gitsegukla Headstart Program,B-305 Park Dr,,Gitsegukla,V0J 2R0,55.087307,-127.820527,250-842-8305,,,N,N,N,N,N,N,N,N,N,N,N,N,N,N,N,N,N,Not offered,Not offered,N,N,N,N,N,N,N,N,Y,Y,N,2026-04-21,,N,N,N,Gitsegukla Headstart Program<br>Licensed Group<br>250-842-8305<br><br>Vacancy:<br>&nbsp;&nbsp;&nbsp;&nbsp;<36 months: N<br>&nbsp;&nbsp;&nbsp;&nbsp;30 months -- 5 years: Y<br>&nbsp;&nbsp;&nbsp;&nbsp;Preschool: Y<br>&nbsp;&nbsp;&nbsp;&nbsp;Grade 1 - Age 12: N<br>
3359,Licensed Group,Kineret Tamim Academy,2936 Quadra St,,Victoria,V8T 4G1,48.443348,-123.360744,250-744-2770,,,N,N,N,N,N,N,N,N,N,N,N,N,N,N,N,N,N,,,N,N,N,N,N,N,N,N,Y,N,Y,2026-05-01,,N,Y,N,Kineret Tamim Academy<br>Licensed Group<br>250-744-2770<br><br>Vacancy:<br>&nbsp;&nbsp;&nbsp;&nbsp;<36 months: N<br>&nbsp;&nbsp;&nbsp;&nbsp;30 months -- 5 years: Y<br>&nbsp;&nbsp;&nbsp;&nbsp;Preschool: N<br>&nbsp;&nbsp;&nbsp;&nbsp;Grade 1 - Age 12: Y<br>
3360,Licensed Group,Grenfell School Age Child Care Centre,5987 Prince Albert St,,Vancouver,V5W 3E2,49.229807,-123.087943,604-434-9994,,,N,N,N,N,N,N,N,N,N,N,N,N,N,N,N,N,N,,,N,N,N,N,N,N,N,N,N,N,Y,2026-05-05,,N,Y,N,Grenfell School Age Child Care Centre<br>Licensed Group<br>604-434-9994<br><br>Vacancy:<br>&nbsp;&nbsp;&nbsp;&nbsp;<36 months: N<br>&nbsp;&nbsp;&nbsp;&nbsp;30 months -- 5 years: N<br>&nbsp;&nbsp;&nbsp;&nbsp;Preschool: N<br>&nbsp;&nbsp;&nbsp;&nbsp;Grade 1 - Age 12: Y<br>
3361,Licensed Group,Central City Garden Daycare,9970 Semiahmoo Rd,,Surrey,V3T 3M7,49.183998,-122.860015,604-879-9939,,,N,N,N,N,N,N,N,N,N,N,N,N,N,N,N,N,N,,,N,N,N,N,N,N,N,Y,Y,N,Y,2026-05-21,,N,Y,N,Central City Garden Daycare<br>Licensed Group<br>604-879-9939<br><br>Vacancy:<br>&nbsp;&nbsp;&nbsp;&nbsp;<36 months: Y<br>&nbsp;&nbsp;&nbsp;&nbsp;30 months -- 5 years: Y<br>&nbsp;&nbsp;&nbsp;&nbsp;Preschool: N<br>&nbsp;&nbsp;&nbsp;&nbsp;Grade 1 - Age 12: Y<br>
3362,Licensed Group,Power Play Early Learning,15000 54A Ave,,Surrey,V3S 5X7,49.10158,-122.808024,604-372-3725,,,N,N,N,N,N,N,N,N,N,N,N,N,N,N,N,N,N,,,N,N,N,N,N,N,N,Y,Y,N,Y,2026-05-15,,N,Y,N,Power Play Early Learning<br>Licensed Group<br>604-372-3725<br><br>Vacancy:<br>&nbsp;&nbsp;&nbsp;&nbsp;<36 months: Y<br>&nbsp;&nbsp;&nbsp;&nbsp;30 months -- 5 years: Y<br>&nbsp;&nbsp;&nbsp;&nbsp;Preschool: N<br>&nbsp;&nbsp;&nbsp;&nbsp;Grade 1 - Age 12: Y<br>
3363,Licensed Group,Smart Start Childcare Center,2991 Noel Dr,,Bunaby,V3J 1J4,49.257248,-122.901285,778-898-6338,,,N,N,N,N,N,N,N,N,N,N,N,N,N,N,N,N,N,,,N,N,N,N,N,N,N,N,N,N,N,2026-04-29,,N,Y,N,Smart Start Childcare Center<br>Licensed Group<br>778-898-6338<br><br>Vacancy:<br>&nbsp;&nbsp;&nbsp;&nbsp;<36 months: N<br>&nbsp;&nbsp;&nbsp;&nbsp;30 months -- 5 years: N<br>&nbsp;&nbsp;&nbsp;&nbsp;Preschool: N<br>&nbsp;&nbsp;&nbsp;&nbsp;Grade 1 - Age 12: N<br>
3364,Licensed Family,Magic Years Child Care Centre,4107 204B St,,Langley,V3A 1Z7,49.076684,-122.656721,778-898-7696,Magicyears.ca,,N,N,N,N,N,N,N,N,N,N,N,N,N,N,N,N,N,,,N,N,N,N,N,N,N,N,N,N,N,2026-05-19,,N,Y,N,Magic Years Child Care Centre<br>Licensed Family<br>778-898-7696<br><br>Vacancy:<br>&nbsp;&nbsp;&nbsp;&nbsp;<36 months: N<br>&nbsp;&nbsp;&nbsp;&nbsp;30 months -- 5 years: N<br>&nbsp;&nbsp;&nbsp;&nbsp;Preschool: N<br>&nbsp;&nbsp;&nbsp;&nbsp;Grade 1 - Age 12: N<br>
3365,Licensed Group,Bright Early Learning Academy,46340 Strathcona Rd,,Chilliwack,V2P 3T3,49.186547,-121.942533,778-704-8822,,,Y,N,N,N,N,N,Y,Y,N,Y,Y,N,N,N,N,N,N,Not offered,Include in fee,N,N,N,N,Y,Y,Y,Y,Y,N,N,2026-05-15,,N,Y,N,Bright Early Learning Academy<br>Licensed Group<br>778-704-8822<br><br>Vacancy:<br>&nbsp;&nbsp;&nbsp;&nbsp;<36 months: Y<br>&nbsp;&nbsp;&nbsp;&nbsp;30 months -- 5 years: Y<br>&nbsp;&nbsp;&nbsp;&nbsp;Preschool: N<br>&nbsp;&nbsp;&nbsp;&nbsp;Grade 1 - Age 12: N<br>
3366,Licensed Family,Laces & Loops Childcare And Early Learning Centre,295 Merrifield Rd,,Kelowna,V1X 2S7,49.891619,-119.375864,250-878-7867,,,N,N,N,N,N,N,N,N,N,N,N,N,N,N,N,N,N,,,N,N,N,N,N,N,N,Y,Y,N,N,2026-05-20,,N,Y,N,Laces & Loops Childcare And Early Learning Centre<br>Licensed Family<br>250-878-7867<br><br>Vacancy:<br>&nbsp;&nbsp;&nbsp;&nbsp;<36 months: Y<br>&nbsp;&nbsp;&nbsp;&nbsp;30 months -- 5 years: Y<br>&nbsp;&nbsp;&nbsp;&nbsp;Preschool: N<br>&nbsp;&nbsp;&nbsp;&nbsp;Grade 1 - Age 12: N<br>
3367,Licensed Family,Berkshire Park Learning Center,15281 92 Ave,,Surrey,V3R 0A8,49.170245,-122.799004,778-255-2718,,,N,N,N,N,N,N,N,N,N,N,N,N,N,N,N,N,N,,,N,N,N,N,N,N,N,N,N,N,N,2026-04-22,,N,Y,N,Berkshire Park Learning Center<br>Licensed Family<br>778-255-2718<br><br>Vacancy:<br>&nbsp;&nbsp;&nbsp;&nbsp;<36 months: N<br>&nbsp;&nbsp;&nbsp;&nbsp;30 months -- 5 years: N<br>&nbsp;&nbsp;&nbsp;&nbsp;Preschool: N<br>&nbsp;&nbsp;&nbsp;&nbsp;Grade 1 - Age 12: N<br>
3368,Licensed Family,Tot Spot Childcare,11505 Pemberton Cres,,Delta,V4C 3J5,49.169179,-122.906484,778-999-6970,,,N,N,N,N,N,N,N,N,N,N,N,N,N,N,N,N,N,,,N,N,N,N,N,N,N,N,Y,N,N,2026-04-27,,N,Y,N,Tot Spot Childcare<br>Licensed Family<br>778-999-6970<br><br>Vacancy:<br>&nbsp;&nbsp;&nbsp;&nbsp;<36 months: N<br>&nbsp;&nbsp;&nbsp;&nbsp;30 months -- 5 years: Y<br>&nbsp;&nbsp;&nbsp;&nbsp;Preschool: N<br>&nbsp;&nbsp;&nbsp;&nbsp;Grade 1 - Age 12: N<br>
3369,Licensed Family,Blue Bell Daycare,1507 Osprey Pl,,Courtenay,V9N 3Y1,49.684689,-125.018545,250-650-2316,,,N,N,N,N,N,N,N,N,N,N,N,N,N,N,N,N,N,,,N,N,N,N,N,N,N,N,Y,N,N,2026-05-15,,N,Y,N,Blue Bell Daycare<br>Licensed Family<br>250-650-2316<br><br>Vacancy:<br>&nbsp;&nbsp;&nbsp;&nbsp;<36 months: N<br>&nbsp;&nbsp;&nbsp;&nbsp;30 months -- 5 years: Y<br>&nbsp;&nbsp;&nbsp;&nbsp;Preschool: N<br>&nbsp;&nbsp;&nbsp;&nbsp;Grade 1 - Age 12: N<br>
3370,Licensed Group,B Kids Daycare,3060 148Th St,,Surrey,V4P 0G8,49.056869,-122.811839,778-998-5437,,,N,N,N,N,N,N,N,N,N,N,N,N,N,N,N,N,N,,,N,N,N,N,N,N,N,Y,Y,N,N,2026-05-15,,N,Y,N,B Kids Daycare<br>Licensed Group<br>778-998-5437<br><br>Vacancy:<br>&nbsp;&nbsp;&nbsp;&nbsp;<36 months: Y<br>&nbsp;&nbsp;&nbsp;&nbsp;30 months -- 5 years: Y<br>&nbsp;&nbsp;&nbsp;&nbsp;Preschool: N<br>&nbsp;&nbsp;&nbsp;&nbsp;Grade 1 - Age 12: N<br>
3371,Licensed Group,Kidsrus Early Learning Center Sunset,286 E 53Rd Ave,,Vancouver,V5X 1H9,49.221662,-123.10007,604-767-0439,,,N,N,N,N,N,N,N,N,N,N,N,N,N,N,N,N,N,,,N,N,N,N,N,N,N,N,N,N,N,2026-05-18,,N,Y,N,Kidsrus Early Learning Center Sunset<br>Licensed Group<br>604-767-0439<br><br>Vacancy:<br>&nbsp;&nbsp;&nbsp;&nbsp;<36 months: N<br>&nbsp;&nbsp;&nbsp;&nbsp;30 months -- 5 years: N<br>&nbsp;&nbsp;&nbsp;&nbsp;Preschool: N<br>&nbsp;&nbsp;&nbsp;&nbsp;Grade 1 - Age 12: N<br>
3372,Licensed Group,Creative Playspace Childcare Corp. - St Patrick,1120 St. Patrick Cres,,Nanaimo,V9S 2C3,49.180649,-123.967093,604-970-1496,,,N,N,N,N,N,N,N,N,N,N,N,N,N,N,N,N,N,,,N,N,N,N,N,N,N,N,N,N,N,2026-05-18,,N,Y,N,Creative Playspace Childcare Corp. - St Patrick<br>Licensed Group<br>604-970-1496<br><br>Vacancy:<br>&nbsp;&nbsp;&nbsp;&nbsp;<36 months: N<br>&nbsp;&nbsp;&nbsp;&nbsp;30 months -- 5 years: N<br>&nbsp;&nbsp;&nbsp;&nbsp;Preschool: N<br>&nbsp;&nbsp;&nbsp;&nbsp;Grade 1 - Age 12: N<br>
3373,Licensed Group,Ilm-Merecroft,827 Merecroft Rd,,Campbell River,V9W 6T7,50.000043,-125.250861,250-585-7898,,,N,N,N,N,N,N,N,N,N,N,N,N,N,N,N,N,N,,,N,N,N,N,N,N,N,Y,Y,N,Y,2026-05-15,,N,Y,N,Ilm-Merecroft<br>Licensed Group<br>250-585-7898<br><br>Vacancy:<br>&nbsp;&nbsp;&nbsp;&nbsp;<36 months: Y<br>&nbsp;&nbsp;&nbsp;&nbsp;30 months -- 5 years: Y<br>&nbsp;&nbsp;&nbsp;&nbsp;Preschool: N<br>&nbsp;&nbsp;&nbsp;&nbsp;Grade 1 - Age 12: Y<br>
3374,Licensed Family,Little Explorer Early Learning Centre,1583 Lee St,,White Rock,V4B 4R1,49.030567,-122.787784,639-317-6282,www.leelc.ca,,N,N,N,N,N,N,N,N,N,N,N,N,N,N,N,N,N,,,N,N,N,N,N,N,N,Y,Y,N,Y,2026-05-05,,N,Y,N,Little Explorer Early Learning Centre<br>Licensed Family<br>639-317-6282<br><br>Vacancy:<br>&nbsp;&nbsp;&nbsp;&nbsp;<36 months: Y<br>&nbsp;&nbsp;&nbsp;&nbsp;30 months -- 5 years: Y<br>&nbsp;&nbsp;&nbsp;&nbsp;Preschool: N<br>&nbsp;&nbsp;&nbsp;&nbsp;Grade 1 - Age 12: Y<br>
3375,Licensed Group,The Stepping Stones Early Learning Program,16159 Walkley Rd,,Crawford Bay,V0B 1E0,49.680326,-116.828212,250-977-1033,,,Y,N,N,N,N,N,N,Y,N,N,N,N,N,N,N,N,N,Not offered,Not offered,N,N,N,Y,Y,Y,Y,N,Y,N,N,2026-05-20,,N,Y,N,The Stepping Stones Early Learning Program<br>Licensed Group<br>250-977-1033<br><br>Vacancy:<br>&nbsp;&nbsp;&nbsp;&nbsp;<36 months: N<br>&nbsp;&nbsp;&nbsp;&nbsp;30 months -- 5 years: Y<br>&nbsp;&nbsp;&nbsp;&nbsp;Preschool: N<br>&nbsp;&nbsp;&nbsp;&nbsp;Grade 1 - Age 12: N<br>
3376,Licensed Family,Lisa's Busy Bees Childcare Ltd. - Nanaimo,5158 Owlstone Pl,,Nanaimo,V9T 0B4,49.22127,-124.007722,250-731-6135,,,N,N,N,N,N,N,N,N,N,N,N,N,N,N,N,N,N,,,N,N,N,N,N,N,N,N,N,N,N,2026-03-05,,N,Y,N,Lisa's Busy Bees Childcare Ltd. - Nanaimo<br>Licensed Family<br>250-731-6135<br><br>Vacancy:<br>&nbsp;&nbsp;&nbsp;&nbsp;<36 months: N<br>&nbsp;&nbsp;&nbsp;&nbsp;30 months -- 5 years: N<br>&nbsp;&nbsp;&nbsp;&nbsp;Preschool: N<br>&nbsp;&nbsp;&nbsp;&nbsp;Grade 1 - Age 12: N<br>
3377,Licensed Family,Cheery Lane Childcare,13476 59B Ave,,Surrey,V3X 1L1,49.110903,-122.849142,778-840-0584,,,N,N,N,N,N,N,N,N,N,N,N,N,N,N,N,N,N,,,N,N,N,N,N,N,N,N,Y,N,N,2026-04-28,,N,Y,N,Cheery Lane Childcare<br>Licensed Family<br>778-840-0584<br><br>Vacancy:<br>&nbsp;&nbsp;&nbsp;&nbsp;<36 months: N<br>&nbsp;&nbsp;&nbsp;&nbsp;30 months -- 5 years: Y<br>&nbsp;&nbsp;&nbsp;&nbsp;Preschool: N<br>&nbsp;&nbsp;&nbsp;&nbsp;Grade 1 - Age 12: N<br>
3378,Licensed Family,Les Francofolies,1461 18Th St,,Invermere,V0A 1K4,50.498705,-116.040569,250-688-8448,,,N,N,N,N,N,N,N,N,N,N,N,N,N,N,N,N,N,,,N,N,N,N,N,N,N,N,Y,N,N,2026-05-18,,N,Y,N,Les Francofolies<br>Licensed Family<br>250-688-8448<br><br>Vacancy:<br>&nbsp;&nbsp;&nbsp;&nbsp;<36 months: N<br>&nbsp;&nbsp;&nbsp;&nbsp;30 months -- 5 years: Y<br>&nbsp;&nbsp;&nbsp;&nbsp;Preschool: N<br>&nbsp;&nbsp;&nbsp;&nbsp;Grade 1 - Age 12: N<br>
3379,Licensed Group,Jumping Jack Childcare Limited,399 Fizet Ave,,Kelowna,V1X 7P6,49.900705,-119.379898,236-338-0451,,,N,N,N,N,N,N,N,N,N,N,N,N,N,N,N,N,N,,,N,N,N,N,N,N,N,Y,Y,N,N,2026-05-20,,N,Y,N,Jumping Jack Childcare Limited<br>Licensed Group<br>236-338-0451<br><br>Vacancy:<br>&nbsp;&nbsp;&nbsp;&nbsp;<36 months: Y<br>&nbsp;&nbsp;&nbsp;&nbsp;30 months -- 5 years: Y<br>&nbsp;&nbsp;&nbsp;&nbsp;Preschool: N<br>&nbsp;&nbsp;&nbsp;&nbsp;Grade 1 - Age 12: N<br>
3380,Licensed Group,Tiny Creek Daycare,3405 Mountain House Rd,,Williams Lake,V2G 5L4,52.280643,-122.14509,250-989-2323,,,N,N,N,N,N,N,N,N,N,N,N,N,N,N,N,N,N,,,N,N,N,N,N,N,N,N,N,N,N,2026-05-20,,N,Y,N,Tiny Creek Daycare<br>Licensed Group<br>250-989-2323<br><br>Vacancy:<br>&nbsp;&nbsp;&nbsp;&nbsp;<36 months: N<br>&nbsp;&nbsp;&nbsp;&nbsp;30 months -- 5 years: N<br>&nbsp;&nbsp;&nbsp;&nbsp;Preschool: N<br>&nbsp;&nbsp;&nbsp;&nbsp;Grade 1 - Age 12: N<br>
3381,Licensed Group,Kelowna Kids Co: Studio,2790 Richter St,,Kelowna,V1Y 2R5,49.86553,-119.488494,778-392-8432,,,N,N,N,N,N,N,N,N,N,N,N,N,N,N,N,N,N,,,N,N,N,N,N,N,N,N,N,N,N,2026-05-15,,N,Y,N,Kelowna Kids Co: Studio<br>Licensed Group<br>778-392-8432<br><br>Vacancy:<br>&nbsp;&nbsp;&nbsp;&nbsp;<36 months: N<br>&nbsp;&nbsp;&nbsp;&nbsp;30 months -- 5 years: N<br>&nbsp;&nbsp;&nbsp;&nbsp;Preschool: N<br>&nbsp;&nbsp;&nbsp;&nbsp;Grade 1 - Age 12: N<br>
3382,Licensed Group,Amazing Grace-Sunrise Out Of School Care,3977 Albert St,,Burnaby,V5C 2E2,49.282027,-123.016568,604-716-6352,,,N,N,N,N,N,N,N,N,N,N,N,N,N,N,N,N,N,,,N,N,N,N,N,N,N,N,N,N,N,2026-05-02,,N,Y,N,Amazing Grace-Sunrise Out Of School Care<br>Licensed Group<br>604-716-6352<br><br>Vacancy:<br>&nbsp;&nbsp;&nbsp;&nbsp;<36 months: N<br>&nbsp;&nbsp;&nbsp;&nbsp;30 months -- 5 years: N<br>&nbsp;&nbsp;&nbsp;&nbsp;Preschool: N<br>&nbsp;&nbsp;&nbsp;&nbsp;Grade 1 - Age 12: N<br>
3383,Licensed Group,Royal Academy Langley,6656 Glover Rd,,Langley,V2Y 0W9,49.122716,-122.627781,778-233-8811,,,N,N,N,N,N,N,N,N,N,N,N,N,N,N,N,N,N,,,N,N,N,N,N,N,N,Y,Y,N,N,2026-05-01,,N,Y,N,Royal Academy Langley<br>Licensed Group<br>778-233-8811<br><br>Vacancy:<br>&nbsp;&nbsp;&nbsp;&nbsp;<36 months: Y<br>&nbsp;&nbsp;&nbsp;&nbsp;30 months -- 5 years: Y<br>&nbsp;&nbsp;&nbsp;&nbsp;Preschool: N<br>&nbsp;&nbsp;&nbsp;&nbsp;Grade 1 - Age 12: N<br>
3384,Licensed Group,Ilm-Dellwood,936 Dellwood Rd,,Esquimalt,V9A 6P1,48.448655,-123.416157,250-585-7898,,,N,N,N,N,N,N,N,N,N,N,N,N,N,N,N,N,N,,,N,N,N,N,N,N,N,Y,N,N,N,2026-05-15,,N,Y,N,Ilm-Dellwood<br>Licensed Group<br>250-585-7898<br><br>Vacancy:<br>&nbsp;&nbsp;&nbsp;&nbsp;<36 months: Y<br>&nbsp;&nbsp;&nbsp;&nbsp;30 months -- 5 years: N<br>&nbsp;&nbsp;&nbsp;&nbsp;Preschool: N<br>&nbsp;&nbsp;&nbsp;&nbsp;Grade 1 - Age 12: N<br>
3385,Licensed Group,Swan Childcare,20040 40A Ave,,Langley,V3A 2Y5,49.075812,-122.668404,778-706-2000,,,N,N,N,N,N,N,N,N,N,N,N,N,N,N,N,N,N,,,N,N,N,N,N,N,N,N,N,N,N,2026-04-14,,N,Y,N,Swan Childcare<br>Licensed Group<br>778-706-2000<br><br>Vacancy:<br>&nbsp;&nbsp;&nbsp;&nbsp;<36 months: N<br>&nbsp;&nbsp;&nbsp;&nbsp;30 months -- 5 years: N<br>&nbsp;&nbsp;&nbsp;&nbsp;Preschool: N<br>&nbsp;&nbsp;&nbsp;&nbsp;Grade 1 - Age 12: N<br>
3386,Licensed Family,Cherished Treasures,7694 St Mark Cres,,Prince George,V2N 4B8,53.851401,-122.772544,250-649-8762,,,N,N,N,N,N,N,N,N,N,N,N,N,N,N,N,N,N,,,N,N,N,N,N,N,N,Y,Y,N,N,2026-05-15,,N,Y,N,Cherished Treasures<br>Licensed Family<br>250-649-8762<br><br>Vacancy:<br>&nbsp;&nbsp;&nbsp;&nbsp;<36 months: Y<br>&nbsp;&nbsp;&nbsp;&nbsp;30 months -- 5 years: Y<br>&nbsp;&nbsp;&nbsp;&nbsp;Preschool: N<br>&nbsp;&nbsp;&nbsp;&nbsp;Grade 1 - Age 12: N<br>
3387,Licensed Group,1 Step 2 Steps Child Care,9422 Coote St,,Chilliwack,V2P 6B5,49.173016,-121.931104,604-885-8439,,,N,N,N,N,N,N,N,N,N,N,N,N,N,N,N,N,N,,,N,N,N,N,N,N,N,N,N,N,N,2026-05-15,,N,Y,N,1 Step 2 Steps Child Care<br>Licensed Group<br>604-885-8439<br><br>Vacancy:<br>&nbsp;&nbsp;&nbsp;&nbsp;<36 months: N<br>&nbsp;&nbsp;&nbsp;&nbsp;30 months -- 5 years: N<br>&nbsp;&nbsp;&nbsp;&nbsp;Preschool: N<br>&nbsp;&nbsp;&nbsp;&nbsp;Grade 1 - Age 12: N<br>
3388,Licensed Family,Jolly Sprouts Childcare Centre,304 65Th Ave E,,Vancouver,V5X 2P6,49.211447,-123.100077,778-319-6355,jollysprouts.fun,,N,N,N,N,N,N,N,N,N,N,N,N,N,N,N,N,N,,,N,N,N,N,N,N,N,N,N,N,N,2026-05-15,,N,Y,N,Jolly Sprouts Childcare Centre<br>Licensed Family<br>778-319-6355<br><br>Vacancy:<br>&nbsp;&nbsp;&nbsp;&nbsp;<36 months: N<br>&nbsp;&nbsp;&nbsp;&nbsp;30 months -- 5 years: N<br>&nbsp;&nbsp;&nbsp;&nbsp;Preschool: N<br>&nbsp;&nbsp;&nbsp;&nbsp;Grade 1 - Age 12: N<br>
3389,Licensed Group,Bright Genius Academy Childcare Center,1508 Shore View Pl,,Coquitlam,V3E 0J6,49.304921,-122.751111,236-965-4536,,,N,N,N,N,N,N,N,N,N,N,N,N,N,N,N,N,N,,,N,N,N,N,N,N,N,Y,N,N,N,2026-04-16,,N,Y,N,Bright Genius Academy Childcare Center<br>Licensed Group<br>236-965-4536<br><br>Vacancy:<br>&nbsp;&nbsp;&nbsp;&nbsp;<36 months: Y<br>&nbsp;&nbsp;&nbsp;&nbsp;30 months -- 5 years: N<br>&nbsp;&nbsp;&nbsp;&nbsp;Preschool: N<br>&nbsp;&nbsp;&nbsp;&nbsp;Grade 1 - Age 12: N<br>
3390,Licensed Group,Discovery Den Early Learning Inc.,203-1020 Talasa Way,,Kamloops,V2H 1R1,50.686198,-120.298282,236-425-0051,,,N,N,N,N,N,N,N,N,N,N,N,N,N,N,N,N,N,,,N,N,N,N,N,N,N,N,N,N,Y,2026-05-15,,N,Y,N,Discovery Den Early Learning Inc.<br>Licensed Group<br>236-425-0051<br><br>Vacancy:<br>&nbsp;&nbsp;&nbsp;&nbsp;<36 months: N<br>&nbsp;&nbsp;&nbsp;&nbsp;30 months -- 5 years: N<br>&nbsp;&nbsp;&nbsp;&nbsp;Preschool: N<br>&nbsp;&nbsp;&nbsp;&nbsp;Grade 1 - Age 12: Y<br>
3391,Licensed Group,Adonai Childcare,41995 Yarrow Central Rd,,Chilliwack,V2R 5E7,49.082986,-122.062529,604-845-4964,,,N,N,N,N,N,N,N,N,N,N,N,N,N,N,N,N,N,,,N,N,N,N,N,N,N,N,Y,N,Y,2026-05-19,,N,Y,N,Adonai Childcare<br>Licensed Group<br>604-845-4964<br><br>Vacancy:<br>&nbsp;&nbsp;&nbsp;&nbsp;<36 months: N<br>&nbsp;&nbsp;&nbsp;&nbsp;30 months -- 5 years: Y<br>&nbsp;&nbsp;&nbsp;&nbsp;Preschool: N<br>&nbsp;&nbsp;&nbsp;&nbsp;Grade 1 - Age 12: Y<br>
3392,Licensed Group,Ecole Park Community School Before & After Cc Program,800 Summit Avenue,,Prince Rupert,V8J 2A3,54.3067,-130.327091,250-627-2108,,,N,N,N,N,N,N,N,N,N,N,N,N,N,N,N,N,N,,,N,N,N,N,N,N,N,N,Y,N,Y,2026-05-19,,N,Y,N,Ecole Park Community School Before & After Cc Program<br>Licensed Group<br>250-627-2108<br><br>Vacancy:<br>&nbsp;&nbsp;&nbsp;&nbsp;<36 months: N<br>&nbsp;&nbsp;&nbsp;&nbsp;30 months -- 5 years: Y<br>&nbsp;&nbsp;&nbsp;&nbsp;Preschool: N<br>&nbsp;&nbsp;&nbsp;&nbsp;Grade 1 - Age 12: Y<br>
3393,Licensed Group,The Tots Cave Daycare,2414 Queensway,,Prince George,V2L 1M8,53.899115,-122.741268,587-917-1784,,,N,N,N,N,N,N,N,N,N,N,N,N,N,N,N,N,N,,,N,N,N,N,N,N,N,N,N,N,N,2026-05-10,,N,Y,N,The Tots Cave Daycare<br>Licensed Group<br>587-917-1784<br><br>Vacancy:<br>&nbsp;&nbsp;&nbsp;&nbsp;<36 months: N<br>&nbsp;&nbsp;&nbsp;&nbsp;30 months -- 5 years: N<br>&nbsp;&nbsp;&nbsp;&nbsp;Preschool: N<br>&nbsp;&nbsp;&nbsp;&nbsp;Grade 1 - Age 12: N<br>
3394,Licensed Group,Fulmer Family Children's Centre,2055 Purcell Way,,North Vancouver,V7J 3H5,49.317063,-123.019772,604-990-7877,,,N,N,N,N,N,N,N,N,N,N,N,N,N,N,N,N,N,,,N,N,N,N,N,N,N,N,N,N,N,2026-05-19,,N,Y,Y,Fulmer Family Children's Centre<br>Licensed Group<br>604-990-7877<br><br>Vacancy:<br>&nbsp;&nbsp;&nbsp;&nbsp;<36 months: N<br>&nbsp;&nbsp;&nbsp;&nbsp;30 months -- 5 years: N<br>&nbsp;&nbsp;&nbsp;&nbsp;Preschool: N<br>&nbsp;&nbsp;&nbsp;&nbsp;Grade 1 - Age 12: N<br>
3395,Licensed Group,Fulmer Family Children's Centre,2055 Purcell Way,,North Vancouver,V7J 3H5,49.317063,-123.019772,604-990-7877,,,N,N,N,N,N,N,N,N,N,N,N,N,N,N,N,N,N,,,N,N,N,N,N,N,N,N,N,N,N,2026-05-19,,N,Y,Y,Fulmer Family Children's Centre<br>Licensed Group<br>604-990-7877<br><br>Vacancy:<br>&nbsp;&nbsp;&nbsp;&nbsp;<36 months: N<br>&nbsp;&nbsp;&nbsp;&nbsp;30 months -- 5 years: N<br>&nbsp;&nbsp;&nbsp;&nbsp;Preschool: N<br>&nbsp;&nbsp;&nbsp;&nbsp;Grade 1 - Age 12: N<br>
3396,Licensed Family,Sunshine Kids Childcare,8552 112 St,,Delta,V4C 4W9,49.15875,-122.91199,778-710-3737,,,Y,N,N,N,N,N,Y,Y,N,N,N,N,Y,N,N,N,Y,Not offered,Not offered,N,N,N,N,N,N,N,Y,Y,N,N,2026-05-12,,N,Y,N,Sunshine Kids Childcare<br>Licensed Family<br>778-710-3737<br><br>Vacancy:<br>&nbsp;&nbsp;&nbsp;&nbsp;<36 months: Y<br>&nbsp;&nbsp;&nbsp;&nbsp;30 months -- 5 years: Y<br>&nbsp;&nbsp;&nbsp;&nbsp;Preschool: N<br>&nbsp;&nbsp;&nbsp;&nbsp;Grade 1 - Age 12: N<br>
3397,Licensed Group,Happy Bears Early Learning Centre #2,626-10833 160 St,,Surrey,V4N 1P3,49.199461,-122.778905,778-877-0869,,,Y,N,N,N,N,N,N,Y,N,N,N,N,N,N,N,N,N,Not offered,Not offered,N,N,N,N,N,Y,N,N,N,N,N,2026-05-07,,N,Y,N,Happy Bears Early Learning Centre #2<br>Licensed Group<br>778-877-0869<br><br>Vacancy:<br>&nbsp;&nbsp;&nbsp;&nbsp;<36 months: N<br>&nbsp;&nbsp;&nbsp;&nbsp;30 months -- 5 years: N<br>&nbsp;&nbsp;&nbsp;&nbsp;Preschool: N<br>&nbsp;&nbsp;&nbsp;&nbsp;Grade 1 - Age 12: N<br>
3398,Licensed Family,Brilliant Stars Childcare Centre Ltd.,32118 Dormick Ave,,Abbotsford,V2T 1J5,49.043583,-122.333822,604-746-9140,,,N,N,N,N,N,N,N,N,N,N,N,N,N,N,N,N,N,,,N,N,N,N,N,N,N,N,Y,N,Y,2026-04-30,,N,Y,N,Brilliant Stars Childcare Centre Ltd.<br>Licensed Family<br>604-746-9140<br><br>Vacancy:<br>&nbsp;&nbsp;&nbsp;&nbsp;<36 months: N<br>&nbsp;&nbsp;&nbsp;&nbsp;30 months -- 5 years: Y<br>&nbsp;&nbsp;&nbsp;&nbsp;Preschool: N<br>&nbsp;&nbsp;&nbsp;&nbsp;Grade 1 - Age 12: Y<br>
3399,Licensed Family,Toon Town,1070 Begbie Rd,,Revelstoke,V0E 2S0,50.99351,-118.224632,250-683-8606,,,Y,N,N,N,N,N,Y,Y,N,Y,Y,N,N,N,N,N,N,Extra fee,Extra fee,N,N,N,N,N,N,N,N,N,N,N,2026-05-13,,N,Y,N,Toon Town<br>Licensed Family<br>250-683-8606<br><br>Vacancy:<br>&nbsp;&nbsp;&nbsp;&nbsp;<36 months: N<br>&nbsp;&nbsp;&nbsp;&nbsp;30 months -- 5 years: N<br>&nbsp;&nbsp;&nbsp;&nbsp;Preschool: N<br>&nbsp;&nbsp;&nbsp;&nbsp;Grade 1 - Age 12: N<br>
3400,Licensed Family,Holy Cross Academy,7876 Nursery St,,Burnaby,V5E 2B4,49.236112,-122.950206,778-580-8230,,,N,N,N,N,N,N,N,N,N,N,N,N,N,N,N,N,N,,,N,N,N,N,N,N,N,N,Y,N,N,2026-05-14,,N,Y,N,Holy Cross Academy<br>Licensed Family<br>778-580-8230<br><br>Vacancy:<br>&nbsp;&nbsp;&nbsp;&nbsp;<36 months: N<br>&nbsp;&nbsp;&nbsp;&nbsp;30 months -- 5 years: Y<br>&nbsp;&nbsp;&nbsp;&nbsp;Preschool: N<br>&nbsp;&nbsp;&nbsp;&nbsp;Grade 1 - Age 12: N<br>
3401,Licensed Group,Cefa White Rock,301 - 1589 George St,,White Rock,V4B 0C6,49.030782,-122.800429,778-565-1124,,,N,N,N,N,N,N,N,N,N,N,N,N,N,N,N,N,N,,,N,N,N,N,N,N,N,Y,Y,N,N,2026-05-13,,N,Y,N,Cefa White Rock<br>Licensed Group<br>778-565-1124<br><br>Vacancy:<br>&nbsp;&nbsp;&nbsp;&nbsp;<36 months: Y<br>&nbsp;&nbsp;&nbsp;&nbsp;30 months -- 5 years: Y<br>&nbsp;&nbsp;&nbsp;&nbsp;Preschool: N<br>&nbsp;&nbsp;&nbsp;&nbsp;Grade 1 - Age 12: N<br>
3402,Licensed Family,Growing With Grace,2908 9Th Ave,,Castlegar,V1N 2Z1,49.275607,-117.652604,250-304-8370,,,N,N,N,N,N,N,N,N,N,N,N,N,N,N,N,N,N,,,N,N,N,N,N,N,N,N,N,N,N,2026-05-15,,N,Y,N,Growing With Grace<br>Licensed Family<br>250-304-8370<br><br>Vacancy:<br>&nbsp;&nbsp;&nbsp;&nbsp;<36 months: N<br>&nbsp;&nbsp;&nbsp;&nbsp;30 months -- 5 years: N<br>&nbsp;&nbsp;&nbsp;&nbsp;Preschool: N<br>&nbsp;&nbsp;&nbsp;&nbsp;Grade 1 - Age 12: N<br>
3403,Licensed Group,St. Giles Preschool,3737 27Th Ave W,,Vancouver,V6S 1R2,49.248343,-123.187462,604-325-0114,,,N,N,N,N,N,N,N,N,N,N,N,N,N,N,N,N,N,Not offered,Not offered,N,N,N,N,N,N,N,N,N,Y,N,2026-04-07,,N,Y,N,St. Giles Preschool<br>Licensed Group<br>604-325-0114<br><br>Vacancy:<br>&nbsp;&nbsp;&nbsp;&nbsp;<36 months: N<br>&nbsp;&nbsp;&nbsp;&nbsp;30 months -- 5 years: N<br>&nbsp;&nbsp;&nbsp;&nbsp;Preschool: Y<br>&nbsp;&nbsp;&nbsp;&nbsp;Grade 1 - Age 12: N<br>
3404,Licensed Group,S.M.A.T. Child Care Center,631 Thompson Ave,,Coquitlam,V3J 3Z9,49.268643,-122.884983,778-996-8236,,,Y,N,N,N,N,N,Y,N,N,N,N,Y,N,Y,N,N,Y,Included in fee,Not offered,Y,Y,Y,Y,Y,Y,Y,N,N,N,N,2026-04-15,,N,Y,N,S.M.A.T. Child Care Center<br>Licensed Group<br>778-996-8236<br><br>Vacancy:<br>&nbsp;&nbsp;&nbsp;&nbsp;<36 months: N<br>&nbsp;&nbsp;&nbsp;&nbsp;30 months -- 5 years: N<br>&nbsp;&nbsp;&nbsp;&nbsp;Preschool: N<br>&nbsp;&nbsp;&nbsp;&nbsp;Grade 1 - Age 12: N<br>
3405,Licensed Family,"Learn, Inspire, Thrive Childcare (Lit)",9262 152 St,,Surrey,V3R 4G2,49.171106,-122.801015,778-822-7142,,,N,N,N,N,N,N,N,N,N,N,N,N,N,N,N,N,N,,,N,N,N,N,N,N,N,N,N,N,N,2026-05-14,,N,Y,N,"Learn, Inspire, Thrive Childcare (Lit)<br>Licensed Family<br>778-822-7142<br><br>Vacancy:<br>&nbsp;&nbsp;&nbsp;&nbsp;<36 months: N<br>&nbsp;&nbsp;&nbsp;&nbsp;30 months -- 5 years: N<br>&nbsp;&nbsp;&nbsp;&nbsp;Preschool: N<br>&nbsp;&nbsp;&nbsp;&nbsp;Grade 1 - Age 12: N<br>"
3406,Licensed Group,Smiling Sunshine Childcare,1467 Hockaday St,,Coquitlam,V3E 2X2,49.303289,-122.772102,604-600-4393,,,N,N,N,N,N,N,N,N,N,N,N,N,N,N,N,N,N,,,N,N,N,N,N,N,N,N,N,N,N,2026-05-15,,N,Y,N,Smiling Sunshine Childcare<br>Licensed Group<br>604-600-4393<br><br>Vacancy:<br>&nbsp;&nbsp;&nbsp;&nbsp;<36 months: N<br>&nbsp;&nbsp;&nbsp;&nbsp;30 months -- 5 years: N<br>&nbsp;&nbsp;&nbsp;&nbsp;Preschool: N<br>&nbsp;&nbsp;&nbsp;&nbsp;Grade 1 - Age 12: N<br>
3407,Licensed Family,Learn Inspire Thrive Childcare Surrey Central,9866 132 St,,Surrey,V3T 3S6,49.181927,-122.856383,778-822-7142,,,N,N,N,N,N,N,N,N,N,N,N,N,N,N,N,N,N,,,N,N,N,N,N,N,N,N,N,N,N,2026-05-14,,N,Y,N,Learn Inspire Thrive Childcare Surrey Central<br>Licensed Family<br>778-822-7142<br><br>Vacancy:<br>&nbsp;&nbsp;&nbsp;&nbsp;<36 months: N<br>&nbsp;&nbsp;&nbsp;&nbsp;30 months -- 5 years: N<br>&nbsp;&nbsp;&nbsp;&nbsp;Preschool: N<br>&nbsp;&nbsp;&nbsp;&nbsp;Grade 1 - Age 12: N<br>
3408,Licensed Group,Max'inux Childcare Jinkerson,6113 Rexford Dr,,Chilliwack,V2R 0L3,49.113307,-121.913466,604-786-5990,,,N,N,N,N,N,N,N,N,N,N,N,N,N,N,N,N,N,,,N,N,N,N,N,N,N,N,N,N,N,2026-05-15,,N,Y,N,Max'inux Childcare Jinkerson<br>Licensed Group<br>604-786-5990<br><br>Vacancy:<br>&nbsp;&nbsp;&nbsp;&nbsp;<36 months: N<br>&nbsp;&nbsp;&nbsp;&nbsp;30 months -- 5 years: N<br>&nbsp;&nbsp;&nbsp;&nbsp;Preschool: N<br>&nbsp;&nbsp;&nbsp;&nbsp;Grade 1 - Age 12: N<br>
3409,Licensed Family,Cute And Curious Childcare Inc.,11235 Dumbarton Pl,,Surrey,V3R 0W9,49.206207,-122.815519,236-868-6164,,,N,N,N,N,N,N,N,N,N,N,N,N,N,N,N,N,N,,,N,N,N,N,N,N,N,N,N,N,N,2026-05-15,,N,Y,N,Cute And Curious Childcare Inc.<br>Licensed Family<br>236-868-6164<br><br>Vacancy:<br>&nbsp;&nbsp;&nbsp;&nbsp;<36 months: N<br>&nbsp;&nbsp;&nbsp;&nbsp;30 months -- 5 years: N<br>&nbsp;&nbsp;&nbsp;&nbsp;Preschool: N<br>&nbsp;&nbsp;&nbsp;&nbsp;Grade 1 - Age 12: N<br>
3410,Licensed Group,Cariboo Kids Daycare,7200 Cariboo Rd,,Burnaby,V3N 4A7,49.24425,-122.908553,604-527-7200,,,Y,N,N,N,N,N,Y,Y,N,N,N,N,N,N,N,N,N,Included in fee,Not offered,N,N,N,N,N,Y,Y,Y,Y,N,N,2026-05-15,,N,Y,N,Cariboo Kids Daycare<br>Licensed Group<br>604-527-7200<br><br>Vacancy:<br>&nbsp;&nbsp;&nbsp;&nbsp;<36 months: Y<br>&nbsp;&nbsp;&nbsp;&nbsp;30 months -- 5 years: Y<br>&nbsp;&nbsp;&nbsp;&nbsp;Preschool: N<br>&nbsp;&nbsp;&nbsp;&nbsp;Grade 1 - Age 12: N<br>
3411,Licensed Family,Maple Pathway Childcare Center,1329 Balfour Ave,,Vancouver,V6H 1X8,49.252205,-123.135354,778-991-5218,,,N,N,N,N,N,N,N,N,N,N,N,N,N,N,N,N,N,,,N,N,N,N,N,N,N,N,N,N,N,2026-04-15,,N,Y,N,Maple Pathway Childcare Center<br>Licensed Family<br>778-991-5218<br><br>Vacancy:<br>&nbsp;&nbsp;&nbsp;&nbsp;<36 months: N<br>&nbsp;&nbsp;&nbsp;&nbsp;30 months -- 5 years: N<br>&nbsp;&nbsp;&nbsp;&nbsp;Preschool: N<br>&nbsp;&nbsp;&nbsp;&nbsp;Grade 1 - Age 12: N<br>
3412,Licensed Family,Acclaim Canada Education Services Inc,1104 Charland Ave,,Coquitlam,V3K 3L1,49.24778,-122.861399,604-562-2273,,,N,N,N,N,N,N,N,N,N,N,N,N,N,N,N,N,N,,,N,N,N,N,N,N,N,N,N,N,N,2026-05-15,,N,Y,N,Acclaim Canada Education Services Inc<br>Licensed Family<br>604-562-2273<br><br>Vacancy:<br>&nbsp;&nbsp;&nbsp;&nbsp;<36 months: N<br>&nbsp;&nbsp;&nbsp;&nbsp;30 months -- 5 years: N<br>&nbsp;&nbsp;&nbsp;&nbsp;Preschool: N<br>&nbsp;&nbsp;&nbsp;&nbsp;Grade 1 - Age 12: N<br>
3413,Licensed Family,Golden Apple Child Care,10093 No. 1 Rd,,Richmond,V7E 1S1,49.140297,-123.181801,604-723-5216,,,N,N,N,N,N,N,N,N,N,N,N,N,N,N,N,N,N,,,N,N,N,N,N,N,N,N,N,N,N,2026-05-19,,N,Y,N,Golden Apple Child Care<br>Licensed Family<br>604-723-5216<br><br>Vacancy:<br>&nbsp;&nbsp;&nbsp;&nbsp;<36 months: N<br>&nbsp;&nbsp;&nbsp;&nbsp;30 months -- 5 years: N<br>&nbsp;&nbsp;&nbsp;&nbsp;Preschool: N<br>&nbsp;&nbsp;&nbsp;&nbsp;Grade 1 - Age 12: N<br>
3414,Licensed Family,Funtown Childcare Centre,11743 Fern Way,,Delta,V4C 7M5,49.167826,-122.896743,778-512-7078,,,N,N,N,N,N,N,N,N,N,N,N,N,N,N,N,N,N,,,N,N,N,N,N,N,N,N,N,N,N,2026-05-05,,N,Y,N,Funtown Childcare Centre<br>Licensed Family<br>778-512-7078<br><br>Vacancy:<br>&nbsp;&nbsp;&nbsp;&nbsp;<36 months: N<br>&nbsp;&nbsp;&nbsp;&nbsp;30 months -- 5 years: N<br>&nbsp;&nbsp;&nbsp;&nbsp;Preschool: N<br>&nbsp;&nbsp;&nbsp;&nbsp;Grade 1 - Age 12: N<br>
3415,Licensed Group,Mom's Garden Daycare,8691 Armstrong Ave,,Burnaby,V3N 2H4,49.233072,-122.909586,604-868-5494,,,N,N,N,N,N,N,N,N,N,N,N,N,N,N,N,N,N,,,N,N,N,N,N,N,N,N,N,N,N,2026-05-05,,N,Y,N,Mom's Garden Daycare<br>Licensed Group<br>604-868-5494<br><br>Vacancy:<br>&nbsp;&nbsp;&nbsp;&nbsp;<36 months: N<br>&nbsp;&nbsp;&nbsp;&nbsp;30 months -- 5 years: N<br>&nbsp;&nbsp;&nbsp;&nbsp;Preschool: N<br>&nbsp;&nbsp;&nbsp;&nbsp;Grade 1 - Age 12: N<br>
3416,Licensed Family,Shiny Duckling Daycare Ltd,35445 Delair Rd,,Abbotsford,V3G 2C7,49.037823,-122.24286,778-345-8606,,,N,N,N,N,N,N,N,N,N,N,N,N,N,N,N,N,N,,,N,N,N,N,N,N,N,Y,Y,N,N,2026-05-15,,N,Y,N,Shiny Duckling Daycare Ltd<br>Licensed Family<br>778-345-8606<br><br>Vacancy:<br>&nbsp;&nbsp;&nbsp;&nbsp;<36 months: Y<br>&nbsp;&nbsp;&nbsp;&nbsp;30 months -- 5 years: Y<br>&nbsp;&nbsp;&nbsp;&nbsp;Preschool: N<br>&nbsp;&nbsp;&nbsp;&nbsp;Grade 1 - Age 12: N<br>
3417,Licensed Group,Lheidli Littles' Lodge,1950 Gorse Street,,Prince George,V2L 1G6,53.90586,-122.737754,236-601-0483,,,N,N,N,N,N,N,N,N,N,N,N,N,N,N,N,N,N,,,N,N,N,N,N,N,N,N,N,N,N,2026-04-23,,N,Y,N,Lheidli Littles' Lodge<br>Licensed Group<br>236-601-0483<br><br>Vacancy:<br>&nbsp;&nbsp;&nbsp;&nbsp;<36 months: N<br>&nbsp;&nbsp;&nbsp;&nbsp;30 months -- 5 years: N<br>&nbsp;&nbsp;&nbsp;&nbsp;Preschool: N<br>&nbsp;&nbsp;&nbsp;&nbsp;Grade 1 - Age 12: N<br>
3418,Licensed Family,Uday Childcare Centre,1165 54Th Ave E,,Vancouver,V5X 1M1,49.22088,-123.082084,236-688-9778,https://udaychildcare.ca/,,N,N,N,N,N,N,N,N,N,N,N,N,N,N,N,N,N,,,N,N,N,N,N,N,N,N,N,N,N,2026-05-14,,N,Y,N,Uday Childcare Centre<br>Licensed Family<br>236-688-9778<br><br>Vacancy:<br>&nbsp;&nbsp;&nbsp;&nbsp;<36 months: N<br>&nbsp;&nbsp;&nbsp;&nbsp;30 months -- 5 years: N<br>&nbsp;&nbsp;&nbsp;&nbsp;Preschool: N<br>&nbsp;&nbsp;&nbsp;&nbsp;Grade 1 - Age 12: N<br>
3419,Licensed Group,Lingo Sunshine Academy,6026 Dover Road,,Richmond,V7C 3L1,49.169703,-123.161318,604-727-6758,,,N,N,N,N,N,N,N,N,N,N,N,N,N,N,N,N,N,,,N,N,N,N,N,N,N,N,N,N,N,2026-05-01,,N,Y,N,Lingo Sunshine Academy<br>Licensed Group<br>604-727-6758<br><br>Vacancy:<br>&nbsp;&nbsp;&nbsp;&nbsp;<36 months: N<br>&nbsp;&nbsp;&nbsp;&nbsp;30 months -- 5 years: N<br>&nbsp;&nbsp;&nbsp;&nbsp;Preschool: N<br>&nbsp;&nbsp;&nbsp;&nbsp;Grade 1 - Age 12: N<br>
3420,Licensed Family,Dreamland Journeys Childcare Ltd,1216 Gabriola Dr,,Coquitlam,V3E 1G3,49.287253,-122.773589,236-862-8145,dreamlandchildcare.ca,,N,N,N,N,N,N,N,N,N,N,N,N,N,N,N,N,N,,,N,N,N,N,N,N,N,N,N,N,N,2026-05-12,,N,Y,N,Dreamland Journeys Childcare Ltd<br>Licensed Family<br>236-862-8145<br><br>Vacancy:<br>&nbsp;&nbsp;&nbsp;&nbsp;<36 months: N<br>&nbsp;&nbsp;&nbsp;&nbsp;30 months -- 5 years: N<br>&nbsp;&nbsp;&nbsp;&nbsp;Preschool: N<br>&nbsp;&nbsp;&nbsp;&nbsp;Grade 1 - Age 12: N<br>
3421,Licensed Group,Angels Playhouse Daycare Society(E 41St Ave),1634 E 41St Ave,,Vancouver,V5P 1K5,49.23238,-123.071998,604-809-3868,,,N,N,N,N,N,N,N,N,N,N,N,N,N,N,N,N,N,,,N,N,N,N,N,N,N,Y,Y,N,N,2026-05-18,,N,Y,N,Angels Playhouse Daycare Society(E 41St Ave)<br>Licensed Group<br>604-809-3868<br><br>Vacancy:<br>&nbsp;&nbsp;&nbsp;&nbsp;<36 months: Y<br>&nbsp;&nbsp;&nbsp;&nbsp;30 months -- 5 years: Y<br>&nbsp;&nbsp;&nbsp;&nbsp;Preschool: N<br>&nbsp;&nbsp;&nbsp;&nbsp;Grade 1 - Age 12: N<br>
3422,Licensed Family,Honeybee Childcare Centre,7755 148 St,,Surrey,V3S 3E9,49.143885,-122.812522,778-956-6424,,,N,N,N,N,N,N,N,N,N,N,N,N,N,N,N,N,N,,,N,N,N,N,N,N,N,Y,N,N,N,2026-04-16,,N,Y,N,Honeybee Childcare Centre<br>Licensed Family<br>778-956-6424<br><br>Vacancy:<br>&nbsp;&nbsp;&nbsp;&nbsp;<36 months: Y<br>&nbsp;&nbsp;&nbsp;&nbsp;30 months -- 5 years: N<br>&nbsp;&nbsp;&nbsp;&nbsp;Preschool: N<br>&nbsp;&nbsp;&nbsp;&nbsp;Grade 1 - Age 12: N<br>
3423,Licensed Group,Kidtopia Children's House,6745 Hastings St.,,Burnaby,V5B 1S6,49.280425,-122.964109,604-565-6555,,,N,N,N,N,N,N,N,N,N,N,N,N,N,N,N,N,N,,,N,N,N,N,N,N,N,N,N,N,N,2026-05-15,,N,Y,N,Kidtopia Children's House<br>Licensed Group<br>604-565-6555<br><br>Vacancy:<br>&nbsp;&nbsp;&nbsp;&nbsp;<36 months: N<br>&nbsp;&nbsp;&nbsp;&nbsp;30 months -- 5 years: N<br>&nbsp;&nbsp;&nbsp;&nbsp;Preschool: N<br>&nbsp;&nbsp;&nbsp;&nbsp;Grade 1 - Age 12: N<br>
3424,Licensed Family,Wildflower Nature School,2653 Sea Blush Dr,,Nanoose Bay,V9P 9E4,49.254482,-124.183589,778-674-9388,,,N,N,N,N,N,N,N,N,N,N,N,N,N,N,N,N,N,,,N,N,N,N,N,N,N,N,Y,N,N,2026-05-20,,N,Y,N,Wildflower Nature School<br>Licensed Family<br>778-674-9388<br><br>Vacancy:<br>&nbsp;&nbsp;&nbsp;&nbsp;<36 months: N<br>&nbsp;&nbsp;&nbsp;&nbsp;30 months -- 5 years: Y<br>&nbsp;&nbsp;&nbsp;&nbsp;Preschool: N<br>&nbsp;&nbsp;&nbsp;&nbsp;Grade 1 - Age 12: N<br>
3425,Licensed Group,Smilekids Childcare Oakland,1509 Oakland Ave,,Victoria,V8T 2L1,48.444938,-123.342486,250-884-4126,,,N,N,N,N,N,N,N,N,N,N,N,N,N,N,N,N,N,,,N,N,N,N,N,N,N,N,N,N,N,2026-05-04,,N,Y,N,Smilekids Childcare Oakland<br>Licensed Group<br>250-884-4126<br><br>Vacancy:<br>&nbsp;&nbsp;&nbsp;&nbsp;<36 months: N<br>&nbsp;&nbsp;&nbsp;&nbsp;30 months -- 5 years: N<br>&nbsp;&nbsp;&nbsp;&nbsp;Preschool: N<br>&nbsp;&nbsp;&nbsp;&nbsp;Grade 1 - Age 12: N<br>
3426,Licensed Group,The Big Playhouse Sexsmith,18 W 60Th Ave,,Vancouver,V5X 1Z4,49.215787,-123.106682,604-690-0439,,,N,N,N,N,N,N,N,N,N,N,N,N,N,N,N,N,N,,,N,N,N,N,N,N,N,N,N,N,N,2026-05-15,,N,Y,N,The Big Playhouse Sexsmith<br>Licensed Group<br>604-690-0439<br><br>Vacancy:<br>&nbsp;&nbsp;&nbsp;&nbsp;<36 months: N<br>&nbsp;&nbsp;&nbsp;&nbsp;30 months -- 5 years: N<br>&nbsp;&nbsp;&nbsp;&nbsp;Preschool: N<br>&nbsp;&nbsp;&nbsp;&nbsp;Grade 1 - Age 12: N<br>
3427,Licensed Family,Kids Early Learning Daycare,2360 mclennan Ave,,Richmond,V6X 2N7,49.193634,-123.107307,236-999-0695,,,N,N,N,N,N,N,N,N,N,N,N,N,N,N,N,N,N,,,N,N,N,N,N,N,N,N,N,N,N,2026-05-02,,N,Y,N,Kids Early Learning Daycare<br>Licensed Family<br>236-999-0695<br><br>Vacancy:<br>&nbsp;&nbsp;&nbsp;&nbsp;<36 months: N<br>&nbsp;&nbsp;&nbsp;&nbsp;30 months -- 5 years: N<br>&nbsp;&nbsp;&nbsp;&nbsp;Preschool: N<br>&nbsp;&nbsp;&nbsp;&nbsp;Grade 1 - Age 12: N<br>
3428,Licensed Family,Little Sprouts,1885 White Blossom Way,,Nanaimo,V9X 1X5,49.113009,-123.929695,250-734-2973,,,N,N,N,N,N,N,N,N,N,N,N,N,N,N,N,N,N,,,N,N,N,N,N,N,N,N,N,N,N,2026-04-16,,N,Y,N,Little Sprouts<br>Licensed Family<br>250-734-2973<br><br>Vacancy:<br>&nbsp;&nbsp;&nbsp;&nbsp;<36 months: N<br>&nbsp;&nbsp;&nbsp;&nbsp;30 months -- 5 years: N<br>&nbsp;&nbsp;&nbsp;&nbsp;Preschool: N<br>&nbsp;&nbsp;&nbsp;&nbsp;Grade 1 - Age 12: N<br>
3429,Licensed Family,Lumikids,1140 Charland Ave,,Coquitlam,V3K 3L1,49.247818,-122.858993,778-772-4216,,,N,N,N,N,N,N,N,N,N,N,N,N,N,N,N,N,N,,,N,N,N,N,N,N,N,N,N,N,N,2026-05-18,,N,Y,N,Lumikids<br>Licensed Family<br>778-772-4216<br><br>Vacancy:<br>&nbsp;&nbsp;&nbsp;&nbsp;<36 months: N<br>&nbsp;&nbsp;&nbsp;&nbsp;30 months -- 5 years: N<br>&nbsp;&nbsp;&nbsp;&nbsp;Preschool: N<br>&nbsp;&nbsp;&nbsp;&nbsp;Grade 1 - Age 12: N<br>
3430,Licensed Group,Sunnyside Montessori Daycare #2,16656 18A Ave,,Surrey,V3Z 1A2,49.03524,-122.76125,778-858-6218,,,N,N,N,N,N,N,N,N,N,N,N,N,N,N,N,N,N,,,N,N,N,N,N,N,N,N,N,N,N,2026-05-01,,N,Y,N,Sunnyside Montessori Daycare #2<br>Licensed Group<br>778-858-6218<br><br>Vacancy:<br>&nbsp;&nbsp;&nbsp;&nbsp;<36 months: N<br>&nbsp;&nbsp;&nbsp;&nbsp;30 months -- 5 years: N<br>&nbsp;&nbsp;&nbsp;&nbsp;Preschool: N<br>&nbsp;&nbsp;&nbsp;&nbsp;Grade 1 - Age 12: N<br>
3431,Licensed Group,Royal Academy On Canada Way,4692 Canada Way,,Burnaby,V5G 1K8,49.253809,-122.989825,778-322-0288,,,N,N,N,N,N,N,N,N,N,N,N,N,N,N,N,N,N,,,N,N,N,N,N,N,N,N,N,N,N,2026-05-20,,N,Y,N,Royal Academy On Canada Way<br>Licensed Group<br>778-322-0288<br><br>Vacancy:<br>&nbsp;&nbsp;&nbsp;&nbsp;<36 months: N<br>&nbsp;&nbsp;&nbsp;&nbsp;30 months -- 5 years: N<br>&nbsp;&nbsp;&nbsp;&nbsp;Preschool: N<br>&nbsp;&nbsp;&nbsp;&nbsp;Grade 1 - Age 12: N<br>
3432,Licensed Group,My Forest Daycare,19654 73C Ave,,Langley,V2Y 3R5,49.136675,-122.677859,778-713-0705,,,N,N,N,N,N,N,N,N,N,N,N,N,N,N,N,N,N,,,N,N,N,N,N,N,N,N,N,N,N,2026-05-01,,N,Y,N,My Forest Daycare<br>Licensed Group<br>778-713-0705<br><br>Vacancy:<br>&nbsp;&nbsp;&nbsp;&nbsp;<36 months: N<br>&nbsp;&nbsp;&nbsp;&nbsp;30 months -- 5 years: N<br>&nbsp;&nbsp;&nbsp;&nbsp;Preschool: N<br>&nbsp;&nbsp;&nbsp;&nbsp;Grade 1 - Age 12: N<br>
3433,Licensed Group,Rose Child Care Centre,119 3Rd St W,,North Vancouver,V7M 1E7,49.313558,-123.078064,672-982-3484,,,N,N,N,N,N,N,N,N,N,N,N,N,N,N,N,N,N,Extra fee,Extra fee,N,N,N,N,N,N,N,Y,Y,N,N,2026-05-19,,N,Y,N,Rose Child Care Centre<br>Licensed Group<br>672-982-3484<br><br>Vacancy:<br>&nbsp;&nbsp;&nbsp;&nbsp;<36 months: Y<br>&nbsp;&nbsp;&nbsp;&nbsp;30 months -- 5 years: Y<br>&nbsp;&nbsp;&nbsp;&nbsp;Preschool: N<br>&nbsp;&nbsp;&nbsp;&nbsp;Grade 1 - Age 12: N<br>
3434,Licensed Group,Happy Little Bunnies,20936 80B Avenue,,Langley,V2Y 0R2,49.149111,-122.641878,778-680-4611,,,Y,N,N,N,N,N,Y,N,N,N,N,N,N,N,N,N,Y,Included in fee,Not offered,N,N,N,N,N,Y,Y,N,N,N,N,2026-05-21,,N,Y,N,Happy Little Bunnies<br>Licensed Group<br>778-680-4611<br><br>Vacancy:<br>&nbsp;&nbsp;&nbsp;&nbsp;<36 months: N<br>&nbsp;&nbsp;&nbsp;&nbsp;30 months -- 5 years: N<br>&nbsp;&nbsp;&nbsp;&nbsp;Preschool: N<br>&nbsp;&nbsp;&nbsp;&nbsp;Grade 1 - Age 12: N<br>
3435,Licensed Group,Randerson Ridge Before And After School Care,6021 Nelson Rd,,Nanaimo,V9T 5N7,49.226589,-124.027211,250-268-7189,,,N,N,N,N,N,N,N,N,N,N,N,N,N,N,N,N,N,,,N,N,N,N,N,N,N,N,N,N,N,2026-05-21,,N,Y,N,Randerson Ridge Before And After School Care<br>Licensed Group<br>250-268-7189<br><br>Vacancy:<br>&nbsp;&nbsp;&nbsp;&nbsp;<36 months: N<br>&nbsp;&nbsp;&nbsp;&nbsp;30 months -- 5 years: N<br>&nbsp;&nbsp;&nbsp;&nbsp;Preschool: N<br>&nbsp;&nbsp;&nbsp;&nbsp;Grade 1 - Age 12: N<br>
3436,Licensed Group,Little Sprouts Childcare Centre #2,6280 128 St,,Surrey,V3X 1S8,49.116874,-122.867557,604-218-6040,,,Y,Y,N,N,N,N,Y,Y,N,Y,Y,N,Y,N,N,N,Y,Extra fee,Extra fee,N,N,N,N,Y,Y,Y,N,Y,N,N,2026-05-14,,N,Y,N,Little Sprouts Childcare Centre #2<br>Licensed Group<br>604-218-6040<br><br>Vacancy:<br>&nbsp;&nbsp;&nbsp;&nbsp;<36 months: N<br>&nbsp;&nbsp;&nbsp;&nbsp;30 months -- 5 years: Y<br>&nbsp;&nbsp;&nbsp;&nbsp;Preschool: N<br>&nbsp;&nbsp;&nbsp;&nbsp;Grade 1 - Age 12: N<br>
3437,Licensed Group,Dasmesh Childcare Centre Ltd,13802 Franklin Rd,,Surrey,V3R 5K9,49.199978,-122.839889,604-700-6137,,,N,N,N,N,N,N,N,N,N,N,N,N,N,N,N,N,N,,,N,N,N,N,N,N,N,Y,Y,N,N,2026-04-19,,N,Y,N,Dasmesh Childcare Centre Ltd<br>Licensed Group<br>604-700-6137<br><br>Vacancy:<br>&nbsp;&nbsp;&nbsp;&nbsp;<36 months: Y<br>&nbsp;&nbsp;&nbsp;&nbsp;30 months -- 5 years: Y<br>&nbsp;&nbsp;&nbsp;&nbsp;Preschool: N<br>&nbsp;&nbsp;&nbsp;&nbsp;Grade 1 - Age 12: N<br>
3438,Licensed Family,Maha Family Child Care,2988 52Nd Ave E,,Vancouver,V5S 1T5,49.221476,-123.043148,778-558-8685,,,N,N,N,N,N,N,N,N,N,N,N,N,N,N,N,N,N,,,N,N,N,N,N,N,N,N,N,N,N,2026-05-19,,N,Y,N,Maha Family Child Care<br>Licensed Family<br>778-558-8685<br><br>Vacancy:<br>&nbsp;&nbsp;&nbsp;&nbsp;<36 months: N<br>&nbsp;&nbsp;&nbsp;&nbsp;30 months -- 5 years: N<br>&nbsp;&nbsp;&nbsp;&nbsp;Preschool: N<br>&nbsp;&nbsp;&nbsp;&nbsp;Grade 1 - Age 12: N<br>
3439,Licensed Group,Uplands ymca Child Care,161 Middle Bench Rd S,,Penticton,V2A 8S7,49.501028,-119.573795,250-859-8749,,,N,N,N,N,N,N,N,N,N,N,N,N,N,N,N,N,N,,,N,N,N,N,N,N,N,N,N,N,N,2026-04-28,,N,N,N,Uplands ymca Child Care<br>Licensed Group<br>250-859-8749<br><br>Vacancy:<br>&nbsp;&nbsp;&nbsp;&nbsp;<36 months: N<br>&nbsp;&nbsp;&nbsp;&nbsp;30 months -- 5 years: N<br>&nbsp;&nbsp;&nbsp;&nbsp;Preschool: N<br>&nbsp;&nbsp;&nbsp;&nbsp;Grade 1 - Age 12: N<br>
3440,Licensed Family,Happy World Daycare,2510 Queens Ave,,West Vancouver,V7V 2Y8,49.341968,-123.182354,672-272-6020,,,N,N,N,N,N,N,N,N,N,N,N,N,N,N,N,N,N,,,N,N,N,N,N,N,N,Y,Y,N,N,2026-04-28,,N,Y,N,Happy World Daycare<br>Licensed Family<br>672-272-6020<br><br>Vacancy:<br>&nbsp;&nbsp;&nbsp;&nbsp;<36 months: Y<br>&nbsp;&nbsp;&nbsp;&nbsp;30 months -- 5 years: Y<br>&nbsp;&nbsp;&nbsp;&nbsp;Preschool: N<br>&nbsp;&nbsp;&nbsp;&nbsp;Grade 1 - Age 12: N<br>
3441,Licensed Group,I Love Childcare,19319 67Th Ave,,Surrey,V4N 1M7,49.125076,-122.688044,778-681-0525,,,Y,N,N,N,N,N,Y,N,N,N,N,N,N,N,N,N,Y,Included in fee,Not offered,Y,Y,Y,N,N,Y,Y,Y,N,N,N,2026-05-01,,N,Y,N,I Love Childcare<br>Licensed Group<br>778-681-0525<br><br>Vacancy:<br>&nbsp;&nbsp;&nbsp;&nbsp;<36 months: Y<br>&nbsp;&nbsp;&nbsp;&nbsp;30 months -- 5 years: N<br>&nbsp;&nbsp;&nbsp;&nbsp;Preschool: N<br>&nbsp;&nbsp;&nbsp;&nbsp;Grade 1 - Age 12: N<br>
3442,Licensed Family,Somewhere Special,20982 77A Ave,,Langley,V2Y 0L8,49.1675,-122.468361,778-839-7627,,,N,N,N,N,N,N,N,N,N,N,N,N,N,N,N,N,N,,,N,N,N,N,N,N,N,N,Y,N,N,2026-05-13,,N,Y,N,Somewhere Special<br>Licensed Family<br>778-839-7627<br><br>Vacancy:<br>&nbsp;&nbsp;&nbsp;&nbsp;<36 months: N<br>&nbsp;&nbsp;&nbsp;&nbsp;30 months -- 5 years: Y<br>&nbsp;&nbsp;&nbsp;&nbsp;Preschool: N<br>&nbsp;&nbsp;&nbsp;&nbsp;Grade 1 - Age 12: N<br>
3443,Licensed Group,Bright Cross Learning Center,7940 - 118 Street,,Delta,V4C 6H1,49.147839,-122.89539,778-789-8222,,,N,N,N,N,N,N,N,N,N,N,N,N,N,N,N,N,N,,,N,N,N,N,N,N,N,Y,Y,N,N,2026-05-14,,N,Y,N,Bright Cross Learning Center<br>Licensed Group<br>778-789-8222<br><br>Vacancy:<br>&nbsp;&nbsp;&nbsp;&nbsp;<36 months: Y<br>&nbsp;&nbsp;&nbsp;&nbsp;30 months -- 5 years: Y<br>&nbsp;&nbsp;&nbsp;&nbsp;Preschool: N<br>&nbsp;&nbsp;&nbsp;&nbsp;Grade 1 - Age 12: N<br>
3444,Licensed Family,Three Little Limes,1304 Roy Rd,,Victoria,V8Z 2Y2,48.481553,-123.414398,250-920-5023,,,N,N,N,N,N,N,N,N,N,N,N,N,N,N,N,N,N,,,N,N,N,N,N,N,N,N,Y,N,N,2026-05-15,,N,Y,N,Three Little Limes<br>Licensed Family<br>250-920-5023<br><br>Vacancy:<br>&nbsp;&nbsp;&nbsp;&nbsp;<36 months: N<br>&nbsp;&nbsp;&nbsp;&nbsp;30 months -- 5 years: Y<br>&nbsp;&nbsp;&nbsp;&nbsp;Preschool: N<br>&nbsp;&nbsp;&nbsp;&nbsp;Grade 1 - Age 12: N<br>
3445,Licensed Group,Ma Montessori Daycare & Preschool,3078 Renfrew St,,Vancouver,V5M 3K6,49.256762,-123.043839,236-986-9760,,,Y,N,N,N,N,N,N,Y,N,N,N,Y,N,Y,Y,Y,N,Extra fee,Extra fee,N,N,N,N,N,N,N,N,N,N,N,2026-05-11,,N,Y,N,Ma Montessori Daycare & Preschool<br>Licensed Group<br>236-986-9760<br><br>Vacancy:<br>&nbsp;&nbsp;&nbsp;&nbsp;<36 months: N<br>&nbsp;&nbsp;&nbsp;&nbsp;30 months -- 5 years: N<br>&nbsp;&nbsp;&nbsp;&nbsp;Preschool: N<br>&nbsp;&nbsp;&nbsp;&nbsp;Grade 1 - Age 12: N<br>
3446,Licensed Group,Tiny Tykes On 4Th,1367 4Th Ave,,Prince George,V2L 3J6,53.916345,-122.74767,250-899-4546,,,N,N,N,N,N,N,N,N,N,N,N,N,N,N,N,N,N,,,N,N,N,N,N,N,N,N,N,N,N,2026-05-14,,N,Y,N,Tiny Tykes On 4Th<br>Licensed Group<br>250-899-4546<br><br>Vacancy:<br>&nbsp;&nbsp;&nbsp;&nbsp;<36 months: N<br>&nbsp;&nbsp;&nbsp;&nbsp;30 months -- 5 years: N<br>&nbsp;&nbsp;&nbsp;&nbsp;Preschool: N<br>&nbsp;&nbsp;&nbsp;&nbsp;Grade 1 - Age 12: N<br>
3447,Licensed Family,Plum Treehouse In-Home Muti-Age Child Care,3530 42Nd Ave W,,Vancouver,V6N 3H6,49.233533,-123.182909,236-863-3791,,,N,N,N,N,N,N,N,N,N,N,N,N,N,N,N,N,N,,,N,N,N,N,N,N,N,Y,Y,N,Y,2026-05-17,,N,Y,N,Plum Treehouse In-Home Muti-Age Child Care<br>Licensed Family<br>236-863-3791<br><br>Vacancy:<br>&nbsp;&nbsp;&nbsp;&nbsp;<36 months: Y<br>&nbsp;&nbsp;&nbsp;&nbsp;30 months -- 5 years: Y<br>&nbsp;&nbsp;&nbsp;&nbsp;Preschool: N<br>&nbsp;&nbsp;&nbsp;&nbsp;Grade 1 - Age 12: Y<br>
3448,Licensed Group,Blossoms & Roots Childcare - White Rock,1519 Oxford St,,White Rock,V4B 3R7,49.029893,-122.812658,778-871-3043,,,N,N,N,N,N,N,N,N,N,N,N,N,N,N,N,N,N,,,N,N,N,N,N,N,N,N,N,N,N,2026-05-15,,N,Y,N,Blossoms & Roots Childcare - White Rock<br>Licensed Group<br>778-871-3043<br><br>Vacancy:<br>&nbsp;&nbsp;&nbsp;&nbsp;<36 months: N<br>&nbsp;&nbsp;&nbsp;&nbsp;30 months -- 5 years: N<br>&nbsp;&nbsp;&nbsp;&nbsp;Preschool: N<br>&nbsp;&nbsp;&nbsp;&nbsp;Grade 1 - Age 12: N<br>
3449,Licensed Group,Aloha Childcare Centre,6338 Neville St,,Burnaby,V5E 1A6,49.213562,-122.971258,604-720-0076,,,N,N,N,N,N,N,N,N,N,N,N,N,N,N,N,N,N,,,N,N,N,N,N,N,N,N,N,N,N,2026-05-17,,N,Y,N,Aloha Childcare Centre<br>Licensed Group<br>604-720-0076<br><br>Vacancy:<br>&nbsp;&nbsp;&nbsp;&nbsp;<36 months: N<br>&nbsp;&nbsp;&nbsp;&nbsp;30 months -- 5 years: N<br>&nbsp;&nbsp;&nbsp;&nbsp;Preschool: N<br>&nbsp;&nbsp;&nbsp;&nbsp;Grade 1 - Age 12: N<br>
3450,Licensed Group,Maple Childcare Centre - Kitsilano Neighbourhood House,1530 Maple St,,Vancouver,V6J 0H8,49.272237,-123.150199,604-628-5293,,,N,N,N,N,N,N,N,N,N,N,N,N,N,N,N,N,N,Not offered,Not offered,N,N,N,N,N,N,N,N,N,N,N,2026-04-08,,N,Y,Y,Maple Childcare Centre - Kitsilano Neighbourhood House<br>Licensed Group<br>604-628-5293<br><br>Vacancy:<br>&nbsp;&nbsp;&nbsp;&nbsp;<36 months: N<br>&nbsp;&nbsp;&nbsp;&nbsp;30 months -- 5 years: N<br>&nbsp;&nbsp;&nbsp;&nbsp;Preschool: N<br>&nbsp;&nbsp;&nbsp;&nbsp;Grade 1 - Age 12: N<br>
3451,Licensed Group,Maple Childcare Centre - Kitsilano Neighbourhood House,1530 Maple St,,Vancouver,V6J 0H8,49.272237,-123.150199,604-628-5293,,,N,N,N,N,N,N,N,N,N,N,N,N,N,N,N,N,N,Not offered,Not offered,N,N,N,N,N,N,N,N,N,N,N,2026-04-08,,N,Y,Y,Maple Childcare Centre - Kitsilano Neighbourhood House<br>Licensed Group<br>604-628-5293<br><br>Vacancy:<br>&nbsp;&nbsp;&nbsp;&nbsp;<36 months: N<br>&nbsp;&nbsp;&nbsp;&nbsp;30 months -- 5 years: N<br>&nbsp;&nbsp;&nbsp;&nbsp;Preschool: N<br>&nbsp;&nbsp;&nbsp;&nbsp;Grade 1 - Age 12: N<br>
3452,Licensed Group,Baby Shark,7308 Main Street,,Vancouver,V5X 3J5,49.218251,-123.101505,778-829-9650,,,N,N,N,N,N,N,N,N,N,N,N,N,N,N,N,N,N,,,N,N,N,N,N,N,N,N,N,N,N,2026-05-16,,N,Y,N,Baby Shark<br>Licensed Group<br>778-829-9650<br><br>Vacancy:<br>&nbsp;&nbsp;&nbsp;&nbsp;<36 months: N<br>&nbsp;&nbsp;&nbsp;&nbsp;30 months -- 5 years: N<br>&nbsp;&nbsp;&nbsp;&nbsp;Preschool: N<br>&nbsp;&nbsp;&nbsp;&nbsp;Grade 1 - Age 12: N<br>
3453,Licensed Group,Cloverdale Village Early Learning Centre,5855 176A St,,Surrey,V3S 4H6,49.108853,-122.733942,672-999-0380,,,N,N,N,N,N,N,N,N,N,N,N,N,N,N,N,N,N,,,N,N,N,N,N,N,N,Y,Y,Y,N,2026-05-15,,N,Y,N,Cloverdale Village Early Learning Centre<br>Licensed Group<br>672-999-0380<br><br>Vacancy:<br>&nbsp;&nbsp;&nbsp;&nbsp;<36 months: Y<br>&nbsp;&nbsp;&nbsp;&nbsp;30 months -- 5 years: Y<br>&nbsp;&nbsp;&nbsp;&nbsp;Preschool: Y<br>&nbsp;&nbsp;&nbsp;&nbsp;Grade 1 - Age 12: N<br>
3454,Licensed Group,Tiny Scholars Playschool - Newton,13857 68Th Ave,,Surrey,V3W 2G9,49.126781,-122.838737,604-337-9333,,,N,N,N,N,N,N,N,N,N,N,N,N,N,N,N,N,N,,,N,N,N,N,N,N,N,Y,Y,N,N,2026-04-24,,N,Y,N,Tiny Scholars Playschool - Newton<br>Licensed Group<br>604-337-9333<br><br>Vacancy:<br>&nbsp;&nbsp;&nbsp;&nbsp;<36 months: Y<br>&nbsp;&nbsp;&nbsp;&nbsp;30 months -- 5 years: Y<br>&nbsp;&nbsp;&nbsp;&nbsp;Preschool: N<br>&nbsp;&nbsp;&nbsp;&nbsp;Grade 1 - Age 12: N<br>
3455,Licensed Family,Hey Bears Child Care,5815 Ewart St,,Burnaby,V5J 2X1,49.210519,-122.978387,778-239-8818,,,N,N,N,N,N,N,N,N,N,N,N,N,N,N,N,N,N,,,N,N,N,N,N,N,N,Y,Y,N,Y,2026-05-18,,N,Y,N,Hey Bears Child Care<br>Licensed Family<br>778-239-8818<br><br>Vacancy:<br>&nbsp;&nbsp;&nbsp;&nbsp;<36 months: Y<br>&nbsp;&nbsp;&nbsp;&nbsp;30 months -- 5 years: Y<br>&nbsp;&nbsp;&nbsp;&nbsp;Preschool: N<br>&nbsp;&nbsp;&nbsp;&nbsp;Grade 1 - Age 12: Y<br>
3456,Licensed Group,Park Lane Preschool,1924 Carrick St,,Victoria,V8R 2M4,48.437069,-123.324358,250-883-9819,,,N,N,N,N,N,N,N,N,N,N,N,N,N,N,N,N,N,,,N,N,N,N,N,N,N,N,Y,N,N,2026-05-13,,N,Y,N,Park Lane Preschool<br>Licensed Group<br>250-883-9819<br><br>Vacancy:<br>&nbsp;&nbsp;&nbsp;&nbsp;<36 months: N<br>&nbsp;&nbsp;&nbsp;&nbsp;30 months -- 5 years: Y<br>&nbsp;&nbsp;&nbsp;&nbsp;Preschool: N<br>&nbsp;&nbsp;&nbsp;&nbsp;Grade 1 - Age 12: N<br>
3457,Licensed Group,Pebbles & Piaget Early Learning Kingsway Ii,3528 Kingsway,,Vancouver,V5R 5L7,49.231458,-123.028096,778-919-3797,,,N,N,N,N,N,N,N,N,N,N,N,N,N,N,N,N,N,,,N,N,N,N,N,N,N,Y,Y,N,N,2026-05-02,,N,Y,N,Pebbles & Piaget Early Learning Kingsway Ii<br>Licensed Group<br>778-919-3797<br><br>Vacancy:<br>&nbsp;&nbsp;&nbsp;&nbsp;<36 months: Y<br>&nbsp;&nbsp;&nbsp;&nbsp;30 months -- 5 years: Y<br>&nbsp;&nbsp;&nbsp;&nbsp;Preschool: N<br>&nbsp;&nbsp;&nbsp;&nbsp;Grade 1 - Age 12: N<br>
3458,Licensed Group,Cuddly Cubs Childcare,11564 Creekside St,,Maple Ridge,V2W 2B9,49.212422,-122.562665,365-338-5888,,,N,N,N,N,N,N,N,N,N,N,N,N,N,N,N,N,N,,,N,N,N,N,N,N,N,N,N,N,N,2026-05-01,,N,Y,N,Cuddly Cubs Childcare<br>Licensed Group<br>365-338-5888<br><br>Vacancy:<br>&nbsp;&nbsp;&nbsp;&nbsp;<36 months: N<br>&nbsp;&nbsp;&nbsp;&nbsp;30 months -- 5 years: N<br>&nbsp;&nbsp;&nbsp;&nbsp;Preschool: N<br>&nbsp;&nbsp;&nbsp;&nbsp;Grade 1 - Age 12: N<br>
3459,Licensed Group,Canstone Brighouse Daycare,6351 Gilbert Rd,,Richmond,V7C 3V5,49.167088,-123.147859,778-316-8466,,,N,N,N,N,N,N,N,N,N,N,N,N,N,N,N,N,N,,,N,N,N,N,N,N,N,N,N,N,N,2026-04-23,,N,Y,Y,Canstone Brighouse Daycare<br>Licensed Group<br>778-316-8466<br><br>Vacancy:<br>&nbsp;&nbsp;&nbsp;&nbsp;<36 months: N<br>&nbsp;&nbsp;&nbsp;&nbsp;30 months -- 5 years: N<br>&nbsp;&nbsp;&nbsp;&nbsp;Preschool: N<br>&nbsp;&nbsp;&nbsp;&nbsp;Grade 1 - Age 12: N<br>
3460,Licensed Group,Canstone Brighouse Daycare,6351 Gilbert Rd,,Richmond,V7C 3V5,49.167088,-123.147859,778-316-8466,,,N,N,N,N,N,N,N,N,N,N,N,N,N,N,N,N,N,,,N,N,N,N,N,N,N,N,Y,N,N,2026-04-23,,N,Y,Y,Canstone Brighouse Daycare<br>Licensed Group<br>778-316-8466<br><br>Vacancy:<br>&nbsp;&nbsp;&nbsp;&nbsp;<36 months: N<br>&nbsp;&nbsp;&nbsp;&nbsp;30 months -- 5 years: Y<br>&nbsp;&nbsp;&nbsp;&nbsp;Preschool: N<br>&nbsp;&nbsp;&nbsp;&nbsp;Grade 1 - Age 12: N<br>
3461,Licensed Group,Kidsrus Early Learning Center Main Street,7007 Main St,,Vancouver,V5X 1K6,49.220855,-123.102221,604-767-0439,,,N,N,N,N,N,N,N,N,N,N,N,N,N,N,N,N,N,,,N,N,N,N,N,N,N,N,N,N,N,2026-05-18,,N,Y,N,Kidsrus Early Learning Center Main Street<br>Licensed Group<br>604-767-0439<br><br>Vacancy:<br>&nbsp;&nbsp;&nbsp;&nbsp;<36 months: N<br>&nbsp;&nbsp;&nbsp;&nbsp;30 months -- 5 years: N<br>&nbsp;&nbsp;&nbsp;&nbsp;Preschool: N<br>&nbsp;&nbsp;&nbsp;&nbsp;Grade 1 - Age 12: N<br>
3462,Licensed Family,Growing Tree Child Care Center,19125 68 Ave,,Surrey,V4N 5P3,49.126474,-122.693069,778-246-2234,,,N,N,N,N,N,N,N,N,N,N,N,N,N,N,N,N,N,,,N,N,N,N,N,N,N,N,N,N,N,2026-05-03,,N,Y,N,Growing Tree Child Care Center<br>Licensed Family<br>778-246-2234<br><br>Vacancy:<br>&nbsp;&nbsp;&nbsp;&nbsp;<36 months: N<br>&nbsp;&nbsp;&nbsp;&nbsp;30 months -- 5 years: N<br>&nbsp;&nbsp;&nbsp;&nbsp;Preschool: N<br>&nbsp;&nbsp;&nbsp;&nbsp;Grade 1 - Age 12: N<br>
3463,Licensed Group,Stepping Stones Early Learning Centre - Rutland,528 Hollywood Rd S,,Kelowna,V1X 3T3,49.883227,-119.398657,604-317-7084,,,N,N,N,N,N,N,N,N,N,N,N,N,N,N,N,N,N,,,N,N,N,N,N,N,N,N,N,N,N,2026-04-25,,N,Y,N,Stepping Stones Early Learning Centre - Rutland<br>Licensed Group<br>604-317-7084<br><br>Vacancy:<br>&nbsp;&nbsp;&nbsp;&nbsp;<36 months: N<br>&nbsp;&nbsp;&nbsp;&nbsp;30 months -- 5 years: N<br>&nbsp;&nbsp;&nbsp;&nbsp;Preschool: N<br>&nbsp;&nbsp;&nbsp;&nbsp;Grade 1 - Age 12: N<br>
3464,Licensed Family,Rhyse's Family Child Care,515 Charstate Dr,,Campbell River,V9W 6J5,49.997782,-125.248862,236-854-7058,,,N,N,N,N,N,N,N,N,N,N,N,N,N,N,N,N,N,,,N,N,N,N,N,N,N,N,Y,N,Y,2026-05-15,,N,Y,N,Rhyse's Family Child Care<br>Licensed Family<br>236-854-7058<br><br>Vacancy:<br>&nbsp;&nbsp;&nbsp;&nbsp;<36 months: N<br>&nbsp;&nbsp;&nbsp;&nbsp;30 months -- 5 years: Y<br>&nbsp;&nbsp;&nbsp;&nbsp;Preschool: N<br>&nbsp;&nbsp;&nbsp;&nbsp;Grade 1 - Age 12: Y<br>
3465,Licensed Family,Wise Owls Daycare Ltd,4479 Wheeler Rd,,Prince George,V2N 5H5,53.872191,-122.780514,250-552-0945,,,N,N,N,N,N,N,N,N,N,N,N,N,N,N,N,N,N,,,N,N,N,N,N,N,N,N,N,N,N,2026-05-12,,N,Y,N,Wise Owls Daycare Ltd<br>Licensed Family<br>250-552-0945<br><br>Vacancy:<br>&nbsp;&nbsp;&nbsp;&nbsp;<36 months: N<br>&nbsp;&nbsp;&nbsp;&nbsp;30 months -- 5 years: N<br>&nbsp;&nbsp;&nbsp;&nbsp;Preschool: N<br>&nbsp;&nbsp;&nbsp;&nbsp;Grade 1 - Age 12: N<br>
3466,Licensed Group,Little Masters Childcare Center,1322 Whitsell Ave,,Burnaby,V5C 5E4,49.272676,-123.004198,778-316-5010,,,N,N,N,N,N,N,N,N,N,N,N,N,N,N,N,N,N,,,N,N,N,N,N,N,N,Y,N,N,N,2026-05-15,,N,Y,N,Little Masters Childcare Center<br>Licensed Group<br>778-316-5010<br><br>Vacancy:<br>&nbsp;&nbsp;&nbsp;&nbsp;<36 months: Y<br>&nbsp;&nbsp;&nbsp;&nbsp;30 months -- 5 years: N<br>&nbsp;&nbsp;&nbsp;&nbsp;Preschool: N<br>&nbsp;&nbsp;&nbsp;&nbsp;Grade 1 - Age 12: N<br>
3467,Licensed Group,Happy Bears Early Learning Center,16159 108A Ave,,Surrey,V4N 1P1,49.199948,-122.77411,778-877-0869,,,Y,N,N,N,N,N,Y,N,N,N,N,N,N,N,N,N,N,Not offered,Not offered,N,N,N,N,N,Y,N,N,N,N,N,2026-05-07,,N,Y,N,Happy Bears Early Learning Center<br>Licensed Group<br>778-877-0869<br><br>Vacancy:<br>&nbsp;&nbsp;&nbsp;&nbsp;<36 months: N<br>&nbsp;&nbsp;&nbsp;&nbsp;30 months -- 5 years: N<br>&nbsp;&nbsp;&nbsp;&nbsp;Preschool: N<br>&nbsp;&nbsp;&nbsp;&nbsp;Grade 1 - Age 12: N<br>
3468,Licensed Group,Willowbrae Academy Squamish,109- 38147 Laurelwood Rd,,Squamish,V8B 1E9,49.699445,-123.145732,604-968-9611,,,N,N,N,N,N,N,N,N,N,N,N,N,N,N,N,N,N,,,N,N,N,N,N,N,N,Y,N,N,N,2026-05-15,,N,Y,Y,Willowbrae Academy Squamish<br>Licensed Group<br>604-968-9611<br><br>Vacancy:<br>&nbsp;&nbsp;&nbsp;&nbsp;<36 months: Y<br>&nbsp;&nbsp;&nbsp;&nbsp;30 months -- 5 years: N<br>&nbsp;&nbsp;&nbsp;&nbsp;Preschool: N<br>&nbsp;&nbsp;&nbsp;&nbsp;Grade 1 - Age 12: N<br>
3469,Licensed Group,Willowbrae Academy Squamish,109- 38147 Laurelwood Rd,,Squamish,V8B 1E9,49.699445,-123.145732,604-968-9611,,,N,N,N,N,N,N,N,N,N,N,N,N,N,N,N,N,N,,,N,N,N,N,N,N,N,N,Y,N,N,2026-05-15,,N,Y,Y,Willowbrae Academy Squamish<br>Licensed Group<br>604-968-9611<br><br>Vacancy:<br>&nbsp;&nbsp;&nbsp;&nbsp;<36 months: N<br>&nbsp;&nbsp;&nbsp;&nbsp;30 months -- 5 years: Y<br>&nbsp;&nbsp;&nbsp;&nbsp;Preschool: N<br>&nbsp;&nbsp;&nbsp;&nbsp;Grade 1 - Age 12: N<br>
3470,Licensed Group,The Children's Centre At A.J. mclellan Elementary,119 - 16545 61St Ave,,Surrey,V3T 4A6,49.113541,-122.763513,778-829-0025,,,N,N,N,N,N,N,N,N,N,N,N,N,N,N,N,N,N,,,N,N,N,N,N,N,N,N,N,N,Y,2026-05-15,,N,Y,N,The Children's Centre At A.J. mclellan Elementary<br>Licensed Group<br>778-829-0025<br><br>Vacancy:<br>&nbsp;&nbsp;&nbsp;&nbsp;<36 months: N<br>&nbsp;&nbsp;&nbsp;&nbsp;30 months -- 5 years: N<br>&nbsp;&nbsp;&nbsp;&nbsp;Preschool: N<br>&nbsp;&nbsp;&nbsp;&nbsp;Grade 1 - Age 12: Y<br>
3471,Licensed Group,Little Critters Childcare,158 N Fork Rd,,Cherryville,V0E 2G3,50.243029,-118.607669,250-503-8340,,,N,N,N,N,N,N,N,N,N,N,N,N,N,N,N,N,N,,,N,N,N,N,N,N,N,N,N,N,N,2026-05-19,,N,Y,N,Little Critters Childcare<br>Licensed Group<br>250-503-8340<br><br>Vacancy:<br>&nbsp;&nbsp;&nbsp;&nbsp;<36 months: N<br>&nbsp;&nbsp;&nbsp;&nbsp;30 months -- 5 years: N<br>&nbsp;&nbsp;&nbsp;&nbsp;Preschool: N<br>&nbsp;&nbsp;&nbsp;&nbsp;Grade 1 - Age 12: N<br>
3472,Licensed Group,Cefa Campbell Heights,200 - 19255 28Th Ave,,Surrey,V3Z 9V2,49.053479,-122.690246,778-241-7917,,,N,N,N,N,N,N,N,N,N,N,N,N,N,N,N,N,N,,,N,N,N,N,N,N,N,Y,Y,N,N,2026-05-15,,N,Y,N,Cefa Campbell Heights<br>Licensed Group<br>778-241-7917<br><br>Vacancy:<br>&nbsp;&nbsp;&nbsp;&nbsp;<36 months: Y<br>&nbsp;&nbsp;&nbsp;&nbsp;30 months -- 5 years: Y<br>&nbsp;&nbsp;&nbsp;&nbsp;Preschool: N<br>&nbsp;&nbsp;&nbsp;&nbsp;Grade 1 - Age 12: N<br>
3473,Licensed Family,Academy Of Zheen,516 Hermosa Ave,,North Vancouver,V7N 3C1,49.319981,-123.072411,778-680-9445,,,Y,N,N,N,N,N,Y,Y,N,N,N,N,N,N,N,N,Y,Not offered,Not offered,N,N,N,N,N,N,N,Y,Y,N,N,2026-05-20,,N,Y,N,Academy Of Zheen<br>Licensed Family<br>778-680-9445<br><br>Vacancy:<br>&nbsp;&nbsp;&nbsp;&nbsp;<36 months: Y<br>&nbsp;&nbsp;&nbsp;&nbsp;30 months -- 5 years: Y<br>&nbsp;&nbsp;&nbsp;&nbsp;Preschool: N<br>&nbsp;&nbsp;&nbsp;&nbsp;Grade 1 - Age 12: N<br>
3474,Licensed Group,Parasol - Early Years Learning - 7,106-3301 30Th Ave,,Vernon,V1T 2C9,50.263992,-119.275681,250-299-3682,,,N,N,N,N,N,N,N,N,N,N,N,N,N,N,N,N,N,,,N,N,N,N,N,N,N,N,N,N,N,2026-04-18,,N,Y,N,Parasol - Early Years Learning - 7<br>Licensed Group<br>250-299-3682<br><br>Vacancy:<br>&nbsp;&nbsp;&nbsp;&nbsp;<36 months: N<br>&nbsp;&nbsp;&nbsp;&nbsp;30 months -- 5 years: N<br>&nbsp;&nbsp;&nbsp;&nbsp;Preschool: N<br>&nbsp;&nbsp;&nbsp;&nbsp;Grade 1 - Age 12: N<br>
3475,Licensed Group,Adventure House Early Learning Childcare,8187 12Th Ave,,Burnaby,V3N 2L3,49.224974,-122.921903,236-509-4447,,,N,N,N,N,N,N,N,N,N,N,N,N,N,N,N,N,N,,,N,N,N,N,N,N,N,N,Y,N,N,2026-05-10,,N,Y,N,Adventure House Early Learning Childcare<br>Licensed Group<br>236-509-4447<br><br>Vacancy:<br>&nbsp;&nbsp;&nbsp;&nbsp;<36 months: N<br>&nbsp;&nbsp;&nbsp;&nbsp;30 months -- 5 years: Y<br>&nbsp;&nbsp;&nbsp;&nbsp;Preschool: N<br>&nbsp;&nbsp;&nbsp;&nbsp;Grade 1 - Age 12: N<br>
3476,Licensed Family,Lee-Anne’S Little Ladybugs,609 Evans Dr,,Victoria,V9B 5E4,48.435905,-123.491966,250-986-1924,,,N,N,N,N,N,N,N,N,N,N,N,N,N,N,N,N,N,,,N,N,N,N,N,N,N,N,N,N,N,2026-05-15,,N,Y,N,Lee-Anne’S Little Ladybugs<br>Licensed Family<br>250-986-1924<br><br>Vacancy:<br>&nbsp;&nbsp;&nbsp;&nbsp;<36 months: N<br>&nbsp;&nbsp;&nbsp;&nbsp;30 months -- 5 years: N<br>&nbsp;&nbsp;&nbsp;&nbsp;Preschool: N<br>&nbsp;&nbsp;&nbsp;&nbsp;Grade 1 - Age 12: N<br>
3477,Licensed Group,Mousewood Forest And Nature Early Learning And Family Centre,8868 Haldi Rd,,Prince George,V2N 6K1,53.836737,-122.828569,250-906-0581,,,N,N,N,N,N,N,N,N,N,N,N,N,N,N,N,N,N,,,N,N,N,N,N,N,N,N,Y,N,N,2026-05-18,,N,Y,N,Mousewood Forest And Nature Early Learning And Family Centre<br>Licensed Group<br>250-906-0581<br><br>Vacancy:<br>&nbsp;&nbsp;&nbsp;&nbsp;<36 months: N<br>&nbsp;&nbsp;&nbsp;&nbsp;30 months -- 5 years: Y<br>&nbsp;&nbsp;&nbsp;&nbsp;Preschool: N<br>&nbsp;&nbsp;&nbsp;&nbsp;Grade 1 - Age 12: N<br>
3478,Licensed Group,Chimney Hill Out Of School Care Program,14755 74Th Avenue,,Surrey,V3S 8Y8,49.137567,-122.813996,604-816-2253,,,N,N,N,N,N,N,N,N,N,N,N,N,N,N,N,N,N,,,N,N,N,N,N,N,N,N,N,N,Y,2026-04-28,,N,Y,N,Chimney Hill Out Of School Care Program<br>Licensed Group<br>604-816-2253<br><br>Vacancy:<br>&nbsp;&nbsp;&nbsp;&nbsp;<36 months: N<br>&nbsp;&nbsp;&nbsp;&nbsp;30 months -- 5 years: N<br>&nbsp;&nbsp;&nbsp;&nbsp;Preschool: N<br>&nbsp;&nbsp;&nbsp;&nbsp;Grade 1 - Age 12: Y<br>
3479,Licensed Group,Bright Steps,2950 Blue Jay St,,Abbotsford,V2T 5P5,49.055722,-122.369498,778-345-7601,,,N,N,N,N,N,N,N,N,N,N,N,N,N,N,N,N,N,,,N,N,N,N,N,N,N,N,Y,Y,N,2026-05-13,,N,Y,N,Bright Steps<br>Licensed Group<br>778-345-7601<br><br>Vacancy:<br>&nbsp;&nbsp;&nbsp;&nbsp;<36 months: N<br>&nbsp;&nbsp;&nbsp;&nbsp;30 months -- 5 years: Y<br>&nbsp;&nbsp;&nbsp;&nbsp;Preschool: Y<br>&nbsp;&nbsp;&nbsp;&nbsp;Grade 1 - Age 12: N<br>
3480,Licensed Group,Ga Preschool Childcare,16870 80 Ave,,Surrey,V4N 5A1,49.148684,-122.755119,778-872-9988,,,Y,N,N,N,N,N,N,Y,Y,Y,Y,N,N,N,N,N,N,Not offered,Extra fee,Y,N,N,N,N,Y,N,Y,Y,Y,Y,2026-05-15,,N,Y,N,Ga Preschool Childcare<br>Licensed Group<br>778-872-9988<br><br>Vacancy:<br>&nbsp;&nbsp;&nbsp;&nbsp;<36 months: Y<br>&nbsp;&nbsp;&nbsp;&nbsp;30 months -- 5 years: Y<br>&nbsp;&nbsp;&nbsp;&nbsp;Preschool: Y<br>&nbsp;&nbsp;&nbsp;&nbsp;Grade 1 - Age 12: Y<br>
3481,Licensed Group,Smart Starters Child Care Centre 2,18990 62Nd Ave,,Surrey,V3S 8S4,49.114742,-122.696943,778-990-3993,,,N,N,N,N,N,N,N,N,N,N,N,N,N,N,N,N,N,,,N,N,N,N,N,N,N,N,Y,N,N,2026-05-15,,N,Y,N,Smart Starters Child Care Centre 2<br>Licensed Group<br>778-990-3993<br><br>Vacancy:<br>&nbsp;&nbsp;&nbsp;&nbsp;<36 months: N<br>&nbsp;&nbsp;&nbsp;&nbsp;30 months -- 5 years: Y<br>&nbsp;&nbsp;&nbsp;&nbsp;Preschool: N<br>&nbsp;&nbsp;&nbsp;&nbsp;Grade 1 - Age 12: N<br>
3482,Licensed Family,Dreamland Kids,7453 197 St,,Langley,V2Y 3R6,49.1675,-122.468361,587-580-8666,,,N,N,N,N,N,N,N,N,N,N,N,N,N,N,N,N,N,,,N,N,N,N,N,N,N,Y,Y,N,N,2026-05-15,,N,Y,N,Dreamland Kids<br>Licensed Family<br>587-580-8666<br><br>Vacancy:<br>&nbsp;&nbsp;&nbsp;&nbsp;<36 months: Y<br>&nbsp;&nbsp;&nbsp;&nbsp;30 months -- 5 years: Y<br>&nbsp;&nbsp;&nbsp;&nbsp;Preschool: N<br>&nbsp;&nbsp;&nbsp;&nbsp;Grade 1 - Age 12: N<br>
3483,Licensed Group,Birdhouse Montessori,591 St Giles Rd,,West Vancouver,V7S 1L7,49.360306,-123.126641,778-988-5351,,,N,N,N,N,N,N,N,N,N,N,N,N,N,N,N,N,N,,,N,N,N,N,N,N,N,N,N,N,N,2026-05-01,,N,Y,N,Birdhouse Montessori<br>Licensed Group<br>778-988-5351<br><br>Vacancy:<br>&nbsp;&nbsp;&nbsp;&nbsp;<36 months: N<br>&nbsp;&nbsp;&nbsp;&nbsp;30 months -- 5 years: N<br>&nbsp;&nbsp;&nbsp;&nbsp;Preschool: N<br>&nbsp;&nbsp;&nbsp;&nbsp;Grade 1 - Age 12: N<br>
3484,Licensed Family,Wander Home Learning Childcare,31382 Windsor Ct,,Abbotsford,V2T 6L8,49.04179,-122.354756,306-606-6000,,,N,N,N,N,N,N,N,N,N,N,N,N,N,N,N,N,N,,,N,N,N,N,N,N,N,N,N,N,N,2026-05-19,,N,Y,N,Wander Home Learning Childcare<br>Licensed Family<br>306-606-6000<br><br>Vacancy:<br>&nbsp;&nbsp;&nbsp;&nbsp;<36 months: N<br>&nbsp;&nbsp;&nbsp;&nbsp;30 months -- 5 years: N<br>&nbsp;&nbsp;&nbsp;&nbsp;Preschool: N<br>&nbsp;&nbsp;&nbsp;&nbsp;Grade 1 - Age 12: N<br>
3485,Licensed Family,Myra's Daycare,4449 Heritage Cres,,Fort Nelson,V0C 1R0,58.805839,-122.690739,250-321-6253,,,N,N,N,N,N,N,N,N,N,N,N,N,N,N,N,N,N,,,N,N,N,N,N,N,N,N,Y,N,N,2026-05-15,,N,Y,N,Myra's Daycare<br>Licensed Family<br>250-321-6253<br><br>Vacancy:<br>&nbsp;&nbsp;&nbsp;&nbsp;<36 months: N<br>&nbsp;&nbsp;&nbsp;&nbsp;30 months -- 5 years: Y<br>&nbsp;&nbsp;&nbsp;&nbsp;Preschool: N<br>&nbsp;&nbsp;&nbsp;&nbsp;Grade 1 - Age 12: N<br>
3486,Licensed Family,Little Golden Steps Childcare Ltd.,4735 Cedarcrest Ave,,North Vancouver,V7R 3R4,49.355678,-123.093598,604-725-8114,,,N,Y,Y,Y,Y,Y,Y,Y,N,Y,Y,N,N,N,N,N,Y,Extra fee,Extra fee,N,N,N,N,N,Y,Y,Y,Y,N,Y,2026-03-31,,N,Y,N,Little Golden Steps Childcare Ltd.<br>Licensed Family<br>604-725-8114<br><br>Vacancy:<br>&nbsp;&nbsp;&nbsp;&nbsp;<36 months: Y<br>&nbsp;&nbsp;&nbsp;&nbsp;30 months -- 5 years: Y<br>&nbsp;&nbsp;&nbsp;&nbsp;Preschool: N<br>&nbsp;&nbsp;&nbsp;&nbsp;Grade 1 - Age 12: Y<br>
3487,Licensed Family,Baby's Day Out,3241 Lodmell Rd,,Langford,V9C 2V6,48.430645,-123.5256,778-587-8844,,,N,N,N,N,N,N,N,N,N,N,N,N,N,N,N,N,N,,,N,N,N,N,N,N,N,Y,Y,N,N,2026-04-30,,N,Y,N,Baby's Day Out<br>Licensed Family<br>778-587-8844<br><br>Vacancy:<br>&nbsp;&nbsp;&nbsp;&nbsp;<36 months: Y<br>&nbsp;&nbsp;&nbsp;&nbsp;30 months -- 5 years: Y<br>&nbsp;&nbsp;&nbsp;&nbsp;Preschool: N<br>&nbsp;&nbsp;&nbsp;&nbsp;Grade 1 - Age 12: N<br>
3488,Licensed Group,Honey Bees Daycare,3168 Pier Dr,,Coquitlam,V3C 5S5,49.274841,-122.813719,778-325-1378,,,N,N,N,N,N,N,N,N,N,N,N,N,N,N,N,N,N,,,N,N,N,N,N,N,N,N,N,N,N,2026-05-11,,N,Y,N,Honey Bees Daycare<br>Licensed Group<br>778-325-1378<br><br>Vacancy:<br>&nbsp;&nbsp;&nbsp;&nbsp;<36 months: N<br>&nbsp;&nbsp;&nbsp;&nbsp;30 months -- 5 years: N<br>&nbsp;&nbsp;&nbsp;&nbsp;Preschool: N<br>&nbsp;&nbsp;&nbsp;&nbsp;Grade 1 - Age 12: N<br>
3489,Licensed Group,Edmonds Childcare Centre,7496 Edmonds St,,Burnaby,V3N 1B2,49.221631,-122.945008,778-227-8930,,,N,N,N,N,N,N,N,N,N,N,N,N,N,N,N,N,N,Not offered,Not offered,N,N,N,N,N,N,N,N,N,N,N,2026-05-21,,N,Y,N,Edmonds Childcare Centre<br>Licensed Group<br>778-227-8930<br><br>Vacancy:<br>&nbsp;&nbsp;&nbsp;&nbsp;<36 months: N<br>&nbsp;&nbsp;&nbsp;&nbsp;30 months -- 5 years: N<br>&nbsp;&nbsp;&nbsp;&nbsp;Preschool: N<br>&nbsp;&nbsp;&nbsp;&nbsp;Grade 1 - Age 12: N<br>
3490,Licensed Group,Signal Hill Elementary Before And After School Care,1410 Portage Road,,Pemberton,V0N 2L1,50.318733,-122.804063,604-892-5228,,,N,N,N,N,N,N,N,N,N,N,N,N,N,N,N,N,N,,,N,N,N,N,N,N,N,N,N,N,N,2026-05-01,,N,Y,N,Signal Hill Elementary Before And After School Care<br>Licensed Group<br>604-892-5228<br><br>Vacancy:<br>&nbsp;&nbsp;&nbsp;&nbsp;<36 months: N<br>&nbsp;&nbsp;&nbsp;&nbsp;30 months -- 5 years: N<br>&nbsp;&nbsp;&nbsp;&nbsp;Preschool: N<br>&nbsp;&nbsp;&nbsp;&nbsp;Grade 1 - Age 12: N<br>
3491,Licensed Group,Grassroots Early Learning And Care,3066 E 23Rd Ave,,Vancouver,V5R 1B3,49.249408,-123.040091,672-999-5287,,,N,N,N,N,N,N,N,N,N,N,N,N,N,N,N,N,N,,,N,N,N,N,N,N,N,N,N,N,N,2026-05-19,,N,Y,N,Grassroots Early Learning And Care<br>Licensed Group<br>672-999-5287<br><br>Vacancy:<br>&nbsp;&nbsp;&nbsp;&nbsp;<36 months: N<br>&nbsp;&nbsp;&nbsp;&nbsp;30 months -- 5 years: N<br>&nbsp;&nbsp;&nbsp;&nbsp;Preschool: N<br>&nbsp;&nbsp;&nbsp;&nbsp;Grade 1 - Age 12: N<br>
3492,Licensed Family,Mission Smiles Childcare,32475 7Th Ave,,Mission,V2V 0E3,49.140466,-122.325253,778-779-4065,,,N,N,N,N,N,N,N,N,N,N,N,N,N,N,N,N,N,,,N,N,N,N,N,N,N,Y,Y,N,Y,2026-05-15,,N,Y,N,Mission Smiles Childcare<br>Licensed Family<br>778-779-4065<br><br>Vacancy:<br>&nbsp;&nbsp;&nbsp;&nbsp;<36 months: Y<br>&nbsp;&nbsp;&nbsp;&nbsp;30 months -- 5 years: Y<br>&nbsp;&nbsp;&nbsp;&nbsp;Preschool: N<br>&nbsp;&nbsp;&nbsp;&nbsp;Grade 1 - Age 12: Y<br>
3493,Licensed Family,Happy Foot,2749 Walpole Cres,,North Vancouver,V7H 1K7,49.321333,-122.997827,604-754-3701,,,N,N,N,N,N,N,N,N,N,N,N,N,N,N,N,N,N,,,N,N,N,N,N,N,N,N,N,N,N,2026-05-06,,N,Y,N,Happy Foot<br>Licensed Family<br>604-754-3701<br><br>Vacancy:<br>&nbsp;&nbsp;&nbsp;&nbsp;<36 months: N<br>&nbsp;&nbsp;&nbsp;&nbsp;30 months -- 5 years: N<br>&nbsp;&nbsp;&nbsp;&nbsp;Preschool: N<br>&nbsp;&nbsp;&nbsp;&nbsp;Grade 1 - Age 12: N<br>
3494,Licensed Group,Kidston Elementary School,12101 Linden Dr,,Coldstream,V1B 2H3,50.223549,-119.258036,250-260-4490,,,N,N,N,N,N,N,N,N,N,N,N,N,N,N,N,N,N,,,N,N,N,N,N,N,N,N,Y,N,Y,2026-04-09,,N,Y,N,Kidston Elementary School<br>Licensed Group<br>250-260-4490<br><br>Vacancy:<br>&nbsp;&nbsp;&nbsp;&nbsp;<36 months: N<br>&nbsp;&nbsp;&nbsp;&nbsp;30 months -- 5 years: Y<br>&nbsp;&nbsp;&nbsp;&nbsp;Preschool: N<br>&nbsp;&nbsp;&nbsp;&nbsp;Grade 1 - Age 12: Y<br>
3495,Licensed Family,Little Bunny Education Centre,10340 Buttermere Dr,,Richmond,V7A 1R8,49.136718,-123.145151,778-987-7487,,,Y,Y,Y,N,N,Y,Y,Y,N,Y,Y,N,N,Y,N,N,N,Extra fee,Extra fee,N,N,N,N,N,Y,Y,Y,Y,N,N,2026-05-14,,N,Y,N,Little Bunny Education Centre<br>Licensed Family<br>778-987-7487<br><br>Vacancy:<br>&nbsp;&nbsp;&nbsp;&nbsp;<36 months: Y<br>&nbsp;&nbsp;&nbsp;&nbsp;30 months -- 5 years: Y<br>&nbsp;&nbsp;&nbsp;&nbsp;Preschool: N<br>&nbsp;&nbsp;&nbsp;&nbsp;Grade 1 - Age 12: N<br>
3496,Licensed Family,Kindle Kids Daycare,2020 Arbury Ave,,Coquitlam,V3J 3K1,49.258941,-122.83825,778-927-3412,,,N,N,N,N,N,N,N,N,N,N,N,N,N,N,N,N,N,,,N,N,N,N,N,N,N,N,Y,N,N,2026-05-01,,N,Y,N,Kindle Kids Daycare<br>Licensed Family<br>778-927-3412<br><br>Vacancy:<br>&nbsp;&nbsp;&nbsp;&nbsp;<36 months: N<br>&nbsp;&nbsp;&nbsp;&nbsp;30 months -- 5 years: Y<br>&nbsp;&nbsp;&nbsp;&nbsp;Preschool: N<br>&nbsp;&nbsp;&nbsp;&nbsp;Grade 1 - Age 12: N<br>
3497,Licensed Group,Baby Square Daycare,4045 Union St,,Burnaby,V5C 2W9,49.277737,-123.015222,778-302-6919,,,N,N,N,N,N,N,N,N,N,N,N,N,N,N,N,N,N,,,N,N,N,N,N,N,N,N,N,N,N,2026-05-02,,N,Y,N,Baby Square Daycare<br>Licensed Group<br>778-302-6919<br><br>Vacancy:<br>&nbsp;&nbsp;&nbsp;&nbsp;<36 months: N<br>&nbsp;&nbsp;&nbsp;&nbsp;30 months -- 5 years: N<br>&nbsp;&nbsp;&nbsp;&nbsp;Preschool: N<br>&nbsp;&nbsp;&nbsp;&nbsp;Grade 1 - Age 12: N<br>
3498,Licensed Group,Creating Smiles - Central,2260 Central Ave,,Port Coquitlam,V3C 1V8,49.25556,-122.780877,778-239-2075,,,N,N,N,N,N,N,N,N,N,N,N,N,N,N,N,N,N,,,N,N,N,N,N,N,N,N,N,N,N,2026-05-13,,N,N,N,Creating Smiles - Central<br>Licensed Group<br>778-239-2075<br><br>Vacancy:<br>&nbsp;&nbsp;&nbsp;&nbsp;<36 months: N<br>&nbsp;&nbsp;&nbsp;&nbsp;30 months -- 5 years: N<br>&nbsp;&nbsp;&nbsp;&nbsp;Preschool: N<br>&nbsp;&nbsp;&nbsp;&nbsp;Grade 1 - Age 12: N<br>
3499,Licensed Family,Choo Sunflower Day Care,19649 74A Ave,,Langley,V2Y 3R8,49.1675,-122.468361,604-716-1472,,,N,N,N,N,N,N,N,N,N,N,N,N,N,N,N,N,N,Extra fee,Extra fee,N,N,N,N,N,N,N,N,Y,N,Y,2026-05-21,,N,Y,N,Choo Sunflower Day Care<br>Licensed Family<br>604-716-1472<br><br>Vacancy:<br>&nbsp;&nbsp;&nbsp;&nbsp;<36 months: N<br>&nbsp;&nbsp;&nbsp;&nbsp;30 months -- 5 years: Y<br>&nbsp;&nbsp;&nbsp;&nbsp;Preschool: N<br>&nbsp;&nbsp;&nbsp;&nbsp;Grade 1 - Age 12: Y<br>
3500,Licensed Group,Park Avenue Elementary Before And After School Care,395 Eighth Street,,Nanaimo,V9R 1A9,49.143428,-123.943257,250-268-7189,,,N,N,N,N,N,N,N,N,N,N,N,N,N,N,N,N,N,,,N,N,N,N,N,N,N,N,N,N,N,2026-05-21,,N,Y,N,Park Avenue Elementary Before And After School Care<br>Licensed Group<br>250-268-7189<br><br>Vacancy:<br>&nbsp;&nbsp;&nbsp;&nbsp;<36 months: N<br>&nbsp;&nbsp;&nbsp;&nbsp;30 months -- 5 years: N<br>&nbsp;&nbsp;&nbsp;&nbsp;Preschool: N<br>&nbsp;&nbsp;&nbsp;&nbsp;Grade 1 - Age 12: N<br>
3501,Licensed Group,Seaview Before And After School Care,7000 Lantzville School Road,,Lantzville,V0R 2H0,49.249995,-124.077338,250-268-7189,,,N,N,N,N,N,N,N,N,N,N,N,N,N,N,N,N,N,,,N,N,N,N,N,N,N,N,N,N,N,2026-05-21,,N,Y,N,Seaview Before And After School Care<br>Licensed Group<br>250-268-7189<br><br>Vacancy:<br>&nbsp;&nbsp;&nbsp;&nbsp;<36 months: N<br>&nbsp;&nbsp;&nbsp;&nbsp;30 months -- 5 years: N<br>&nbsp;&nbsp;&nbsp;&nbsp;Preschool: N<br>&nbsp;&nbsp;&nbsp;&nbsp;Grade 1 - Age 12: N<br>
3502,Licensed Group,Growville Early Learning,1613 Capilano Rd,,North Vancouver,V7P 3P6,49.324464,-123.122403,604-652-3875,,,N,N,N,N,N,N,N,N,N,N,N,N,N,N,N,N,N,,,N,N,N,N,N,N,N,N,Y,N,N,2026-05-17,,N,Y,N,Growville Early Learning<br>Licensed Group<br>604-652-3875<br><br>Vacancy:<br>&nbsp;&nbsp;&nbsp;&nbsp;<36 months: N<br>&nbsp;&nbsp;&nbsp;&nbsp;30 months -- 5 years: Y<br>&nbsp;&nbsp;&nbsp;&nbsp;Preschool: N<br>&nbsp;&nbsp;&nbsp;&nbsp;Grade 1 - Age 12: N<br>
3503,Licensed Group,New Direction Academy Bowen,3731 Bowen Dr,,Richmond,V7C 4C8,49.156642,-123.185703,778-862-5478,,,N,N,N,N,N,N,N,N,N,N,N,N,N,N,N,N,N,,,N,N,N,N,N,N,N,Y,N,N,N,2026-05-15,,N,Y,N,New Direction Academy Bowen<br>Licensed Group<br>778-862-5478<br><br>Vacancy:<br>&nbsp;&nbsp;&nbsp;&nbsp;<36 months: Y<br>&nbsp;&nbsp;&nbsp;&nbsp;30 months -- 5 years: N<br>&nbsp;&nbsp;&nbsp;&nbsp;Preschool: N<br>&nbsp;&nbsp;&nbsp;&nbsp;Grade 1 - Age 12: N<br>
3504,Licensed Family,Little Mind Montessori,7441 Ednor Cres,,Burnaby,V5A 3Z4,49.271842,-122.946826,604-865-0986,,,N,N,N,N,N,N,N,N,N,N,N,N,N,N,N,N,N,,,N,N,N,N,N,N,N,N,N,N,N,2026-05-19,,N,Y,N,Little Mind Montessori<br>Licensed Family<br>604-865-0986<br><br>Vacancy:<br>&nbsp;&nbsp;&nbsp;&nbsp;<36 months: N<br>&nbsp;&nbsp;&nbsp;&nbsp;30 months -- 5 years: N<br>&nbsp;&nbsp;&nbsp;&nbsp;Preschool: N<br>&nbsp;&nbsp;&nbsp;&nbsp;Grade 1 - Age 12: N<br>
3505,Licensed Group,Precious Joy Childcare,1609 Meredith Rd,,Nanaimo,V9S 5J2,49.188099,-123.973019,250-607-7386,,,Y,N,N,N,N,N,Y,Y,N,N,N,N,N,N,N,N,N,Not offered,Extra fee,N,N,N,N,Y,Y,Y,N,N,N,N,2026-05-15,,N,Y,N,Precious Joy Childcare<br>Licensed Group<br>250-607-7386<br><br>Vacancy:<br>&nbsp;&nbsp;&nbsp;&nbsp;<36 months: N<br>&nbsp;&nbsp;&nbsp;&nbsp;30 months -- 5 years: N<br>&nbsp;&nbsp;&nbsp;&nbsp;Preschool: N<br>&nbsp;&nbsp;&nbsp;&nbsp;Grade 1 - Age 12: N<br>
3506,Licensed Family,Hello Friends Child Care Corporation On Camli,110 Camli Pl,,Langford,V9B 5V5,48.464954,-123.50552,403-966-5168,,,N,N,N,N,N,N,N,N,N,N,N,N,N,N,N,N,N,,,N,N,N,N,N,N,N,N,N,N,N,2026-05-16,,N,Y,N,Hello Friends Child Care Corporation On Camli<br>Licensed Family<br>403-966-5168<br><br>Vacancy:<br>&nbsp;&nbsp;&nbsp;&nbsp;<36 months: N<br>&nbsp;&nbsp;&nbsp;&nbsp;30 months -- 5 years: N<br>&nbsp;&nbsp;&nbsp;&nbsp;Preschool: N<br>&nbsp;&nbsp;&nbsp;&nbsp;Grade 1 - Age 12: N<br>
3507,Licensed Group,Squamish Montessori Out Of School Program Ssms,103 - 42000 Loggers Lane,,Squamish,V8B 0H3,49.726258,-123.139273,604-892-1180,,,N,N,N,N,N,N,N,N,N,N,N,N,N,N,N,N,N,,,N,N,N,N,N,N,N,N,N,N,N,2026-03-23,,N,Y,N,Squamish Montessori Out Of School Program Ssms<br>Licensed Group<br>604-892-1180<br><br>Vacancy:<br>&nbsp;&nbsp;&nbsp;&nbsp;<36 months: N<br>&nbsp;&nbsp;&nbsp;&nbsp;30 months -- 5 years: N<br>&nbsp;&nbsp;&nbsp;&nbsp;Preschool: N<br>&nbsp;&nbsp;&nbsp;&nbsp;Grade 1 - Age 12: N<br>
3508,Licensed Family,Excellence Early Learning Education Inc,2649 Delahaye Dr,,Coquitlam,V3B 7E7,49.292601,-122.804703,604-217-8080,,,N,N,N,N,N,N,N,N,N,N,N,N,N,N,N,N,N,,,N,N,N,N,N,N,N,N,Y,N,N,2026-05-21,,N,Y,N,Excellence Early Learning Education Inc<br>Licensed Family<br>604-217-8080<br><br>Vacancy:<br>&nbsp;&nbsp;&nbsp;&nbsp;<36 months: N<br>&nbsp;&nbsp;&nbsp;&nbsp;30 months -- 5 years: Y<br>&nbsp;&nbsp;&nbsp;&nbsp;Preschool: N<br>&nbsp;&nbsp;&nbsp;&nbsp;Grade 1 - Age 12: N<br>
3509,Licensed Group,Hand In Hand Child Care,5128 Sidley St,,Burnaby,V5J 1T5,49.217208,-122.990139,604-525-7996,,,N,N,N,N,N,N,N,N,N,N,N,N,N,N,N,N,N,,,N,N,N,N,N,N,N,N,N,N,N,2026-05-11,,N,Y,N,Hand In Hand Child Care<br>Licensed Group<br>604-525-7996<br><br>Vacancy:<br>&nbsp;&nbsp;&nbsp;&nbsp;<36 months: N<br>&nbsp;&nbsp;&nbsp;&nbsp;30 months -- 5 years: N<br>&nbsp;&nbsp;&nbsp;&nbsp;Preschool: N<br>&nbsp;&nbsp;&nbsp;&nbsp;Grade 1 - Age 12: N<br>
3510,Licensed Group,Creating Smiles- Auguston,36367 Stephen Leacock Dr,,Abbotsford,V3G 2Z6,49.083955,-122.219475,778-239-2075,,,N,N,N,N,N,N,N,N,N,N,N,N,N,N,N,N,N,,,N,N,N,N,N,N,N,N,Y,Y,N,2026-05-13,,N,N,N,Creating Smiles- Auguston<br>Licensed Group<br>778-239-2075<br><br>Vacancy:<br>&nbsp;&nbsp;&nbsp;&nbsp;<36 months: N<br>&nbsp;&nbsp;&nbsp;&nbsp;30 months -- 5 years: Y<br>&nbsp;&nbsp;&nbsp;&nbsp;Preschool: Y<br>&nbsp;&nbsp;&nbsp;&nbsp;Grade 1 - Age 12: N<br>
3511,Licensed Group,The Creative Kids Childcare Centre,150 E 63Rd Ave,,Vancouver,V5X 2J6,49.213043,-123.10349,647-237-8021,,,N,N,N,N,N,N,N,N,N,N,N,N,N,N,N,N,N,,,N,N,N,N,N,N,N,N,N,N,N,2026-05-20,,N,Y,N,The Creative Kids Childcare Centre<br>Licensed Group<br>647-237-8021<br><br>Vacancy:<br>&nbsp;&nbsp;&nbsp;&nbsp;<36 months: N<br>&nbsp;&nbsp;&nbsp;&nbsp;30 months -- 5 years: N<br>&nbsp;&nbsp;&nbsp;&nbsp;Preschool: N<br>&nbsp;&nbsp;&nbsp;&nbsp;Grade 1 - Age 12: N<br>
3512,Licensed Group,Noorunissa International Montessori Academy Of Canada Soc.,3541 Cobble Hill Rd,,Cobble Hill,V8H 4A1,48.688195,-123.604232,250-743-0240,,,N,N,N,N,N,N,N,N,N,N,N,N,N,N,N,N,N,,,N,N,N,N,N,N,N,Y,N,N,N,2026-05-04,,N,Y,N,Noorunissa International Montessori Academy Of Canada Soc.<br>Licensed Group<br>250-743-0240<br><br>Vacancy:<br>&nbsp;&nbsp;&nbsp;&nbsp;<36 months: Y<br>&nbsp;&nbsp;&nbsp;&nbsp;30 months -- 5 years: N<br>&nbsp;&nbsp;&nbsp;&nbsp;Preschool: N<br>&nbsp;&nbsp;&nbsp;&nbsp;Grade 1 - Age 12: N<br>
3513,Licensed Group,Shining Smile Childcare Centre,3976 W 38Th Ave,,Vancouver,V6N 2Y6,49.237273,-123.193021,778-387-7768,,,N,N,N,N,N,N,N,N,N,N,N,N,N,N,N,N,N,,,N,N,N,N,N,N,N,N,N,N,N,2026-04-26,,N,Y,N,Shining Smile Childcare Centre<br>Licensed Group<br>778-387-7768<br><br>Vacancy:<br>&nbsp;&nbsp;&nbsp;&nbsp;<36 months: N<br>&nbsp;&nbsp;&nbsp;&nbsp;30 months -- 5 years: N<br>&nbsp;&nbsp;&nbsp;&nbsp;Preschool: N<br>&nbsp;&nbsp;&nbsp;&nbsp;Grade 1 - Age 12: N<br>
3514,Licensed Family,Fox Ridge Child Care,20349 82A Ave,,Langley,V2Y 0S3,49.152839,-122.658293,778-800-8382,,,N,N,N,N,N,N,N,N,N,N,N,N,N,N,N,N,N,,,N,N,N,N,N,N,N,N,N,N,N,2026-05-16,,N,Y,N,Fox Ridge Child Care<br>Licensed Family<br>778-800-8382<br><br>Vacancy:<br>&nbsp;&nbsp;&nbsp;&nbsp;<36 months: N<br>&nbsp;&nbsp;&nbsp;&nbsp;30 months -- 5 years: N<br>&nbsp;&nbsp;&nbsp;&nbsp;Preschool: N<br>&nbsp;&nbsp;&nbsp;&nbsp;Grade 1 - Age 12: N<br>
3515,Licensed Family,Ciping Daycare,6357 Neville St,,Burnaby,V5E 1A5,49.214076,-122.970964,778-388-7632,,,N,N,N,N,N,N,N,N,N,N,N,N,N,N,N,N,N,,,N,N,N,N,N,N,N,Y,Y,N,Y,2026-05-04,,N,Y,N,Ciping Daycare<br>Licensed Family<br>778-388-7632<br><br>Vacancy:<br>&nbsp;&nbsp;&nbsp;&nbsp;<36 months: Y<br>&nbsp;&nbsp;&nbsp;&nbsp;30 months -- 5 years: Y<br>&nbsp;&nbsp;&nbsp;&nbsp;Preschool: N<br>&nbsp;&nbsp;&nbsp;&nbsp;Grade 1 - Age 12: Y<br>
3516,Licensed Group,Pinetree Childcare Centre - Willoughby,7876 211B St,,Langley,V2Y 0H5,49.145519,-122.635627,778-321-7819,,,N,N,N,N,N,N,N,N,N,N,N,N,N,N,N,N,N,,,N,N,N,N,N,N,N,N,N,N,N,2026-05-17,,N,Y,N,Pinetree Childcare Centre - Willoughby<br>Licensed Group<br>778-321-7819<br><br>Vacancy:<br>&nbsp;&nbsp;&nbsp;&nbsp;<36 months: N<br>&nbsp;&nbsp;&nbsp;&nbsp;30 months -- 5 years: N<br>&nbsp;&nbsp;&nbsp;&nbsp;Preschool: N<br>&nbsp;&nbsp;&nbsp;&nbsp;Grade 1 - Age 12: N<br>
3517,Licensed Group,Westside Montessori Academy,668 E 20Th Ave,,Vancouver,V5V 1M9,49.252643,-123.090484,604-336-6247,,,N,N,N,N,N,N,N,N,N,N,N,N,N,N,N,N,N,,,N,N,N,N,N,N,N,N,N,N,N,2026-04-08,,N,Y,N,Westside Montessori Academy<br>Licensed Group<br>604-336-6247<br><br>Vacancy:<br>&nbsp;&nbsp;&nbsp;&nbsp;<36 months: N<br>&nbsp;&nbsp;&nbsp;&nbsp;30 months -- 5 years: N<br>&nbsp;&nbsp;&nbsp;&nbsp;Preschool: N<br>&nbsp;&nbsp;&nbsp;&nbsp;Grade 1 - Age 12: N<br>
3518,Licensed Family,Good Flowers Daycare,1268 Michigan Dr,,Coquitlam,V3B 6T9,49.288533,-122.800556,778-952-6111,,,N,N,N,N,N,N,N,N,N,N,N,N,N,N,N,N,N,,,N,N,N,N,N,N,N,N,Y,N,N,2026-05-01,,N,Y,N,Good Flowers Daycare<br>Licensed Family<br>778-952-6111<br><br>Vacancy:<br>&nbsp;&nbsp;&nbsp;&nbsp;<36 months: N<br>&nbsp;&nbsp;&nbsp;&nbsp;30 months -- 5 years: Y<br>&nbsp;&nbsp;&nbsp;&nbsp;Preschool: N<br>&nbsp;&nbsp;&nbsp;&nbsp;Grade 1 - Age 12: N<br>
3519,Licensed Group,Lidel Angels Childcare,1585 Salal Cres,,Coquitlam,V3E 2Y3,49.304004,-122.810408,604-446-4145,,,N,N,N,N,N,N,N,N,N,N,N,N,N,N,N,N,N,,,N,N,N,N,N,N,N,Y,N,N,N,2026-05-18,,N,Y,N,Lidel Angels Childcare<br>Licensed Group<br>604-446-4145<br><br>Vacancy:<br>&nbsp;&nbsp;&nbsp;&nbsp;<36 months: Y<br>&nbsp;&nbsp;&nbsp;&nbsp;30 months -- 5 years: N<br>&nbsp;&nbsp;&nbsp;&nbsp;Preschool: N<br>&nbsp;&nbsp;&nbsp;&nbsp;Grade 1 - Age 12: N<br>
3520,Licensed Group,Ark And Rainbow Child Care,4869 Colbrook Crt,,Burnaby,V5G 3Y3,49.240546,-122.984891,845-006-8666,,,N,N,N,N,N,N,N,N,N,N,N,N,N,N,N,N,N,,,N,N,N,N,N,N,N,N,N,N,N,2026-05-11,,N,Y,N,Ark And Rainbow Child Care<br>Licensed Group<br>845-006-8666<br><br>Vacancy:<br>&nbsp;&nbsp;&nbsp;&nbsp;<36 months: N<br>&nbsp;&nbsp;&nbsp;&nbsp;30 months -- 5 years: N<br>&nbsp;&nbsp;&nbsp;&nbsp;Preschool: N<br>&nbsp;&nbsp;&nbsp;&nbsp;Grade 1 - Age 12: N<br>
3521,Licensed Group,Cubs On Kent Daycare,8942 Glenwood St,,Chilliwack,V2P 3Z6,49.164562,-121.96687,778-552-7713,,,N,N,N,N,N,N,N,N,N,N,N,N,N,N,N,N,N,,,N,N,N,N,N,N,N,Y,N,N,N,2026-05-18,,N,Y,N,Cubs On Kent Daycare<br>Licensed Group<br>778-552-7713<br><br>Vacancy:<br>&nbsp;&nbsp;&nbsp;&nbsp;<36 months: Y<br>&nbsp;&nbsp;&nbsp;&nbsp;30 months -- 5 years: N<br>&nbsp;&nbsp;&nbsp;&nbsp;Preschool: N<br>&nbsp;&nbsp;&nbsp;&nbsp;Grade 1 - Age 12: N<br>
3522,Licensed Group,Lower Dilworth Mountain ymca Child Care,2-950 Dilworth Dr,,Kelowna,V1V 1S6,49.897531,-119.427098,250-215-0078,,,N,N,N,N,N,N,N,N,N,N,N,N,N,N,N,N,N,,,N,N,N,N,N,N,N,N,N,N,N,2026-04-28,,N,N,N,Lower Dilworth Mountain ymca Child Care<br>Licensed Group<br>250-215-0078<br><br>Vacancy:<br>&nbsp;&nbsp;&nbsp;&nbsp;<36 months: N<br>&nbsp;&nbsp;&nbsp;&nbsp;30 months -- 5 years: N<br>&nbsp;&nbsp;&nbsp;&nbsp;Preschool: N<br>&nbsp;&nbsp;&nbsp;&nbsp;Grade 1 - Age 12: N<br>
3523,Licensed Group,Cribs To Crayons Daycare Ltd - Surrey,12469 104 Ave,,Surrey,V3V 6A2,49.192011,-122.877184,604-537-3444,,,N,N,N,N,N,N,N,N,N,N,N,N,N,N,N,N,N,,,N,N,N,N,N,N,N,Y,Y,N,N,2026-05-01,,N,Y,N,Cribs To Crayons Daycare Ltd - Surrey<br>Licensed Group<br>604-537-3444<br><br>Vacancy:<br>&nbsp;&nbsp;&nbsp;&nbsp;<36 months: Y<br>&nbsp;&nbsp;&nbsp;&nbsp;30 months -- 5 years: Y<br>&nbsp;&nbsp;&nbsp;&nbsp;Preschool: N<br>&nbsp;&nbsp;&nbsp;&nbsp;Grade 1 - Age 12: N<br>
3524,Licensed Group,3 Angels Children's Centre,1415 Noons Creek Dr,,Coquitlam,V3E 2T7,49.295878,-122.817443,778-885-4308,,,Y,N,N,N,N,N,N,N,Y,Y,Y,N,N,N,N,N,N,Extra fee,Include in fee,Y,N,N,N,Y,Y,Y,N,N,Y,Y,2026-04-02,,N,Y,N,3 Angels Children's Centre<br>Licensed Group<br>778-885-4308<br><br>Vacancy:<br>&nbsp;&nbsp;&nbsp;&nbsp;<36 months: N<br>&nbsp;&nbsp;&nbsp;&nbsp;30 months -- 5 years: N<br>&nbsp;&nbsp;&nbsp;&nbsp;Preschool: Y<br>&nbsp;&nbsp;&nbsp;&nbsp;Grade 1 - Age 12: Y<br>
3525,Licensed Group,Weave Childcare Centre,3905 Norland Ave,,Burnaby,V5G 4T8,49.249327,-122.975461,778-321-5467,,,N,N,N,N,N,N,N,N,N,N,N,N,N,N,N,N,N,,,N,N,N,N,N,N,N,Y,N,N,N,2026-04-27,,N,Y,N,Weave Childcare Centre<br>Licensed Group<br>778-321-5467<br><br>Vacancy:<br>&nbsp;&nbsp;&nbsp;&nbsp;<36 months: Y<br>&nbsp;&nbsp;&nbsp;&nbsp;30 months -- 5 years: N<br>&nbsp;&nbsp;&nbsp;&nbsp;Preschool: N<br>&nbsp;&nbsp;&nbsp;&nbsp;Grade 1 - Age 12: N<br>
3526,Licensed Group,Eagle Harbour Montessori Childcare,5575 Marine Drive,,West Vancouver,V7W 2R4,49.353729,-123.260119,604-783-6604,,,N,N,N,N,N,N,N,N,N,N,N,N,N,N,N,N,N,,,N,N,N,N,N,N,N,N,N,N,N,2026-05-04,,N,Y,N,Eagle Harbour Montessori Childcare<br>Licensed Group<br>604-783-6604<br><br>Vacancy:<br>&nbsp;&nbsp;&nbsp;&nbsp;<36 months: N<br>&nbsp;&nbsp;&nbsp;&nbsp;30 months -- 5 years: N<br>&nbsp;&nbsp;&nbsp;&nbsp;Preschool: N<br>&nbsp;&nbsp;&nbsp;&nbsp;Grade 1 - Age 12: N<br>
3527,Licensed Family,Little Scholars Childcare Centre,6351 Malvern Ave,,Burnaby,V5E 3E9,49.22777,-122.958195,236-518-4582,LSCHOLARS98@GMAIL.COM,,Y,Y,Y,N,Y,Y,N,Y,N,Y,Y,Y,N,Y,N,N,N,Extra fee,Extra fee,N,N,N,N,N,N,Y,N,Y,N,N,2026-05-15,,N,Y,N,Little Scholars Childcare Centre<br>Licensed Family<br>236-518-4582<br><br>Vacancy:<br>&nbsp;&nbsp;&nbsp;&nbsp;<36 months: N<br>&nbsp;&nbsp;&nbsp;&nbsp;30 months -- 5 years: Y<br>&nbsp;&nbsp;&nbsp;&nbsp;Preschool: N<br>&nbsp;&nbsp;&nbsp;&nbsp;Grade 1 - Age 12: N<br>
3528,Licensed Family,Tiny Stars Child Care,30682 Sandpiper Dr,,Abbotsford,V2T 5N3,49.061734,-122.374011,778-347-6309,,,N,N,N,N,N,N,N,N,N,N,N,N,N,N,N,N,N,,,N,N,N,N,N,N,N,N,N,N,N,2026-05-21,,N,Y,N,Tiny Stars Child Care<br>Licensed Family<br>778-347-6309<br><br>Vacancy:<br>&nbsp;&nbsp;&nbsp;&nbsp;<36 months: N<br>&nbsp;&nbsp;&nbsp;&nbsp;30 months -- 5 years: N<br>&nbsp;&nbsp;&nbsp;&nbsp;Preschool: N<br>&nbsp;&nbsp;&nbsp;&nbsp;Grade 1 - Age 12: N<br>
3529,Licensed Group,Ilm-Alward,1511 Alward Street,,Prince George,V2M 2G7,53.91013,-122.766699,250-585-7898,,,N,N,N,N,N,N,N,N,N,N,N,N,N,N,N,N,N,,,N,N,N,N,N,N,N,Y,N,N,N,2026-05-15,,N,Y,N,Ilm-Alward<br>Licensed Group<br>250-585-7898<br><br>Vacancy:<br>&nbsp;&nbsp;&nbsp;&nbsp;<36 months: Y<br>&nbsp;&nbsp;&nbsp;&nbsp;30 months -- 5 years: N<br>&nbsp;&nbsp;&nbsp;&nbsp;Preschool: N<br>&nbsp;&nbsp;&nbsp;&nbsp;Grade 1 - Age 12: N<br>
3530,Licensed Group,Little Forest Child Care,12151 Shell Rd,,Richmond,V7A 3W9,49.125611,-123.103741,604-726-0301,,,N,N,N,N,N,N,N,N,N,N,N,N,N,N,N,N,N,,,N,N,N,N,N,N,N,N,N,N,N,2026-05-19,,N,Y,Y,Little Forest Child Care<br>Licensed Group<br>604-726-0301<br><br>Vacancy:<br>&nbsp;&nbsp;&nbsp;&nbsp;<36 months: N<br>&nbsp;&nbsp;&nbsp;&nbsp;30 months -- 5 years: N<br>&nbsp;&nbsp;&nbsp;&nbsp;Preschool: N<br>&nbsp;&nbsp;&nbsp;&nbsp;Grade 1 - Age 12: N<br>
3531,Licensed Group,Little Forest Child Care,12151 Shell Rd,,Richmond,V7A 3W9,49.125611,-123.103741,604-726-0301,,,N,N,N,N,N,N,N,N,N,N,N,N,N,N,N,N,N,,,N,N,N,N,N,N,N,N,Y,N,N,2026-05-19,,N,Y,Y,Little Forest Child Care<br>Licensed Group<br>604-726-0301<br><br>Vacancy:<br>&nbsp;&nbsp;&nbsp;&nbsp;<36 months: N<br>&nbsp;&nbsp;&nbsp;&nbsp;30 months -- 5 years: Y<br>&nbsp;&nbsp;&nbsp;&nbsp;Preschool: N<br>&nbsp;&nbsp;&nbsp;&nbsp;Grade 1 - Age 12: N<br>
3532,Licensed Group,Angels Playhouse Daycare Society (Kentwood St),7650 Kentwood St,,Burnaby,V5Z 2E7,49.249304,-122.941126,604-809-3868,,,N,N,N,N,N,N,N,N,N,N,N,N,N,N,N,N,N,,,N,N,N,N,N,N,N,Y,N,N,N,2026-05-18,,N,Y,N,Angels Playhouse Daycare Society (Kentwood St)<br>Licensed Group<br>604-809-3868<br><br>Vacancy:<br>&nbsp;&nbsp;&nbsp;&nbsp;<36 months: Y<br>&nbsp;&nbsp;&nbsp;&nbsp;30 months -- 5 years: N<br>&nbsp;&nbsp;&nbsp;&nbsp;Preschool: N<br>&nbsp;&nbsp;&nbsp;&nbsp;Grade 1 - Age 12: N<br>
3533,Licensed Group,West Bay Multi-Age,3175 Thompson Pl,,West Vancouver,V7V 3E3,49.343953,-123.203288,604-399-4028,,,,,,,,,,,,,,,,,,,,,,,,,,,,,,,,,,,Y,Y,N,West Bay Multi-Age<br>Licensed Group<br>604-399-4028<br><br>Vacancy:<br>&nbsp;&nbsp;&nbsp;&nbsp;<36 months: None<br>&nbsp;&nbsp;&nbsp;&nbsp;30 months -- 5 years: None<br>&nbsp;&nbsp;&nbsp;&nbsp;Preschool: None<br>&nbsp;&nbsp;&nbsp;&nbsp;Grade 1 - Age 12: None<br>
3534,Licensed Family,Young Explorers Preschool And Childcare,4871 Logan's Run,,Nanaimo,V9V 1N8,49.233309,-123.979211,778-772-9588,,,N,N,N,N,N,N,N,N,N,N,N,N,N,N,N,N,N,,,N,N,N,N,N,N,N,N,N,N,N,2026-05-15,,N,Y,N,Young Explorers Preschool And Childcare<br>Licensed Family<br>778-772-9588<br><br>Vacancy:<br>&nbsp;&nbsp;&nbsp;&nbsp;<36 months: N<br>&nbsp;&nbsp;&nbsp;&nbsp;30 months -- 5 years: N<br>&nbsp;&nbsp;&nbsp;&nbsp;Preschool: N<br>&nbsp;&nbsp;&nbsp;&nbsp;Grade 1 - Age 12: N<br>
3535,Licensed Group,Castlegar Primary After School Care,749 7 Ave,,Castlegar,V1N 4E1,49.319366,-117.659108,250-365-7201,,,Y,N,N,N,N,N,N,N,N,Y,Y,N,N,N,N,N,N,Not offered,Not offered,N,N,N,Y,Y,Y,Y,N,N,N,N,2026-05-04,,N,Y,N,Castlegar Primary After School Care<br>Licensed Group<br>250-365-7201<br><br>Vacancy:<br>&nbsp;&nbsp;&nbsp;&nbsp;<36 months: N<br>&nbsp;&nbsp;&nbsp;&nbsp;30 months -- 5 years: N<br>&nbsp;&nbsp;&nbsp;&nbsp;Preschool: N<br>&nbsp;&nbsp;&nbsp;&nbsp;Grade 1 - Age 12: N<br>
3536,Licensed Group,Tyson Elementary School Age Care,45170 South Sumas Rd,,Chilliwack,V2P 2P9,49.1171,-121.973849,604-798-0955,,,N,N,N,N,N,N,N,N,N,N,N,N,N,N,N,N,N,,,N,N,N,N,N,N,N,N,N,N,Y,2026-05-06,,N,Y,N,Tyson Elementary School Age Care<br>Licensed Group<br>604-798-0955<br><br>Vacancy:<br>&nbsp;&nbsp;&nbsp;&nbsp;<36 months: N<br>&nbsp;&nbsp;&nbsp;&nbsp;30 months -- 5 years: N<br>&nbsp;&nbsp;&nbsp;&nbsp;Preschool: N<br>&nbsp;&nbsp;&nbsp;&nbsp;Grade 1 - Age 12: Y<br>
3537,Licensed Group,Seabird Island Out Of School Care,2773 Chowat Rd,,Agassiz,V0M 1A0,49.252494,-121.73484,604-796-6855,,,N,N,N,N,N,N,N,N,N,N,N,N,N,N,N,N,N,,,N,N,N,N,N,N,N,N,N,N,Y,2026-05-14,,N,N,N,Seabird Island Out Of School Care<br>Licensed Group<br>604-796-6855<br><br>Vacancy:<br>&nbsp;&nbsp;&nbsp;&nbsp;<36 months: N<br>&nbsp;&nbsp;&nbsp;&nbsp;30 months -- 5 years: N<br>&nbsp;&nbsp;&nbsp;&nbsp;Preschool: N<br>&nbsp;&nbsp;&nbsp;&nbsp;Grade 1 - Age 12: Y<br>
3538,Licensed Group,Les Roudoudous Daycare Inc.,419 7 Ave,,Castlegar,V1A 2W9,49.324518,-117.659173,604-967-2994,,,N,N,N,N,N,N,N,N,N,N,N,N,N,N,N,N,N,,,N,N,N,N,N,N,N,N,Y,N,N,2026-05-15,,N,Y,N,Les Roudoudous Daycare Inc.<br>Licensed Group<br>604-967-2994<br><br>Vacancy:<br>&nbsp;&nbsp;&nbsp;&nbsp;<36 months: N<br>&nbsp;&nbsp;&nbsp;&nbsp;30 months -- 5 years: Y<br>&nbsp;&nbsp;&nbsp;&nbsp;Preschool: N<br>&nbsp;&nbsp;&nbsp;&nbsp;Grade 1 - Age 12: N<br>
3539,Licensed Group,Chapter One Childcare,6654 Willoughby Way,,Langley,V2Y 1K5,49.123409,-122.677833,236-978-9252,,,Y,N,N,N,N,N,Y,N,N,N,N,N,N,N,N,N,N,Included in fee,Not offered,N,N,N,N,N,N,N,N,N,N,N,2026-05-16,,N,Y,N,Chapter One Childcare<br>Licensed Group<br>236-978-9252<br><br>Vacancy:<br>&nbsp;&nbsp;&nbsp;&nbsp;<36 months: N<br>&nbsp;&nbsp;&nbsp;&nbsp;30 months -- 5 years: N<br>&nbsp;&nbsp;&nbsp;&nbsp;Preschool: N<br>&nbsp;&nbsp;&nbsp;&nbsp;Grade 1 - Age 12: N<br>
3540,Licensed Group,My Chosen Child Care Ltd. - Willway,2939 Mount Wells Dr,,Langford,V9B 4T4,48.45695,-123.548536,250-888-2425,,,N,N,N,N,N,N,N,N,N,N,N,N,N,N,N,N,N,,,N,N,N,N,N,N,N,N,Y,N,Y,2026-05-19,,N,Y,N,My Chosen Child Care Ltd. - Willway<br>Licensed Group<br>250-888-2425<br><br>Vacancy:<br>&nbsp;&nbsp;&nbsp;&nbsp;<36 months: N<br>&nbsp;&nbsp;&nbsp;&nbsp;30 months -- 5 years: Y<br>&nbsp;&nbsp;&nbsp;&nbsp;Preschool: N<br>&nbsp;&nbsp;&nbsp;&nbsp;Grade 1 - Age 12: Y<br>
3541,Licensed Group,Max'inux Childcare Inc,4351 Meighen Pl,,Abbotsford,V3G 3C5,49.080357,-122.212538,604-786-5990,,,N,N,N,N,N,N,N,N,N,N,N,N,N,N,N,N,N,,,N,N,N,N,N,N,N,N,N,N,N,2026-05-15,,N,Y,N,Max'inux Childcare Inc<br>Licensed Group<br>604-786-5990<br><br>Vacancy:<br>&nbsp;&nbsp;&nbsp;&nbsp;<36 months: N<br>&nbsp;&nbsp;&nbsp;&nbsp;30 months -- 5 years: N<br>&nbsp;&nbsp;&nbsp;&nbsp;Preschool: N<br>&nbsp;&nbsp;&nbsp;&nbsp;Grade 1 - Age 12: N<br>
3542,Licensed Family,Sunrise Smile Childcare,3106 Patullo Cres,,Coquitlam,V3E 2R2,49.295655,-122.781323,604-715-8321,,,N,N,N,N,N,N,N,N,N,N,N,N,N,N,N,N,N,,,N,N,N,N,N,N,N,Y,Y,N,N,2026-05-15,,N,Y,N,Sunrise Smile Childcare<br>Licensed Family<br>604-715-8321<br><br>Vacancy:<br>&nbsp;&nbsp;&nbsp;&nbsp;<36 months: Y<br>&nbsp;&nbsp;&nbsp;&nbsp;30 months -- 5 years: Y<br>&nbsp;&nbsp;&nbsp;&nbsp;Preschool: N<br>&nbsp;&nbsp;&nbsp;&nbsp;Grade 1 - Age 12: N<br>
3543,Licensed Family,Kiddokastle Daycare Center,32908 2Nd Ave,,Mission,V2V 1J3,49.135118,-122.313051,250-702-0653,,,N,N,N,N,N,N,N,N,N,N,N,N,N,N,N,N,N,,,N,N,N,N,N,N,N,Y,Y,N,Y,2026-05-18,,N,Y,N,Kiddokastle Daycare Center<br>Licensed Family<br>250-702-0653<br><br>Vacancy:<br>&nbsp;&nbsp;&nbsp;&nbsp;<36 months: Y<br>&nbsp;&nbsp;&nbsp;&nbsp;30 months -- 5 years: Y<br>&nbsp;&nbsp;&nbsp;&nbsp;Preschool: N<br>&nbsp;&nbsp;&nbsp;&nbsp;Grade 1 - Age 12: Y<br>
3544,Licensed Family,Tots And Tales,8860 118 St,,Delta,V4C 6H7,49.164297,-122.895594,778-707-7876,www.totsandtales.ca,,N,N,N,N,N,N,N,N,N,N,N,N,N,N,N,N,N,,,N,N,N,N,N,N,N,Y,Y,N,N,2026-04-28,,N,Y,N,Tots And Tales<br>Licensed Family<br>778-707-7876<br><br>Vacancy:<br>&nbsp;&nbsp;&nbsp;&nbsp;<36 months: Y<br>&nbsp;&nbsp;&nbsp;&nbsp;30 months -- 5 years: Y<br>&nbsp;&nbsp;&nbsp;&nbsp;Preschool: N<br>&nbsp;&nbsp;&nbsp;&nbsp;Grade 1 - Age 12: N<br>
3545,Licensed Group,Nini Early Learning,220-723 Main St,,West Vancouver,V7T 0C2,49.326664,-123.135634,778-887-1414,,,N,N,N,N,N,N,N,N,N,N,N,N,N,N,N,N,N,,,N,N,N,N,N,N,N,N,N,N,N,2026-05-16,,N,Y,Y,Nini Early Learning<br>Licensed Group<br>778-887-1414<br><br>Vacancy:<br>&nbsp;&nbsp;&nbsp;&nbsp;<36 months: N<br>&nbsp;&nbsp;&nbsp;&nbsp;30 months -- 5 years: N<br>&nbsp;&nbsp;&nbsp;&nbsp;Preschool: N<br>&nbsp;&nbsp;&nbsp;&nbsp;Grade 1 - Age 12: N<br>
3546,Licensed Group,Nini Early Learning,220-723 Main St,,West Vancouver,V7T 0C2,49.326664,-123.135634,778-887-1414,,,N,N,N,N,N,N,N,N,N,N,N,N,N,N,N,N,N,,,N,N,N,N,N,N,N,Y,Y,N,N,2026-05-16,,N,Y,Y,Nini Early Learning<br>Licensed Group<br>778-887-1414<br><br>Vacancy:<br>&nbsp;&nbsp;&nbsp;&nbsp;<36 months: Y<br>&nbsp;&nbsp;&nbsp;&nbsp;30 months -- 5 years: Y<br>&nbsp;&nbsp;&nbsp;&nbsp;Preschool: N<br>&nbsp;&nbsp;&nbsp;&nbsp;Grade 1 - Age 12: N<br>
3547,Licensed Group,Here We Grow Early Learning Centre,1369 Richter Street,,Kelowna,V1Y 2L6,49.890036,-119.488168,250-860-5216,,,N,N,N,N,N,N,N,N,N,N,N,N,N,N,N,N,N,,,N,N,N,N,N,N,N,Y,Y,N,N,2026-05-15,,N,Y,N,Here We Grow Early Learning Centre<br>Licensed Group<br>250-860-5216<br><br>Vacancy:<br>&nbsp;&nbsp;&nbsp;&nbsp;<36 months: Y<br>&nbsp;&nbsp;&nbsp;&nbsp;30 months -- 5 years: Y<br>&nbsp;&nbsp;&nbsp;&nbsp;Preschool: N<br>&nbsp;&nbsp;&nbsp;&nbsp;Grade 1 - Age 12: N<br>
3548,Licensed Group,Maple Caspian Kids Academy,"102, 103-1041 Ridgeway Ave",,Coquitlam,V3J 1S6,49.24993,-122.864385,604-413-3094,,,N,N,N,N,N,N,N,N,N,N,N,N,N,N,N,N,N,,,N,N,N,N,N,N,N,N,Y,N,N,2026-05-17,,N,Y,N,Maple Caspian Kids Academy<br>Licensed Group<br>604-413-3094<br><br>Vacancy:<br>&nbsp;&nbsp;&nbsp;&nbsp;<36 months: N<br>&nbsp;&nbsp;&nbsp;&nbsp;30 months -- 5 years: Y<br>&nbsp;&nbsp;&nbsp;&nbsp;Preschool: N<br>&nbsp;&nbsp;&nbsp;&nbsp;Grade 1 - Age 12: N<br>
3549,Licensed Family,Moji Playhouse,21198 Cutler Pl,,Maple Ridge,V2X 8R1,49.21573,-122.633779,604-537-6270,,,N,N,N,N,N,N,N,N,N,N,N,N,N,N,N,N,N,,,N,N,N,N,N,N,N,N,Y,N,N,2026-05-01,,N,Y,N,Moji Playhouse<br>Licensed Family<br>604-537-6270<br><br>Vacancy:<br>&nbsp;&nbsp;&nbsp;&nbsp;<36 months: N<br>&nbsp;&nbsp;&nbsp;&nbsp;30 months -- 5 years: Y<br>&nbsp;&nbsp;&nbsp;&nbsp;Preschool: N<br>&nbsp;&nbsp;&nbsp;&nbsp;Grade 1 - Age 12: N<br>
3550,Licensed Group,4Pillar Early Learning Centre Inc Pg,177 Mckenzie Ave,,Prince George,V2L 4N5,53.892478,-122.764713,778-636-4717,,,N,N,N,N,N,N,N,N,N,N,N,N,N,N,N,N,N,,,N,N,N,N,N,N,N,N,N,N,N,2026-05-15,,N,Y,N,4Pillar Early Learning Centre Inc Pg<br>Licensed Group<br>778-636-4717<br><br>Vacancy:<br>&nbsp;&nbsp;&nbsp;&nbsp;<36 months: N<br>&nbsp;&nbsp;&nbsp;&nbsp;30 months -- 5 years: N<br>&nbsp;&nbsp;&nbsp;&nbsp;Preschool: N<br>&nbsp;&nbsp;&nbsp;&nbsp;Grade 1 - Age 12: N<br>
3551,Licensed Family,Sophia Grace Montessori Preschool,1572 Oakland Ave,,Victoria,V8T 2L2,48.446079,-123.34087,250-732-1640,,,N,N,N,N,N,N,N,N,N,N,N,N,N,N,N,N,N,,,N,N,N,N,N,N,N,Y,Y,N,N,2026-05-21,,N,Y,N,Sophia Grace Montessori Preschool<br>Licensed Family<br>250-732-1640<br><br>Vacancy:<br>&nbsp;&nbsp;&nbsp;&nbsp;<36 months: Y<br>&nbsp;&nbsp;&nbsp;&nbsp;30 months -- 5 years: Y<br>&nbsp;&nbsp;&nbsp;&nbsp;Preschool: N<br>&nbsp;&nbsp;&nbsp;&nbsp;Grade 1 - Age 12: N<br>
3552,Licensed Group,North Oyster Before And Afterschool Care,13470 Cedar Road,,Ladysmith,V9G 1H6,49.044818,-123.845233,250-268-7189,,,N,N,N,N,N,N,N,N,N,N,N,N,N,N,N,N,N,,,N,N,N,N,N,N,N,N,N,N,N,2026-05-21,,N,Y,N,North Oyster Before And Afterschool Care<br>Licensed Group<br>250-268-7189<br><br>Vacancy:<br>&nbsp;&nbsp;&nbsp;&nbsp;<36 months: N<br>&nbsp;&nbsp;&nbsp;&nbsp;30 months -- 5 years: N<br>&nbsp;&nbsp;&nbsp;&nbsp;Preschool: N<br>&nbsp;&nbsp;&nbsp;&nbsp;Grade 1 - Age 12: N<br>
3553,Licensed Group,Twig +Owl/ Walpole,2709 Walpole Crescent,,North Vancouver,V7H 1K7,49.321612,-122.998626,604-929-5371,,,N,N,N,N,N,N,N,N,N,N,N,N,N,N,N,N,N,,,N,N,N,N,N,N,N,N,N,N,N,2026-04-19,,N,Y,N,Twig +Owl/ Walpole<br>Licensed Group<br>604-929-5371<br><br>Vacancy:<br>&nbsp;&nbsp;&nbsp;&nbsp;<36 months: N<br>&nbsp;&nbsp;&nbsp;&nbsp;30 months -- 5 years: N<br>&nbsp;&nbsp;&nbsp;&nbsp;Preschool: N<br>&nbsp;&nbsp;&nbsp;&nbsp;Grade 1 - Age 12: N<br>
3554,Licensed Group,Mt. Arrowsmith Infant & Toddler Care Ltd.,205 Pym St,,Parksville,V9P 1E7,49.323003,-124.338183,250-802-7751,,,N,N,N,N,N,N,N,N,N,N,N,N,N,N,N,N,N,,,N,N,N,N,N,N,N,N,N,N,N,2026-05-13,,N,Y,N,Mt. Arrowsmith Infant & Toddler Care Ltd.<br>Licensed Group<br>250-802-7751<br><br>Vacancy:<br>&nbsp;&nbsp;&nbsp;&nbsp;<36 months: N<br>&nbsp;&nbsp;&nbsp;&nbsp;30 months -- 5 years: N<br>&nbsp;&nbsp;&nbsp;&nbsp;Preschool: N<br>&nbsp;&nbsp;&nbsp;&nbsp;Grade 1 - Age 12: N<br>
3555,Licensed Group,Creative Angels Daycare,89 South Shore Road,Units C & D,Lake Cowichan,V0R 2G0,48.824461,-124.05792,250-466-5381,,,N,N,N,N,N,N,N,N,N,N,N,N,N,N,N,N,N,,,N,N,N,N,N,N,N,N,N,N,N,2026-05-15,,N,Y,N,Creative Angels Daycare<br>Licensed Group<br>250-466-5381<br><br>Vacancy:<br>&nbsp;&nbsp;&nbsp;&nbsp;<36 months: N<br>&nbsp;&nbsp;&nbsp;&nbsp;30 months -- 5 years: N<br>&nbsp;&nbsp;&nbsp;&nbsp;Preschool: N<br>&nbsp;&nbsp;&nbsp;&nbsp;Grade 1 - Age 12: N<br>
3556,Licensed Group,Ménmens Ta Smánit,38425 Hemlock Ave,,Squamish,V8B 0W8,49.702187,-123.124282,604-892-5796,,,N,N,N,N,N,N,N,N,N,N,N,N,N,N,N,N,N,,,N,N,N,N,N,N,N,Y,Y,N,N,2026-04-27,,N,Y,Y,Ménmens Ta Smánit<br>Licensed Group<br>604-892-5796<br><br>Vacancy:<br>&nbsp;&nbsp;&nbsp;&nbsp;<36 months: Y<br>&nbsp;&nbsp;&nbsp;&nbsp;30 months -- 5 years: Y<br>&nbsp;&nbsp;&nbsp;&nbsp;Preschool: N<br>&nbsp;&nbsp;&nbsp;&nbsp;Grade 1 - Age 12: N<br>
3557,Licensed Group,Ménmens Ta Smánit,38425 Hemlock Ave,,Squamish,V8B 0W8,49.702187,-123.124282,604-892-5796,,,N,N,N,N,N,N,N,N,N,N,N,N,N,N,N,N,N,,,N,N,N,N,N,N,N,N,N,N,N,2026-04-27,,N,Y,Y,Ménmens Ta Smánit<br>Licensed Group<br>604-892-5796<br><br>Vacancy:<br>&nbsp;&nbsp;&nbsp;&nbsp;<36 months: N<br>&nbsp;&nbsp;&nbsp;&nbsp;30 months -- 5 years: N<br>&nbsp;&nbsp;&nbsp;&nbsp;Preschool: N<br>&nbsp;&nbsp;&nbsp;&nbsp;Grade 1 - Age 12: N<br>
3558,Licensed Group,I Kids+ Learning Centre,21003 76A Ave,,Langley,V2Y 0L1,49.14154,-122.63982,778-855-1425,,,N,N,N,N,N,N,N,N,N,N,N,N,N,N,N,N,N,,,N,N,N,N,N,N,N,N,N,N,N,2026-05-01,,N,Y,N,I Kids+ Learning Centre<br>Licensed Group<br>778-855-1425<br><br>Vacancy:<br>&nbsp;&nbsp;&nbsp;&nbsp;<36 months: N<br>&nbsp;&nbsp;&nbsp;&nbsp;30 months -- 5 years: N<br>&nbsp;&nbsp;&nbsp;&nbsp;Preschool: N<br>&nbsp;&nbsp;&nbsp;&nbsp;Grade 1 - Age 12: N<br>
3559,Licensed Group,Little Sprouts Christian Early Learning Centre,1475 Noel Ave,,Comox,V9M 3H8,49.681269,-124.913034,250-339-1200,,,N,N,N,N,N,N,N,N,N,N,N,N,N,N,N,N,N,,,N,N,N,N,N,N,N,Y,Y,N,N,2026-05-21,,N,Y,N,Little Sprouts Christian Early Learning Centre<br>Licensed Group<br>250-339-1200<br><br>Vacancy:<br>&nbsp;&nbsp;&nbsp;&nbsp;<36 months: Y<br>&nbsp;&nbsp;&nbsp;&nbsp;30 months -- 5 years: Y<br>&nbsp;&nbsp;&nbsp;&nbsp;Preschool: N<br>&nbsp;&nbsp;&nbsp;&nbsp;Grade 1 - Age 12: N<br>
3560,Licensed Group,Family Place,1914 Qhilchena Ave,,Merritt,V1K 1B8,50.110468,-120.791517,250-378-4878,,,N,N,N,N,N,N,N,N,N,N,N,N,N,N,N,N,N,,,N,N,N,N,N,N,N,Y,N,N,Y,2026-05-11,,N,Y,N,Family Place<br>Licensed Group<br>250-378-4878<br><br>Vacancy:<br>&nbsp;&nbsp;&nbsp;&nbsp;<36 months: Y<br>&nbsp;&nbsp;&nbsp;&nbsp;30 months -- 5 years: N<br>&nbsp;&nbsp;&nbsp;&nbsp;Preschool: N<br>&nbsp;&nbsp;&nbsp;&nbsp;Grade 1 - Age 12: Y<br>
3561,Licensed Group,Leapin Lizard's Daycares Inc. Skaha,110 Green Ave West,,Penticton,V2A 7M1,49.463803,-119.581902,250-460-2383,,,N,N,N,N,N,N,N,N,N,N,N,N,N,N,N,N,N,,,N,N,N,N,N,N,N,N,N,N,N,2026-05-20,,N,Y,N,Leapin Lizard's Daycares Inc. Skaha<br>Licensed Group<br>250-460-2383<br><br>Vacancy:<br>&nbsp;&nbsp;&nbsp;&nbsp;<36 months: N<br>&nbsp;&nbsp;&nbsp;&nbsp;30 months -- 5 years: N<br>&nbsp;&nbsp;&nbsp;&nbsp;Preschool: N<br>&nbsp;&nbsp;&nbsp;&nbsp;Grade 1 - Age 12: N<br>
3562,Licensed Group,Oui Montessori Bilingual Children's House,108 7Th Ave S,,Cranbrook,V1C 2J4,49.509815,-115.771359,604-690-8067,,,N,N,N,N,N,N,N,N,N,N,N,N,N,N,N,N,N,,,N,N,N,N,N,N,N,Y,Y,N,N,2026-04-22,,N,Y,N,Oui Montessori Bilingual Children's House<br>Licensed Group<br>604-690-8067<br><br>Vacancy:<br>&nbsp;&nbsp;&nbsp;&nbsp;<36 months: Y<br>&nbsp;&nbsp;&nbsp;&nbsp;30 months -- 5 years: Y<br>&nbsp;&nbsp;&nbsp;&nbsp;Preschool: N<br>&nbsp;&nbsp;&nbsp;&nbsp;Grade 1 - Age 12: N<br>
3563,Licensed Group,Lni Childcare Learning Centre,50790 Yale Rd,,Rosedale,V0X 1X2,49.174691,-121.819083,604-446-7721,,,N,N,N,N,N,N,N,N,N,N,N,N,N,N,N,N,N,,,N,N,N,N,N,N,N,Y,Y,N,N,2026-04-16,,N,Y,N,Lni Childcare Learning Centre<br>Licensed Group<br>604-446-7721<br><br>Vacancy:<br>&nbsp;&nbsp;&nbsp;&nbsp;<36 months: Y<br>&nbsp;&nbsp;&nbsp;&nbsp;30 months -- 5 years: Y<br>&nbsp;&nbsp;&nbsp;&nbsp;Preschool: N<br>&nbsp;&nbsp;&nbsp;&nbsp;Grade 1 - Age 12: N<br>
3564,Licensed Family,Snowflake Family Child Care,458 53Rd Ave E,,Vancouver,V5X 1J2,49.221575,-123.095505,778-855-3420,,,N,N,N,N,N,N,N,N,N,N,N,N,N,N,N,N,N,,,N,N,N,N,N,N,N,N,N,N,N,2026-05-15,,N,Y,N,Snowflake Family Child Care<br>Licensed Family<br>778-855-3420<br><br>Vacancy:<br>&nbsp;&nbsp;&nbsp;&nbsp;<36 months: N<br>&nbsp;&nbsp;&nbsp;&nbsp;30 months -- 5 years: N<br>&nbsp;&nbsp;&nbsp;&nbsp;Preschool: N<br>&nbsp;&nbsp;&nbsp;&nbsp;Grade 1 - Age 12: N<br>
3565,Licensed Family,The Nest Early Learning Centre Inc.,3045 Westview St,,North Cowichan,V9L 2C4,48.823462,-123.718157,604-518-9406,,,N,N,N,N,N,N,N,N,N,N,N,N,N,N,N,N,N,,,N,N,N,N,N,N,N,N,N,N,N,2026-05-06,,N,Y,N,The Nest Early Learning Centre Inc.<br>Licensed Family<br>604-518-9406<br><br>Vacancy:<br>&nbsp;&nbsp;&nbsp;&nbsp;<36 months: N<br>&nbsp;&nbsp;&nbsp;&nbsp;30 months -- 5 years: N<br>&nbsp;&nbsp;&nbsp;&nbsp;Preschool: N<br>&nbsp;&nbsp;&nbsp;&nbsp;Grade 1 - Age 12: N<br>
3566,Licensed Family,Sunshine Hills Kids Corner,11057 Westridge Pl,,Delta,V4E 2N5,49.130131,-122.918177,604-446-0109,,,,,,,,,,,,,,,,,,,,,,,,,,,,,,,,,,,Y,Y,N,Sunshine Hills Kids Corner<br>Licensed Family<br>604-446-0109<br><br>Vacancy:<br>&nbsp;&nbsp;&nbsp;&nbsp;<36 months: None<br>&nbsp;&nbsp;&nbsp;&nbsp;30 months -- 5 years: None<br>&nbsp;&nbsp;&nbsp;&nbsp;Preschool: None<br>&nbsp;&nbsp;&nbsp;&nbsp;Grade 1 - Age 12: None<br>
3567,Licensed Group,B Kids Daycare Langley,109-110 - 20631 Fraser Hwy,,Langley,V3A 4G4,49.103681,-122.650209,778-773-4990,,,N,N,N,N,N,N,N,N,N,N,N,N,N,N,N,N,N,,,N,N,N,N,N,N,N,N,N,N,N,2026-05-14,,N,Y,N,B Kids Daycare Langley<br>Licensed Group<br>778-773-4990<br><br>Vacancy:<br>&nbsp;&nbsp;&nbsp;&nbsp;<36 months: N<br>&nbsp;&nbsp;&nbsp;&nbsp;30 months -- 5 years: N<br>&nbsp;&nbsp;&nbsp;&nbsp;Preschool: N<br>&nbsp;&nbsp;&nbsp;&nbsp;Grade 1 - Age 12: N<br>
3568,Licensed Group,B Kids Daycare Langley,101 - 20633 Fraser Hwy,,Langley,V3A 4G4,49.103384,-122.650323,778-773-4990,,,N,N,N,N,N,N,N,N,N,N,N,N,N,N,N,N,N,,,N,N,N,N,N,N,N,N,N,N,N,2026-05-14,,N,Y,N,B Kids Daycare Langley<br>Licensed Group<br>778-773-4990<br><br>Vacancy:<br>&nbsp;&nbsp;&nbsp;&nbsp;<36 months: N<br>&nbsp;&nbsp;&nbsp;&nbsp;30 months -- 5 years: N<br>&nbsp;&nbsp;&nbsp;&nbsp;Preschool: N<br>&nbsp;&nbsp;&nbsp;&nbsp;Grade 1 - Age 12: N<br>
3569,Licensed Family,Happy Fairies Academy,6877 Broadway,,Burnaby,V5B 2Y7,49.261925,-122.961533,236-485-5803,,,N,N,N,N,N,N,N,N,N,N,N,N,N,N,N,N,N,,,N,N,N,N,N,N,N,N,Y,N,Y,2026-05-12,,N,Y,N,Happy Fairies Academy<br>Licensed Family<br>236-485-5803<br><br>Vacancy:<br>&nbsp;&nbsp;&nbsp;&nbsp;<36 months: N<br>&nbsp;&nbsp;&nbsp;&nbsp;30 months -- 5 years: Y<br>&nbsp;&nbsp;&nbsp;&nbsp;Preschool: N<br>&nbsp;&nbsp;&nbsp;&nbsp;Grade 1 - Age 12: Y<br>
3570,Licensed Group,Presidential Kids Academy - Leighton Campus,6835 Leighton Cres,,Oliver,V0H 1T2,49.193426,-119.554613,250-863-0244,,,N,N,N,N,N,N,N,N,N,N,N,N,N,N,N,N,N,,,N,N,N,N,N,N,N,Y,Y,N,N,2026-05-20,,N,Y,N,Presidential Kids Academy - Leighton Campus<br>Licensed Group<br>250-863-0244<br><br>Vacancy:<br>&nbsp;&nbsp;&nbsp;&nbsp;<36 months: Y<br>&nbsp;&nbsp;&nbsp;&nbsp;30 months -- 5 years: Y<br>&nbsp;&nbsp;&nbsp;&nbsp;Preschool: N<br>&nbsp;&nbsp;&nbsp;&nbsp;Grade 1 - Age 12: N<br>
3571,Licensed Family,Helping Hand Day Care,3-2388 Harrison Dr,,Vancouver,V5P 2P8,49.209433,-123.05669,604-720-0431,,,N,N,N,N,N,N,N,N,N,N,N,N,N,N,N,N,N,,,N,N,N,N,N,N,N,N,N,N,N,2026-05-14,,N,Y,N,Helping Hand Day Care<br>Licensed Family<br>604-720-0431<br><br>Vacancy:<br>&nbsp;&nbsp;&nbsp;&nbsp;<36 months: N<br>&nbsp;&nbsp;&nbsp;&nbsp;30 months -- 5 years: N<br>&nbsp;&nbsp;&nbsp;&nbsp;Preschool: N<br>&nbsp;&nbsp;&nbsp;&nbsp;Grade 1 - Age 12: N<br>
3572,Licensed Family,Sun & Wave Child Care,6488 Norvan Rd,,Sechelt,V7Z 0S6,49.474413,-123.801188,604-865-0687,,,N,N,N,N,N,N,N,N,N,N,N,N,N,N,N,N,N,,,N,N,N,N,N,N,N,N,Y,N,N,2026-04-17,,N,Y,N,Sun & Wave Child Care<br>Licensed Family<br>604-865-0687<br><br>Vacancy:<br>&nbsp;&nbsp;&nbsp;&nbsp;<36 months: N<br>&nbsp;&nbsp;&nbsp;&nbsp;30 months -- 5 years: Y<br>&nbsp;&nbsp;&nbsp;&nbsp;Preschool: N<br>&nbsp;&nbsp;&nbsp;&nbsp;Grade 1 - Age 12: N<br>
3573,Licensed Family,Loona Daycare,3303 Sultan Pl,,Coquitlam,V3E 2Z8,49.300459,-122.772051,604-404-0133,,,N,N,N,N,N,N,N,N,N,N,N,N,N,N,N,N,N,,,N,N,N,N,N,N,N,Y,Y,N,Y,2026-05-11,,N,Y,N,Loona Daycare<br>Licensed Family<br>604-404-0133<br><br>Vacancy:<br>&nbsp;&nbsp;&nbsp;&nbsp;<36 months: Y<br>&nbsp;&nbsp;&nbsp;&nbsp;30 months -- 5 years: Y<br>&nbsp;&nbsp;&nbsp;&nbsp;Preschool: N<br>&nbsp;&nbsp;&nbsp;&nbsp;Grade 1 - Age 12: Y<br>
3574,Licensed Group,Shining Stars Learning Academy (Abbotsford),2556 Montrose Ave,,Abbotsford,V2S 3T3,49.048322,-122.289928,604-316-5853,,,N,N,N,N,N,N,N,N,N,N,N,N,N,N,N,N,N,,,N,N,N,N,N,N,N,N,Y,N,N,2026-05-21,,N,Y,N,Shining Stars Learning Academy (Abbotsford)<br>Licensed Group<br>604-316-5853<br><br>Vacancy:<br>&nbsp;&nbsp;&nbsp;&nbsp;<36 months: N<br>&nbsp;&nbsp;&nbsp;&nbsp;30 months -- 5 years: Y<br>&nbsp;&nbsp;&nbsp;&nbsp;Preschool: N<br>&nbsp;&nbsp;&nbsp;&nbsp;Grade 1 - Age 12: N<br>
3575,Licensed Group,Next Level Childcare Society Borden,102-3962 Borden Street,,Victoria,V8P 3H8,48.469075,-123.361076,604-380-4060,,,N,N,N,N,N,N,N,N,N,N,N,N,N,N,N,N,N,,,N,N,N,N,N,N,N,N,N,N,N,2026-05-15,,N,Y,N,Next Level Childcare Society Borden<br>Licensed Group<br>604-380-4060<br><br>Vacancy:<br>&nbsp;&nbsp;&nbsp;&nbsp;<36 months: N<br>&nbsp;&nbsp;&nbsp;&nbsp;30 months -- 5 years: N<br>&nbsp;&nbsp;&nbsp;&nbsp;Preschool: N<br>&nbsp;&nbsp;&nbsp;&nbsp;Grade 1 - Age 12: N<br>
3576,Licensed Family,Kidzworld Daycare,6768 Chateau Crt,,Delta,V4E 3M7,49.128101,-122.89331,604-866-2691,,,Y,Y,N,N,N,N,Y,Y,N,Y,Y,N,N,N,N,N,N,Not offered,Not offered,N,N,N,N,N,N,Y,Y,N,N,N,2026-05-04,,N,Y,N,Kidzworld Daycare<br>Licensed Family<br>604-866-2691<br><br>Vacancy:<br>&nbsp;&nbsp;&nbsp;&nbsp;<36 months: Y<br>&nbsp;&nbsp;&nbsp;&nbsp;30 months -- 5 years: N<br>&nbsp;&nbsp;&nbsp;&nbsp;Preschool: N<br>&nbsp;&nbsp;&nbsp;&nbsp;Grade 1 - Age 12: N<br>
3577,Licensed Group,Savory Elementary School - Osc,2721 Grainger Rd,,Langford,V9B 3K7,48.448552,-123.486827,250-478-9586,,,N,N,N,N,N,N,N,N,N,N,N,N,N,N,N,N,N,,,N,N,N,N,N,N,N,N,N,N,Y,2026-05-13,,N,Y,N,Savory Elementary School - Osc<br>Licensed Group<br>250-478-9586<br><br>Vacancy:<br>&nbsp;&nbsp;&nbsp;&nbsp;<36 months: N<br>&nbsp;&nbsp;&nbsp;&nbsp;30 months -- 5 years: N<br>&nbsp;&nbsp;&nbsp;&nbsp;Preschool: N<br>&nbsp;&nbsp;&nbsp;&nbsp;Grade 1 - Age 12: Y<br>
3578,Licensed Group,Ecole John Stubbs - Osc,301 Zealous Crescent,,Victoria,V9C 1H6,48.437035,-123.463885,250-885-1784,,,N,N,N,N,N,N,N,N,N,N,N,N,N,N,N,N,N,,,N,N,N,N,N,N,N,N,N,N,N,2026-05-13,,N,Y,N,Ecole John Stubbs - Osc<br>Licensed Group<br>250-885-1784<br><br>Vacancy:<br>&nbsp;&nbsp;&nbsp;&nbsp;<36 months: N<br>&nbsp;&nbsp;&nbsp;&nbsp;30 months -- 5 years: N<br>&nbsp;&nbsp;&nbsp;&nbsp;Preschool: N<br>&nbsp;&nbsp;&nbsp;&nbsp;Grade 1 - Age 12: N<br>
3579,Licensed Group,Sangster Elementary School-Osc,3325 Metchosin Rd,,Victoria,V9C 2A4,48.421054,-123.485172,250-885-1784,,,N,N,N,N,N,N,N,N,N,N,N,N,N,N,N,N,N,,,N,N,N,N,N,N,N,N,N,N,N,2026-05-13,,N,Y,N,Sangster Elementary School-Osc<br>Licensed Group<br>250-885-1784<br><br>Vacancy:<br>&nbsp;&nbsp;&nbsp;&nbsp;<36 months: N<br>&nbsp;&nbsp;&nbsp;&nbsp;30 months -- 5 years: N<br>&nbsp;&nbsp;&nbsp;&nbsp;Preschool: N<br>&nbsp;&nbsp;&nbsp;&nbsp;Grade 1 - Age 12: N<br>
3580,Licensed Group,Ecole Poirier Elementary - Osc,6526 Throup Rd,,Sooke,V9Z 1H9,48.390723,-123.718966,250-885-1784,,,N,N,N,N,N,N,N,N,N,N,N,N,N,N,N,N,N,,,N,N,N,N,N,N,N,N,N,N,Y,2026-05-13,,N,Y,N,Ecole Poirier Elementary - Osc<br>Licensed Group<br>250-885-1784<br><br>Vacancy:<br>&nbsp;&nbsp;&nbsp;&nbsp;<36 months: N<br>&nbsp;&nbsp;&nbsp;&nbsp;30 months -- 5 years: N<br>&nbsp;&nbsp;&nbsp;&nbsp;Preschool: N<br>&nbsp;&nbsp;&nbsp;&nbsp;Grade 1 - Age 12: Y<br>
3581,Licensed Group,Vancouver Hebrew Academy,1535 W 62Nd Ave,,Vancouver,V6P 2E8,49.214983,-123.141254,604-786-5990,,,N,N,N,N,N,N,N,N,N,N,N,N,N,N,N,N,N,,,N,N,N,N,N,N,N,N,N,N,N,2026-05-15,,N,Y,Y,Vancouver Hebrew Academy<br>Licensed Group<br>604-786-5990<br><br>Vacancy:<br>&nbsp;&nbsp;&nbsp;&nbsp;<36 months: N<br>&nbsp;&nbsp;&nbsp;&nbsp;30 months -- 5 years: N<br>&nbsp;&nbsp;&nbsp;&nbsp;Preschool: N<br>&nbsp;&nbsp;&nbsp;&nbsp;Grade 1 - Age 12: N<br>
3582,Licensed Family,Cotton Cloud Daycare,12561 Grace St,,Maple Ridge,V2X 5N3,49.230437,-122.617113,672-513-6633,,,N,N,N,N,N,N,N,N,N,N,N,N,N,N,N,N,N,,,N,N,N,N,N,N,N,Y,Y,N,N,2026-05-14,,N,Y,N,Cotton Cloud Daycare<br>Licensed Family<br>672-513-6633<br><br>Vacancy:<br>&nbsp;&nbsp;&nbsp;&nbsp;<36 months: Y<br>&nbsp;&nbsp;&nbsp;&nbsp;30 months -- 5 years: Y<br>&nbsp;&nbsp;&nbsp;&nbsp;Preschool: N<br>&nbsp;&nbsp;&nbsp;&nbsp;Grade 1 - Age 12: N<br>
3583,Licensed Group,Khowhemun Elementary - Out Of School Care,2918 Cliffs Road,,Duncan,V9L 1C5,48.779468,-123.716587,250-710-1837,,,N,N,N,N,N,N,N,N,N,N,N,N,N,N,N,N,N,,,N,N,N,N,N,N,N,N,Y,N,Y,2026-05-21,,N,Y,N,Khowhemun Elementary - Out Of School Care<br>Licensed Group<br>250-710-1837<br><br>Vacancy:<br>&nbsp;&nbsp;&nbsp;&nbsp;<36 months: N<br>&nbsp;&nbsp;&nbsp;&nbsp;30 months -- 5 years: Y<br>&nbsp;&nbsp;&nbsp;&nbsp;Preschool: N<br>&nbsp;&nbsp;&nbsp;&nbsp;Grade 1 - Age 12: Y<br>
3584,Licensed Family,Joy Harbour Child Care,1160 Maple St,,White Rock,V4B 4M6,49.02314,-122.788391,604-710-0885,,,,,,,,,,,,,,,,,,,,,,,,,,,,,,,,,,,Y,Y,N,Joy Harbour Child Care<br>Licensed Family<br>604-710-0885<br><br>Vacancy:<br>&nbsp;&nbsp;&nbsp;&nbsp;<36 months: None<br>&nbsp;&nbsp;&nbsp;&nbsp;30 months -- 5 years: None<br>&nbsp;&nbsp;&nbsp;&nbsp;Preschool: None<br>&nbsp;&nbsp;&nbsp;&nbsp;Grade 1 - Age 12: None<br>
3585,Licensed Group,1000 Women Early Learning Child Care Society,46066 First Ave,,Chilliwack,V2P 1Z6,49.168623,-121.950176,604-832-6284,,,N,N,N,N,N,N,N,N,N,N,N,N,N,N,N,N,N,,,N,N,N,N,N,N,N,Y,Y,N,Y,2026-05-13,,N,Y,N,1000 Women Early Learning Child Care Society<br>Licensed Group<br>604-832-6284<br><br>Vacancy:<br>&nbsp;&nbsp;&nbsp;&nbsp;<36 months: Y<br>&nbsp;&nbsp;&nbsp;&nbsp;30 months -- 5 years: Y<br>&nbsp;&nbsp;&nbsp;&nbsp;Preschool: N<br>&nbsp;&nbsp;&nbsp;&nbsp;Grade 1 - Age 12: Y<br>
3586,Licensed Group,Cefa Cottonwood,7544 Vedder Road,,Chilliwack,V2R 4E7,49.138943,-121.958603,604-426-2662,,,N,N,N,N,N,N,N,N,N,N,N,N,N,N,N,N,N,,,N,N,N,N,N,N,N,Y,Y,N,N,2026-05-11,,N,Y,N,Cefa Cottonwood<br>Licensed Group<br>604-426-2662<br><br>Vacancy:<br>&nbsp;&nbsp;&nbsp;&nbsp;<36 months: Y<br>&nbsp;&nbsp;&nbsp;&nbsp;30 months -- 5 years: Y<br>&nbsp;&nbsp;&nbsp;&nbsp;Preschool: N<br>&nbsp;&nbsp;&nbsp;&nbsp;Grade 1 - Age 12: N<br>
3587,Licensed Group,Nature Nest Childcare Inc.,681 Fraser Ave,,Hope,V0X 1L0,49.380849,-121.444008,778-512-5650,,,N,N,N,N,N,N,N,N,N,N,N,N,N,N,N,N,N,,,N,N,N,N,N,N,N,Y,Y,N,N,2026-05-15,,N,Y,N,Nature Nest Childcare Inc.<br>Licensed Group<br>778-512-5650<br><br>Vacancy:<br>&nbsp;&nbsp;&nbsp;&nbsp;<36 months: Y<br>&nbsp;&nbsp;&nbsp;&nbsp;30 months -- 5 years: Y<br>&nbsp;&nbsp;&nbsp;&nbsp;Preschool: N<br>&nbsp;&nbsp;&nbsp;&nbsp;Grade 1 - Age 12: N<br>
3588,Licensed Group,Elk Valley Kids Club,1601 2 Ave,,Fernie,V0B 1M0,49.512178,-115.054097,250-946-7778,,,N,N,N,N,N,N,N,N,N,N,N,N,N,N,N,N,N,,,N,N,N,N,N,N,N,N,N,N,N,2026-04-24,,N,Y,N,Elk Valley Kids Club<br>Licensed Group<br>250-946-7778<br><br>Vacancy:<br>&nbsp;&nbsp;&nbsp;&nbsp;<36 months: N<br>&nbsp;&nbsp;&nbsp;&nbsp;30 months -- 5 years: N<br>&nbsp;&nbsp;&nbsp;&nbsp;Preschool: N<br>&nbsp;&nbsp;&nbsp;&nbsp;Grade 1 - Age 12: N<br>
3589,Licensed Family,Kinder Sprouts Academy,5360 188A St,,Surrey,V3S 7C3,49.099548,-122.700445,778-558-7270,www.kindersproutsacademy.ca,,N,N,N,N,N,N,N,N,N,N,N,N,N,N,N,N,N,,,N,N,N,N,N,N,N,N,Y,N,N,2026-05-15,,N,Y,N,Kinder Sprouts Academy<br>Licensed Family<br>778-558-7270<br><br>Vacancy:<br>&nbsp;&nbsp;&nbsp;&nbsp;<36 months: N<br>&nbsp;&nbsp;&nbsp;&nbsp;30 months -- 5 years: Y<br>&nbsp;&nbsp;&nbsp;&nbsp;Preschool: N<br>&nbsp;&nbsp;&nbsp;&nbsp;Grade 1 - Age 12: N<br>
3590,Licensed Family,Mini Me Daycare,4851 16 St Ne,,Salmon Arm,V1E 1E1,50.735158,-119.266058,250-253-7694,,,N,N,N,N,N,N,N,N,N,N,N,N,N,N,N,N,N,,,N,N,N,N,N,N,N,N,Y,N,Y,2026-05-18,,N,Y,N,Mini Me Daycare<br>Licensed Family<br>250-253-7694<br><br>Vacancy:<br>&nbsp;&nbsp;&nbsp;&nbsp;<36 months: N<br>&nbsp;&nbsp;&nbsp;&nbsp;30 months -- 5 years: Y<br>&nbsp;&nbsp;&nbsp;&nbsp;Preschool: N<br>&nbsp;&nbsp;&nbsp;&nbsp;Grade 1 - Age 12: Y<br>
3591,Licensed Family,Lee Moor Academy,6278 194B St,,Surrey,V3S 7L7,49.116871,-122.683546,778-878-5480,,,N,N,N,N,N,N,N,N,N,N,N,N,N,N,N,N,N,,,N,N,N,N,N,N,N,N,N,N,N,2026-05-11,,N,Y,N,Lee Moor Academy<br>Licensed Family<br>778-878-5480<br><br>Vacancy:<br>&nbsp;&nbsp;&nbsp;&nbsp;<36 months: N<br>&nbsp;&nbsp;&nbsp;&nbsp;30 months -- 5 years: N<br>&nbsp;&nbsp;&nbsp;&nbsp;Preschool: N<br>&nbsp;&nbsp;&nbsp;&nbsp;Grade 1 - Age 12: N<br>
3592,Licensed Family,Kiddiee Cave Daycare Ltd.,10018 130 St,,Surrey,V3T 5X5,49.185164,-122.861705,604-928-9233,,,N,N,N,N,N,N,N,N,N,N,N,N,N,N,N,N,N,,,N,N,N,N,N,N,N,Y,Y,N,N,2026-05-03,,N,Y,N,Kiddiee Cave Daycare Ltd.<br>Licensed Family<br>604-928-9233<br><br>Vacancy:<br>&nbsp;&nbsp;&nbsp;&nbsp;<36 months: Y<br>&nbsp;&nbsp;&nbsp;&nbsp;30 months -- 5 years: Y<br>&nbsp;&nbsp;&nbsp;&nbsp;Preschool: N<br>&nbsp;&nbsp;&nbsp;&nbsp;Grade 1 - Age 12: N<br>
3593,Licensed Group,Goldstone Childcare Society @ Bear Creek Elementary,13780 80Th Ave,,Surrey,V3W 7X6,49.148003,-122.840954,604-729-0543,,,N,N,N,N,N,N,N,N,N,N,N,N,N,N,N,N,N,,,N,N,N,N,N,N,N,N,Y,Y,N,2026-05-21,,N,Y,N,Goldstone Childcare Society @ Bear Creek Elementary<br>Licensed Group<br>604-729-0543<br><br>Vacancy:<br>&nbsp;&nbsp;&nbsp;&nbsp;<36 months: N<br>&nbsp;&nbsp;&nbsp;&nbsp;30 months -- 5 years: Y<br>&nbsp;&nbsp;&nbsp;&nbsp;Preschool: Y<br>&nbsp;&nbsp;&nbsp;&nbsp;Grade 1 - Age 12: N<br>
3594,Licensed Group,Lil Bloomers Childcare Centre,195 E Windsor Rd,,North Vancouver,V7N 1J9,49.319981,-123.072411,672-558-1345,,,N,N,N,N,N,N,N,N,N,N,N,N,N,N,N,N,N,,,N,N,N,N,N,N,N,Y,N,N,N,2026-05-15,,N,Y,Y,Lil Bloomers Childcare Centre<br>Licensed Group<br>672-558-1345<br><br>Vacancy:<br>&nbsp;&nbsp;&nbsp;&nbsp;<36 months: Y<br>&nbsp;&nbsp;&nbsp;&nbsp;30 months -- 5 years: N<br>&nbsp;&nbsp;&nbsp;&nbsp;Preschool: N<br>&nbsp;&nbsp;&nbsp;&nbsp;Grade 1 - Age 12: N<br>
3595,Licensed Group,Lil Bloomers Childcare Centre,195 E Windsor Rd,,North Vancouver,V7N 1J9,49.319981,-123.072411,672-558-1345,,,N,N,N,N,N,N,N,N,N,N,N,N,N,N,N,N,N,,,N,N,N,N,N,N,N,N,N,N,Y,2026-05-15,,N,Y,Y,Lil Bloomers Childcare Centre<br>Licensed Group<br>672-558-1345<br><br>Vacancy:<br>&nbsp;&nbsp;&nbsp;&nbsp;<36 months: N<br>&nbsp;&nbsp;&nbsp;&nbsp;30 months -- 5 years: N<br>&nbsp;&nbsp;&nbsp;&nbsp;Preschool: N<br>&nbsp;&nbsp;&nbsp;&nbsp;Grade 1 - Age 12: Y<br>
3596,Licensed Group,Lil Bloomers Childcare Centre,195 E Windsor Rd,,North Vancouver,V7N 1J9,49.319981,-123.072411,672-558-1345,,,N,N,N,N,N,N,N,N,N,N,N,N,N,N,N,N,N,,,N,N,N,N,N,N,N,N,Y,N,N,2026-05-15,,N,Y,Y,Lil Bloomers Childcare Centre<br>Licensed Group<br>672-558-1345<br><br>Vacancy:<br>&nbsp;&nbsp;&nbsp;&nbsp;<36 months: N<br>&nbsp;&nbsp;&nbsp;&nbsp;30 months -- 5 years: Y<br>&nbsp;&nbsp;&nbsp;&nbsp;Preschool: N<br>&nbsp;&nbsp;&nbsp;&nbsp;Grade 1 - Age 12: N<br>
3597,Licensed Family,Blossom Valley Kids Ltd,1219 Arborlynn Dr,,North Vancouver,V7J 2V5,49.319981,-123.072411,604-902-9491,,,N,N,N,N,N,N,N,N,N,N,N,N,N,N,N,N,N,,,N,N,N,N,N,N,N,N,N,N,N,2026-05-18,,N,Y,N,Blossom Valley Kids Ltd<br>Licensed Family<br>604-902-9491<br><br>Vacancy:<br>&nbsp;&nbsp;&nbsp;&nbsp;<36 months: N<br>&nbsp;&nbsp;&nbsp;&nbsp;30 months -- 5 years: N<br>&nbsp;&nbsp;&nbsp;&nbsp;Preschool: N<br>&nbsp;&nbsp;&nbsp;&nbsp;Grade 1 - Age 12: N<br>
3598,Licensed Group,Griz Kids Care,2500A Balmer Drive,,Elkford,V0B 1H0,50.006907,-114.931917,250-425-5125,,,N,N,N,N,N,N,N,N,N,N,N,N,N,N,N,N,N,,,N,N,N,N,N,N,N,N,N,N,Y,2026-05-20,,N,Y,N,Griz Kids Care<br>Licensed Group<br>250-425-5125<br><br>Vacancy:<br>&nbsp;&nbsp;&nbsp;&nbsp;<36 months: N<br>&nbsp;&nbsp;&nbsp;&nbsp;30 months -- 5 years: N<br>&nbsp;&nbsp;&nbsp;&nbsp;Preschool: N<br>&nbsp;&nbsp;&nbsp;&nbsp;Grade 1 - Age 12: Y<br>
3599,Licensed Group,Black Mountain ymca Child Care,1620 Gallagher Rd,,Kelowna,V1P 1E8,49.867583,-119.347506,250-215-0078,,,N,N,N,N,N,N,N,N,N,N,N,N,N,N,N,N,N,,,N,N,N,N,N,N,N,N,N,N,N,2026-04-28,,N,N,N,Black Mountain ymca Child Care<br>Licensed Group<br>250-215-0078<br><br>Vacancy:<br>&nbsp;&nbsp;&nbsp;&nbsp;<36 months: N<br>&nbsp;&nbsp;&nbsp;&nbsp;30 months -- 5 years: N<br>&nbsp;&nbsp;&nbsp;&nbsp;Preschool: N<br>&nbsp;&nbsp;&nbsp;&nbsp;Grade 1 - Age 12: N<br>
3600,Licensed Group,May's Garden Childcare,9970 159A St,,Surrey,V4N 2K8,49.183576,-122.779842,778-839-6826,,,Y,N,N,N,N,N,Y,N,N,N,N,N,N,Y,N,N,N,Included in fee,Not offered,N,N,N,N,N,Y,Y,Y,N,N,N,2026-05-03,,N,Y,N,May's Garden Childcare<br>Licensed Group<br>778-839-6826<br><br>Vacancy:<br>&nbsp;&nbsp;&nbsp;&nbsp;<36 months: Y<br>&nbsp;&nbsp;&nbsp;&nbsp;30 months -- 5 years: N<br>&nbsp;&nbsp;&nbsp;&nbsp;Preschool: N<br>&nbsp;&nbsp;&nbsp;&nbsp;Grade 1 - Age 12: N<br>
3601,Licensed Group,Petals Child Care,21516 Dewdney Trunk Rd,,Maple Ridge,V2X 3G4,49.220334,-122.6254,236-838-4131,,,N,N,N,N,N,N,N,N,N,N,N,N,N,N,N,N,N,,,N,N,N,N,N,N,N,Y,Y,N,N,2026-04-30,,N,Y,N,Petals Child Care<br>Licensed Group<br>236-838-4131<br><br>Vacancy:<br>&nbsp;&nbsp;&nbsp;&nbsp;<36 months: Y<br>&nbsp;&nbsp;&nbsp;&nbsp;30 months -- 5 years: Y<br>&nbsp;&nbsp;&nbsp;&nbsp;Preschool: N<br>&nbsp;&nbsp;&nbsp;&nbsp;Grade 1 - Age 12: N<br>
3602,Licensed Family,Poco Primrose Childcare,1972 Cameron Ave,,Port Coquitlam,V3C 1J3,49.248027,-122.771496,778-237-1369,,,Y,N,N,N,N,N,Y,Y,N,Y,Y,N,N,N,N,N,N,Extra fee,Extra fee,N,N,N,N,N,N,N,Y,Y,N,N,2026-05-12,,N,Y,N,Poco Primrose Childcare<br>Licensed Family<br>778-237-1369<br><br>Vacancy:<br>&nbsp;&nbsp;&nbsp;&nbsp;<36 months: Y<br>&nbsp;&nbsp;&nbsp;&nbsp;30 months -- 5 years: Y<br>&nbsp;&nbsp;&nbsp;&nbsp;Preschool: N<br>&nbsp;&nbsp;&nbsp;&nbsp;Grade 1 - Age 12: N<br>
3603,Licensed Group,Northern Lights Out Of School Care,4412 Enns Rd,,Prince George,V2K 4X3,53.980924,-122.801632,250-714-9864,,,N,N,N,N,N,N,N,N,N,N,N,N,N,N,N,N,N,,,N,N,N,N,N,N,N,N,N,N,N,2026-05-08,,N,Y,N,Northern Lights Out Of School Care<br>Licensed Group<br>250-714-9864<br><br>Vacancy:<br>&nbsp;&nbsp;&nbsp;&nbsp;<36 months: N<br>&nbsp;&nbsp;&nbsp;&nbsp;30 months -- 5 years: N<br>&nbsp;&nbsp;&nbsp;&nbsp;Preschool: N<br>&nbsp;&nbsp;&nbsp;&nbsp;Grade 1 - Age 12: N<br>
3604,Licensed Group,Windridge Park Childcare Center,931 Lytton St,,North Vancouver,V7H 2M5,49.319981,-123.072411,604-983-6504,,,Y,N,N,N,N,N,Y,Y,N,N,N,N,N,N,N,N,Y,Not offered,Not offered,Y,Y,Y,N,Y,Y,Y,Y,Y,N,N,2026-05-15,,N,Y,N,Windridge Park Childcare Center<br>Licensed Group<br>604-983-6504<br><br>Vacancy:<br>&nbsp;&nbsp;&nbsp;&nbsp;<36 months: Y<br>&nbsp;&nbsp;&nbsp;&nbsp;30 months -- 5 years: Y<br>&nbsp;&nbsp;&nbsp;&nbsp;Preschool: N<br>&nbsp;&nbsp;&nbsp;&nbsp;Grade 1 - Age 12: N<br>
3605,Licensed Group,Awesome Playtime (Apt) Daycare,849 Runnymede Ave,,Coquitlam,V3J 2V3,49.259293,-122.873493,778-877-0706,,,N,N,N,N,N,N,N,N,N,N,N,N,N,N,N,N,N,,,N,N,N,N,N,N,N,N,N,N,N,2026-05-19,,N,Y,N,Awesome Playtime (Apt) Daycare<br>Licensed Group<br>778-877-0706<br><br>Vacancy:<br>&nbsp;&nbsp;&nbsp;&nbsp;<36 months: N<br>&nbsp;&nbsp;&nbsp;&nbsp;30 months -- 5 years: N<br>&nbsp;&nbsp;&nbsp;&nbsp;Preschool: N<br>&nbsp;&nbsp;&nbsp;&nbsp;Grade 1 - Age 12: N<br>
3606,Licensed Group,Light Childcare Center,102-7075 Vedder Road,,Chilliwack,V2R 0X9,49.13161,-121.96068,604-902-5255,,,N,N,N,N,N,N,N,N,N,N,N,N,N,N,N,N,N,,,N,N,N,N,N,N,N,Y,Y,N,N,2026-05-15,,N,Y,N,Light Childcare Center<br>Licensed Group<br>604-902-5255<br><br>Vacancy:<br>&nbsp;&nbsp;&nbsp;&nbsp;<36 months: Y<br>&nbsp;&nbsp;&nbsp;&nbsp;30 months -- 5 years: Y<br>&nbsp;&nbsp;&nbsp;&nbsp;Preschool: N<br>&nbsp;&nbsp;&nbsp;&nbsp;Grade 1 - Age 12: N<br>
3607,Licensed Group,Peninsula Montessori Academy Oak,10-989 W 28Th Ave,,Vancouver,V5Z 0E8,49.24678,-123.126804,778-994-1288,,,N,N,N,N,N,N,N,N,N,N,N,N,N,N,N,N,N,,,N,N,N,N,N,N,N,N,Y,N,N,2026-05-21,,N,Y,N,Peninsula Montessori Academy Oak<br>Licensed Group<br>778-994-1288<br><br>Vacancy:<br>&nbsp;&nbsp;&nbsp;&nbsp;<36 months: N<br>&nbsp;&nbsp;&nbsp;&nbsp;30 months -- 5 years: Y<br>&nbsp;&nbsp;&nbsp;&nbsp;Preschool: N<br>&nbsp;&nbsp;&nbsp;&nbsp;Grade 1 - Age 12: N<br>
3608,Licensed Group,Weegrow Early Learning Centre,20505 76A Ave,,Langley,V2Y 3T1,49.1675,-122.468361,604-989-8077,,,N,N,N,N,N,N,N,N,N,N,N,N,N,N,N,N,N,,,N,N,N,N,N,N,N,N,N,N,N,2026-05-15,,N,Y,N,Weegrow Early Learning Centre<br>Licensed Group<br>604-989-8077<br><br>Vacancy:<br>&nbsp;&nbsp;&nbsp;&nbsp;<36 months: N<br>&nbsp;&nbsp;&nbsp;&nbsp;30 months -- 5 years: N<br>&nbsp;&nbsp;&nbsp;&nbsp;Preschool: N<br>&nbsp;&nbsp;&nbsp;&nbsp;Grade 1 - Age 12: N<br>
3609,Licensed Group,Max'inux Childcare,1545 W 62Nd Ave,,Vancouver,V6P 2E8,49.215469,-123.141367,604-786-5990,,,N,N,N,N,N,N,N,N,N,N,N,N,N,N,N,N,N,,,N,N,N,N,N,N,N,N,N,N,N,2026-05-15,,N,Y,Y,Max'inux Childcare<br>Licensed Group<br>604-786-5990<br><br>Vacancy:<br>&nbsp;&nbsp;&nbsp;&nbsp;<36 months: N<br>&nbsp;&nbsp;&nbsp;&nbsp;30 months -- 5 years: N<br>&nbsp;&nbsp;&nbsp;&nbsp;Preschool: N<br>&nbsp;&nbsp;&nbsp;&nbsp;Grade 1 - Age 12: N<br>
3610,Licensed Group,Max'inux Childcare,1545 W 62Nd Ave,,Vancouver,V6P 2E8,49.215469,-123.141367,604-786-5990,,,N,N,N,N,N,N,N,N,N,N,N,N,N,N,N,N,N,,,N,N,N,N,N,N,N,N,N,N,N,2026-05-15,,N,Y,Y,Max'inux Childcare<br>Licensed Group<br>604-786-5990<br><br>Vacancy:<br>&nbsp;&nbsp;&nbsp;&nbsp;<36 months: N<br>&nbsp;&nbsp;&nbsp;&nbsp;30 months -- 5 years: N<br>&nbsp;&nbsp;&nbsp;&nbsp;Preschool: N<br>&nbsp;&nbsp;&nbsp;&nbsp;Grade 1 - Age 12: N<br>
3611,Licensed Group,Max'inux Childcare,1545 W 62Nd Ave,,Vancouver,V6P 2E8,49.215469,-123.141367,604-786-5990,,,N,N,N,N,N,N,N,N,N,N,N,N,N,N,N,N,N,,,N,N,N,N,N,N,N,N,N,N,N,2026-05-15,,N,Y,Y,Max'inux Childcare<br>Licensed Group<br>604-786-5990<br><br>Vacancy:<br>&nbsp;&nbsp;&nbsp;&nbsp;<36 months: N<br>&nbsp;&nbsp;&nbsp;&nbsp;30 months -- 5 years: N<br>&nbsp;&nbsp;&nbsp;&nbsp;Preschool: N<br>&nbsp;&nbsp;&nbsp;&nbsp;Grade 1 - Age 12: N<br>
3612,Licensed Group,The Studio Dance & Wellness,302 1 St E,,Revelstoke,V0E 2S0,50.997396,-118.192446,250-683-9040,,,N,N,N,N,N,N,N,N,N,N,N,N,N,N,N,N,N,,,N,N,N,N,N,N,N,N,N,N,N,2026-04-15,,N,Y,N,The Studio Dance & Wellness<br>Licensed Group<br>250-683-9040<br><br>Vacancy:<br>&nbsp;&nbsp;&nbsp;&nbsp;<36 months: N<br>&nbsp;&nbsp;&nbsp;&nbsp;30 months -- 5 years: N<br>&nbsp;&nbsp;&nbsp;&nbsp;Preschool: N<br>&nbsp;&nbsp;&nbsp;&nbsp;Grade 1 - Age 12: N<br>
3613,Licensed Group,Langley Meadows Early Years Centre,2244 Willoughby Way,,Langley,V2Y 1C1,49.121106,-122.672134,604-807-1365,,,,,,,,,,,,,,,,,,,,,,,,,,,,,,,,,,,Y,N,N,Langley Meadows Early Years Centre<br>Licensed Group<br>604-807-1365<br><br>Vacancy:<br>&nbsp;&nbsp;&nbsp;&nbsp;<36 months: None<br>&nbsp;&nbsp;&nbsp;&nbsp;30 months -- 5 years: None<br>&nbsp;&nbsp;&nbsp;&nbsp;Preschool: None<br>&nbsp;&nbsp;&nbsp;&nbsp;Grade 1 - Age 12: None<br>
3614,Licensed Family,Brighten Little Kids Child Care,31379 Homestead Cres,,Abbotsford,V2T 6V5,49.068059,-122.355274,778-598-4453,,,N,N,N,N,N,N,N,N,N,N,N,N,N,N,N,N,N,,,N,N,N,N,N,N,N,N,N,N,N,2026-05-01,,N,Y,N,Brighten Little Kids Child Care<br>Licensed Family<br>778-598-4453<br><br>Vacancy:<br>&nbsp;&nbsp;&nbsp;&nbsp;<36 months: N<br>&nbsp;&nbsp;&nbsp;&nbsp;30 months -- 5 years: N<br>&nbsp;&nbsp;&nbsp;&nbsp;Preschool: N<br>&nbsp;&nbsp;&nbsp;&nbsp;Grade 1 - Age 12: N<br>
3615,Licensed Group,Little Explorers Academy Ltd.,909 Mcnaughton Avenue,,Esquimalt,V9A 4G9,48.444448,-123.399745,236-464-8212,,,N,N,N,N,N,N,N,N,N,N,N,N,N,N,N,N,N,,,N,N,N,N,N,N,N,N,N,N,N,2026-05-11,,N,Y,N,Little Explorers Academy Ltd.<br>Licensed Group<br>236-464-8212<br><br>Vacancy:<br>&nbsp;&nbsp;&nbsp;&nbsp;<36 months: N<br>&nbsp;&nbsp;&nbsp;&nbsp;30 months -- 5 years: N<br>&nbsp;&nbsp;&nbsp;&nbsp;Preschool: N<br>&nbsp;&nbsp;&nbsp;&nbsp;Grade 1 - Age 12: N<br>
3616,Licensed Group,Momentos De Ninos Childcare - Brentwood,1741 Springer Avenue,,Burnaby,V5B 3M4,49.268758,-122.988361,778-865-9183,,,N,N,N,N,N,N,N,N,N,N,N,N,N,N,N,N,N,,,N,N,N,N,N,N,N,Y,N,N,N,2026-05-02,,N,Y,N,Momentos De Ninos Childcare - Brentwood<br>Licensed Group<br>778-865-9183<br><br>Vacancy:<br>&nbsp;&nbsp;&nbsp;&nbsp;<36 months: Y<br>&nbsp;&nbsp;&nbsp;&nbsp;30 months -- 5 years: N<br>&nbsp;&nbsp;&nbsp;&nbsp;Preschool: N<br>&nbsp;&nbsp;&nbsp;&nbsp;Grade 1 - Age 12: N<br>
3617,Licensed Family,Kensington Montessori,310 Boundary Rd N,,Burnaby,V5K 3S8,49.287651,-123.022914,604-328-9756,,,,,,,,,,,,,,,,,,,,,,,,,,,,,,,,,,,Y,Y,N,Kensington Montessori<br>Licensed Family<br>604-328-9756<br><br>Vacancy:<br>&nbsp;&nbsp;&nbsp;&nbsp;<36 months: None<br>&nbsp;&nbsp;&nbsp;&nbsp;30 months -- 5 years: None<br>&nbsp;&nbsp;&nbsp;&nbsp;Preschool: None<br>&nbsp;&nbsp;&nbsp;&nbsp;Grade 1 - Age 12: None<br>
3618,Licensed Group,Benjamin Childcare,6294 St Catherines St,,Vancouver,V5W 3G6,49.227431,-123.086175,604-355-5792,,,N,N,N,N,N,N,N,N,N,N,N,N,N,N,N,N,N,,,N,N,N,N,N,N,N,N,N,N,N,2026-05-12,,N,Y,N,Benjamin Childcare<br>Licensed Group<br>604-355-5792<br><br>Vacancy:<br>&nbsp;&nbsp;&nbsp;&nbsp;<36 months: N<br>&nbsp;&nbsp;&nbsp;&nbsp;30 months -- 5 years: N<br>&nbsp;&nbsp;&nbsp;&nbsp;Preschool: N<br>&nbsp;&nbsp;&nbsp;&nbsp;Grade 1 - Age 12: N<br>
3619,Licensed Group,Jaffray Elementary Secondary School,7355 Jaffray Village Loop Rd,,Jaffray,V0B 1T0,49.372629,-115.300593,250-919-4048,,,Y,N,N,N,N,N,N,N,N,Y,Y,N,N,N,N,N,N,Included in fee,Not offered,N,N,N,N,N,N,N,N,N,N,Y,2026-05-07,,N,Y,N,Jaffray Elementary Secondary School<br>Licensed Group<br>250-919-4048<br><br>Vacancy:<br>&nbsp;&nbsp;&nbsp;&nbsp;<36 months: N<br>&nbsp;&nbsp;&nbsp;&nbsp;30 months -- 5 years: N<br>&nbsp;&nbsp;&nbsp;&nbsp;Preschool: N<br>&nbsp;&nbsp;&nbsp;&nbsp;Grade 1 - Age 12: Y<br>
3620,Licensed Family,Born To Shine,7091 129A St,,Surrey,V3W 6T4,49.131844,-122.863946,778-791-4377,,,N,N,N,N,N,N,N,N,N,N,N,N,N,N,N,N,N,,,N,N,N,N,N,N,N,Y,Y,N,N,2026-05-03,,N,Y,N,Born To Shine<br>Licensed Family<br>778-791-4377<br><br>Vacancy:<br>&nbsp;&nbsp;&nbsp;&nbsp;<36 months: Y<br>&nbsp;&nbsp;&nbsp;&nbsp;30 months -- 5 years: Y<br>&nbsp;&nbsp;&nbsp;&nbsp;Preschool: N<br>&nbsp;&nbsp;&nbsp;&nbsp;Grade 1 - Age 12: N<br>
3621,Licensed Family,Forest Friends Childcare + Early Learning Centre,3525 Cariboo Crt,,Abbotsford,V2S 7H2,49.066154,-122.252004,604-308-0874,,,N,N,N,N,N,N,N,N,N,N,N,N,N,N,N,N,N,,,N,N,N,N,N,N,N,N,N,N,N,2026-05-10,,N,Y,N,Forest Friends Childcare + Early Learning Centre<br>Licensed Family<br>604-308-0874<br><br>Vacancy:<br>&nbsp;&nbsp;&nbsp;&nbsp;<36 months: N<br>&nbsp;&nbsp;&nbsp;&nbsp;30 months -- 5 years: N<br>&nbsp;&nbsp;&nbsp;&nbsp;Preschool: N<br>&nbsp;&nbsp;&nbsp;&nbsp;Grade 1 - Age 12: N<br>
3622,Licensed Group,Ras Bve On School Grounds,1001 Mackenzie Ave,,Revelstoke,V0E 2S0,50.992165,-118.202174,778-252-4655,,,N,N,N,N,N,N,N,N,N,N,N,N,N,N,N,N,N,,,N,N,N,N,N,N,N,N,N,N,N,2026-05-19,,N,N,N,Ras Bve On School Grounds<br>Licensed Group<br>778-252-4655<br><br>Vacancy:<br>&nbsp;&nbsp;&nbsp;&nbsp;<36 months: N<br>&nbsp;&nbsp;&nbsp;&nbsp;30 months -- 5 years: N<br>&nbsp;&nbsp;&nbsp;&nbsp;Preschool: N<br>&nbsp;&nbsp;&nbsp;&nbsp;Grade 1 - Age 12: N<br>
3623,Licensed Group,Pebbles & Pathways Childcare,3660 Brown Road,,West Kelowna,V4T 1P7,49.830598,-119.628548,604-787-7501,,,N,N,N,N,N,N,N,N,N,N,N,N,N,N,N,N,N,,,N,N,N,N,N,N,N,N,N,N,N,2026-05-15,,N,Y,N,Pebbles & Pathways Childcare<br>Licensed Group<br>604-787-7501<br><br>Vacancy:<br>&nbsp;&nbsp;&nbsp;&nbsp;<36 months: N<br>&nbsp;&nbsp;&nbsp;&nbsp;30 months -- 5 years: N<br>&nbsp;&nbsp;&nbsp;&nbsp;Preschool: N<br>&nbsp;&nbsp;&nbsp;&nbsp;Grade 1 - Age 12: N<br>
3624,Licensed Group,Merry Land Child Care,4475 Pandora Street,,Burnaby,V5C 2B8,49.283064,-123.00332,604-657-8133,,,N,N,N,N,N,N,N,N,N,N,N,N,N,N,N,N,N,,,N,N,N,N,N,N,N,N,N,N,N,2026-04-30,,N,Y,N,Merry Land Child Care<br>Licensed Group<br>604-657-8133<br><br>Vacancy:<br>&nbsp;&nbsp;&nbsp;&nbsp;<36 months: N<br>&nbsp;&nbsp;&nbsp;&nbsp;30 months -- 5 years: N<br>&nbsp;&nbsp;&nbsp;&nbsp;Preschool: N<br>&nbsp;&nbsp;&nbsp;&nbsp;Grade 1 - Age 12: N<br>
3625,Licensed Group,Exploring The Puddle Nature Preschool,1305 Borland Rd,,Williams Lake,V2G 5K5,52.123403,-122.119983,250-398-8410,,,N,N,N,N,N,N,N,N,N,N,N,N,N,N,N,N,N,,,N,N,N,N,N,N,N,N,N,Y,N,2026-05-15,,N,Y,N,Exploring The Puddle Nature Preschool<br>Licensed Group<br>250-398-8410<br><br>Vacancy:<br>&nbsp;&nbsp;&nbsp;&nbsp;<36 months: N<br>&nbsp;&nbsp;&nbsp;&nbsp;30 months -- 5 years: N<br>&nbsp;&nbsp;&nbsp;&nbsp;Preschool: Y<br>&nbsp;&nbsp;&nbsp;&nbsp;Grade 1 - Age 12: N<br>
3626,Licensed Group,Creator Childcare Learning Center,8408 Piper Cres,,Chilliwack,V2P 7R8,49.154979,-121.949157,778-594-4449,,,N,N,N,N,N,N,N,N,N,N,N,N,N,N,N,N,N,,,N,N,N,N,N,N,N,N,N,N,N,2026-04-16,,N,Y,N,Creator Childcare Learning Center<br>Licensed Group<br>778-594-4449<br><br>Vacancy:<br>&nbsp;&nbsp;&nbsp;&nbsp;<36 months: N<br>&nbsp;&nbsp;&nbsp;&nbsp;30 months -- 5 years: N<br>&nbsp;&nbsp;&nbsp;&nbsp;Preschool: N<br>&nbsp;&nbsp;&nbsp;&nbsp;Grade 1 - Age 12: N<br>
3627,Licensed Group,Teddy Bear Friends Childcare,1883 Walnut Cres,,Coquitlam,V3J 7T3,49.258624,-122.841871,778-867-3732,,,Y,N,N,N,N,N,Y,N,N,N,N,N,N,N,N,N,N,Included in fee,Not offered,N,N,N,Y,Y,Y,Y,Y,N,N,N,2026-05-20,,N,Y,N,Teddy Bear Friends Childcare<br>Licensed Group<br>778-867-3732<br><br>Vacancy:<br>&nbsp;&nbsp;&nbsp;&nbsp;<36 months: Y<br>&nbsp;&nbsp;&nbsp;&nbsp;30 months -- 5 years: N<br>&nbsp;&nbsp;&nbsp;&nbsp;Preschool: N<br>&nbsp;&nbsp;&nbsp;&nbsp;Grade 1 - Age 12: N<br>
3628,Licensed Group,Maple House Infant Toddler Daycare-Tsawwassen,4790 Nixon Ave,,Delta,V4M 1C6,49.005208,-123.089779,778-668-5077,,,N,N,N,N,N,N,N,N,N,N,N,N,N,N,N,N,N,,,N,N,N,N,N,N,N,Y,N,N,N,2026-05-16,,N,Y,N,Maple House Infant Toddler Daycare-Tsawwassen<br>Licensed Group<br>778-668-5077<br><br>Vacancy:<br>&nbsp;&nbsp;&nbsp;&nbsp;<36 months: Y<br>&nbsp;&nbsp;&nbsp;&nbsp;30 months -- 5 years: N<br>&nbsp;&nbsp;&nbsp;&nbsp;Preschool: N<br>&nbsp;&nbsp;&nbsp;&nbsp;Grade 1 - Age 12: N<br>
3629,Licensed Group,Cefa Panorama North,109 - 5577 153A St,,Surrey,V3S 5K7,49.103477,-122.797296,778-241-7917,,,N,N,N,N,N,N,N,N,N,N,N,N,N,N,N,N,N,,,N,N,N,N,N,N,N,N,Y,N,N,2026-05-15,,N,Y,N,Cefa Panorama North<br>Licensed Group<br>778-241-7917<br><br>Vacancy:<br>&nbsp;&nbsp;&nbsp;&nbsp;<36 months: N<br>&nbsp;&nbsp;&nbsp;&nbsp;30 months -- 5 years: Y<br>&nbsp;&nbsp;&nbsp;&nbsp;Preschool: N<br>&nbsp;&nbsp;&nbsp;&nbsp;Grade 1 - Age 12: N<br>
3630,Licensed Group,Bgc South Vancouver Island - Wishart Club,3310 Wishart Rd,,Victoria,V9C 1R1,48.421831,-123.494763,250-686-9123,,,N,N,N,N,N,N,N,N,N,N,N,N,N,N,N,N,N,,,N,N,N,N,N,N,N,N,N,N,N,2026-05-06,,N,Y,N,Bgc South Vancouver Island - Wishart Club<br>Licensed Group<br>250-686-9123<br><br>Vacancy:<br>&nbsp;&nbsp;&nbsp;&nbsp;<36 months: N<br>&nbsp;&nbsp;&nbsp;&nbsp;30 months -- 5 years: N<br>&nbsp;&nbsp;&nbsp;&nbsp;Preschool: N<br>&nbsp;&nbsp;&nbsp;&nbsp;Grade 1 - Age 12: N<br>
3631,Licensed Group,Bgc South Vancouver Island - David Cameron Club,675 Meaford Ave,,Victoria,V9B 5Y1,48.442914,-123.496642,250-686-9123,,,N,N,N,N,N,N,N,N,N,N,N,N,N,N,N,N,N,,,N,N,N,N,N,N,N,N,N,N,N,2026-05-06,,N,Y,N,Bgc South Vancouver Island - David Cameron Club<br>Licensed Group<br>250-686-9123<br><br>Vacancy:<br>&nbsp;&nbsp;&nbsp;&nbsp;<36 months: N<br>&nbsp;&nbsp;&nbsp;&nbsp;30 months -- 5 years: N<br>&nbsp;&nbsp;&nbsp;&nbsp;Preschool: N<br>&nbsp;&nbsp;&nbsp;&nbsp;Grade 1 - Age 12: N<br>
3632,Licensed Group,Bgc South Vancouver Island - Colwood Club,3000 Wishart Rd,,Victoria,V9C 1P4,48.435582,-123.485978,250-686-9123,,,N,N,N,N,N,N,N,N,N,N,N,N,N,N,N,N,N,,,N,N,N,N,N,N,N,N,N,N,N,2026-05-06,,N,Y,N,Bgc South Vancouver Island - Colwood Club<br>Licensed Group<br>250-686-9123<br><br>Vacancy:<br>&nbsp;&nbsp;&nbsp;&nbsp;<36 months: N<br>&nbsp;&nbsp;&nbsp;&nbsp;30 months -- 5 years: N<br>&nbsp;&nbsp;&nbsp;&nbsp;Preschool: N<br>&nbsp;&nbsp;&nbsp;&nbsp;Grade 1 - Age 12: N<br>
3633,Licensed Group,Bgc South Vancouver Island - Happy Valley Club,3291 Happy Valley Rd,,Victoria,V9C 2W3,48.428347,-123.528729,250-686-9123,,,N,N,N,N,N,N,N,N,N,N,N,N,N,N,N,N,N,,,N,N,N,N,N,N,N,N,N,N,N,2026-05-06,,N,Y,N,Bgc South Vancouver Island - Happy Valley Club<br>Licensed Group<br>250-686-9123<br><br>Vacancy:<br>&nbsp;&nbsp;&nbsp;&nbsp;<36 months: N<br>&nbsp;&nbsp;&nbsp;&nbsp;30 months -- 5 years: N<br>&nbsp;&nbsp;&nbsp;&nbsp;Preschool: N<br>&nbsp;&nbsp;&nbsp;&nbsp;Grade 1 - Age 12: N<br>
3634,Licensed Group,Bgc South Vancouver Island - Scianew Stelitkel Club,802 Latoria Rd,,Victoria,V9C 3A7,48.414975,-123.520295,250-686-9123,,,N,N,N,N,N,N,N,N,N,N,N,N,N,N,N,N,N,,,N,N,N,N,N,N,N,N,N,N,N,2026-05-06,,N,Y,N,Bgc South Vancouver Island - Scianew Stelitkel Club<br>Licensed Group<br>250-686-9123<br><br>Vacancy:<br>&nbsp;&nbsp;&nbsp;&nbsp;<36 months: N<br>&nbsp;&nbsp;&nbsp;&nbsp;30 months -- 5 years: N<br>&nbsp;&nbsp;&nbsp;&nbsp;Preschool: N<br>&nbsp;&nbsp;&nbsp;&nbsp;Grade 1 - Age 12: N<br>
3635,Licensed Group,Westcoast Sprouts Childcare,6038 Sooke Road,,Sooke,V9Z 0C1,48.387768,-123.686663,250-463-3448,,,N,N,N,N,N,N,N,N,N,N,N,N,N,N,N,N,N,,,N,N,N,N,N,N,N,N,N,N,N,2026-05-09,,N,N,N,Westcoast Sprouts Childcare<br>Licensed Group<br>250-463-3448<br><br>Vacancy:<br>&nbsp;&nbsp;&nbsp;&nbsp;<36 months: N<br>&nbsp;&nbsp;&nbsp;&nbsp;30 months -- 5 years: N<br>&nbsp;&nbsp;&nbsp;&nbsp;Preschool: N<br>&nbsp;&nbsp;&nbsp;&nbsp;Grade 1 - Age 12: N<br>
3636,Licensed Family,Little Ducklings Home Daycare,3356 270A St,,Aldergrove,V4W 3H2,49.051319,-122.470673,778-201-2630,,,N,N,N,N,N,N,N,N,N,N,N,N,N,N,N,N,N,,,N,N,N,N,N,N,N,Y,N,N,N,2026-05-14,,N,Y,N,Little Ducklings Home Daycare<br>Licensed Family<br>778-201-2630<br><br>Vacancy:<br>&nbsp;&nbsp;&nbsp;&nbsp;<36 months: Y<br>&nbsp;&nbsp;&nbsp;&nbsp;30 months -- 5 years: N<br>&nbsp;&nbsp;&nbsp;&nbsp;Preschool: N<br>&nbsp;&nbsp;&nbsp;&nbsp;Grade 1 - Age 12: N<br>
3637,Licensed Family,Magical And Empowering Childcare,6647 Pineridge Place E,,Sooke,V9Z 0V3,48.386835,-123.726823,250-588-7999,,,N,N,N,N,N,N,N,N,N,N,N,N,N,N,N,N,N,,,N,N,N,N,N,N,N,Y,N,N,N,2026-05-18,,N,Y,N,Magical And Empowering Childcare<br>Licensed Family<br>250-588-7999<br><br>Vacancy:<br>&nbsp;&nbsp;&nbsp;&nbsp;<36 months: Y<br>&nbsp;&nbsp;&nbsp;&nbsp;30 months -- 5 years: N<br>&nbsp;&nbsp;&nbsp;&nbsp;Preschool: N<br>&nbsp;&nbsp;&nbsp;&nbsp;Grade 1 - Age 12: N<br>
3638,Licensed Group,Angel Smile Child Care,6969 Sussex Ave,,Burnaby,V5J 3V1,49.220571,-123.005459,778-885-6330,,,N,N,N,N,N,N,N,N,N,N,N,N,N,N,N,N,N,,,N,N,N,N,N,N,N,N,N,N,N,2026-05-16,,N,Y,N,Angel Smile Child Care<br>Licensed Group<br>778-885-6330<br><br>Vacancy:<br>&nbsp;&nbsp;&nbsp;&nbsp;<36 months: N<br>&nbsp;&nbsp;&nbsp;&nbsp;30 months -- 5 years: N<br>&nbsp;&nbsp;&nbsp;&nbsp;Preschool: N<br>&nbsp;&nbsp;&nbsp;&nbsp;Grade 1 - Age 12: N<br>
3639,Licensed Group,All Bright Early Learning Center Vancouver,1888 E 47Th Ave,,Vancouver,V5P 4P4,49.227499,-123.067405,778-859-8010,,,N,N,N,N,N,N,N,N,N,N,N,N,N,N,N,N,N,,,N,N,N,N,N,N,N,N,Y,N,N,2026-05-02,,N,Y,N,All Bright Early Learning Center Vancouver<br>Licensed Group<br>778-859-8010<br><br>Vacancy:<br>&nbsp;&nbsp;&nbsp;&nbsp;<36 months: N<br>&nbsp;&nbsp;&nbsp;&nbsp;30 months -- 5 years: Y<br>&nbsp;&nbsp;&nbsp;&nbsp;Preschool: N<br>&nbsp;&nbsp;&nbsp;&nbsp;Grade 1 - Age 12: N<br>
3640,Licensed Group,Little Einstein Learning Centre,46795 First Ave,,Chilliwack,V2P 1X9,49.169378,-121.929323,778-512-9945,,,N,N,N,N,N,N,N,N,N,N,N,N,N,N,N,N,N,,,N,N,N,N,N,N,N,N,N,N,N,2026-05-14,,N,Y,N,Little Einstein Learning Centre<br>Licensed Group<br>778-512-9945<br><br>Vacancy:<br>&nbsp;&nbsp;&nbsp;&nbsp;<36 months: N<br>&nbsp;&nbsp;&nbsp;&nbsp;30 months -- 5 years: N<br>&nbsp;&nbsp;&nbsp;&nbsp;Preschool: N<br>&nbsp;&nbsp;&nbsp;&nbsp;Grade 1 - Age 12: N<br>
3641,Licensed Group,Steeples Clubhouse,700 24Th Ave N,,Cranbrook,V1C 5P6,49.518361,-115.746758,250-426-3830,,,N,N,N,N,N,N,N,N,N,N,N,N,N,N,N,N,N,,,N,N,N,N,N,N,N,N,N,N,N,2026-04-15,,N,Y,N,Steeples Clubhouse<br>Licensed Group<br>250-426-3830<br><br>Vacancy:<br>&nbsp;&nbsp;&nbsp;&nbsp;<36 months: N<br>&nbsp;&nbsp;&nbsp;&nbsp;30 months -- 5 years: N<br>&nbsp;&nbsp;&nbsp;&nbsp;Preschool: N<br>&nbsp;&nbsp;&nbsp;&nbsp;Grade 1 - Age 12: N<br>
3642,Licensed Group,Little Einstein Day Care (Annex Ii) Ltd,46610 Brooks Ave,,Chilliwack,V2P 1C9,49.158733,-121.934412,778-512-9945,,,N,N,N,N,N,N,N,N,N,N,N,N,N,N,N,N,N,,,N,N,N,N,N,N,N,N,N,N,N,2026-05-14,,N,Y,N,Little Einstein Day Care (Annex Ii) Ltd<br>Licensed Group<br>778-512-9945<br><br>Vacancy:<br>&nbsp;&nbsp;&nbsp;&nbsp;<36 months: N<br>&nbsp;&nbsp;&nbsp;&nbsp;30 months -- 5 years: N<br>&nbsp;&nbsp;&nbsp;&nbsp;Preschool: N<br>&nbsp;&nbsp;&nbsp;&nbsp;Grade 1 - Age 12: N<br>
3643,Licensed Group,Maple Kids Academy,10681 248Th St,,Maple Ridge,V2W 1G6,49.196377,-122.534952,604-902-7480,,,N,N,N,N,N,N,N,N,N,N,N,N,N,N,N,N,N,Extra fee,Extra fee,N,N,N,N,N,N,N,N,N,N,N,2026-05-05,,N,Y,N,Maple Kids Academy<br>Licensed Group<br>604-902-7480<br><br>Vacancy:<br>&nbsp;&nbsp;&nbsp;&nbsp;<36 months: N<br>&nbsp;&nbsp;&nbsp;&nbsp;30 months -- 5 years: N<br>&nbsp;&nbsp;&nbsp;&nbsp;Preschool: N<br>&nbsp;&nbsp;&nbsp;&nbsp;Grade 1 - Age 12: N<br>
3644,Licensed Group,Chartwell Childcare,1106 Gilston Rd,,West Vancouver,V7S 2E8,49.354738,-123.140806,604-970-0008,,,N,N,N,N,N,N,N,N,N,N,N,N,N,N,N,N,N,,,N,N,N,N,N,N,N,N,N,N,N,2026-04-16,,N,Y,N,Chartwell Childcare<br>Licensed Group<br>604-970-0008<br><br>Vacancy:<br>&nbsp;&nbsp;&nbsp;&nbsp;<36 months: N<br>&nbsp;&nbsp;&nbsp;&nbsp;30 months -- 5 years: N<br>&nbsp;&nbsp;&nbsp;&nbsp;Preschool: N<br>&nbsp;&nbsp;&nbsp;&nbsp;Grade 1 - Age 12: N<br>
3645,Licensed Group,Creating Smiles - Brookside,8555 142A St,,Surrey,V3W 0S6,49.158178,-122.827554,778-239-2075,,,N,N,N,N,N,N,N,N,N,N,N,N,N,N,N,N,N,,,N,N,N,N,N,N,N,N,N,N,Y,2026-05-13,,N,N,N,Creating Smiles - Brookside<br>Licensed Group<br>778-239-2075<br><br>Vacancy:<br>&nbsp;&nbsp;&nbsp;&nbsp;<36 months: N<br>&nbsp;&nbsp;&nbsp;&nbsp;30 months -- 5 years: N<br>&nbsp;&nbsp;&nbsp;&nbsp;Preschool: N<br>&nbsp;&nbsp;&nbsp;&nbsp;Grade 1 - Age 12: Y<br>
3646,Licensed Group,Creating Smiles - Forsyth Road,10730 139 St,,Surrey,V3T 4L9,49.197632,-122.836701,778-239-2075,,,N,N,N,N,N,N,N,N,N,N,N,N,N,N,N,N,N,,,N,N,N,N,N,N,N,N,N,N,N,2026-05-13,,N,Y,N,Creating Smiles - Forsyth Road<br>Licensed Group<br>778-239-2075<br><br>Vacancy:<br>&nbsp;&nbsp;&nbsp;&nbsp;<36 months: N<br>&nbsp;&nbsp;&nbsp;&nbsp;30 months -- 5 years: N<br>&nbsp;&nbsp;&nbsp;&nbsp;Preschool: N<br>&nbsp;&nbsp;&nbsp;&nbsp;Grade 1 - Age 12: N<br>
3647,Licensed Group,Creating Smiles - Sunshine Hills,11285 Bond Blvd,,Delta,V4E 1N3,49.124732,-122.910864,778-239-2075,,,N,N,N,N,N,N,N,N,N,N,N,N,N,N,N,N,N,,,N,N,N,N,N,N,N,N,N,N,N,2026-05-13,,N,N,N,Creating Smiles - Sunshine Hills<br>Licensed Group<br>778-239-2075<br><br>Vacancy:<br>&nbsp;&nbsp;&nbsp;&nbsp;<36 months: N<br>&nbsp;&nbsp;&nbsp;&nbsp;30 months -- 5 years: N<br>&nbsp;&nbsp;&nbsp;&nbsp;Preschool: N<br>&nbsp;&nbsp;&nbsp;&nbsp;Grade 1 - Age 12: N<br>
3648,Licensed Family,Celine's Daycare,2322 Kirkstone Rd,,North Vancouver,V7J 3M3,49.319981,-123.072411,604-356-2360,,,N,N,N,N,N,N,N,N,N,N,N,N,N,N,N,N,N,,,N,N,N,N,N,N,N,Y,N,N,N,2026-05-15,,N,Y,N,Celine's Daycare<br>Licensed Family<br>604-356-2360<br><br>Vacancy:<br>&nbsp;&nbsp;&nbsp;&nbsp;<36 months: Y<br>&nbsp;&nbsp;&nbsp;&nbsp;30 months -- 5 years: N<br>&nbsp;&nbsp;&nbsp;&nbsp;Preschool: N<br>&nbsp;&nbsp;&nbsp;&nbsp;Grade 1 - Age 12: N<br>
3649,Licensed Group,Kids In Nature Society,18035 8Th Ave,,Surrey,V3S 9R4,49.017247,-122.722861,778-954-8205,,,N,N,N,N,N,N,N,N,N,N,N,N,N,N,N,N,N,,,N,N,N,N,N,N,N,N,N,N,N,2026-05-15,,N,Y,N,Kids In Nature Society<br>Licensed Group<br>778-954-8205<br><br>Vacancy:<br>&nbsp;&nbsp;&nbsp;&nbsp;<36 months: N<br>&nbsp;&nbsp;&nbsp;&nbsp;30 months -- 5 years: N<br>&nbsp;&nbsp;&nbsp;&nbsp;Preschool: N<br>&nbsp;&nbsp;&nbsp;&nbsp;Grade 1 - Age 12: N<br>
3650,Licensed Group,Abc Kids World Learning Centre Surrey,13648 Grosvenor Rd,,Surrey,V3R 5C9,49.199648,-122.843987,604-897-6655,,,N,N,N,N,N,N,N,N,N,N,N,N,N,N,N,N,N,,,N,N,N,N,N,N,N,N,N,N,N,2026-05-15,,N,Y,N,Abc Kids World Learning Centre Surrey<br>Licensed Group<br>604-897-6655<br><br>Vacancy:<br>&nbsp;&nbsp;&nbsp;&nbsp;<36 months: N<br>&nbsp;&nbsp;&nbsp;&nbsp;30 months -- 5 years: N<br>&nbsp;&nbsp;&nbsp;&nbsp;Preschool: N<br>&nbsp;&nbsp;&nbsp;&nbsp;Grade 1 - Age 12: N<br>
3651,Licensed Group,Rutherford Before And Afterschool Care,5840 Hammond Bay Rd,,Nanaimo,V9T 5M6,49.234367,-124.020719,250-268-7189,,,N,N,N,N,N,N,N,N,N,N,N,N,N,N,N,N,N,,,N,N,N,N,N,N,N,N,N,N,N,2026-05-21,,N,Y,N,Rutherford Before And Afterschool Care<br>Licensed Group<br>250-268-7189<br><br>Vacancy:<br>&nbsp;&nbsp;&nbsp;&nbsp;<36 months: N<br>&nbsp;&nbsp;&nbsp;&nbsp;30 months -- 5 years: N<br>&nbsp;&nbsp;&nbsp;&nbsp;Preschool: N<br>&nbsp;&nbsp;&nbsp;&nbsp;Grade 1 - Age 12: N<br>
3652,Licensed Family,Paradise Playhouse Childcare Ltd,1428 Noons Creek Dr,,Coquitlam,V3E 2T7,49.297152,-122.816627,604-356-8979,,,N,N,N,N,N,N,N,N,N,N,N,N,N,N,N,N,N,,,N,N,N,N,N,N,N,Y,Y,N,N,2026-05-18,,N,Y,N,Paradise Playhouse Childcare Ltd<br>Licensed Family<br>604-356-8979<br><br>Vacancy:<br>&nbsp;&nbsp;&nbsp;&nbsp;<36 months: Y<br>&nbsp;&nbsp;&nbsp;&nbsp;30 months -- 5 years: Y<br>&nbsp;&nbsp;&nbsp;&nbsp;Preschool: N<br>&nbsp;&nbsp;&nbsp;&nbsp;Grade 1 - Age 12: N<br>
3653,Licensed Family,Ummi Early Learning Ltd,7788 Prince Albert St,,Vancouver,V5X 3Z6,49.214084,-123.08763,778-987-2660,,,N,N,N,N,N,N,N,N,N,N,N,N,N,N,N,N,N,,,N,N,N,N,N,N,N,Y,Y,N,N,2026-05-04,,N,Y,N,Ummi Early Learning Ltd<br>Licensed Family<br>778-987-2660<br><br>Vacancy:<br>&nbsp;&nbsp;&nbsp;&nbsp;<36 months: Y<br>&nbsp;&nbsp;&nbsp;&nbsp;30 months -- 5 years: Y<br>&nbsp;&nbsp;&nbsp;&nbsp;Preschool: N<br>&nbsp;&nbsp;&nbsp;&nbsp;Grade 1 - Age 12: N<br>
3654,Licensed Group,Butterfly Learning Centre Ltd,1790 Ioco Rd,,Port Moody,V3H 5C5,49.302395,-122.873061,778-928-3839,,,Y,N,N,N,N,N,N,Y,N,N,N,N,N,N,N,N,Y,Extra fee,Extra fee,N,N,N,N,N,N,N,N,Y,N,N,2026-05-21,,N,Y,N,Butterfly Learning Centre Ltd<br>Licensed Group<br>778-928-3839<br><br>Vacancy:<br>&nbsp;&nbsp;&nbsp;&nbsp;<36 months: N<br>&nbsp;&nbsp;&nbsp;&nbsp;30 months -- 5 years: Y<br>&nbsp;&nbsp;&nbsp;&nbsp;Preschool: N<br>&nbsp;&nbsp;&nbsp;&nbsp;Grade 1 - Age 12: N<br>
3655,Licensed Family,Sprouting Minds Childcare,6488 144 St,,Surrey,V3W 5R4,49.12084,-122.823045,778-558-1176,,,N,N,N,N,N,N,N,N,N,N,N,N,N,N,N,N,N,Not offered,Not offered,N,N,N,N,N,N,N,N,N,N,N,2026-05-21,,N,Y,N,Sprouting Minds Childcare<br>Licensed Family<br>778-558-1176<br><br>Vacancy:<br>&nbsp;&nbsp;&nbsp;&nbsp;<36 months: N<br>&nbsp;&nbsp;&nbsp;&nbsp;30 months -- 5 years: N<br>&nbsp;&nbsp;&nbsp;&nbsp;Preschool: N<br>&nbsp;&nbsp;&nbsp;&nbsp;Grade 1 - Age 12: N<br>
3656,Licensed Group,Salamanders Childcare Centre,2007 Waterman Ave,,Van Anda,V0N 3K0,49.760768,-124.558125,604-537-6044,,,N,N,N,N,N,N,N,N,N,N,N,N,N,N,N,N,N,,,N,N,N,N,N,N,N,Y,Y,N,N,2026-05-17,,N,Y,N,Salamanders Childcare Centre<br>Licensed Group<br>604-537-6044<br><br>Vacancy:<br>&nbsp;&nbsp;&nbsp;&nbsp;<36 months: Y<br>&nbsp;&nbsp;&nbsp;&nbsp;30 months -- 5 years: Y<br>&nbsp;&nbsp;&nbsp;&nbsp;Preschool: N<br>&nbsp;&nbsp;&nbsp;&nbsp;Grade 1 - Age 12: N<br>
3657,Licensed Group,New Beginnings Early Years Center - North,12025 Oceola Rd,,Lake Country,V4V 1H1,50.057453,-119.410209,604-825-1659,,,N,N,N,N,N,N,N,N,N,N,N,N,N,N,N,N,N,,,N,N,N,N,N,N,N,N,N,N,Y,2026-05-15,,N,Y,N,New Beginnings Early Years Center - North<br>Licensed Group<br>604-825-1659<br><br>Vacancy:<br>&nbsp;&nbsp;&nbsp;&nbsp;<36 months: N<br>&nbsp;&nbsp;&nbsp;&nbsp;30 months -- 5 years: N<br>&nbsp;&nbsp;&nbsp;&nbsp;Preschool: N<br>&nbsp;&nbsp;&nbsp;&nbsp;Grade 1 - Age 12: Y<br>
3658,Licensed Group,Little Oak Montessori,708 W 62 Avenue,,Vancouver,V6P 2E2,49.213942,-123.120904,778-951-8898,,,N,N,N,N,N,N,N,N,N,N,N,N,N,N,N,N,N,,,N,N,N,N,N,N,N,N,N,N,N,2026-05-20,,N,Y,N,Little Oak Montessori<br>Licensed Group<br>778-951-8898<br><br>Vacancy:<br>&nbsp;&nbsp;&nbsp;&nbsp;<36 months: N<br>&nbsp;&nbsp;&nbsp;&nbsp;30 months -- 5 years: N<br>&nbsp;&nbsp;&nbsp;&nbsp;Preschool: N<br>&nbsp;&nbsp;&nbsp;&nbsp;Grade 1 - Age 12: N<br>
3659,Licensed Family,Carefree Kiddos Family Childcare,10332 240 St,,Maple Ridge,V2W 0G4,49.190055,-122.556431,778-892-5331,,,N,N,N,N,N,N,N,N,N,N,N,N,N,N,N,N,N,,,N,N,N,N,N,N,N,N,N,N,Y,2026-05-13,,N,Y,N,Carefree Kiddos Family Childcare<br>Licensed Family<br>778-892-5331<br><br>Vacancy:<br>&nbsp;&nbsp;&nbsp;&nbsp;<36 months: N<br>&nbsp;&nbsp;&nbsp;&nbsp;30 months -- 5 years: N<br>&nbsp;&nbsp;&nbsp;&nbsp;Preschool: N<br>&nbsp;&nbsp;&nbsp;&nbsp;Grade 1 - Age 12: Y<br>
3660,Licensed Group,Onesky Childcare Kvr,300 Jermyn Ave,,Penticton,V2A 2E1,49.491586,-119.584692,250-485-8969,,,N,N,N,N,N,N,N,N,N,N,N,N,N,N,N,N,N,,,N,N,N,N,N,N,N,N,N,N,Y,2026-05-11,,N,Y,N,Onesky Childcare Kvr<br>Licensed Group<br>250-485-8969<br><br>Vacancy:<br>&nbsp;&nbsp;&nbsp;&nbsp;<36 months: N<br>&nbsp;&nbsp;&nbsp;&nbsp;30 months -- 5 years: N<br>&nbsp;&nbsp;&nbsp;&nbsp;Preschool: N<br>&nbsp;&nbsp;&nbsp;&nbsp;Grade 1 - Age 12: Y<br>
3661,Licensed Group,The Gathering Place - Matt Rd,645 Matt Rd,,Kelowna,V1X 3W1,49.881586,-119.402876,250-863-6565,,,N,N,N,N,N,N,N,N,N,N,N,N,N,N,N,N,N,,,N,N,N,N,N,N,N,N,N,N,N,2026-05-20,,N,Y,N,The Gathering Place - Matt Rd<br>Licensed Group<br>250-863-6565<br><br>Vacancy:<br>&nbsp;&nbsp;&nbsp;&nbsp;<36 months: N<br>&nbsp;&nbsp;&nbsp;&nbsp;30 months -- 5 years: N<br>&nbsp;&nbsp;&nbsp;&nbsp;Preschool: N<br>&nbsp;&nbsp;&nbsp;&nbsp;Grade 1 - Age 12: N<br>
3662,Licensed Group,Alex House Children's Centre At South Meridian,16244 13Th Avenue,,Surrey,V4A 8E6,49.02602,-122.772635,604-535-0015,,,N,N,N,N,N,N,N,N,N,N,N,N,N,N,N,N,N,Not offered,Not offered,N,N,N,N,N,N,N,N,N,N,Y,2026-04-08,,N,N,N,Alex House Children's Centre At South Meridian<br>Licensed Group<br>604-535-0015<br><br>Vacancy:<br>&nbsp;&nbsp;&nbsp;&nbsp;<36 months: N<br>&nbsp;&nbsp;&nbsp;&nbsp;30 months -- 5 years: N<br>&nbsp;&nbsp;&nbsp;&nbsp;Preschool: N<br>&nbsp;&nbsp;&nbsp;&nbsp;Grade 1 - Age 12: Y<br>
3663,Licensed Group,Alex House Children's Centre At Semiahmoo Trail,3040 145A Street,,Surrey,V4P 1P8,49.057688,-122.819403,604-535-0015,,,N,N,N,N,N,N,N,N,N,N,N,N,N,N,N,N,N,Not offered,Not offered,N,N,N,N,N,N,N,N,N,N,Y,2026-04-08,,N,N,N,Alex House Children's Centre At Semiahmoo Trail<br>Licensed Group<br>604-535-0015<br><br>Vacancy:<br>&nbsp;&nbsp;&nbsp;&nbsp;<36 months: N<br>&nbsp;&nbsp;&nbsp;&nbsp;30 months -- 5 years: N<br>&nbsp;&nbsp;&nbsp;&nbsp;Preschool: N<br>&nbsp;&nbsp;&nbsp;&nbsp;Grade 1 - Age 12: Y<br>
3664,Licensed Group,Alex House Children's Centre At Pacific Heights Modular,17150 26Th Ave,,Surrey,V3S 0A4,49.0493,-122.747475,604-535-0015,,,N,N,N,N,N,N,N,N,N,N,N,N,N,N,N,N,N,Not offered,Not offered,N,N,N,N,N,N,N,Y,Y,N,N,2026-04-08,,N,N,N,Alex House Children's Centre At Pacific Heights Modular<br>Licensed Group<br>604-535-0015<br><br>Vacancy:<br>&nbsp;&nbsp;&nbsp;&nbsp;<36 months: Y<br>&nbsp;&nbsp;&nbsp;&nbsp;30 months -- 5 years: Y<br>&nbsp;&nbsp;&nbsp;&nbsp;Preschool: N<br>&nbsp;&nbsp;&nbsp;&nbsp;Grade 1 - Age 12: N<br>
3665,Licensed Group,Orca Rising School Age Care,2330 E 37Th Avenue,,Vancouver,V5R 2T3,49.236821,-123.057452,604-324-6212,,,N,N,N,N,N,N,N,N,N,N,N,N,N,N,N,N,N,Not offered,Not offered,N,N,N,N,N,N,N,N,N,N,N,2026-04-08,,N,Y,N,Orca Rising School Age Care<br>Licensed Group<br>604-324-6212<br><br>Vacancy:<br>&nbsp;&nbsp;&nbsp;&nbsp;<36 months: N<br>&nbsp;&nbsp;&nbsp;&nbsp;30 months -- 5 years: N<br>&nbsp;&nbsp;&nbsp;&nbsp;Preschool: N<br>&nbsp;&nbsp;&nbsp;&nbsp;Grade 1 - Age 12: N<br>
3666,Licensed Group,Marpole Neighbourhood House,8585 Hudson Street,,Vancouver,V6P 4M3,49.208816,-123.134724,604-484-9145,,,N,N,N,N,N,N,N,N,N,N,N,N,N,N,N,N,N,Not offered,Not offered,N,N,N,N,N,N,N,N,N,N,Y,2026-04-08,,N,Y,N,Marpole Neighbourhood House<br>Licensed Group<br>604-484-9145<br><br>Vacancy:<br>&nbsp;&nbsp;&nbsp;&nbsp;<36 months: N<br>&nbsp;&nbsp;&nbsp;&nbsp;30 months -- 5 years: N<br>&nbsp;&nbsp;&nbsp;&nbsp;Preschool: N<br>&nbsp;&nbsp;&nbsp;&nbsp;Grade 1 - Age 12: Y<br>
3667,Licensed Family,Gaaz Child Care,11661 84 Ave,,Delta,V4C 2M2,49.156155,-122.899756,604-902-7007,,,N,N,N,N,N,N,N,N,N,N,N,N,N,N,N,N,N,,,N,N,N,N,N,N,N,N,N,N,N,2026-05-15,,N,Y,N,Gaaz Child Care<br>Licensed Family<br>604-902-7007<br><br>Vacancy:<br>&nbsp;&nbsp;&nbsp;&nbsp;<36 months: N<br>&nbsp;&nbsp;&nbsp;&nbsp;30 months -- 5 years: N<br>&nbsp;&nbsp;&nbsp;&nbsp;Preschool: N<br>&nbsp;&nbsp;&nbsp;&nbsp;Grade 1 - Age 12: N<br>
3668,Licensed Group,Hans Helgesen Ymca-Ywca Child Care,4983 Rocky Point Rd,,Victoria,V9C 4G4,48.364073,-123.554584,778-229-0989,,,N,N,N,N,N,N,N,N,N,N,N,N,N,N,N,N,N,,,N,N,N,N,N,N,N,N,N,N,Y,2026-04-17,,N,Y,N,Hans Helgesen Ymca-Ywca Child Care<br>Licensed Group<br>778-229-0989<br><br>Vacancy:<br>&nbsp;&nbsp;&nbsp;&nbsp;<36 months: N<br>&nbsp;&nbsp;&nbsp;&nbsp;30 months -- 5 years: N<br>&nbsp;&nbsp;&nbsp;&nbsp;Preschool: N<br>&nbsp;&nbsp;&nbsp;&nbsp;Grade 1 - Age 12: Y<br>
3669,Licensed Group,Pexsisen Ymca-Ywca Child Care,3100 Constellation Avenue,,Langford,V9B 0B2,48.448813,-123.542169,778-229-0989,,,N,N,N,N,N,N,N,N,N,N,N,N,N,N,N,N,N,,,N,N,N,N,N,N,N,N,N,N,N,2026-04-17,,N,Y,N,Pexsisen Ymca-Ywca Child Care<br>Licensed Group<br>778-229-0989<br><br>Vacancy:<br>&nbsp;&nbsp;&nbsp;&nbsp;<36 months: N<br>&nbsp;&nbsp;&nbsp;&nbsp;30 months -- 5 years: N<br>&nbsp;&nbsp;&nbsp;&nbsp;Preschool: N<br>&nbsp;&nbsp;&nbsp;&nbsp;Grade 1 - Age 12: N<br>
3670,Licensed Group,Little Creations Childcare Center Inc,22528 Lougheed Hwy,,Maple Ridge,V2X 2V1,49.216802,-122.598159,604-314-9266,,,N,N,N,N,N,N,N,N,N,N,N,N,N,N,N,N,N,,,N,N,N,N,N,N,N,Y,Y,N,N,2026-05-18,,N,Y,N,Little Creations Childcare Center Inc<br>Licensed Group<br>604-314-9266<br><br>Vacancy:<br>&nbsp;&nbsp;&nbsp;&nbsp;<36 months: Y<br>&nbsp;&nbsp;&nbsp;&nbsp;30 months -- 5 years: Y<br>&nbsp;&nbsp;&nbsp;&nbsp;Preschool: N<br>&nbsp;&nbsp;&nbsp;&nbsp;Grade 1 - Age 12: N<br>
3671,Licensed Group,Abcd Daycare Inc,1799 Springview Pl,,Kamloops,V2E 1E3,50.655864,-120.357687,250-879-1570,,,N,N,N,N,N,N,N,N,N,N,N,N,N,N,N,N,N,,,N,N,N,N,N,N,N,Y,Y,N,N,2026-05-14,,N,Y,N,Abcd Daycare Inc<br>Licensed Group<br>250-879-1570<br><br>Vacancy:<br>&nbsp;&nbsp;&nbsp;&nbsp;<36 months: Y<br>&nbsp;&nbsp;&nbsp;&nbsp;30 months -- 5 years: Y<br>&nbsp;&nbsp;&nbsp;&nbsp;Preschool: N<br>&nbsp;&nbsp;&nbsp;&nbsp;Grade 1 - Age 12: N<br>
3672,Licensed Group,Little Footprints Academy (Mission),32335 Fletcher Ave,,Mission,V2V 4N3,49.134239,-122.329268,604-328-2091,,,N,N,N,N,N,N,N,N,N,N,N,N,N,N,N,N,N,,,N,N,N,N,N,N,N,N,N,N,N,2026-05-13,,N,Y,N,Little Footprints Academy (Mission)<br>Licensed Group<br>604-328-2091<br><br>Vacancy:<br>&nbsp;&nbsp;&nbsp;&nbsp;<36 months: N<br>&nbsp;&nbsp;&nbsp;&nbsp;30 months -- 5 years: N<br>&nbsp;&nbsp;&nbsp;&nbsp;Preschool: N<br>&nbsp;&nbsp;&nbsp;&nbsp;Grade 1 - Age 12: N<br>
3673,Licensed Group,Kidspace Learning Centres Armstrong Inc. Blvd,3-2505 Pleasant Valley Blvd,,Armstrong,V4Y 0A8,50.447805,-119.19164,604-380-4060,,,N,N,N,N,N,N,N,N,N,N,N,N,N,N,N,N,N,,,N,N,N,N,N,N,N,N,N,N,N,2026-05-15,,N,Y,N,Kidspace Learning Centres Armstrong Inc. Blvd<br>Licensed Group<br>604-380-4060<br><br>Vacancy:<br>&nbsp;&nbsp;&nbsp;&nbsp;<36 months: N<br>&nbsp;&nbsp;&nbsp;&nbsp;30 months -- 5 years: N<br>&nbsp;&nbsp;&nbsp;&nbsp;Preschool: N<br>&nbsp;&nbsp;&nbsp;&nbsp;Grade 1 - Age 12: N<br>
3674,Licensed Group,Josette Dandurand Early Years Centre,20143 - 82Nd Ave,,Langley,V2Y 2A5,49.152819,-122.664326,604-807-1365,,,,,,,,,,,,,,,,,,,,,,,,,,,,,,,,,,,Y,N,N,Josette Dandurand Early Years Centre<br>Licensed Group<br>604-807-1365<br><br>Vacancy:<br>&nbsp;&nbsp;&nbsp;&nbsp;<36 months: None<br>&nbsp;&nbsp;&nbsp;&nbsp;30 months -- 5 years: None<br>&nbsp;&nbsp;&nbsp;&nbsp;Preschool: None<br>&nbsp;&nbsp;&nbsp;&nbsp;Grade 1 - Age 12: None<br>
3675,Licensed Group,Quesnel Pre-K @ St. Ann's,150 Sutherland Ave,,Quesnel,V2J 2L5,52.987295,-122.498779,250-983-6778,,,N,N,N,N,N,N,N,N,N,N,N,N,N,N,N,N,N,,,N,N,N,N,N,N,N,Y,Y,N,N,2026-05-07,,N,Y,N,Quesnel Pre-K @ St. Ann's<br>Licensed Group<br>250-983-6778<br><br>Vacancy:<br>&nbsp;&nbsp;&nbsp;&nbsp;<36 months: Y<br>&nbsp;&nbsp;&nbsp;&nbsp;30 months -- 5 years: Y<br>&nbsp;&nbsp;&nbsp;&nbsp;Preschool: N<br>&nbsp;&nbsp;&nbsp;&nbsp;Grade 1 - Age 12: N<br>
3676,Licensed Group,Garderie Pomme Soleil,1213 Debeck Rd,,Penticton,V2A 3Z1,49.49069,-119.56868,604-736-5056,,,N,N,N,N,N,N,N,N,N,N,N,N,N,N,N,N,N,Not offered,Not offered,N,N,N,N,N,N,N,N,Y,Y,N,2026-04-30,,N,Y,N,Garderie Pomme Soleil<br>Licensed Group<br>604-736-5056<br><br>Vacancy:<br>&nbsp;&nbsp;&nbsp;&nbsp;<36 months: N<br>&nbsp;&nbsp;&nbsp;&nbsp;30 months -- 5 years: Y<br>&nbsp;&nbsp;&nbsp;&nbsp;Preschool: Y<br>&nbsp;&nbsp;&nbsp;&nbsp;Grade 1 - Age 12: N<br>
3677,Licensed Group,Rowan Avenue Child Care Centre,4838 Rowan Ave,,Burnaby,V5G 3T1,49.241424,-122.972488,604-526-2522,,,N,N,N,N,N,N,N,N,N,N,N,N,N,N,N,N,N,,,N,N,N,N,N,N,N,N,Y,N,N,2026-04-20,,N,Y,N,Rowan Avenue Child Care Centre<br>Licensed Group<br>604-526-2522<br><br>Vacancy:<br>&nbsp;&nbsp;&nbsp;&nbsp;<36 months: N<br>&nbsp;&nbsp;&nbsp;&nbsp;30 months -- 5 years: Y<br>&nbsp;&nbsp;&nbsp;&nbsp;Preschool: N<br>&nbsp;&nbsp;&nbsp;&nbsp;Grade 1 - Age 12: N<br>
3678,Licensed Family,Little Impressionists Early Learning Center,15043 35 Ave,,Surrey,V3Z 0Y2,49.065967,-122.805949,604-363-6663,,,N,N,N,N,N,N,N,N,N,N,N,N,N,N,N,N,N,,,N,N,N,N,N,N,N,Y,Y,N,N,2026-05-19,,N,Y,N,Little Impressionists Early Learning Center<br>Licensed Family<br>604-363-6663<br><br>Vacancy:<br>&nbsp;&nbsp;&nbsp;&nbsp;<36 months: Y<br>&nbsp;&nbsp;&nbsp;&nbsp;30 months -- 5 years: Y<br>&nbsp;&nbsp;&nbsp;&nbsp;Preschool: N<br>&nbsp;&nbsp;&nbsp;&nbsp;Grade 1 - Age 12: N<br>
3679,Licensed Family,Mighty Minnows Licensed Family Childcare,710 Conn St,,Sicamous,V0E 2V1,50.836172,-118.972775,250-683-9153,,,N,N,N,N,N,N,N,N,N,N,N,N,N,N,N,N,N,,,N,N,N,N,N,N,N,N,N,N,N,2026-05-15,,N,Y,N,Mighty Minnows Licensed Family Childcare<br>Licensed Family<br>250-683-9153<br><br>Vacancy:<br>&nbsp;&nbsp;&nbsp;&nbsp;<36 months: N<br>&nbsp;&nbsp;&nbsp;&nbsp;30 months -- 5 years: N<br>&nbsp;&nbsp;&nbsp;&nbsp;Preschool: N<br>&nbsp;&nbsp;&nbsp;&nbsp;Grade 1 - Age 12: N<br>
3680,Licensed Group,The Big Playhouse Sexsmith Academy,44 E 58Th Ave,,Vancouver,V5X 1V6,49.217429,-123.105111,604-724-0439,,,N,N,N,N,N,N,N,N,N,N,N,N,N,N,N,N,N,,,N,N,N,N,N,N,N,N,N,N,N,2026-05-15,,N,Y,N,The Big Playhouse Sexsmith Academy<br>Licensed Group<br>604-724-0439<br><br>Vacancy:<br>&nbsp;&nbsp;&nbsp;&nbsp;<36 months: N<br>&nbsp;&nbsp;&nbsp;&nbsp;30 months -- 5 years: N<br>&nbsp;&nbsp;&nbsp;&nbsp;Preschool: N<br>&nbsp;&nbsp;&nbsp;&nbsp;Grade 1 - Age 12: N<br>
3681,Licensed Family,Winnie Ko Childcare And Etiquette Academy,4235 Venables St,,Burnaby,V5C 3A1,49.276783,-123.010034,604-808-8338,,,N,N,N,N,N,N,N,N,N,N,N,N,N,N,N,N,N,,,N,N,N,N,N,N,N,N,N,N,N,2026-05-10,,N,Y,N,Winnie Ko Childcare And Etiquette Academy<br>Licensed Family<br>604-808-8338<br><br>Vacancy:<br>&nbsp;&nbsp;&nbsp;&nbsp;<36 months: N<br>&nbsp;&nbsp;&nbsp;&nbsp;30 months -- 5 years: N<br>&nbsp;&nbsp;&nbsp;&nbsp;Preschool: N<br>&nbsp;&nbsp;&nbsp;&nbsp;Grade 1 - Age 12: N<br>
3682,Licensed Group,Little Saplings Childcare,1152 Nicola St,,Kamloops,V2C 2S3,50.672449,-120.312596,778-220-9779,,,N,N,N,N,N,N,N,N,N,N,N,N,N,N,N,N,N,,,N,N,N,N,N,N,N,N,N,N,N,2026-04-16,,N,Y,N,Little Saplings Childcare<br>Licensed Group<br>778-220-9779<br><br>Vacancy:<br>&nbsp;&nbsp;&nbsp;&nbsp;<36 months: N<br>&nbsp;&nbsp;&nbsp;&nbsp;30 months -- 5 years: N<br>&nbsp;&nbsp;&nbsp;&nbsp;Preschool: N<br>&nbsp;&nbsp;&nbsp;&nbsp;Grade 1 - Age 12: N<br>
3683,Licensed Family,The Walnut House Early Learning & Care,422 First St,,Nelson,V1L 2K5,49.501967,-117.281782,604-790-1117,,,N,N,N,N,N,N,N,N,N,N,N,N,N,N,N,N,N,,,N,N,N,N,N,N,N,N,N,N,N,2026-05-15,,N,Y,N,The Walnut House Early Learning & Care<br>Licensed Family<br>604-790-1117<br><br>Vacancy:<br>&nbsp;&nbsp;&nbsp;&nbsp;<36 months: N<br>&nbsp;&nbsp;&nbsp;&nbsp;30 months -- 5 years: N<br>&nbsp;&nbsp;&nbsp;&nbsp;Preschool: N<br>&nbsp;&nbsp;&nbsp;&nbsp;Grade 1 - Age 12: N<br>
3684,Licensed Group,Hand-In-Hand Nature Education,1800 S Alder St,,Campbell River,V9W 7J1,49.976166,-125.234398,250-650-0438,,,N,N,N,N,N,N,N,N,N,N,N,N,N,N,N,N,N,,,N,N,N,N,N,N,N,N,Y,N,N,2026-05-15,,N,Y,N,Hand-In-Hand Nature Education<br>Licensed Group<br>250-650-0438<br><br>Vacancy:<br>&nbsp;&nbsp;&nbsp;&nbsp;<36 months: N<br>&nbsp;&nbsp;&nbsp;&nbsp;30 months -- 5 years: Y<br>&nbsp;&nbsp;&nbsp;&nbsp;Preschool: N<br>&nbsp;&nbsp;&nbsp;&nbsp;Grade 1 - Age 12: N<br>
3685,Licensed Family,Dream Valley Childcare,13177 236B St,,Maple Ridge,V4R 0J1,49.241414,-122.56615,778-300-3443,,,N,N,N,N,N,N,N,N,N,N,N,N,N,N,N,N,N,,,N,N,N,N,N,N,N,Y,Y,N,N,2026-05-03,,N,Y,N,Dream Valley Childcare<br>Licensed Family<br>778-300-3443<br><br>Vacancy:<br>&nbsp;&nbsp;&nbsp;&nbsp;<36 months: Y<br>&nbsp;&nbsp;&nbsp;&nbsp;30 months -- 5 years: Y<br>&nbsp;&nbsp;&nbsp;&nbsp;Preschool: N<br>&nbsp;&nbsp;&nbsp;&nbsp;Grade 1 - Age 12: N<br>
3686,Licensed Group,Kaleidoscope Childcare,33083 Tunbridge Ave,,Mission,V2V 6X9,49.162589,-122.3085,604-814-1781,,,N,N,N,N,N,N,N,N,N,N,N,N,N,N,N,N,N,Not offered,Not offered,N,N,N,N,N,N,N,N,N,N,Y,2026-05-20,,N,Y,N,Kaleidoscope Childcare<br>Licensed Group<br>604-814-1781<br><br>Vacancy:<br>&nbsp;&nbsp;&nbsp;&nbsp;<36 months: N<br>&nbsp;&nbsp;&nbsp;&nbsp;30 months -- 5 years: N<br>&nbsp;&nbsp;&nbsp;&nbsp;Preschool: N<br>&nbsp;&nbsp;&nbsp;&nbsp;Grade 1 - Age 12: Y<br>
3687,Licensed Group,Core Education And Fine Arts - ubc,2620 Acadia Rd,,Vancouver,V6T 1Z3,49.264173,-123.236404,604-306-1415,,,N,N,N,N,N,N,N,N,N,N,N,N,N,N,N,N,N,,,N,N,N,N,N,N,N,N,N,N,N,2026-05-15,,N,Y,Y,Core Education And Fine Arts - ubc<br>Licensed Group<br>604-306-1415<br><br>Vacancy:<br>&nbsp;&nbsp;&nbsp;&nbsp;<36 months: N<br>&nbsp;&nbsp;&nbsp;&nbsp;30 months -- 5 years: N<br>&nbsp;&nbsp;&nbsp;&nbsp;Preschool: N<br>&nbsp;&nbsp;&nbsp;&nbsp;Grade 1 - Age 12: N<br>
3688,Licensed Group,Core Education And Fine Arts - ubc,2620 Acadia Rd,,Vancouver,V6T 1Z3,49.264173,-123.236404,604-306-1415,,,N,N,N,N,N,N,N,N,N,N,N,N,N,N,N,N,N,,,N,N,N,N,N,N,N,N,N,N,N,2026-05-15,,N,Y,Y,Core Education And Fine Arts - ubc<br>Licensed Group<br>604-306-1415<br><br>Vacancy:<br>&nbsp;&nbsp;&nbsp;&nbsp;<36 months: N<br>&nbsp;&nbsp;&nbsp;&nbsp;30 months -- 5 years: N<br>&nbsp;&nbsp;&nbsp;&nbsp;Preschool: N<br>&nbsp;&nbsp;&nbsp;&nbsp;Grade 1 - Age 12: N<br>
3689,Licensed Family,Sarah Pelley's Childcare,3070 Red Bluff Road,,Quesnel,V2J 6C6,52.916889,-122.458084,250-640-1453,,,N,N,N,N,N,N,N,N,N,N,N,N,N,N,N,N,N,,,N,N,N,N,N,N,N,N,N,N,N,2026-05-20,,N,Y,N,Sarah Pelley's Childcare<br>Licensed Family<br>250-640-1453<br><br>Vacancy:<br>&nbsp;&nbsp;&nbsp;&nbsp;<36 months: N<br>&nbsp;&nbsp;&nbsp;&nbsp;30 months -- 5 years: N<br>&nbsp;&nbsp;&nbsp;&nbsp;Preschool: N<br>&nbsp;&nbsp;&nbsp;&nbsp;Grade 1 - Age 12: N<br>
3690,Licensed Family,Little Valley Daycare,4798 Vellencher Rd,,Prince George,V2K 4P1,53.984559,-122.809859,250-617-2698,,,N,N,N,N,N,N,N,N,N,N,N,N,N,N,N,N,N,,,N,N,N,N,N,N,N,N,N,N,N,2026-05-01,,N,Y,N,Little Valley Daycare<br>Licensed Family<br>250-617-2698<br><br>Vacancy:<br>&nbsp;&nbsp;&nbsp;&nbsp;<36 months: N<br>&nbsp;&nbsp;&nbsp;&nbsp;30 months -- 5 years: N<br>&nbsp;&nbsp;&nbsp;&nbsp;Preschool: N<br>&nbsp;&nbsp;&nbsp;&nbsp;Grade 1 - Age 12: N<br>
3691,Licensed Group,Kiddies Korner Preschool,948 Como Lake Ave,,Coquitlam,V3J 7P9,49.263104,-122.869471,604-941-4919,,,N,N,N,N,N,N,N,N,N,N,N,N,N,N,N,N,N,,,N,N,N,N,N,N,N,N,N,Y,N,2026-05-14,,N,Y,N,Kiddies Korner Preschool<br>Licensed Group<br>604-941-4919<br><br>Vacancy:<br>&nbsp;&nbsp;&nbsp;&nbsp;<36 months: N<br>&nbsp;&nbsp;&nbsp;&nbsp;30 months -- 5 years: N<br>&nbsp;&nbsp;&nbsp;&nbsp;Preschool: Y<br>&nbsp;&nbsp;&nbsp;&nbsp;Grade 1 - Age 12: N<br>
3692,Licensed Group,Toddlers Home Study Hall,10651 Caithcart Rd,,Richmond,V6X 1N3,49.189142,-123.10439,604-396-2771,,,Y,N,N,N,N,N,Y,N,N,N,N,N,N,N,N,N,N,Extra fee,Extra fee,N,N,N,N,N,N,N,Y,N,N,N,2026-05-15,,N,Y,N,Toddlers Home Study Hall<br>Licensed Group<br>604-396-2771<br><br>Vacancy:<br>&nbsp;&nbsp;&nbsp;&nbsp;<36 months: Y<br>&nbsp;&nbsp;&nbsp;&nbsp;30 months -- 5 years: N<br>&nbsp;&nbsp;&nbsp;&nbsp;Preschool: N<br>&nbsp;&nbsp;&nbsp;&nbsp;Grade 1 - Age 12: N<br>
3693,Licensed Group,Growing Tree It Center,20426 77A Ave,,Langley,V2Y 4K3,49.142886,-122.656116,778-246-2234,,,N,N,N,N,N,N,N,N,N,N,N,N,N,N,N,N,N,,,N,N,N,N,N,N,N,N,N,N,N,2026-05-03,,N,Y,N,Growing Tree It Center<br>Licensed Group<br>778-246-2234<br><br>Vacancy:<br>&nbsp;&nbsp;&nbsp;&nbsp;<36 months: N<br>&nbsp;&nbsp;&nbsp;&nbsp;30 months -- 5 years: N<br>&nbsp;&nbsp;&nbsp;&nbsp;Preschool: N<br>&nbsp;&nbsp;&nbsp;&nbsp;Grade 1 - Age 12: N<br>
3694,Licensed Group,Child Connect Early Learning,1305 Taylor Wy,,West Vancouver,V7T 2Y7,49.336754,-123.135753,604-281-4410,,,N,N,N,N,N,N,N,N,N,N,N,N,N,N,N,N,N,,,N,N,N,N,N,N,N,N,N,N,N,2026-05-19,,N,Y,N,Child Connect Early Learning<br>Licensed Group<br>604-281-4410<br><br>Vacancy:<br>&nbsp;&nbsp;&nbsp;&nbsp;<36 months: N<br>&nbsp;&nbsp;&nbsp;&nbsp;30 months -- 5 years: N<br>&nbsp;&nbsp;&nbsp;&nbsp;Preschool: N<br>&nbsp;&nbsp;&nbsp;&nbsp;Grade 1 - Age 12: N<br>
3695,Licensed Group,Cuteness Overloaded Childcare,350 Patterson Road,,Kelowna,V1X 2L2,49.897563,-119.392291,604-779-1350,,,N,N,N,N,N,N,N,N,N,N,N,N,N,N,N,N,N,,,N,N,N,N,N,N,N,Y,Y,N,N,2026-05-18,,N,Y,N,Cuteness Overloaded Childcare<br>Licensed Group<br>604-779-1350<br><br>Vacancy:<br>&nbsp;&nbsp;&nbsp;&nbsp;<36 months: Y<br>&nbsp;&nbsp;&nbsp;&nbsp;30 months -- 5 years: Y<br>&nbsp;&nbsp;&nbsp;&nbsp;Preschool: N<br>&nbsp;&nbsp;&nbsp;&nbsp;Grade 1 - Age 12: N<br>
3696,Licensed Family,Wild Haven Dayhome,12910 Eagle Crest Rd,,Prince George,V2K 5V3,53.912579,-122.747772,250-981-6595,,,N,N,N,N,N,N,N,N,N,N,N,N,N,N,N,N,N,,,N,N,N,N,N,N,N,N,N,N,N,2026-05-15,,N,Y,N,Wild Haven Dayhome<br>Licensed Family<br>250-981-6595<br><br>Vacancy:<br>&nbsp;&nbsp;&nbsp;&nbsp;<36 months: N<br>&nbsp;&nbsp;&nbsp;&nbsp;30 months -- 5 years: N<br>&nbsp;&nbsp;&nbsp;&nbsp;Preschool: N<br>&nbsp;&nbsp;&nbsp;&nbsp;Grade 1 - Age 12: N<br>
3697,Licensed Group,Sage Garden Early Years,2415 Grenfell Rd,,Kelowna,V1Y 3C7,49.870765,-119.481196,250-808-8011,,,N,N,N,N,N,N,N,N,N,N,N,N,N,N,N,N,N,,,N,N,N,N,N,N,N,N,N,N,N,2026-04-27,,N,Y,N,Sage Garden Early Years<br>Licensed Group<br>250-808-8011<br><br>Vacancy:<br>&nbsp;&nbsp;&nbsp;&nbsp;<36 months: N<br>&nbsp;&nbsp;&nbsp;&nbsp;30 months -- 5 years: N<br>&nbsp;&nbsp;&nbsp;&nbsp;Preschool: N<br>&nbsp;&nbsp;&nbsp;&nbsp;Grade 1 - Age 12: N<br>
3698,Licensed Group,Ilm-Mackenzie,6-520 Mackenzie Bvld,,Mackenzie,V0J 2C0,55.339778,-123.095679,250-585-7898,,,N,N,N,N,N,N,N,N,N,N,N,N,N,N,N,N,N,,,N,N,N,N,N,N,N,Y,Y,N,Y,2026-05-15,,N,Y,N,Ilm-Mackenzie<br>Licensed Group<br>250-585-7898<br><br>Vacancy:<br>&nbsp;&nbsp;&nbsp;&nbsp;<36 months: Y<br>&nbsp;&nbsp;&nbsp;&nbsp;30 months -- 5 years: Y<br>&nbsp;&nbsp;&nbsp;&nbsp;Preschool: N<br>&nbsp;&nbsp;&nbsp;&nbsp;Grade 1 - Age 12: Y<br>
3699,Licensed Family,First Cry Daycare Centre Ltd,4827 Scott Ave,,Terrace,V8G 2B5,54.523001,-128.603344,250-641-1892,,,N,N,N,N,N,N,N,N,N,N,N,N,N,N,N,N,N,,,N,N,N,N,N,N,N,Y,Y,N,N,2026-05-21,,N,Y,N,First Cry Daycare Centre Ltd<br>Licensed Family<br>250-641-1892<br><br>Vacancy:<br>&nbsp;&nbsp;&nbsp;&nbsp;<36 months: Y<br>&nbsp;&nbsp;&nbsp;&nbsp;30 months -- 5 years: Y<br>&nbsp;&nbsp;&nbsp;&nbsp;Preschool: N<br>&nbsp;&nbsp;&nbsp;&nbsp;Grade 1 - Age 12: N<br>
3700,Licensed Family,Tiny Trailblazers,91-2607 Kendal Ave,,Cumberland,V0R 1S0,49.624349,-125.03898,647-233-2663,,,N,N,N,N,N,N,N,N,N,N,N,N,N,N,N,N,N,,,N,N,N,N,N,N,N,N,N,N,N,2026-05-13,,N,Y,N,Tiny Trailblazers<br>Licensed Family<br>647-233-2663<br><br>Vacancy:<br>&nbsp;&nbsp;&nbsp;&nbsp;<36 months: N<br>&nbsp;&nbsp;&nbsp;&nbsp;30 months -- 5 years: N<br>&nbsp;&nbsp;&nbsp;&nbsp;Preschool: N<br>&nbsp;&nbsp;&nbsp;&nbsp;Grade 1 - Age 12: N<br>
3701,Licensed Family,Early Leaders Academy,19638 76B Ave,,Langley,V2Y 3T4,49.1675,-122.468361,604-445-8044,,,,,,,,,,,,,,,,,,,,,,,,,,,,,,,,,,,Y,Y,N,Early Leaders Academy<br>Licensed Family<br>604-445-8044<br><br>Vacancy:<br>&nbsp;&nbsp;&nbsp;&nbsp;<36 months: None<br>&nbsp;&nbsp;&nbsp;&nbsp;30 months -- 5 years: None<br>&nbsp;&nbsp;&nbsp;&nbsp;Preschool: None<br>&nbsp;&nbsp;&nbsp;&nbsp;Grade 1 - Age 12: None<br>
3702,Licensed Group,Canyon Springs Montessori,18477 Old Dewdney Trunk Rd,,Pitt Meadows,V3Y 1Z1,49.245611,-122.709455,604-465-0597,,,N,N,N,N,N,N,N,N,N,N,N,N,N,N,N,N,N,,,N,N,N,N,N,N,N,N,Y,N,Y,2026-04-30,,N,Y,N,Canyon Springs Montessori<br>Licensed Group<br>604-465-0597<br><br>Vacancy:<br>&nbsp;&nbsp;&nbsp;&nbsp;<36 months: N<br>&nbsp;&nbsp;&nbsp;&nbsp;30 months -- 5 years: Y<br>&nbsp;&nbsp;&nbsp;&nbsp;Preschool: N<br>&nbsp;&nbsp;&nbsp;&nbsp;Grade 1 - Age 12: Y<br>
3703,Licensed Family,Nanak Nest Childcare,23825 Zeron Ave,,Maple Ridge,V2W 1E3,49.195576,-122.561689,604-652-0658,,,N,N,N,N,N,N,N,N,N,N,N,N,N,N,N,N,N,,,N,N,N,N,N,N,N,N,N,N,N,2026-05-04,,N,Y,N,Nanak Nest Childcare<br>Licensed Family<br>604-652-0658<br><br>Vacancy:<br>&nbsp;&nbsp;&nbsp;&nbsp;<36 months: N<br>&nbsp;&nbsp;&nbsp;&nbsp;30 months -- 5 years: N<br>&nbsp;&nbsp;&nbsp;&nbsp;Preschool: N<br>&nbsp;&nbsp;&nbsp;&nbsp;Grade 1 - Age 12: N<br>
3704,Licensed Group,Pitter Patter At Parkway,225 Kinney Ave,,Penticton,V2A 3P2,49.471379,-119.589458,236-422-2229,,,N,N,N,N,N,N,N,N,N,N,N,N,N,N,N,N,N,,,N,N,N,N,N,N,N,N,Y,N,N,2026-05-15,,N,Y,N,Pitter Patter At Parkway<br>Licensed Group<br>236-422-2229<br><br>Vacancy:<br>&nbsp;&nbsp;&nbsp;&nbsp;<36 months: N<br>&nbsp;&nbsp;&nbsp;&nbsp;30 months -- 5 years: Y<br>&nbsp;&nbsp;&nbsp;&nbsp;Preschool: N<br>&nbsp;&nbsp;&nbsp;&nbsp;Grade 1 - Age 12: N<br>
3705,Licensed Family,Parkview Discovery School,5336 Mountain Vista Dr,,Terrace,V8G 4X5,54.522375,-128.635475,250-922-4348,,,N,N,N,N,N,N,N,N,N,N,N,N,N,N,N,N,N,,,N,N,N,N,N,N,N,N,Y,N,Y,2026-04-23,,N,Y,N,Parkview Discovery School<br>Licensed Family<br>250-922-4348<br><br>Vacancy:<br>&nbsp;&nbsp;&nbsp;&nbsp;<36 months: N<br>&nbsp;&nbsp;&nbsp;&nbsp;30 months -- 5 years: Y<br>&nbsp;&nbsp;&nbsp;&nbsp;Preschool: N<br>&nbsp;&nbsp;&nbsp;&nbsp;Grade 1 - Age 12: Y<br>
3706,Licensed Group,Schola Bohemia Services Inc,3151 York St,,Port Coquitlam,V3B 4A7,49.270312,-122.765024,604-220-4250,,,,,,,,,,,,,,,,,,,,,,,,,,,,,,,,,,,Y,Y,N,Schola Bohemia Services Inc<br>Licensed Group<br>604-220-4250<br><br>Vacancy:<br>&nbsp;&nbsp;&nbsp;&nbsp;<36 months: None<br>&nbsp;&nbsp;&nbsp;&nbsp;30 months -- 5 years: None<br>&nbsp;&nbsp;&nbsp;&nbsp;Preschool: None<br>&nbsp;&nbsp;&nbsp;&nbsp;Grade 1 - Age 12: None<br>
3707,Licensed Group,Ssocc Heron After School Care,10116-3800 No 5 Rd,,Richmond,V6X 2T7,49.185589,-123.089224,604-377-8385,,,N,N,N,N,N,N,N,N,N,N,N,N,N,N,N,N,N,,,N,N,N,N,N,N,N,N,N,N,N,2026-04-11,,N,Y,N,Ssocc Heron After School Care<br>Licensed Group<br>604-377-8385<br><br>Vacancy:<br>&nbsp;&nbsp;&nbsp;&nbsp;<36 months: N<br>&nbsp;&nbsp;&nbsp;&nbsp;30 months -- 5 years: N<br>&nbsp;&nbsp;&nbsp;&nbsp;Preschool: N<br>&nbsp;&nbsp;&nbsp;&nbsp;Grade 1 - Age 12: N<br>
3708,Licensed Group,Willow And Pine Childcare,9-6200 Spencer Rd,,Kelowna,V1X 7T7,49.971804,-119.364099,250-819-6088,,,N,N,N,N,N,N,N,N,N,N,N,N,N,N,N,N,N,,,N,N,N,N,N,N,N,N,Y,N,N,2026-05-15,,N,Y,N,Willow And Pine Childcare<br>Licensed Group<br>250-819-6088<br><br>Vacancy:<br>&nbsp;&nbsp;&nbsp;&nbsp;<36 months: N<br>&nbsp;&nbsp;&nbsp;&nbsp;30 months -- 5 years: Y<br>&nbsp;&nbsp;&nbsp;&nbsp;Preschool: N<br>&nbsp;&nbsp;&nbsp;&nbsp;Grade 1 - Age 12: N<br>
3709,Licensed Group,Lark Montessori Early Learning Centre (1468683 Bc Ltd),33323 South Fraser Way,,Abbotsford,V2S 2B2,49.050369,-122.301423,778-227-4692,,,Y,N,N,N,N,N,Y,Y,N,N,N,N,Y,N,N,N,N,Not offered,Not offered,N,N,N,N,N,Y,Y,Y,Y,N,N,2026-05-09,,N,Y,N,Lark Montessori Early Learning Centre (1468683 Bc Ltd)<br>Licensed Group<br>778-227-4692<br><br>Vacancy:<br>&nbsp;&nbsp;&nbsp;&nbsp;<36 months: Y<br>&nbsp;&nbsp;&nbsp;&nbsp;30 months -- 5 years: Y<br>&nbsp;&nbsp;&nbsp;&nbsp;Preschool: N<br>&nbsp;&nbsp;&nbsp;&nbsp;Grade 1 - Age 12: N<br>
3710,Licensed Family,Wild Roots Playschool,2011 Cinnabar Dr,,Nanaimo,V9X 1B3,49.104087,-123.932199,250-713-8260,,,N,N,N,N,N,N,N,N,N,N,N,N,N,N,N,N,N,,,N,N,N,N,N,N,N,N,N,N,N,2026-04-20,,N,Y,N,Wild Roots Playschool<br>Licensed Family<br>250-713-8260<br><br>Vacancy:<br>&nbsp;&nbsp;&nbsp;&nbsp;<36 months: N<br>&nbsp;&nbsp;&nbsp;&nbsp;30 months -- 5 years: N<br>&nbsp;&nbsp;&nbsp;&nbsp;Preschool: N<br>&nbsp;&nbsp;&nbsp;&nbsp;Grade 1 - Age 12: N<br>
3711,Licensed Group,Compass Educare - St. David,2475 Franklin St,,Vancouver,V5K 1X3,49.282326,-123.055046,604-312-0365,,,N,N,N,N,N,N,N,N,N,N,N,N,N,N,N,N,N,,,N,N,N,N,N,N,N,N,N,N,N,2026-05-16,,N,Y,N,Compass Educare - St. David<br>Licensed Group<br>604-312-0365<br><br>Vacancy:<br>&nbsp;&nbsp;&nbsp;&nbsp;<36 months: N<br>&nbsp;&nbsp;&nbsp;&nbsp;30 months -- 5 years: N<br>&nbsp;&nbsp;&nbsp;&nbsp;Preschool: N<br>&nbsp;&nbsp;&nbsp;&nbsp;Grade 1 - Age 12: N<br>
3712,Licensed Group,Joyful Adventure Child Care,5532 Cedardale Ct,,Burnaby,V5B 2B8,49.274405,-122.9835,778-697-2742,,,Y,N,N,N,N,N,Y,N,N,N,N,N,N,N,N,N,N,Not offered,Not offered,N,N,N,N,N,Y,N,N,N,N,N,2026-05-15,,N,Y,N,Joyful Adventure Child Care<br>Licensed Group<br>778-697-2742<br><br>Vacancy:<br>&nbsp;&nbsp;&nbsp;&nbsp;<36 months: N<br>&nbsp;&nbsp;&nbsp;&nbsp;30 months -- 5 years: N<br>&nbsp;&nbsp;&nbsp;&nbsp;Preschool: N<br>&nbsp;&nbsp;&nbsp;&nbsp;Grade 1 - Age 12: N<br>
3713,Licensed Group,Dreamy Daisy Daycare Corp.,1519 Eagle Mountain Dr,,Coquitlam,V3E 2Y6,49.300428,-122.817158,778-898-4502,,,Y,N,N,N,N,N,Y,N,N,N,N,N,N,N,N,N,N,Not offered,Not offered,N,N,N,N,N,N,N,Y,N,N,N,2026-05-16,,N,Y,N,Dreamy Daisy Daycare Corp.<br>Licensed Group<br>778-898-4502<br><br>Vacancy:<br>&nbsp;&nbsp;&nbsp;&nbsp;<36 months: Y<br>&nbsp;&nbsp;&nbsp;&nbsp;30 months -- 5 years: N<br>&nbsp;&nbsp;&nbsp;&nbsp;Preschool: N<br>&nbsp;&nbsp;&nbsp;&nbsp;Grade 1 - Age 12: N<br>
3714,Licensed Group,"Beanstalk Daycare, The",45920 Birdie Pl,,Chilliwack,V2R 0Z8,49.118676,-121.95362,604-845-1050,,,N,N,N,N,N,N,N,N,N,N,N,N,N,N,N,N,N,,,N,N,N,N,N,N,N,N,N,N,N,2026-05-15,,N,Y,N,"Beanstalk Daycare, The<br>Licensed Group<br>604-845-1050<br><br>Vacancy:<br>&nbsp;&nbsp;&nbsp;&nbsp;<36 months: N<br>&nbsp;&nbsp;&nbsp;&nbsp;30 months -- 5 years: N<br>&nbsp;&nbsp;&nbsp;&nbsp;Preschool: N<br>&nbsp;&nbsp;&nbsp;&nbsp;Grade 1 - Age 12: N<br>"
3715,Licensed Group,Mossy Creek Childcare,46017 Lewis Ave,,Chilliwack,V2P 3E2,49.177857,-121.951169,236-975-8877,,,N,N,N,N,N,N,N,N,N,N,N,N,N,N,N,N,N,,,N,N,N,N,N,N,N,Y,Y,N,N,2026-05-15,,N,Y,N,Mossy Creek Childcare<br>Licensed Group<br>236-975-8877<br><br>Vacancy:<br>&nbsp;&nbsp;&nbsp;&nbsp;<36 months: Y<br>&nbsp;&nbsp;&nbsp;&nbsp;30 months -- 5 years: Y<br>&nbsp;&nbsp;&nbsp;&nbsp;Preschool: N<br>&nbsp;&nbsp;&nbsp;&nbsp;Grade 1 - Age 12: N<br>
3716,Licensed Group,Garderie Les Loutres,1150 Carson Pl,,Squamish,V8B 0B1,49.706777,-123.147783,604-736-5056,,,N,N,N,N,N,N,N,N,N,N,N,N,N,N,N,N,N,Not offered,Not offered,N,N,N,N,N,N,N,N,Y,N,Y,2026-04-30,,N,Y,N,Garderie Les Loutres<br>Licensed Group<br>604-736-5056<br><br>Vacancy:<br>&nbsp;&nbsp;&nbsp;&nbsp;<36 months: N<br>&nbsp;&nbsp;&nbsp;&nbsp;30 months -- 5 years: Y<br>&nbsp;&nbsp;&nbsp;&nbsp;Preschool: N<br>&nbsp;&nbsp;&nbsp;&nbsp;Grade 1 - Age 12: Y<br>
3717,Licensed Family,Joyful Journeys Family Childcare,2334 Westsyde Rd,,Kamloops,V2B 7C4,50.737578,-120.358963,250-318-3948,,,Y,N,N,N,N,N,Y,Y,N,Y,Y,N,N,N,N,N,N,Extra fee,Extra fee,N,N,N,N,N,N,N,N,N,N,N,2026-04-23,,N,Y,N,Joyful Journeys Family Childcare<br>Licensed Family<br>250-318-3948<br><br>Vacancy:<br>&nbsp;&nbsp;&nbsp;&nbsp;<36 months: N<br>&nbsp;&nbsp;&nbsp;&nbsp;30 months -- 5 years: N<br>&nbsp;&nbsp;&nbsp;&nbsp;Preschool: N<br>&nbsp;&nbsp;&nbsp;&nbsp;Grade 1 - Age 12: N<br>
3718,Licensed Group,2 Learn N' Play Early Learning Centre Inc,108 - 11018 126A St,,Surrey,V3V 0G1,49.203146,-122.871893,604-803-1078,,,N,N,N,N,N,N,N,N,N,N,N,N,N,N,N,N,N,,,N,N,N,N,N,N,N,Y,Y,N,N,2026-05-14,,N,Y,N,2 Learn N' Play Early Learning Centre Inc<br>Licensed Group<br>604-803-1078<br><br>Vacancy:<br>&nbsp;&nbsp;&nbsp;&nbsp;<36 months: Y<br>&nbsp;&nbsp;&nbsp;&nbsp;30 months -- 5 years: Y<br>&nbsp;&nbsp;&nbsp;&nbsp;Preschool: N<br>&nbsp;&nbsp;&nbsp;&nbsp;Grade 1 - Age 12: N<br>
3719,Licensed Group,Happy Hedgehog Childcare Centre,205 Bayview Ave,,Ladysmith,V9G 1A2,48.98897,-123.812697,236-989-9869,,,N,N,N,N,N,N,N,N,N,N,N,N,N,N,N,N,N,,,N,N,N,N,N,N,N,Y,Y,N,N,2026-05-08,,N,Y,N,Happy Hedgehog Childcare Centre<br>Licensed Group<br>236-989-9869<br><br>Vacancy:<br>&nbsp;&nbsp;&nbsp;&nbsp;<36 months: Y<br>&nbsp;&nbsp;&nbsp;&nbsp;30 months -- 5 years: Y<br>&nbsp;&nbsp;&nbsp;&nbsp;Preschool: N<br>&nbsp;&nbsp;&nbsp;&nbsp;Grade 1 - Age 12: N<br>
3720,Licensed Group,Giggleberry Early Learning Centre,2460 Foot St,,Prince George,V2N 2Y4,53.898393,-122.794715,250-960-9893,,,Y,N,N,N,N,N,Y,N,N,N,N,N,N,N,N,N,N,Not offered,Not offered,N,N,N,N,N,Y,Y,N,N,N,N,2026-05-15,,N,Y,N,Giggleberry Early Learning Centre<br>Licensed Group<br>250-960-9893<br><br>Vacancy:<br>&nbsp;&nbsp;&nbsp;&nbsp;<36 months: N<br>&nbsp;&nbsp;&nbsp;&nbsp;30 months -- 5 years: N<br>&nbsp;&nbsp;&nbsp;&nbsp;Preschool: N<br>&nbsp;&nbsp;&nbsp;&nbsp;Grade 1 - Age 12: N<br>
3721,Licensed Group,Lollypop Childcare,4990 Cedarcrest Ave,,North Vancouver,V7R 3R8,49.357838,-123.093577,778-968-0024,,,N,N,N,N,N,N,N,N,N,N,N,N,N,N,N,N,N,,,N,N,N,N,N,N,N,Y,Y,N,N,2026-05-18,,N,Y,Y,Lollypop Childcare<br>Licensed Group<br>778-968-0024<br><br>Vacancy:<br>&nbsp;&nbsp;&nbsp;&nbsp;<36 months: Y<br>&nbsp;&nbsp;&nbsp;&nbsp;30 months -- 5 years: Y<br>&nbsp;&nbsp;&nbsp;&nbsp;Preschool: N<br>&nbsp;&nbsp;&nbsp;&nbsp;Grade 1 - Age 12: N<br>
3722,Licensed Group,Lollypop Childcare,4990 Cedarcrest Ave,,North Vancouver,V7R 3R8,49.357838,-123.093577,778-968-0024,,,N,N,N,N,N,N,N,N,N,N,N,N,N,N,N,N,N,,,N,N,N,N,N,N,N,Y,N,N,N,2026-05-18,,N,Y,Y,Lollypop Childcare<br>Licensed Group<br>778-968-0024<br><br>Vacancy:<br>&nbsp;&nbsp;&nbsp;&nbsp;<36 months: Y<br>&nbsp;&nbsp;&nbsp;&nbsp;30 months -- 5 years: N<br>&nbsp;&nbsp;&nbsp;&nbsp;Preschool: N<br>&nbsp;&nbsp;&nbsp;&nbsp;Grade 1 - Age 12: N<br>
3723,Licensed Family,Cam's Cubs,6455 Balsam Way,,Whistler,V8E 0C5,50.128932,-122.96786,604-213-8747,,,Y,N,Y,N,N,N,Y,Y,N,N,N,N,N,N,Y,N,N,Extra fee,Extra fee,N,N,N,N,N,N,N,N,Y,N,Y,2026-04-12,,N,N,N,Cam's Cubs<br>Licensed Family<br>604-213-8747<br><br>Vacancy:<br>&nbsp;&nbsp;&nbsp;&nbsp;<36 months: N<br>&nbsp;&nbsp;&nbsp;&nbsp;30 months -- 5 years: Y<br>&nbsp;&nbsp;&nbsp;&nbsp;Preschool: N<br>&nbsp;&nbsp;&nbsp;&nbsp;Grade 1 - Age 12: Y<br>
3724,Licensed Group,Homera Daycare Center,1282 Hudson St,,Coquitlam,V3B 7L7,49.28981,-122.802929,778-834-3096,,,N,N,N,N,N,N,Y,Y,N,Y,Y,N,N,N,N,N,Y,Included in fee,Extra fee,N,N,N,Y,N,Y,Y,N,N,N,N,2026-05-15,,N,Y,N,Homera Daycare Center<br>Licensed Group<br>778-834-3096<br><br>Vacancy:<br>&nbsp;&nbsp;&nbsp;&nbsp;<36 months: N<br>&nbsp;&nbsp;&nbsp;&nbsp;30 months -- 5 years: N<br>&nbsp;&nbsp;&nbsp;&nbsp;Preschool: N<br>&nbsp;&nbsp;&nbsp;&nbsp;Grade 1 - Age 12: N<br>
3725,Licensed Group,Steps Forward Childcare,2442 Collins Crescent,,Nanoose Bay,V9P 9J9,49.271862,-124.194046,250-951-2933,,,N,N,N,N,N,N,N,N,N,N,N,N,N,N,N,N,N,,,N,N,N,N,N,N,N,N,Y,N,N,2026-05-18,,N,Y,N,Steps Forward Childcare<br>Licensed Group<br>250-951-2933<br><br>Vacancy:<br>&nbsp;&nbsp;&nbsp;&nbsp;<36 months: N<br>&nbsp;&nbsp;&nbsp;&nbsp;30 months -- 5 years: Y<br>&nbsp;&nbsp;&nbsp;&nbsp;Preschool: N<br>&nbsp;&nbsp;&nbsp;&nbsp;Grade 1 - Age 12: N<br>
3726,Licensed Family,Curious Explorers,3250 mcmahon Rd,,West Kelowna,V4T 1G3,49.845466,-119.663697,604-729-8928,,,N,N,N,N,N,N,N,N,N,N,N,N,N,N,N,N,N,,,N,N,N,N,N,N,N,N,Y,N,N,2026-05-19,,N,Y,N,Curious Explorers<br>Licensed Family<br>604-729-8928<br><br>Vacancy:<br>&nbsp;&nbsp;&nbsp;&nbsp;<36 months: N<br>&nbsp;&nbsp;&nbsp;&nbsp;30 months -- 5 years: Y<br>&nbsp;&nbsp;&nbsp;&nbsp;Preschool: N<br>&nbsp;&nbsp;&nbsp;&nbsp;Grade 1 - Age 12: N<br>
3727,Licensed Group,Little Wonders,4905 Valleyview Pl,,Vernon,V1T 9L6,50.251664,-119.298267,250-674-8234,,,N,N,N,N,N,N,N,N,N,N,N,N,N,N,N,N,N,,,N,N,N,N,N,N,N,N,N,N,N,2026-05-14,,N,Y,N,Little Wonders<br>Licensed Group<br>250-674-8234<br><br>Vacancy:<br>&nbsp;&nbsp;&nbsp;&nbsp;<36 months: N<br>&nbsp;&nbsp;&nbsp;&nbsp;30 months -- 5 years: N<br>&nbsp;&nbsp;&nbsp;&nbsp;Preschool: N<br>&nbsp;&nbsp;&nbsp;&nbsp;Grade 1 - Age 12: N<br>
3728,Licensed Family,Smiley Bees,1375 Plateau Dr,,North Vancouver,V7P 2J5,49.319981,-123.072411,604-782-1394,,,N,N,N,N,N,N,N,N,N,N,N,N,N,N,N,N,N,,,N,N,N,N,N,N,N,Y,Y,N,N,2026-04-21,,N,Y,N,Smiley Bees<br>Licensed Family<br>604-782-1394<br><br>Vacancy:<br>&nbsp;&nbsp;&nbsp;&nbsp;<36 months: Y<br>&nbsp;&nbsp;&nbsp;&nbsp;30 months -- 5 years: Y<br>&nbsp;&nbsp;&nbsp;&nbsp;Preschool: N<br>&nbsp;&nbsp;&nbsp;&nbsp;Grade 1 - Age 12: N<br>
3729,Licensed Family,Little Bee's Home Daycare,27-1957 Guthrie Rd,,Comox,V9M 2J2,49.687358,-124.933034,250-650-3143,,,N,N,N,N,N,N,N,N,N,N,N,N,N,N,N,N,N,,,N,N,N,N,N,N,N,N,N,N,N,2026-05-18,,N,Y,N,Little Bee's Home Daycare<br>Licensed Family<br>250-650-3143<br><br>Vacancy:<br>&nbsp;&nbsp;&nbsp;&nbsp;<36 months: N<br>&nbsp;&nbsp;&nbsp;&nbsp;30 months -- 5 years: N<br>&nbsp;&nbsp;&nbsp;&nbsp;Preschool: N<br>&nbsp;&nbsp;&nbsp;&nbsp;Grade 1 - Age 12: N<br>
3730,Licensed Group,Brightsky Childcare Centre,666 E 63Rd Ave,,Vancouver,V5X 2K4,49.212826,-123.092086,778-919-2945,,,Y,N,N,N,N,N,N,Y,N,N,N,N,N,Y,N,N,N,Extra fee,Extra fee,N,N,N,N,N,N,N,Y,Y,N,N,2026-05-15,,N,Y,N,Brightsky Childcare Centre<br>Licensed Group<br>778-919-2945<br><br>Vacancy:<br>&nbsp;&nbsp;&nbsp;&nbsp;<36 months: Y<br>&nbsp;&nbsp;&nbsp;&nbsp;30 months -- 5 years: Y<br>&nbsp;&nbsp;&nbsp;&nbsp;Preschool: N<br>&nbsp;&nbsp;&nbsp;&nbsp;Grade 1 - Age 12: N<br>
3731,Licensed Group,All Little Cubs Learning Center Inc,301 Lambert Ave 130,,Nanaimo,V9R 0K7,49.163453,-123.958181,250-740-5432,,,N,N,N,N,N,N,N,N,N,N,N,N,N,N,N,N,N,,,N,N,N,N,N,N,N,N,N,N,N,2026-05-15,,N,Y,N,All Little Cubs Learning Center Inc<br>Licensed Group<br>250-740-5432<br><br>Vacancy:<br>&nbsp;&nbsp;&nbsp;&nbsp;<36 months: N<br>&nbsp;&nbsp;&nbsp;&nbsp;30 months -- 5 years: N<br>&nbsp;&nbsp;&nbsp;&nbsp;Preschool: N<br>&nbsp;&nbsp;&nbsp;&nbsp;Grade 1 - Age 12: N<br>
3732,Licensed Group,Joyful Ocean Academy,20409 83B Ave,,Langley,V2Y 0R6,49.155008,-122.656752,604-828-3703,,,N,N,N,N,N,N,N,N,N,N,N,N,N,N,N,N,N,,,N,N,N,N,N,N,N,N,N,N,N,2026-05-15,,N,Y,N,Joyful Ocean Academy<br>Licensed Group<br>604-828-3703<br><br>Vacancy:<br>&nbsp;&nbsp;&nbsp;&nbsp;<36 months: N<br>&nbsp;&nbsp;&nbsp;&nbsp;30 months -- 5 years: N<br>&nbsp;&nbsp;&nbsp;&nbsp;Preschool: N<br>&nbsp;&nbsp;&nbsp;&nbsp;Grade 1 - Age 12: N<br>
3733,Licensed Group,Wonderful Beginnings - Gordon Drive,1607 Gordon Dr,,Kelowna,V1Y 3G8,49.885066,-119.476764,306-471-4567,,,N,N,N,N,N,N,N,N,N,N,N,N,N,N,N,N,N,,,N,N,N,N,N,N,N,N,N,N,N,2026-05-15,,N,Y,N,Wonderful Beginnings - Gordon Drive<br>Licensed Group<br>306-471-4567<br><br>Vacancy:<br>&nbsp;&nbsp;&nbsp;&nbsp;<36 months: N<br>&nbsp;&nbsp;&nbsp;&nbsp;30 months -- 5 years: N<br>&nbsp;&nbsp;&nbsp;&nbsp;Preschool: N<br>&nbsp;&nbsp;&nbsp;&nbsp;Grade 1 - Age 12: N<br>
3734,Licensed Group,Double Joy Daycare,2532 Prior St,,Victoria,V8T 3X6,48.436266,-123.354121,236-882-2817,,,Y,N,N,N,N,N,Y,N,N,N,N,N,N,Y,N,N,N,Not offered,Not offered,N,N,N,N,N,N,N,Y,N,N,N,2026-05-10,,N,Y,N,Double Joy Daycare<br>Licensed Group<br>236-882-2817<br><br>Vacancy:<br>&nbsp;&nbsp;&nbsp;&nbsp;<36 months: Y<br>&nbsp;&nbsp;&nbsp;&nbsp;30 months -- 5 years: N<br>&nbsp;&nbsp;&nbsp;&nbsp;Preschool: N<br>&nbsp;&nbsp;&nbsp;&nbsp;Grade 1 - Age 12: N<br>
3735,Licensed Group,Neo Academy,3380 Maquinna Dr,,Vancouver,V5S 4C6,49.215134,-123.031021,604-412-0186,,,N,N,N,N,N,N,N,N,N,N,N,N,N,N,N,N,N,,,N,N,N,N,N,N,N,N,Y,N,N,2026-05-15,,N,Y,Y,Neo Academy<br>Licensed Group<br>604-412-0186<br><br>Vacancy:<br>&nbsp;&nbsp;&nbsp;&nbsp;<36 months: N<br>&nbsp;&nbsp;&nbsp;&nbsp;30 months -- 5 years: Y<br>&nbsp;&nbsp;&nbsp;&nbsp;Preschool: N<br>&nbsp;&nbsp;&nbsp;&nbsp;Grade 1 - Age 12: N<br>
3736,Licensed Group,Neo Academy,3380 Maquinna Dr,,Vancouver,V5S 4C6,49.215134,-123.031021,604-412-0186,,,N,N,N,N,N,N,N,N,N,N,N,N,N,N,N,N,N,,,N,N,N,N,N,N,N,N,Y,N,N,2026-05-15,,N,Y,Y,Neo Academy<br>Licensed Group<br>604-412-0186<br><br>Vacancy:<br>&nbsp;&nbsp;&nbsp;&nbsp;<36 months: N<br>&nbsp;&nbsp;&nbsp;&nbsp;30 months -- 5 years: Y<br>&nbsp;&nbsp;&nbsp;&nbsp;Preschool: N<br>&nbsp;&nbsp;&nbsp;&nbsp;Grade 1 - Age 12: N<br>
3737,Licensed Group,Kids Connection Yorkton,96  Yorkton Ave,,Penticton,V2A 3V1,49.456506,-119.580883,250-462-5956,,,N,N,N,N,N,N,N,N,N,N,N,N,N,N,N,N,N,,,N,N,N,N,N,N,N,N,Y,N,N,2026-05-15,,N,Y,N,Kids Connection Yorkton<br>Licensed Group<br>250-462-5956<br><br>Vacancy:<br>&nbsp;&nbsp;&nbsp;&nbsp;<36 months: N<br>&nbsp;&nbsp;&nbsp;&nbsp;30 months -- 5 years: Y<br>&nbsp;&nbsp;&nbsp;&nbsp;Preschool: N<br>&nbsp;&nbsp;&nbsp;&nbsp;Grade 1 - Age 12: N<br>
3738,Licensed Group,The Burrow Early Learning Centre Ltd,2710 Lakehurst Dr,,Langford,V9B 5E2,48.454651,-123.550492,250-217-7001,,,N,N,N,N,N,N,N,N,N,N,N,N,N,N,N,N,N,,,N,N,N,N,N,N,N,N,N,N,N,2026-05-15,,N,Y,N,The Burrow Early Learning Centre Ltd<br>Licensed Group<br>250-217-7001<br><br>Vacancy:<br>&nbsp;&nbsp;&nbsp;&nbsp;<36 months: N<br>&nbsp;&nbsp;&nbsp;&nbsp;30 months -- 5 years: N<br>&nbsp;&nbsp;&nbsp;&nbsp;Preschool: N<br>&nbsp;&nbsp;&nbsp;&nbsp;Grade 1 - Age 12: N<br>
3739,Licensed Family,Mossy Ferns Childcare,3009 Charles St,,Nanaimo,V9T 2Y1,49.20854,-123.984554,250-739-2341,,,Y,N,N,N,N,N,Y,Y,N,Y,Y,N,N,N,N,N,N,Not offered,Not offered,N,N,N,N,N,Y,Y,N,N,N,N,2026-05-15,,N,Y,N,Mossy Ferns Childcare<br>Licensed Family<br>250-739-2341<br><br>Vacancy:<br>&nbsp;&nbsp;&nbsp;&nbsp;<36 months: N<br>&nbsp;&nbsp;&nbsp;&nbsp;30 months -- 5 years: N<br>&nbsp;&nbsp;&nbsp;&nbsp;Preschool: N<br>&nbsp;&nbsp;&nbsp;&nbsp;Grade 1 - Age 12: N<br>
3740,Licensed Group,The Learning Seed Childcare - Strawberry,6433 Lasalle Rd,,Nanaimo,V9V 1P3,49.243688,-124.043051,250-751-4156,,,N,N,N,N,N,N,N,N,N,N,N,N,N,N,N,N,N,,,N,N,N,N,N,N,N,N,N,N,N,2026-05-17,,N,Y,N,The Learning Seed Childcare - Strawberry<br>Licensed Group<br>250-751-4156<br><br>Vacancy:<br>&nbsp;&nbsp;&nbsp;&nbsp;<36 months: N<br>&nbsp;&nbsp;&nbsp;&nbsp;30 months -- 5 years: N<br>&nbsp;&nbsp;&nbsp;&nbsp;Preschool: N<br>&nbsp;&nbsp;&nbsp;&nbsp;Grade 1 - Age 12: N<br>
3741,Licensed Group,Little Red Childcare Centre,7961 Highway 97,,Oliver,V0H 1T5,49.230323,-119.546987,778-583-4580,,,N,N,N,N,N,N,N,N,N,N,N,N,N,N,N,N,N,,,N,N,N,N,N,N,N,N,N,N,N,2026-05-15,,N,Y,N,Little Red Childcare Centre<br>Licensed Group<br>778-583-4580<br><br>Vacancy:<br>&nbsp;&nbsp;&nbsp;&nbsp;<36 months: N<br>&nbsp;&nbsp;&nbsp;&nbsp;30 months -- 5 years: N<br>&nbsp;&nbsp;&nbsp;&nbsp;Preschool: N<br>&nbsp;&nbsp;&nbsp;&nbsp;Grade 1 - Age 12: N<br>
3742,Licensed Group,Okanagan Boys And Girls Clubs - Davidson Road,2115 Davidson Rd,,Lake Country,V4V 1R3,50.049622,-119.427766,250-542-3121,,,N,N,N,N,N,N,N,N,N,N,N,N,N,N,N,N,N,,,N,N,N,N,N,N,N,N,N,N,N,2026-05-15,,N,Y,N,Okanagan Boys And Girls Clubs - Davidson Road<br>Licensed Group<br>250-542-3121<br><br>Vacancy:<br>&nbsp;&nbsp;&nbsp;&nbsp;<36 months: N<br>&nbsp;&nbsp;&nbsp;&nbsp;30 months -- 5 years: N<br>&nbsp;&nbsp;&nbsp;&nbsp;Preschool: N<br>&nbsp;&nbsp;&nbsp;&nbsp;Grade 1 - Age 12: N<br>
3743,Licensed Group,Little Munchkin Daycare Ltd.,2205 W 15 Ave,,Vancouver,V6K 2Y6,49.258519,-123.155775,604-655-1895,,,N,N,N,N,N,N,N,N,N,N,N,N,N,N,N,N,N,,,N,N,N,N,N,N,N,Y,Y,Y,Y,2026-04-01,,N,Y,N,Little Munchkin Daycare Ltd.<br>Licensed Group<br>604-655-1895<br><br>Vacancy:<br>&nbsp;&nbsp;&nbsp;&nbsp;<36 months: Y<br>&nbsp;&nbsp;&nbsp;&nbsp;30 months -- 5 years: Y<br>&nbsp;&nbsp;&nbsp;&nbsp;Preschool: Y<br>&nbsp;&nbsp;&nbsp;&nbsp;Grade 1 - Age 12: Y<br>
3744,Licensed Family,Beebee Childcare,2 Laurel Pl,,Port Moody,V3H 4M9,49.293501,-122.831878,514-963-4194,,,N,N,N,N,N,N,N,N,N,N,N,N,N,N,N,N,N,,,N,N,N,N,N,N,N,N,Y,N,Y,2026-04-24,,N,Y,N,Beebee Childcare<br>Licensed Family<br>514-963-4194<br><br>Vacancy:<br>&nbsp;&nbsp;&nbsp;&nbsp;<36 months: N<br>&nbsp;&nbsp;&nbsp;&nbsp;30 months -- 5 years: Y<br>&nbsp;&nbsp;&nbsp;&nbsp;Preschool: N<br>&nbsp;&nbsp;&nbsp;&nbsp;Grade 1 - Age 12: Y<br>
3745,Licensed Group,Okanagan Montessori East Kelowna,3419 East Kelowna Rd,,Kelowna,V1W 4H3,49.866936,-119.406293,250-860-1165,,,N,N,N,N,N,N,N,N,N,N,N,N,N,N,N,N,N,,,N,N,N,N,N,N,N,N,Y,Y,N,2026-05-16,,N,Y,N,Okanagan Montessori East Kelowna<br>Licensed Group<br>250-860-1165<br><br>Vacancy:<br>&nbsp;&nbsp;&nbsp;&nbsp;<36 months: N<br>&nbsp;&nbsp;&nbsp;&nbsp;30 months -- 5 years: Y<br>&nbsp;&nbsp;&nbsp;&nbsp;Preschool: Y<br>&nbsp;&nbsp;&nbsp;&nbsp;Grade 1 - Age 12: N<br>
3746,Licensed Group,Chilliwack Learning Centre,46024 Riverside Dr,,Chilliwack,V2P 2K8,49.180187,-121.951048,604-375-9494,,,N,N,N,N,N,N,N,N,N,N,N,N,N,N,N,N,N,,,N,N,N,N,N,N,N,N,Y,N,N,2026-05-15,,N,Y,N,Chilliwack Learning Centre<br>Licensed Group<br>604-375-9494<br><br>Vacancy:<br>&nbsp;&nbsp;&nbsp;&nbsp;<36 months: N<br>&nbsp;&nbsp;&nbsp;&nbsp;30 months -- 5 years: Y<br>&nbsp;&nbsp;&nbsp;&nbsp;Preschool: N<br>&nbsp;&nbsp;&nbsp;&nbsp;Grade 1 - Age 12: N<br>
3747,Licensed Group,Chilliwack Learning Centre,46018 Riverside Dr,,Chilliwack,V2P 2K8,49.179859,-121.951434,604-375-9494,,,N,N,N,N,N,N,N,N,N,N,N,N,N,N,N,N,N,,,N,N,N,N,N,N,N,N,N,N,Y,2026-05-15,,N,Y,N,Chilliwack Learning Centre<br>Licensed Group<br>604-375-9494<br><br>Vacancy:<br>&nbsp;&nbsp;&nbsp;&nbsp;<36 months: N<br>&nbsp;&nbsp;&nbsp;&nbsp;30 months -- 5 years: N<br>&nbsp;&nbsp;&nbsp;&nbsp;Preschool: N<br>&nbsp;&nbsp;&nbsp;&nbsp;Grade 1 - Age 12: Y<br>
3748,Licensed Family,Little Papillon,1436 Cambridge Dr,,Coquitlam,V3J 2P7,49.257382,-122.852685,604-849-5241,,,N,N,N,N,N,N,N,N,N,N,N,N,N,N,N,N,N,,,N,N,N,N,N,N,N,N,N,N,N,2026-05-15,,N,Y,N,Little Papillon<br>Licensed Family<br>604-849-5241<br><br>Vacancy:<br>&nbsp;&nbsp;&nbsp;&nbsp;<36 months: N<br>&nbsp;&nbsp;&nbsp;&nbsp;30 months -- 5 years: N<br>&nbsp;&nbsp;&nbsp;&nbsp;Preschool: N<br>&nbsp;&nbsp;&nbsp;&nbsp;Grade 1 - Age 12: N<br>
3749,Licensed Family,Coco & Cub Studio,50281 Sienna Ave,,Chilliwack,V4Z 0C4,49.13783,-121.832354,778-814-6973,,,N,N,N,N,N,N,N,N,N,N,N,N,N,N,N,N,N,,,N,N,N,N,N,N,N,Y,Y,N,N,2026-05-18,,N,Y,N,Coco & Cub Studio<br>Licensed Family<br>778-814-6973<br><br>Vacancy:<br>&nbsp;&nbsp;&nbsp;&nbsp;<36 months: Y<br>&nbsp;&nbsp;&nbsp;&nbsp;30 months -- 5 years: Y<br>&nbsp;&nbsp;&nbsp;&nbsp;Preschool: N<br>&nbsp;&nbsp;&nbsp;&nbsp;Grade 1 - Age 12: N<br>
3750,Licensed Group,New Direction Academy Williams,6560 Williams Rd.,,Richmond,V7E 1K5,49.140702,-123.150647,778-862-5478,,,N,N,N,N,N,N,N,N,N,N,N,N,N,N,N,N,N,,,N,N,N,N,N,N,N,N,Y,N,N,2026-05-15,,N,Y,N,New Direction Academy Williams<br>Licensed Group<br>778-862-5478<br><br>Vacancy:<br>&nbsp;&nbsp;&nbsp;&nbsp;<36 months: N<br>&nbsp;&nbsp;&nbsp;&nbsp;30 months -- 5 years: Y<br>&nbsp;&nbsp;&nbsp;&nbsp;Preschool: N<br>&nbsp;&nbsp;&nbsp;&nbsp;Grade 1 - Age 12: N<br>
3751,Licensed Family,Creative Caterpillars Childcare,10629-144 St,,Surrey,V3T 4V8,49.195443,-122.823844,778-847-4540,,,N,N,N,N,N,N,N,N,N,N,N,N,N,N,N,N,N,,,N,N,N,N,N,N,N,N,Y,N,Y,2026-05-03,,N,Y,N,Creative Caterpillars Childcare<br>Licensed Family<br>778-847-4540<br><br>Vacancy:<br>&nbsp;&nbsp;&nbsp;&nbsp;<36 months: N<br>&nbsp;&nbsp;&nbsp;&nbsp;30 months -- 5 years: Y<br>&nbsp;&nbsp;&nbsp;&nbsp;Preschool: N<br>&nbsp;&nbsp;&nbsp;&nbsp;Grade 1 - Age 12: Y<br>
3752,Licensed Group,Little Wish Childcare Centre,18932 70B,,Surrey,V4N 5M6,49.131246,-122.697649,778-988-7627,,,Y,N,N,N,N,N,N,Y,N,N,N,N,N,N,N,N,N,Extra fee,Extra fee,N,N,N,N,N,N,N,N,N,N,N,2026-05-18,,N,Y,N,Little Wish Childcare Centre<br>Licensed Group<br>778-988-7627<br><br>Vacancy:<br>&nbsp;&nbsp;&nbsp;&nbsp;<36 months: N<br>&nbsp;&nbsp;&nbsp;&nbsp;30 months -- 5 years: N<br>&nbsp;&nbsp;&nbsp;&nbsp;Preschool: N<br>&nbsp;&nbsp;&nbsp;&nbsp;Grade 1 - Age 12: N<br>
3753,Licensed Group,Meris Kids Inc.,1178 Laburnum Ave,,Port Coquitlam,V3B 1K3,49.267877,-122.746065,236-512-7975,,,N,N,N,N,N,N,Y,N,N,N,N,N,N,N,Y,Y,Y,Extra fee,Extra fee,N,N,N,N,N,N,N,Y,N,N,N,2026-05-21,,N,Y,N,Meris Kids Inc.<br>Licensed Group<br>236-512-7975<br><br>Vacancy:<br>&nbsp;&nbsp;&nbsp;&nbsp;<36 months: Y<br>&nbsp;&nbsp;&nbsp;&nbsp;30 months -- 5 years: N<br>&nbsp;&nbsp;&nbsp;&nbsp;Preschool: N<br>&nbsp;&nbsp;&nbsp;&nbsp;Grade 1 - Age 12: N<br>
3754,Licensed Group,Creston Community Preschool,6017 Canyon-Lister Rd,,Creston,V0B 1G1,41.05925,-94.369652,250-352-0526,,,N,N,N,N,N,N,N,N,N,N,N,N,N,N,N,N,N,,,N,N,N,N,N,N,N,N,Y,Y,N,2026-05-04,,N,Y,N,Creston Community Preschool<br>Licensed Group<br>250-352-0526<br><br>Vacancy:<br>&nbsp;&nbsp;&nbsp;&nbsp;<36 months: N<br>&nbsp;&nbsp;&nbsp;&nbsp;30 months -- 5 years: Y<br>&nbsp;&nbsp;&nbsp;&nbsp;Preschool: Y<br>&nbsp;&nbsp;&nbsp;&nbsp;Grade 1 - Age 12: N<br>
3755,Licensed Group,Kootenay Kids Fairview Early Learning Centre,902 11Th St,,Nelson,V1L 7A6,49.507472,-117.265094,250-352-6678,,,N,N,N,N,N,N,N,N,N,N,N,N,N,N,N,N,N,,,N,N,N,N,N,N,N,N,N,N,N,2026-05-04,,N,Y,N,Kootenay Kids Fairview Early Learning Centre<br>Licensed Group<br>250-352-6678<br><br>Vacancy:<br>&nbsp;&nbsp;&nbsp;&nbsp;<36 months: N<br>&nbsp;&nbsp;&nbsp;&nbsp;30 months -- 5 years: N<br>&nbsp;&nbsp;&nbsp;&nbsp;Preschool: N<br>&nbsp;&nbsp;&nbsp;&nbsp;Grade 1 - Age 12: N<br>
3756,Licensed Group,Hatch Kids Learning Centre - Garden City Osc,8311 Garden City Rd,,Richmond,V6Y 2P1,49.152948,-123.12536,778-870-3611,,,N,N,N,N,N,N,N,N,N,N,N,N,N,N,N,N,N,,,N,N,N,N,N,N,N,N,N,N,Y,2026-04-24,,N,Y,N,Hatch Kids Learning Centre - Garden City Osc<br>Licensed Group<br>778-870-3611<br><br>Vacancy:<br>&nbsp;&nbsp;&nbsp;&nbsp;<36 months: N<br>&nbsp;&nbsp;&nbsp;&nbsp;30 months -- 5 years: N<br>&nbsp;&nbsp;&nbsp;&nbsp;Preschool: N<br>&nbsp;&nbsp;&nbsp;&nbsp;Grade 1 - Age 12: Y<br>
3757,Licensed Family,Little Angels,2157 Woodthrush Pl,,Nanaimo,V9R 6V3,49.165132,-123.988614,604-446-3934,,,N,N,N,N,N,N,N,N,N,N,N,N,N,N,N,N,N,,,N,N,N,N,N,N,N,N,Y,N,N,2026-04-18,,N,Y,N,Little Angels<br>Licensed Family<br>604-446-3934<br><br>Vacancy:<br>&nbsp;&nbsp;&nbsp;&nbsp;<36 months: N<br>&nbsp;&nbsp;&nbsp;&nbsp;30 months -- 5 years: Y<br>&nbsp;&nbsp;&nbsp;&nbsp;Preschool: N<br>&nbsp;&nbsp;&nbsp;&nbsp;Grade 1 - Age 12: N<br>
3758,Licensed Group,Alex House Children's Centre At Surrey Sports & Leisure,16555 Fraser Hwy,,Surrey,V4N 0E9,49.151946,-122.764103,604-535-0015,,,N,N,N,N,N,N,N,N,N,N,N,N,N,N,N,N,N,Not offered,Not offered,N,N,N,N,N,N,N,N,Y,N,N,2026-04-08,,N,N,N,Alex House Children's Centre At Surrey Sports & Leisure<br>Licensed Group<br>604-535-0015<br><br>Vacancy:<br>&nbsp;&nbsp;&nbsp;&nbsp;<36 months: N<br>&nbsp;&nbsp;&nbsp;&nbsp;30 months -- 5 years: Y<br>&nbsp;&nbsp;&nbsp;&nbsp;Preschool: N<br>&nbsp;&nbsp;&nbsp;&nbsp;Grade 1 - Age 12: N<br>
3759,Licensed Family,Green Timbers Childcare,14731 90 Ave,,Surrey,V3R 1A6,49.166633,-122.814226,604-307-4572,,,N,N,N,N,N,N,N,N,N,N,N,N,N,N,N,N,N,Not offered,Not offered,N,N,N,N,N,N,N,N,N,N,N,2026-05-03,,N,Y,N,Green Timbers Childcare<br>Licensed Family<br>604-307-4572<br><br>Vacancy:<br>&nbsp;&nbsp;&nbsp;&nbsp;<36 months: N<br>&nbsp;&nbsp;&nbsp;&nbsp;30 months -- 5 years: N<br>&nbsp;&nbsp;&nbsp;&nbsp;Preschool: N<br>&nbsp;&nbsp;&nbsp;&nbsp;Grade 1 - Age 12: N<br>
3760,Licensed Group,Star Steps Daycare,110 - 30475 Cardinal Ave,,Abbotsford,V2T 0E4,49.061077,-122.379399,778-779-6088,,,N,N,N,N,N,N,N,N,N,N,N,N,N,N,N,N,N,,,N,N,N,N,N,N,N,Y,Y,N,N,2026-05-15,,N,Y,N,Star Steps Daycare<br>Licensed Group<br>778-779-6088<br><br>Vacancy:<br>&nbsp;&nbsp;&nbsp;&nbsp;<36 months: Y<br>&nbsp;&nbsp;&nbsp;&nbsp;30 months -- 5 years: Y<br>&nbsp;&nbsp;&nbsp;&nbsp;Preschool: N<br>&nbsp;&nbsp;&nbsp;&nbsp;Grade 1 - Age 12: N<br>
3761,Licensed Family,Crescent Kids Kamloops,1971 Snowberry Cres,,Kamloops,V1S 1Z7,50.649597,-120.397012,250-899-5782,,,Y,N,N,N,N,N,Y,Y,N,Y,Y,N,N,N,N,N,N,Extra fee,Extra fee,N,N,N,N,N,N,N,Y,Y,N,Y,2026-04-27,,N,Y,N,Crescent Kids Kamloops<br>Licensed Family<br>250-899-5782<br><br>Vacancy:<br>&nbsp;&nbsp;&nbsp;&nbsp;<36 months: Y<br>&nbsp;&nbsp;&nbsp;&nbsp;30 months -- 5 years: Y<br>&nbsp;&nbsp;&nbsp;&nbsp;Preschool: N<br>&nbsp;&nbsp;&nbsp;&nbsp;Grade 1 - Age 12: Y<br>
3762,Licensed Group,"Sonshine Street Childcare Centre, Aldergrove",24687 56Th Ave,,Langley,V2Z 1B9,49.1675,-122.468361,604-309-7364,,,N,N,N,N,N,N,N,N,N,N,N,N,N,N,N,N,N,,,N,N,N,N,N,N,N,N,Y,N,Y,2026-05-05,,N,Y,N,"Sonshine Street Childcare Centre, Aldergrove<br>Licensed Group<br>604-309-7364<br><br>Vacancy:<br>&nbsp;&nbsp;&nbsp;&nbsp;<36 months: N<br>&nbsp;&nbsp;&nbsp;&nbsp;30 months -- 5 years: Y<br>&nbsp;&nbsp;&nbsp;&nbsp;Preschool: N<br>&nbsp;&nbsp;&nbsp;&nbsp;Grade 1 - Age 12: Y<br>"
3763,Licensed Group,Premier Montessori Metrotown,6112 Sussex Ave,,Burnaby,V5H 3C3,49.228887,-122.998361,604-363-1333,,,Y,N,N,N,N,N,N,Y,N,N,N,N,N,N,N,N,N,Extra fee,Not offered,N,N,N,N,Y,Y,Y,N,N,N,N,2026-05-04,,N,Y,N,Premier Montessori Metrotown<br>Licensed Group<br>604-363-1333<br><br>Vacancy:<br>&nbsp;&nbsp;&nbsp;&nbsp;<36 months: N<br>&nbsp;&nbsp;&nbsp;&nbsp;30 months -- 5 years: N<br>&nbsp;&nbsp;&nbsp;&nbsp;Preschool: N<br>&nbsp;&nbsp;&nbsp;&nbsp;Grade 1 - Age 12: N<br>
3764,Licensed Group,Bgc Okanagan - Hudson Rd Club,2633 Alhambra Dr,,West Kelowna,V1Z 2Z3,49.862302,-119.566414,250-762-3989,,,N,N,N,N,N,N,N,N,N,N,N,N,N,N,N,N,N,,,N,N,N,N,N,N,N,N,Y,N,N,2026-05-15,,N,Y,N,Bgc Okanagan - Hudson Rd Club<br>Licensed Group<br>250-762-3989<br><br>Vacancy:<br>&nbsp;&nbsp;&nbsp;&nbsp;<36 months: N<br>&nbsp;&nbsp;&nbsp;&nbsp;30 months -- 5 years: Y<br>&nbsp;&nbsp;&nbsp;&nbsp;Preschool: N<br>&nbsp;&nbsp;&nbsp;&nbsp;Grade 1 - Age 12: N<br>
3765,Licensed Group,Smart Red Door Early Learning Centre Inc,140 6168 London Rd,,Richmond,V7E 0C1,49.117269,-123.158135,604-839-0760,,,N,N,N,N,N,N,N,N,N,N,N,N,N,N,N,N,N,,,N,N,N,N,N,N,N,N,Y,N,N,2026-05-11,,N,Y,Y,Smart Red Door Early Learning Centre Inc<br>Licensed Group<br>604-839-0760<br><br>Vacancy:<br>&nbsp;&nbsp;&nbsp;&nbsp;<36 months: N<br>&nbsp;&nbsp;&nbsp;&nbsp;30 months -- 5 years: Y<br>&nbsp;&nbsp;&nbsp;&nbsp;Preschool: N<br>&nbsp;&nbsp;&nbsp;&nbsp;Grade 1 - Age 12: N<br>
3766,Licensed Group,Smart Red Door Early Learning Centre Inc,140 6168 London Rd,,Richmond,V7E 0C1,49.117269,-123.158135,604-839-0760,,,N,N,N,N,N,N,N,N,N,N,N,N,N,N,N,N,N,,,N,N,N,N,N,N,N,N,Y,N,N,2026-05-11,,N,Y,Y,Smart Red Door Early Learning Centre Inc<br>Licensed Group<br>604-839-0760<br><br>Vacancy:<br>&nbsp;&nbsp;&nbsp;&nbsp;<36 months: N<br>&nbsp;&nbsp;&nbsp;&nbsp;30 months -- 5 years: Y<br>&nbsp;&nbsp;&nbsp;&nbsp;Preschool: N<br>&nbsp;&nbsp;&nbsp;&nbsp;Grade 1 - Age 12: N<br>
3767,Licensed Group,Rainbow Dash Montessori Childcare,2943 Rosewood St,,Port Coquitlam,V3B 3L8,49.266143,-122.755201,778-681-0418,,,N,N,N,N,N,N,N,N,N,N,N,N,N,N,N,N,N,,,N,N,N,N,N,N,N,N,N,N,N,2026-05-19,,N,Y,N,Rainbow Dash Montessori Childcare<br>Licensed Group<br>778-681-0418<br><br>Vacancy:<br>&nbsp;&nbsp;&nbsp;&nbsp;<36 months: N<br>&nbsp;&nbsp;&nbsp;&nbsp;30 months -- 5 years: N<br>&nbsp;&nbsp;&nbsp;&nbsp;Preschool: N<br>&nbsp;&nbsp;&nbsp;&nbsp;Grade 1 - Age 12: N<br>
3768,Licensed Group,Oval Montessori Academy,310-6928 Pearson Way,,Richmond,V7C 0E2,49.174691,-123.147563,778-867-5555,,,N,N,N,N,N,N,N,N,N,N,N,N,N,N,N,N,N,Extra fee,Extra fee,N,N,N,N,N,N,N,N,Y,N,N,2026-05-21,,N,Y,Y,Oval Montessori Academy<br>Licensed Group<br>778-867-5555<br><br>Vacancy:<br>&nbsp;&nbsp;&nbsp;&nbsp;<36 months: N<br>&nbsp;&nbsp;&nbsp;&nbsp;30 months -- 5 years: Y<br>&nbsp;&nbsp;&nbsp;&nbsp;Preschool: N<br>&nbsp;&nbsp;&nbsp;&nbsp;Grade 1 - Age 12: N<br>
3769,Licensed Group,Oval Montessori Academy,310-6928 Pearson Way,,Richmond,V7C 0E2,49.174691,-123.147563,778-867-5555,,,N,N,N,N,N,N,N,N,N,N,N,N,N,N,N,N,N,,,N,N,N,N,N,N,N,N,Y,N,N,2026-05-15,,N,Y,Y,Oval Montessori Academy<br>Licensed Group<br>778-867-5555<br><br>Vacancy:<br>&nbsp;&nbsp;&nbsp;&nbsp;<36 months: N<br>&nbsp;&nbsp;&nbsp;&nbsp;30 months -- 5 years: Y<br>&nbsp;&nbsp;&nbsp;&nbsp;Preschool: N<br>&nbsp;&nbsp;&nbsp;&nbsp;Grade 1 - Age 12: N<br>
3770,Licensed Group,Teddy Bear Daycare,840 Columbia Avenue,,Kitimat,V8C 1V8,54.050725,-128.657623,778-677-3754,,,N,N,N,N,N,N,N,N,N,N,N,N,N,N,N,N,N,,,N,N,N,N,N,N,N,N,N,N,N,2026-05-01,,N,Y,N,Teddy Bear Daycare<br>Licensed Group<br>778-677-3754<br><br>Vacancy:<br>&nbsp;&nbsp;&nbsp;&nbsp;<36 months: N<br>&nbsp;&nbsp;&nbsp;&nbsp;30 months -- 5 years: N<br>&nbsp;&nbsp;&nbsp;&nbsp;Preschool: N<br>&nbsp;&nbsp;&nbsp;&nbsp;Grade 1 - Age 12: N<br>
3771,Licensed Group,Little Munchkins,311 Main St,,mcbride,V0J 2E0,53.302007,-120.166954,250-306-7186,,,N,N,N,N,N,N,N,N,N,N,N,N,N,N,N,N,N,,,N,N,N,N,N,N,N,N,N,N,N,2026-05-18,,N,Y,N,Little Munchkins<br>Licensed Group<br>250-306-7186<br><br>Vacancy:<br>&nbsp;&nbsp;&nbsp;&nbsp;<36 months: N<br>&nbsp;&nbsp;&nbsp;&nbsp;30 months -- 5 years: N<br>&nbsp;&nbsp;&nbsp;&nbsp;Preschool: N<br>&nbsp;&nbsp;&nbsp;&nbsp;Grade 1 - Age 12: N<br>
3772,Licensed Group,Giraffe Childcare Center,3925 Oxford St,,Burnaby,V5C 1C4,49.285882,-123.017887,778-512-3678,,,N,N,N,N,N,N,N,N,N,N,N,N,N,N,N,N,N,,,N,N,N,N,N,N,N,N,N,N,N,2026-05-17,,N,Y,N,Giraffe Childcare Center<br>Licensed Group<br>778-512-3678<br><br>Vacancy:<br>&nbsp;&nbsp;&nbsp;&nbsp;<36 months: N<br>&nbsp;&nbsp;&nbsp;&nbsp;30 months -- 5 years: N<br>&nbsp;&nbsp;&nbsp;&nbsp;Preschool: N<br>&nbsp;&nbsp;&nbsp;&nbsp;Grade 1 - Age 12: N<br>
3773,Licensed Group,Landmark ymca Child Care,B1-1708 Dolphin Ave,,Kelowna,V1Y 9S4,49.879652,-119.459614,250-215-0078,,,N,N,N,N,N,N,N,N,N,N,N,N,N,N,N,N,N,,,N,N,N,N,N,N,N,N,N,N,N,2026-04-28,,N,Y,N,Landmark ymca Child Care<br>Licensed Group<br>250-215-0078<br><br>Vacancy:<br>&nbsp;&nbsp;&nbsp;&nbsp;<36 months: N<br>&nbsp;&nbsp;&nbsp;&nbsp;30 months -- 5 years: N<br>&nbsp;&nbsp;&nbsp;&nbsp;Preschool: N<br>&nbsp;&nbsp;&nbsp;&nbsp;Grade 1 - Age 12: N<br>
3774,Licensed Group,Rocky Mountain Child Care,2095 15 Ave,,Invermere,V0A 1K4,50.495442,-116.040511,250-341-1382,,,N,N,N,N,N,N,N,N,N,N,N,N,N,N,N,N,N,,,N,N,N,N,N,N,N,N,Y,N,Y,2026-05-11,,N,Y,N,Rocky Mountain Child Care<br>Licensed Group<br>250-341-1382<br><br>Vacancy:<br>&nbsp;&nbsp;&nbsp;&nbsp;<36 months: N<br>&nbsp;&nbsp;&nbsp;&nbsp;30 months -- 5 years: Y<br>&nbsp;&nbsp;&nbsp;&nbsp;Preschool: N<br>&nbsp;&nbsp;&nbsp;&nbsp;Grade 1 - Age 12: Y<br>
3775,Licensed Group,Kings And Queens Child Care Center Inc.,2940 272Nd St,,Langley,V4W 3R4,49.103569,-122.656563,778-394-1291,,,N,N,N,N,N,N,N,N,N,N,N,N,N,N,N,N,N,,,N,N,N,N,N,N,N,N,Y,N,N,2026-05-17,,N,Y,N,Kings And Queens Child Care Center Inc.<br>Licensed Group<br>778-394-1291<br><br>Vacancy:<br>&nbsp;&nbsp;&nbsp;&nbsp;<36 months: N<br>&nbsp;&nbsp;&nbsp;&nbsp;30 months -- 5 years: Y<br>&nbsp;&nbsp;&nbsp;&nbsp;Preschool: N<br>&nbsp;&nbsp;&nbsp;&nbsp;Grade 1 - Age 12: N<br>
3776,Licensed Group,Gold Key Childcare Center,6141 Elgin Ave,,Burnaby,V5H 3S3,49.228293,-122.982886,778-388-6169,,,N,N,N,N,N,N,N,N,N,N,N,N,N,N,N,N,N,,,N,N,N,N,N,N,N,N,N,N,N,2026-05-15,,N,Y,N,Gold Key Childcare Center<br>Licensed Group<br>778-388-6169<br><br>Vacancy:<br>&nbsp;&nbsp;&nbsp;&nbsp;<36 months: N<br>&nbsp;&nbsp;&nbsp;&nbsp;30 months -- 5 years: N<br>&nbsp;&nbsp;&nbsp;&nbsp;Preschool: N<br>&nbsp;&nbsp;&nbsp;&nbsp;Grade 1 - Age 12: N<br>
3777,Licensed Family,Open Door Academy,4633 Gordon Dr,,Kelowna,V1W 1T5,49.814697,-119.482596,236-970-9605,,,N,N,N,N,N,N,N,N,N,N,N,N,N,N,N,N,N,,,N,N,N,N,N,N,N,Y,Y,N,Y,2026-05-15,,N,Y,N,Open Door Academy<br>Licensed Family<br>236-970-9605<br><br>Vacancy:<br>&nbsp;&nbsp;&nbsp;&nbsp;<36 months: Y<br>&nbsp;&nbsp;&nbsp;&nbsp;30 months -- 5 years: Y<br>&nbsp;&nbsp;&nbsp;&nbsp;Preschool: N<br>&nbsp;&nbsp;&nbsp;&nbsp;Grade 1 - Age 12: Y<br>
3778,Licensed Group,Sprouts In The Garden Childcare Ltd.,2295 Weiler Avenue,,Sidney,V8L 1R9,48.640695,-123.40445,250-667-0363,,,Y,N,N,N,N,N,Y,N,N,N,N,N,N,N,N,N,N,Not offered,Not offered,N,N,N,N,Y,Y,Y,N,N,N,N,2026-05-20,,N,Y,N,Sprouts In The Garden Childcare Ltd.<br>Licensed Group<br>250-667-0363<br><br>Vacancy:<br>&nbsp;&nbsp;&nbsp;&nbsp;<36 months: N<br>&nbsp;&nbsp;&nbsp;&nbsp;30 months -- 5 years: N<br>&nbsp;&nbsp;&nbsp;&nbsp;Preschool: N<br>&nbsp;&nbsp;&nbsp;&nbsp;Grade 1 - Age 12: N<br>
3779,Licensed Family,Bright Roots Childcare Centre,1288 E 64Th Ave,,Vancouver,V5X 2N9,49.211708,-123.080382,647-642-1963,,,N,N,N,N,N,N,N,N,N,N,N,N,N,N,N,N,N,,,N,N,N,N,N,N,N,N,Y,N,N,2026-05-20,,N,Y,N,Bright Roots Childcare Centre<br>Licensed Family<br>647-642-1963<br><br>Vacancy:<br>&nbsp;&nbsp;&nbsp;&nbsp;<36 months: N<br>&nbsp;&nbsp;&nbsp;&nbsp;30 months -- 5 years: Y<br>&nbsp;&nbsp;&nbsp;&nbsp;Preschool: N<br>&nbsp;&nbsp;&nbsp;&nbsp;Grade 1 - Age 12: N<br>
3780,Licensed Group,Sprouts House - Early Learning Center Ltd.,1580 Cook St,,Victoria,V8T 3N8,48.428026,-123.353503,778-700-1605,,,N,N,N,N,N,N,N,N,N,N,N,N,N,N,N,N,N,,,N,N,N,N,N,N,N,N,N,N,N,2026-04-20,,N,Y,N,Sprouts House - Early Learning Center Ltd.<br>Licensed Group<br>778-700-1605<br><br>Vacancy:<br>&nbsp;&nbsp;&nbsp;&nbsp;<36 months: N<br>&nbsp;&nbsp;&nbsp;&nbsp;30 months -- 5 years: N<br>&nbsp;&nbsp;&nbsp;&nbsp;Preschool: N<br>&nbsp;&nbsp;&nbsp;&nbsp;Grade 1 - Age 12: N<br>
3781,Licensed Family,Tiny Tots Home Daycare Ltd.,8615 112 Ave,,Fort St. John,V1J 0H9,56.257254,-120.822634,778-552-0140,,,Y,N,N,N,N,N,Y,Y,N,N,N,N,Y,N,N,N,N,Not offered,Not offered,N,N,N,N,N,Y,Y,N,Y,N,N,2026-05-03,,N,Y,N,Tiny Tots Home Daycare Ltd.<br>Licensed Family<br>778-552-0140<br><br>Vacancy:<br>&nbsp;&nbsp;&nbsp;&nbsp;<36 months: N<br>&nbsp;&nbsp;&nbsp;&nbsp;30 months -- 5 years: Y<br>&nbsp;&nbsp;&nbsp;&nbsp;Preschool: N<br>&nbsp;&nbsp;&nbsp;&nbsp;Grade 1 - Age 12: N<br>
3782,Licensed Group,Hilltop Montessori Childcare,257 Montgomery St,,Coquitlam,V3K 5E9,49.23825,-122.839247,778-998-8976,,,N,N,N,N,N,N,N,N,N,N,N,N,N,N,N,N,N,,,N,N,N,N,N,N,N,N,N,N,N,2026-04-30,,N,Y,N,Hilltop Montessori Childcare<br>Licensed Group<br>778-998-8976<br><br>Vacancy:<br>&nbsp;&nbsp;&nbsp;&nbsp;<36 months: N<br>&nbsp;&nbsp;&nbsp;&nbsp;30 months -- 5 years: N<br>&nbsp;&nbsp;&nbsp;&nbsp;Preschool: N<br>&nbsp;&nbsp;&nbsp;&nbsp;Grade 1 - Age 12: N<br>
3783,Licensed Group,Cecelia Childcare Centre,496 Cecelia Road 101,,Victoria,V8T 0E9,48.444114,-123.375967,250-388-5251,,,N,N,N,N,N,N,N,N,N,N,N,N,N,N,N,N,N,,,N,N,N,N,N,N,N,N,N,N,Y,2026-05-05,,N,Y,N,Cecelia Childcare Centre<br>Licensed Group<br>250-388-5251<br><br>Vacancy:<br>&nbsp;&nbsp;&nbsp;&nbsp;<36 months: N<br>&nbsp;&nbsp;&nbsp;&nbsp;30 months -- 5 years: N<br>&nbsp;&nbsp;&nbsp;&nbsp;Preschool: N<br>&nbsp;&nbsp;&nbsp;&nbsp;Grade 1 - Age 12: Y<br>
3784,Licensed Group,Hula Bears Child Care,4556 Clinton Street,,Burnaby,V5J 2K5,49.212725,-123.000929,778-239-8818,,,N,N,N,N,N,N,N,N,N,N,N,N,N,N,N,N,N,,,N,N,N,N,N,N,N,Y,N,N,N,2026-05-18,,N,Y,N,Hula Bears Child Care<br>Licensed Group<br>778-239-8818<br><br>Vacancy:<br>&nbsp;&nbsp;&nbsp;&nbsp;<36 months: Y<br>&nbsp;&nbsp;&nbsp;&nbsp;30 months -- 5 years: N<br>&nbsp;&nbsp;&nbsp;&nbsp;Preschool: N<br>&nbsp;&nbsp;&nbsp;&nbsp;Grade 1 - Age 12: N<br>
3785,Licensed Group,Dover Learning Center -Maple Ridge,22611 Dewdney Trunk Rd,,Maple Ridge,V2X 3K1,49.22073,-122.595578,604-551-3401,,,N,N,N,N,N,N,N,N,N,N,N,N,N,N,N,N,N,,,N,N,N,N,N,N,N,N,Y,N,N,2026-05-15,,N,Y,N,Dover Learning Center -Maple Ridge<br>Licensed Group<br>604-551-3401<br><br>Vacancy:<br>&nbsp;&nbsp;&nbsp;&nbsp;<36 months: N<br>&nbsp;&nbsp;&nbsp;&nbsp;30 months -- 5 years: Y<br>&nbsp;&nbsp;&nbsp;&nbsp;Preschool: N<br>&nbsp;&nbsp;&nbsp;&nbsp;Grade 1 - Age 12: N<br>
3786,Licensed Group,Crawls To Crayons,4927 Agar Ave Unit A,,Terrace,V8G 1H8,54.510978,-128.609603,250-922-5724,,,N,N,N,N,N,N,N,N,N,N,N,N,N,N,N,N,N,,,N,N,N,N,N,N,N,Y,Y,N,N,2026-05-18,,N,Y,N,Crawls To Crayons<br>Licensed Group<br>250-922-5724<br><br>Vacancy:<br>&nbsp;&nbsp;&nbsp;&nbsp;<36 months: Y<br>&nbsp;&nbsp;&nbsp;&nbsp;30 months -- 5 years: Y<br>&nbsp;&nbsp;&nbsp;&nbsp;Preschool: N<br>&nbsp;&nbsp;&nbsp;&nbsp;Grade 1 - Age 12: N<br>
3787,Licensed Family,Meris Kids Poco,2451 Ottawa St,,Port Coquitlam,V3B 7N6,49.259775,-122.746908,236-512-7975,,,N,N,N,N,N,N,Y,Y,N,Y,N,N,N,N,Y,Y,Y,Extra fee,Extra fee,N,N,N,N,N,N,N,Y,Y,N,N,2026-05-21,,N,Y,N,Meris Kids Poco<br>Licensed Family<br>236-512-7975<br><br>Vacancy:<br>&nbsp;&nbsp;&nbsp;&nbsp;<36 months: Y<br>&nbsp;&nbsp;&nbsp;&nbsp;30 months -- 5 years: Y<br>&nbsp;&nbsp;&nbsp;&nbsp;Preschool: N<br>&nbsp;&nbsp;&nbsp;&nbsp;Grade 1 - Age 12: N<br>
3788,Licensed Family,Elad Academy Corp.,1845 King George Blvd,,Surrey,V4A 4Z9,49.035217,-122.781174,778-881-3214,,,N,N,N,N,N,N,N,N,N,N,N,N,N,N,N,N,N,,,N,N,N,N,N,N,N,N,N,N,N,2026-05-15,,N,Y,N,Elad Academy Corp.<br>Licensed Family<br>778-881-3214<br><br>Vacancy:<br>&nbsp;&nbsp;&nbsp;&nbsp;<36 months: N<br>&nbsp;&nbsp;&nbsp;&nbsp;30 months -- 5 years: N<br>&nbsp;&nbsp;&nbsp;&nbsp;Preschool: N<br>&nbsp;&nbsp;&nbsp;&nbsp;Grade 1 - Age 12: N<br>
3789,Licensed Family,Leela Child Care Center,4176 Gilpin Cres,,Burnaby,V5G 2K2,49.2408,-123.011501,672-380-4022,,,Y,N,N,N,N,N,Y,Y,N,N,N,N,N,N,N,N,N,Extra fee,Extra fee,N,N,N,N,N,N,N,Y,Y,N,N,2026-05-16,,N,Y,N,Leela Child Care Center<br>Licensed Family<br>672-380-4022<br><br>Vacancy:<br>&nbsp;&nbsp;&nbsp;&nbsp;<36 months: Y<br>&nbsp;&nbsp;&nbsp;&nbsp;30 months -- 5 years: Y<br>&nbsp;&nbsp;&nbsp;&nbsp;Preschool: N<br>&nbsp;&nbsp;&nbsp;&nbsp;Grade 1 - Age 12: N<br>
3790,Licensed Family,Sweet Petal Playcare,2139 Maple Ave N,,Sooke,V9Z 0M8,48.376822,-123.740133,250-882-2216,www.sweetpetalplaycare.com,,Y,N,N,N,N,N,Y,Y,N,N,N,N,N,N,N,N,N,Not offered,Not offered,N,N,N,N,N,N,N,N,N,N,N,2026-05-15,,N,Y,N,Sweet Petal Playcare<br>Licensed Family<br>250-882-2216<br><br>Vacancy:<br>&nbsp;&nbsp;&nbsp;&nbsp;<36 months: N<br>&nbsp;&nbsp;&nbsp;&nbsp;30 months -- 5 years: N<br>&nbsp;&nbsp;&nbsp;&nbsp;Preschool: N<br>&nbsp;&nbsp;&nbsp;&nbsp;Grade 1 - Age 12: N<br>
3791,Licensed Group,Twinkle Town Day Care,1438 Frederick Rd,,North Vancouver,V7K 1J7,49.319981,-123.072411,604-366-2545,,,N,N,N,N,N,N,N,N,N,N,N,N,N,N,N,N,N,,,N,N,N,N,N,N,N,N,N,N,N,2026-05-12,,N,Y,N,Twinkle Town Day Care<br>Licensed Group<br>604-366-2545<br><br>Vacancy:<br>&nbsp;&nbsp;&nbsp;&nbsp;<36 months: N<br>&nbsp;&nbsp;&nbsp;&nbsp;30 months -- 5 years: N<br>&nbsp;&nbsp;&nbsp;&nbsp;Preschool: N<br>&nbsp;&nbsp;&nbsp;&nbsp;Grade 1 - Age 12: N<br>
3792,Licensed Family,Little Magicians Childcare Centre,8467 155A St,,Surrey,V3S 6W3,49.156742,-122.791557,778-883-9412,,,N,N,N,N,N,N,N,N,N,N,N,N,N,N,N,N,N,,,N,N,N,N,N,N,N,N,Y,N,N,2026-05-15,,N,Y,N,Little Magicians Childcare Centre<br>Licensed Family<br>778-883-9412<br><br>Vacancy:<br>&nbsp;&nbsp;&nbsp;&nbsp;<36 months: N<br>&nbsp;&nbsp;&nbsp;&nbsp;30 months -- 5 years: Y<br>&nbsp;&nbsp;&nbsp;&nbsp;Preschool: N<br>&nbsp;&nbsp;&nbsp;&nbsp;Grade 1 - Age 12: N<br>
3793,Licensed Group,Quayside Child Care Centre,710 Quayside Dr,,New Westminster,V3M 0P3,49.200981,-122.909675,604-537-8481,,,N,N,N,N,N,N,N,N,N,N,N,N,N,N,N,N,N,,,N,N,N,N,N,N,N,Y,Y,N,N,2026-05-15,,N,Y,N,Quayside Child Care Centre<br>Licensed Group<br>604-537-8481<br><br>Vacancy:<br>&nbsp;&nbsp;&nbsp;&nbsp;<36 months: Y<br>&nbsp;&nbsp;&nbsp;&nbsp;30 months -- 5 years: Y<br>&nbsp;&nbsp;&nbsp;&nbsp;Preschool: N<br>&nbsp;&nbsp;&nbsp;&nbsp;Grade 1 - Age 12: N<br>
3794,Licensed Family,Angel's Angels Child Care,16251 Southglen Pl,,Surrey,V4N 1T9,49.194382,-122.771204,778-886-1780,,,N,N,N,N,N,N,N,N,N,N,N,N,N,N,N,N,N,,,N,N,N,N,N,N,N,Y,Y,N,Y,2026-05-19,,N,Y,N,Angel's Angels Child Care<br>Licensed Family<br>778-886-1780<br><br>Vacancy:<br>&nbsp;&nbsp;&nbsp;&nbsp;<36 months: Y<br>&nbsp;&nbsp;&nbsp;&nbsp;30 months -- 5 years: Y<br>&nbsp;&nbsp;&nbsp;&nbsp;Preschool: N<br>&nbsp;&nbsp;&nbsp;&nbsp;Grade 1 - Age 12: Y<br>
3795,Licensed Group,Somewhere To Grow Montessori Childcare Centre 2,6195 136 St,,Surrey,V3X 1H4,49.115034,-122.845602,778-578-0329,,,N,N,N,N,N,N,N,N,N,N,N,N,N,N,N,N,N,,,N,N,N,N,N,N,N,Y,Y,N,N,2026-05-15,,N,Y,N,Somewhere To Grow Montessori Childcare Centre 2<br>Licensed Group<br>778-578-0329<br><br>Vacancy:<br>&nbsp;&nbsp;&nbsp;&nbsp;<36 months: Y<br>&nbsp;&nbsp;&nbsp;&nbsp;30 months -- 5 years: Y<br>&nbsp;&nbsp;&nbsp;&nbsp;Preschool: N<br>&nbsp;&nbsp;&nbsp;&nbsp;Grade 1 - Age 12: N<br>
3796,Licensed Group,Somewhere To Grow Montessori Childcare Centre 3,13580 62 Ave,,Surrey,V3X 2J4,49.115256,-122.846108,778-578-0329,,,N,N,N,N,N,N,N,N,N,N,N,N,N,N,N,N,N,,,N,N,N,N,N,N,N,Y,Y,N,N,2026-05-15,,N,Y,N,Somewhere To Grow Montessori Childcare Centre 3<br>Licensed Group<br>778-578-0329<br><br>Vacancy:<br>&nbsp;&nbsp;&nbsp;&nbsp;<36 months: Y<br>&nbsp;&nbsp;&nbsp;&nbsp;30 months -- 5 years: Y<br>&nbsp;&nbsp;&nbsp;&nbsp;Preschool: N<br>&nbsp;&nbsp;&nbsp;&nbsp;Grade 1 - Age 12: N<br>
3797,Licensed Group,Nancy's Infant And Toddler Center Inc.,641 W Queens Rd,,North Vancouver,V7N 2L2,49.32062,-123.07379,604-764-0550,,,,,,,,,,,,,,,,,,,,,,,,,,,,,,,,,,,Y,N,N,Nancy's Infant And Toddler Center Inc.<br>Licensed Group<br>604-764-0550<br><br>Vacancy:<br>&nbsp;&nbsp;&nbsp;&nbsp;<36 months: None<br>&nbsp;&nbsp;&nbsp;&nbsp;30 months -- 5 years: None<br>&nbsp;&nbsp;&nbsp;&nbsp;Preschool: None<br>&nbsp;&nbsp;&nbsp;&nbsp;Grade 1 - Age 12: None<br>
3798,Licensed Family,Brock Hub Family Daycare,1112 14Th St,,Kamloops,V2B 8K7,50.705568,-120.375998,250-879-1082,,,N,N,N,N,N,N,N,N,N,N,N,N,N,N,N,N,N,,,N,N,N,N,N,N,N,N,N,N,N,2026-04-30,,N,Y,N,Brock Hub Family Daycare<br>Licensed Family<br>250-879-1082<br><br>Vacancy:<br>&nbsp;&nbsp;&nbsp;&nbsp;<36 months: N<br>&nbsp;&nbsp;&nbsp;&nbsp;30 months -- 5 years: N<br>&nbsp;&nbsp;&nbsp;&nbsp;Preschool: N<br>&nbsp;&nbsp;&nbsp;&nbsp;Grade 1 - Age 12: N<br>
3799,Licensed Family,Bev's House,3853 14Th Avenue,,Smithers,V0J 2N0,54.782806,-127.154955,250-814-3817,,,N,N,N,N,N,N,N,N,N,N,N,N,N,N,N,N,N,,,N,N,N,N,N,N,N,N,Y,N,N,2026-04-25,,N,Y,N,Bev's House<br>Licensed Family<br>250-814-3817<br><br>Vacancy:<br>&nbsp;&nbsp;&nbsp;&nbsp;<36 months: N<br>&nbsp;&nbsp;&nbsp;&nbsp;30 months -- 5 years: Y<br>&nbsp;&nbsp;&nbsp;&nbsp;Preschool: N<br>&nbsp;&nbsp;&nbsp;&nbsp;Grade 1 - Age 12: N<br>
3800,Licensed Group,Buckingham Little Stars Childcare Center,6130 Buckingham Pl,,Burnaby,V5E 2A4,49.233449,-122.953869,778-898-6338,,,N,N,N,N,N,N,N,N,N,N,N,N,N,N,N,N,N,,,N,N,N,N,N,N,N,Y,N,N,N,2026-04-29,,N,Y,N,Buckingham Little Stars Childcare Center<br>Licensed Group<br>778-898-6338<br><br>Vacancy:<br>&nbsp;&nbsp;&nbsp;&nbsp;<36 months: Y<br>&nbsp;&nbsp;&nbsp;&nbsp;30 months -- 5 years: N<br>&nbsp;&nbsp;&nbsp;&nbsp;Preschool: N<br>&nbsp;&nbsp;&nbsp;&nbsp;Grade 1 - Age 12: N<br>
3801,Licensed Family,Little Smarties Childcare,572 Schoolhouse St,,Coquitlam,V3J 5P3,49.253432,-122.852857,604-679-9476,,,N,N,N,N,N,N,N,N,N,N,N,N,N,N,N,N,N,,,N,N,N,N,N,N,N,N,Y,N,N,2026-05-15,,N,Y,N,Little Smarties Childcare<br>Licensed Family<br>604-679-9476<br><br>Vacancy:<br>&nbsp;&nbsp;&nbsp;&nbsp;<36 months: N<br>&nbsp;&nbsp;&nbsp;&nbsp;30 months -- 5 years: Y<br>&nbsp;&nbsp;&nbsp;&nbsp;Preschool: N<br>&nbsp;&nbsp;&nbsp;&nbsp;Grade 1 - Age 12: N<br>
3802,Licensed Group,Twig + Owl / Violet,2715 Violet St,,North Vancouver,V7H 1H2,49.31673,-122.998956,604-929-5371,,,N,N,N,N,N,N,N,N,N,N,N,N,N,N,N,N,N,,,N,N,N,N,N,N,N,N,Y,N,N,2026-04-19,,N,Y,N,Twig + Owl / Violet<br>Licensed Group<br>604-929-5371<br><br>Vacancy:<br>&nbsp;&nbsp;&nbsp;&nbsp;<36 months: N<br>&nbsp;&nbsp;&nbsp;&nbsp;30 months -- 5 years: Y<br>&nbsp;&nbsp;&nbsp;&nbsp;Preschool: N<br>&nbsp;&nbsp;&nbsp;&nbsp;Grade 1 - Age 12: N<br>
3803,Licensed Family,Creative Minds Childcare,3373 273 St,,Aldergrove,V4W 4A7,49.063565,-122.467898,778-235-1497,,,N,N,N,N,N,N,N,N,N,N,N,N,N,N,N,N,N,,,N,N,N,N,N,N,N,Y,Y,N,Y,2026-05-19,,N,Y,N,Creative Minds Childcare<br>Licensed Family<br>778-235-1497<br><br>Vacancy:<br>&nbsp;&nbsp;&nbsp;&nbsp;<36 months: Y<br>&nbsp;&nbsp;&nbsp;&nbsp;30 months -- 5 years: Y<br>&nbsp;&nbsp;&nbsp;&nbsp;Preschool: N<br>&nbsp;&nbsp;&nbsp;&nbsp;Grade 1 - Age 12: Y<br>
3804,Licensed Family,Silver Ridge Montessori- William Watson,7882 163St,,Surrey,V4N 0K6,49.146666,-122.769979,604-315-1085,,,N,N,N,N,N,N,N,N,N,N,N,N,N,N,N,N,N,,,N,N,N,N,N,N,N,Y,Y,N,N,2026-05-14,,N,Y,N,Silver Ridge Montessori- William Watson<br>Licensed Family<br>604-315-1085<br><br>Vacancy:<br>&nbsp;&nbsp;&nbsp;&nbsp;<36 months: Y<br>&nbsp;&nbsp;&nbsp;&nbsp;30 months -- 5 years: Y<br>&nbsp;&nbsp;&nbsp;&nbsp;Preschool: N<br>&nbsp;&nbsp;&nbsp;&nbsp;Grade 1 - Age 12: N<br>
3805,Licensed Group,Fraser Montessori Children's House,6858 Fraser St,,Vancouver,V5X 3V1,49.222364,-123.090007,778-996-0590,,,Y,N,N,N,N,N,N,Y,N,N,N,N,N,N,N,N,N,Not offered,Not offered,N,N,N,N,N,N,N,N,N,N,N,2026-05-13,,N,Y,N,Fraser Montessori Children's House<br>Licensed Group<br>778-996-0590<br><br>Vacancy:<br>&nbsp;&nbsp;&nbsp;&nbsp;<36 months: N<br>&nbsp;&nbsp;&nbsp;&nbsp;30 months -- 5 years: N<br>&nbsp;&nbsp;&nbsp;&nbsp;Preschool: N<br>&nbsp;&nbsp;&nbsp;&nbsp;Grade 1 - Age 12: N<br>
3806,Licensed Group,Onesky Skaha Lake Childcare Center,116 Greeen Ave W,,Penticton,V2A 3T1,49.463765,-119.582915,250-485-8969,,,N,N,N,N,N,N,N,N,N,N,N,N,N,N,N,N,N,,,N,N,N,N,N,N,N,N,Y,N,Y,2026-05-11,,N,Y,N,Onesky Skaha Lake Childcare Center<br>Licensed Group<br>250-485-8969<br><br>Vacancy:<br>&nbsp;&nbsp;&nbsp;&nbsp;<36 months: N<br>&nbsp;&nbsp;&nbsp;&nbsp;30 months -- 5 years: Y<br>&nbsp;&nbsp;&nbsp;&nbsp;Preschool: N<br>&nbsp;&nbsp;&nbsp;&nbsp;Grade 1 - Age 12: Y<br>
3807,Licensed Group,Lakeside,903 B Nelson Ave,,Nelson,V1L 2N8,49.507151,-117.279521,250-551-2542,,,N,N,N,N,N,N,N,N,N,N,N,N,N,N,N,N,N,,,N,N,N,N,N,N,N,N,N,N,N,2026-04-17,,N,Y,N,Lakeside<br>Licensed Group<br>250-551-2542<br><br>Vacancy:<br>&nbsp;&nbsp;&nbsp;&nbsp;<36 months: N<br>&nbsp;&nbsp;&nbsp;&nbsp;30 months -- 5 years: N<br>&nbsp;&nbsp;&nbsp;&nbsp;Preschool: N<br>&nbsp;&nbsp;&nbsp;&nbsp;Grade 1 - Age 12: N<br>
3808,Licensed Family,It Takes A Village,239 Bayview Ave,,Ladysmith,V9G 1A3,48.987232,-123.810539,250-619-6375,,,N,N,N,N,N,N,N,N,N,N,N,N,N,N,N,N,N,,,N,N,N,N,N,N,N,N,N,N,N,2026-05-03,,N,Y,N,It Takes A Village<br>Licensed Family<br>250-619-6375<br><br>Vacancy:<br>&nbsp;&nbsp;&nbsp;&nbsp;<36 months: N<br>&nbsp;&nbsp;&nbsp;&nbsp;30 months -- 5 years: N<br>&nbsp;&nbsp;&nbsp;&nbsp;Preschool: N<br>&nbsp;&nbsp;&nbsp;&nbsp;Grade 1 - Age 12: N<br>
3809,Licensed Group,Yennadon Annex Active Kids Club,12854 232Nd St,,Maple Ridge,V2X 6T9,49.235937,-122.579353,604-467-7478,,,N,N,N,N,N,N,N,N,N,N,N,N,N,N,N,N,N,,,N,N,N,N,N,N,N,N,N,N,N,2026-05-21,,N,Y,N,Yennadon Annex Active Kids Club<br>Licensed Group<br>604-467-7478<br><br>Vacancy:<br>&nbsp;&nbsp;&nbsp;&nbsp;<36 months: N<br>&nbsp;&nbsp;&nbsp;&nbsp;30 months -- 5 years: N<br>&nbsp;&nbsp;&nbsp;&nbsp;Preschool: N<br>&nbsp;&nbsp;&nbsp;&nbsp;Grade 1 - Age 12: N<br>
3810,Licensed Group,Inspirations Montessori School Newwest,204 - 810 Quayside Drive,,New Westminster,V3M 6B9,49.200121,-122.911627,604-566-8886,,,N,N,N,N,N,N,N,N,N,N,N,N,N,N,N,N,N,,,N,N,N,N,N,N,N,N,Y,N,N,2026-04-20,,N,Y,N,Inspirations Montessori School Newwest<br>Licensed Group<br>604-566-8886<br><br>Vacancy:<br>&nbsp;&nbsp;&nbsp;&nbsp;<36 months: N<br>&nbsp;&nbsp;&nbsp;&nbsp;30 months -- 5 years: Y<br>&nbsp;&nbsp;&nbsp;&nbsp;Preschool: N<br>&nbsp;&nbsp;&nbsp;&nbsp;Grade 1 - Age 12: N<br>
3811,Licensed Group,Dynamic Kids In Motion,1099 Fraser St,,Kamloops,V2C 3H8,50.666103,-120.314679,236-313-4746,,,,,,,,,,,,,,,,,,,,,,,,,,,,,,,,,,,Y,Y,N,Dynamic Kids In Motion<br>Licensed Group<br>236-313-4746<br><br>Vacancy:<br>&nbsp;&nbsp;&nbsp;&nbsp;<36 months: None<br>&nbsp;&nbsp;&nbsp;&nbsp;30 months -- 5 years: None<br>&nbsp;&nbsp;&nbsp;&nbsp;Preschool: None<br>&nbsp;&nbsp;&nbsp;&nbsp;Grade 1 - Age 12: None<br>
3812,Licensed Group,Mom's Pride Childcare Centre,3214 Hargraves Pl,,Kamloops,V2B 8H3,50.765926,-120.352029,604-374-3688,,,,,,,,,,,,,,,,,,,,,,,,,,,,,,,,,,,Y,Y,N,Mom's Pride Childcare Centre<br>Licensed Group<br>604-374-3688<br><br>Vacancy:<br>&nbsp;&nbsp;&nbsp;&nbsp;<36 months: None<br>&nbsp;&nbsp;&nbsp;&nbsp;30 months -- 5 years: None<br>&nbsp;&nbsp;&nbsp;&nbsp;Preschool: None<br>&nbsp;&nbsp;&nbsp;&nbsp;Grade 1 - Age 12: None<br>
3813,Licensed Group,Hi Sun Childcare Center,1901 Queens Ave,,West Vancouver,V7V 2X8,49.342521,-123.164927,604-721-8357,,,,,,,,,,,,,,,,,,,,,,,,,,,,,,,,,,,Y,Y,Y,Hi Sun Childcare Center<br>Licensed Group<br>604-721-8357<br><br>Vacancy:<br>&nbsp;&nbsp;&nbsp;&nbsp;<36 months: None<br>&nbsp;&nbsp;&nbsp;&nbsp;30 months -- 5 years: None<br>&nbsp;&nbsp;&nbsp;&nbsp;Preschool: None<br>&nbsp;&nbsp;&nbsp;&nbsp;Grade 1 - Age 12: None<br>
3814,Licensed Group,Hi Sun Childcare Center,1901 Queens Ave,,West Vancouver,V7V 2X8,49.342521,-123.164927,604-721-8357,,,,,,,,,,,,,,,,,,,,,,,,,,,,,,,,,,,Y,Y,Y,Hi Sun Childcare Center<br>Licensed Group<br>604-721-8357<br><br>Vacancy:<br>&nbsp;&nbsp;&nbsp;&nbsp;<36 months: None<br>&nbsp;&nbsp;&nbsp;&nbsp;30 months -- 5 years: None<br>&nbsp;&nbsp;&nbsp;&nbsp;Preschool: None<br>&nbsp;&nbsp;&nbsp;&nbsp;Grade 1 - Age 12: None<br>
3815,Licensed Family,Golden Heart Early Learning Academy,2134 Oakridge Cres,,Abbotsford,V2T 6A8,49.040884,-122.347208,604-621-2125,,,N,N,N,N,N,N,N,N,N,N,N,N,N,N,N,N,N,,,N,N,N,N,N,N,N,Y,Y,N,Y,2026-05-05,,N,Y,N,Golden Heart Early Learning Academy<br>Licensed Family<br>604-621-2125<br><br>Vacancy:<br>&nbsp;&nbsp;&nbsp;&nbsp;<36 months: Y<br>&nbsp;&nbsp;&nbsp;&nbsp;30 months -- 5 years: Y<br>&nbsp;&nbsp;&nbsp;&nbsp;Preschool: N<br>&nbsp;&nbsp;&nbsp;&nbsp;Grade 1 - Age 12: Y<br>
3816,Licensed Family,Jeewoo Daycare,7327 Ethel Ave,,Burnaby,V3N 2C6,49.214992,-122.944045,778-386-9242,www.jeewoodaycare.com,,Y,N,N,N,N,N,Y,Y,N,N,N,N,Y,N,N,N,N,Not offered,Not offered,N,N,N,N,N,Y,Y,Y,Y,N,N,2026-05-18,,N,Y,N,Jeewoo Daycare<br>Licensed Family<br>778-386-9242<br><br>Vacancy:<br>&nbsp;&nbsp;&nbsp;&nbsp;<36 months: Y<br>&nbsp;&nbsp;&nbsp;&nbsp;30 months -- 5 years: Y<br>&nbsp;&nbsp;&nbsp;&nbsp;Preschool: N<br>&nbsp;&nbsp;&nbsp;&nbsp;Grade 1 - Age 12: N<br>
3817,Licensed Group,Little Town Childcare,4378 Imperial St,,Burnaby,V5J 1A9,49.221702,-123.005949,604-729-6655,,,N,N,N,N,N,N,N,N,N,N,N,N,N,N,N,N,N,,,N,N,N,N,N,N,N,N,N,N,N,2026-05-15,,N,Y,N,Little Town Childcare<br>Licensed Group<br>604-729-6655<br><br>Vacancy:<br>&nbsp;&nbsp;&nbsp;&nbsp;<36 months: N<br>&nbsp;&nbsp;&nbsp;&nbsp;30 months -- 5 years: N<br>&nbsp;&nbsp;&nbsp;&nbsp;Preschool: N<br>&nbsp;&nbsp;&nbsp;&nbsp;Grade 1 - Age 12: N<br>
3818,Licensed Family,Watch Me Grow Morgan Crossing Childcare,3447 156A St,,Surrey,V3Z 0K4,49.064567,-122.788915,778-513-0888,,,N,N,N,N,N,N,N,N,N,N,N,N,N,N,N,N,N,,,N,N,N,N,N,N,N,N,N,N,N,2026-05-19,,N,Y,N,Watch Me Grow Morgan Crossing Childcare<br>Licensed Family<br>778-513-0888<br><br>Vacancy:<br>&nbsp;&nbsp;&nbsp;&nbsp;<36 months: N<br>&nbsp;&nbsp;&nbsp;&nbsp;30 months -- 5 years: N<br>&nbsp;&nbsp;&nbsp;&nbsp;Preschool: N<br>&nbsp;&nbsp;&nbsp;&nbsp;Grade 1 - Age 12: N<br>
3819,Licensed Family,Tiny Toes Daycare Ltd.,8608 78A St,,Fort St. John,V1J 3B1,56.232887,-120.807413,778-712-7071,,,N,N,N,N,N,N,Y,Y,N,Y,Y,N,Y,N,N,N,N,Not offered,Not offered,N,N,N,N,N,N,Y,N,Y,N,Y,2026-05-18,,N,Y,N,Tiny Toes Daycare Ltd.<br>Licensed Family<br>778-712-7071<br><br>Vacancy:<br>&nbsp;&nbsp;&nbsp;&nbsp;<36 months: N<br>&nbsp;&nbsp;&nbsp;&nbsp;30 months -- 5 years: Y<br>&nbsp;&nbsp;&nbsp;&nbsp;Preschool: N<br>&nbsp;&nbsp;&nbsp;&nbsp;Grade 1 - Age 12: Y<br>
3820,Licensed Group,Beyond Milestones Child Care Centre,8043 100 Avenue,,Fort St. John,V1J 1W2,56.246211,-120.810704,778-256-7128,,,N,N,N,N,N,N,N,N,N,N,N,N,N,N,N,N,N,,,N,N,N,N,N,N,N,Y,Y,N,N,2026-05-20,,N,Y,N,Beyond Milestones Child Care Centre<br>Licensed Group<br>778-256-7128<br><br>Vacancy:<br>&nbsp;&nbsp;&nbsp;&nbsp;<36 months: Y<br>&nbsp;&nbsp;&nbsp;&nbsp;30 months -- 5 years: Y<br>&nbsp;&nbsp;&nbsp;&nbsp;Preschool: N<br>&nbsp;&nbsp;&nbsp;&nbsp;Grade 1 - Age 12: N<br>
3821,Licensed Family,Cosmic Cove Educare,712 Baycrest Dr,,North Vancouver,V7G 1N8,49.311746,-122.951885,778-960-0828,,,N,N,N,N,N,N,N,N,N,N,N,N,N,N,N,N,N,,,N,N,N,N,N,N,N,Y,Y,N,N,2026-05-01,,N,Y,N,Cosmic Cove Educare<br>Licensed Family<br>778-960-0828<br><br>Vacancy:<br>&nbsp;&nbsp;&nbsp;&nbsp;<36 months: Y<br>&nbsp;&nbsp;&nbsp;&nbsp;30 months -- 5 years: Y<br>&nbsp;&nbsp;&nbsp;&nbsp;Preschool: N<br>&nbsp;&nbsp;&nbsp;&nbsp;Grade 1 - Age 12: N<br>
3822,Licensed Group,Educare 2 Childcare Centre,5988 Leibly Ave,,Burnaby,V5E 3C8,49.230245,-122.962275,604-808-7623,,,N,N,N,N,N,N,N,N,N,N,N,N,N,N,N,N,N,,,N,N,N,N,N,N,N,N,N,N,N,2026-04-21,,N,Y,N,Educare 2 Childcare Centre<br>Licensed Group<br>604-808-7623<br><br>Vacancy:<br>&nbsp;&nbsp;&nbsp;&nbsp;<36 months: N<br>&nbsp;&nbsp;&nbsp;&nbsp;30 months -- 5 years: N<br>&nbsp;&nbsp;&nbsp;&nbsp;Preschool: N<br>&nbsp;&nbsp;&nbsp;&nbsp;Grade 1 - Age 12: N<br>
3823,Licensed Group,My Little Leaps Daycare,104-2631 Enterprise Way,,Kelowna,V1X 7Z3,49.893374,-119.420598,778-484-0044,,,Y,N,N,N,N,N,Y,Y,N,N,N,N,N,N,N,N,N,Not offered,Not offered,N,N,N,N,N,Y,N,N,Y,N,N,2026-05-08,,N,Y,N,My Little Leaps Daycare<br>Licensed Group<br>778-484-0044<br><br>Vacancy:<br>&nbsp;&nbsp;&nbsp;&nbsp;<36 months: N<br>&nbsp;&nbsp;&nbsp;&nbsp;30 months -- 5 years: Y<br>&nbsp;&nbsp;&nbsp;&nbsp;Preschool: N<br>&nbsp;&nbsp;&nbsp;&nbsp;Grade 1 - Age 12: N<br>
3824,Licensed Group,The Muddy Children's Society,1239 Notch Hill Rd,,Sorrento,V0E 2W2,50.874952,-119.467991,250-803-2996,,,N,N,N,N,N,N,N,N,N,N,N,N,N,N,N,N,N,,,N,N,N,N,N,N,N,N,N,N,Y,2026-05-20,,N,Y,N,The Muddy Children's Society<br>Licensed Group<br>250-803-2996<br><br>Vacancy:<br>&nbsp;&nbsp;&nbsp;&nbsp;<36 months: N<br>&nbsp;&nbsp;&nbsp;&nbsp;30 months -- 5 years: N<br>&nbsp;&nbsp;&nbsp;&nbsp;Preschool: N<br>&nbsp;&nbsp;&nbsp;&nbsp;Grade 1 - Age 12: Y<br>
3825,Licensed Group,Branches A Nature Play School,11736 Ridgecrest Dr,,Delta,V4E 3A5,49.121449,-122.89763,778-882-7736,,,N,N,N,N,N,N,N,N,N,N,N,N,N,N,N,N,N,,,N,N,N,N,N,N,N,N,N,N,N,2026-05-15,,N,Y,N,Branches A Nature Play School<br>Licensed Group<br>778-882-7736<br><br>Vacancy:<br>&nbsp;&nbsp;&nbsp;&nbsp;<36 months: N<br>&nbsp;&nbsp;&nbsp;&nbsp;30 months -- 5 years: N<br>&nbsp;&nbsp;&nbsp;&nbsp;Preschool: N<br>&nbsp;&nbsp;&nbsp;&nbsp;Grade 1 - Age 12: N<br>
3826,Licensed Group,Willowbrae Academy Delta,8375 120Th St,,Delta,V4C 6R1,49.155183,-122.89051,604-832-8093,,,N,N,N,N,N,N,N,N,N,N,N,N,N,N,N,N,N,,,N,N,N,N,N,N,N,Y,Y,N,N,2026-05-14,,N,Y,N,Willowbrae Academy Delta<br>Licensed Group<br>604-832-8093<br><br>Vacancy:<br>&nbsp;&nbsp;&nbsp;&nbsp;<36 months: Y<br>&nbsp;&nbsp;&nbsp;&nbsp;30 months -- 5 years: Y<br>&nbsp;&nbsp;&nbsp;&nbsp;Preschool: N<br>&nbsp;&nbsp;&nbsp;&nbsp;Grade 1 - Age 12: N<br>
3827,Licensed Family,Creative Champs Daycare,45949 Bogey Pl,,Chilliwack,V2R 0Z8,49.120111,-121.9527,250-943-9000,,,N,N,N,N,N,N,N,N,N,N,N,N,N,N,N,N,N,,,N,N,N,N,N,N,N,Y,Y,N,N,2026-04-24,,N,Y,N,Creative Champs Daycare<br>Licensed Family<br>250-943-9000<br><br>Vacancy:<br>&nbsp;&nbsp;&nbsp;&nbsp;<36 months: Y<br>&nbsp;&nbsp;&nbsp;&nbsp;30 months -- 5 years: Y<br>&nbsp;&nbsp;&nbsp;&nbsp;Preschool: N<br>&nbsp;&nbsp;&nbsp;&nbsp;Grade 1 - Age 12: N<br>
3828,Licensed Group,Little Earthlings Childcare Ltd.,3871 Moncton St,,Richmond,V7E 3A7,49.125415,-123.182182,778-680-2639,,,Y,N,N,N,N,N,N,Y,N,N,N,N,N,N,N,N,N,Not offered,Not offered,Y,Y,Y,N,N,Y,N,N,Y,N,N,2026-05-01,,N,Y,N,Little Earthlings Childcare Ltd.<br>Licensed Group<br>778-680-2639<br><br>Vacancy:<br>&nbsp;&nbsp;&nbsp;&nbsp;<36 months: N<br>&nbsp;&nbsp;&nbsp;&nbsp;30 months -- 5 years: Y<br>&nbsp;&nbsp;&nbsp;&nbsp;Preschool: N<br>&nbsp;&nbsp;&nbsp;&nbsp;Grade 1 - Age 12: N<br>
3829,Licensed Group,Royal Academy,"101, 102, 103 & 104 - 10957 Barnston View Rd",,Pitt Meadows,V3Y 0B6,49.201932,-122.681014,604-465-8585,,,N,N,N,N,N,N,N,N,N,N,N,N,N,N,N,N,N,,,N,N,N,N,N,N,N,N,Y,N,N,2026-05-14,,N,Y,N,Royal Academy<br>Licensed Group<br>604-465-8585<br><br>Vacancy:<br>&nbsp;&nbsp;&nbsp;&nbsp;<36 months: N<br>&nbsp;&nbsp;&nbsp;&nbsp;30 months -- 5 years: Y<br>&nbsp;&nbsp;&nbsp;&nbsp;Preschool: N<br>&nbsp;&nbsp;&nbsp;&nbsp;Grade 1 - Age 12: N<br>
3830,Licensed Group,Royal Academy,201 - 10958 Barnston View Rd,,Pitt Meadows,V3Y 0B8,49.201931,-122.68041,604-460-8585,,,N,N,N,N,N,N,N,N,N,N,N,N,N,N,N,N,N,,,N,N,N,N,N,N,N,N,N,Y,N,2026-05-14,,N,Y,N,Royal Academy<br>Licensed Group<br>604-460-8585<br><br>Vacancy:<br>&nbsp;&nbsp;&nbsp;&nbsp;<36 months: N<br>&nbsp;&nbsp;&nbsp;&nbsp;30 months -- 5 years: N<br>&nbsp;&nbsp;&nbsp;&nbsp;Preschool: Y<br>&nbsp;&nbsp;&nbsp;&nbsp;Grade 1 - Age 12: N<br>
3831,Licensed Family,Willow Creek Academy,1217 95Th Ave,,Dawson Creek,V1G 1J3,55.767472,-120.236422,250-306-6674,,,N,N,N,N,N,N,N,N,N,N,N,N,N,N,N,N,N,,,N,N,N,N,N,N,N,Y,Y,N,N,2026-04-27,,N,Y,N,Willow Creek Academy<br>Licensed Family<br>250-306-6674<br><br>Vacancy:<br>&nbsp;&nbsp;&nbsp;&nbsp;<36 months: Y<br>&nbsp;&nbsp;&nbsp;&nbsp;30 months -- 5 years: Y<br>&nbsp;&nbsp;&nbsp;&nbsp;Preschool: N<br>&nbsp;&nbsp;&nbsp;&nbsp;Grade 1 - Age 12: N<br>
3832,Licensed Group,Bcf - Faithworks Academy & Early Childhood Learning Centre,1501 108 Avenue,,Dawson Creek,V1G 2T5,55.751805,-120.244691,587-969-5919,,,N,N,N,N,N,N,N,N,N,N,N,N,N,N,N,N,N,,,N,N,N,N,N,N,N,Y,Y,N,N,2026-05-07,,N,Y,N,Bcf - Faithworks Academy & Early Childhood Learning Centre<br>Licensed Group<br>587-969-5919<br><br>Vacancy:<br>&nbsp;&nbsp;&nbsp;&nbsp;<36 months: Y<br>&nbsp;&nbsp;&nbsp;&nbsp;30 months -- 5 years: Y<br>&nbsp;&nbsp;&nbsp;&nbsp;Preschool: N<br>&nbsp;&nbsp;&nbsp;&nbsp;Grade 1 - Age 12: N<br>
3833,Licensed Family,Dream House Child Care,2111 Centennial Ave,,Port Coquitlam,V3B 2E4,49.27624,-122.770741,604-440-9918,,,N,N,N,N,N,N,N,N,N,N,N,N,N,N,N,N,N,,,N,N,N,N,N,N,N,Y,Y,N,N,2026-05-20,,N,Y,N,Dream House Child Care<br>Licensed Family<br>604-440-9918<br><br>Vacancy:<br>&nbsp;&nbsp;&nbsp;&nbsp;<36 months: Y<br>&nbsp;&nbsp;&nbsp;&nbsp;30 months -- 5 years: Y<br>&nbsp;&nbsp;&nbsp;&nbsp;Preschool: N<br>&nbsp;&nbsp;&nbsp;&nbsp;Grade 1 - Age 12: N<br>
3834,Licensed Group,Gentle Giants Daycare- Greendale,2 - 6396 Sumas Prairie Rd,,Chilliwack,V2R 4N6,49.117778,-122.045058,604-217-7394,,,N,N,N,N,N,N,N,N,N,N,N,N,N,N,N,N,N,,,N,N,N,N,N,N,N,N,Y,N,N,2026-05-08,,N,Y,N,Gentle Giants Daycare- Greendale<br>Licensed Group<br>604-217-7394<br><br>Vacancy:<br>&nbsp;&nbsp;&nbsp;&nbsp;<36 months: N<br>&nbsp;&nbsp;&nbsp;&nbsp;30 months -- 5 years: Y<br>&nbsp;&nbsp;&nbsp;&nbsp;Preschool: N<br>&nbsp;&nbsp;&nbsp;&nbsp;Grade 1 - Age 12: N<br>
3835,Licensed Group,Hatch Kids Learning Centre-Garden City Prek,8311 Garden City Rd,,Richmond,V6Y 2P1,49.152948,-123.12536,778-870-8303,,,N,N,N,N,N,N,N,N,N,N,N,N,N,N,N,N,N,,,N,N,N,N,N,N,N,N,Y,N,N,2026-04-24,,N,Y,N,Hatch Kids Learning Centre-Garden City Prek<br>Licensed Group<br>778-870-8303<br><br>Vacancy:<br>&nbsp;&nbsp;&nbsp;&nbsp;<36 months: N<br>&nbsp;&nbsp;&nbsp;&nbsp;30 months -- 5 years: Y<br>&nbsp;&nbsp;&nbsp;&nbsp;Preschool: N<br>&nbsp;&nbsp;&nbsp;&nbsp;Grade 1 - Age 12: N<br>
3836,Licensed Group,With Our Own Two Hands Education Inc.,110 3531 Bayview St,,Richmond,V7E 5W3,49.124624,-123.185352,604-274-5277,,,N,N,N,N,N,N,N,N,N,N,N,N,N,N,N,N,N,,,N,N,N,N,N,N,N,Y,Y,N,N,2026-05-19,,N,Y,N,With Our Own Two Hands Education Inc.<br>Licensed Group<br>604-274-5277<br><br>Vacancy:<br>&nbsp;&nbsp;&nbsp;&nbsp;<36 months: Y<br>&nbsp;&nbsp;&nbsp;&nbsp;30 months -- 5 years: Y<br>&nbsp;&nbsp;&nbsp;&nbsp;Preschool: N<br>&nbsp;&nbsp;&nbsp;&nbsp;Grade 1 - Age 12: N<br>
3837,Licensed Group,Cefa Sullivan Ridge,101-5790 King George Blvd,,Surrey,V3X 1G8,49.107847,-122.834983,160-489-7214,,,N,N,N,N,N,N,N,N,N,N,N,N,N,N,N,N,N,,,N,N,N,N,N,N,N,N,N,N,N,2026-05-15,,N,Y,N,Cefa Sullivan Ridge<br>Licensed Group<br>160-489-7214<br><br>Vacancy:<br>&nbsp;&nbsp;&nbsp;&nbsp;<36 months: N<br>&nbsp;&nbsp;&nbsp;&nbsp;30 months -- 5 years: N<br>&nbsp;&nbsp;&nbsp;&nbsp;Preschool: N<br>&nbsp;&nbsp;&nbsp;&nbsp;Grade 1 - Age 12: N<br>
3838,Licensed Family,Silly Crocodile Childcare Inc.,2229 Willoughby Way,,Langley,V2Y 1B8,49.121508,-122.674366,604-808-7035,,,Y,N,N,N,N,N,Y,Y,N,Y,Y,N,Y,N,N,N,Y,Not offered,Not offered,N,N,N,N,N,Y,Y,Y,Y,N,N,2026-05-15,,N,Y,N,Silly Crocodile Childcare Inc.<br>Licensed Family<br>604-808-7035<br><br>Vacancy:<br>&nbsp;&nbsp;&nbsp;&nbsp;<36 months: Y<br>&nbsp;&nbsp;&nbsp;&nbsp;30 months -- 5 years: Y<br>&nbsp;&nbsp;&nbsp;&nbsp;Preschool: N<br>&nbsp;&nbsp;&nbsp;&nbsp;Grade 1 - Age 12: N<br>
3839,Licensed Family,Little Tree Daycare,5121 Betty Rd,,Sechelt,V7Z 0G6,49.458418,-123.733035,604-902-3677,,,N,N,N,N,N,N,N,N,N,N,N,N,N,N,N,N,N,,,N,N,N,N,N,N,N,Y,Y,N,N,2026-05-10,,N,Y,N,Little Tree Daycare<br>Licensed Family<br>604-902-3677<br><br>Vacancy:<br>&nbsp;&nbsp;&nbsp;&nbsp;<36 months: Y<br>&nbsp;&nbsp;&nbsp;&nbsp;30 months -- 5 years: Y<br>&nbsp;&nbsp;&nbsp;&nbsp;Preschool: N<br>&nbsp;&nbsp;&nbsp;&nbsp;Grade 1 - Age 12: N<br>
3840,Licensed Group,Rising Gems Early Learning Centre,5237 Carleton Crt,,Burnaby,V5H 2N4,49.236606,-123.012608,604-566-6648,,,N,N,N,N,N,N,N,N,N,N,N,N,N,N,N,N,N,,,N,N,N,N,N,N,N,N,N,N,N,2026-05-01,,N,Y,N,Rising Gems Early Learning Centre<br>Licensed Group<br>604-566-6648<br><br>Vacancy:<br>&nbsp;&nbsp;&nbsp;&nbsp;<36 months: N<br>&nbsp;&nbsp;&nbsp;&nbsp;30 months -- 5 years: N<br>&nbsp;&nbsp;&nbsp;&nbsp;Preschool: N<br>&nbsp;&nbsp;&nbsp;&nbsp;Grade 1 - Age 12: N<br>
3841,Licensed Family,Cuddle To Crawl,5700 Caddell Dr,,Delta,V4E 1B5,49.106578,-122.892514,604-782-2700,,,N,N,N,N,N,N,N,N,N,N,N,N,N,N,N,N,N,,,N,N,N,N,N,N,N,N,N,N,Y,2026-05-17,,N,Y,N,Cuddle To Crawl<br>Licensed Family<br>604-782-2700<br><br>Vacancy:<br>&nbsp;&nbsp;&nbsp;&nbsp;<36 months: N<br>&nbsp;&nbsp;&nbsp;&nbsp;30 months -- 5 years: N<br>&nbsp;&nbsp;&nbsp;&nbsp;Preschool: N<br>&nbsp;&nbsp;&nbsp;&nbsp;Grade 1 - Age 12: Y<br>
3842,Licensed Group,Nsnh Innova Childcare Centre,250-422 E 3Rd St,,North Vancouver,V7L 1G2,49.309373,-123.0669,604-987-8138,,,N,N,N,N,N,N,N,N,N,N,N,N,N,N,N,N,N,,,N,N,N,N,N,N,N,N,Y,N,N,2026-05-11,,N,Y,N,Nsnh Innova Childcare Centre<br>Licensed Group<br>604-987-8138<br><br>Vacancy:<br>&nbsp;&nbsp;&nbsp;&nbsp;<36 months: N<br>&nbsp;&nbsp;&nbsp;&nbsp;30 months -- 5 years: Y<br>&nbsp;&nbsp;&nbsp;&nbsp;Preschool: N<br>&nbsp;&nbsp;&nbsp;&nbsp;Grade 1 - Age 12: N<br>
3843,Licensed Group,Cozy Corner Tots,4842 Brentlawn Dr,,Burnaby,V5C 3V5,49.26804,-122.993299,604-629-3555,,,N,N,N,N,N,N,N,N,N,N,N,N,N,N,N,N,N,,,N,N,N,N,N,N,N,N,N,N,N,2026-05-14,,N,Y,N,Cozy Corner Tots<br>Licensed Group<br>604-629-3555<br><br>Vacancy:<br>&nbsp;&nbsp;&nbsp;&nbsp;<36 months: N<br>&nbsp;&nbsp;&nbsp;&nbsp;30 months -- 5 years: N<br>&nbsp;&nbsp;&nbsp;&nbsp;Preschool: N<br>&nbsp;&nbsp;&nbsp;&nbsp;Grade 1 - Age 12: N<br>
3844,Licensed Group,Regent Early Learning Centre - Sullivan,15100 66A Ave,,Surrey,V3S 2A6,49.123355,-122.803627,604-599-8171,,,N,N,N,N,N,N,N,N,N,N,N,N,N,N,N,N,N,,,N,N,N,N,N,N,N,N,Y,N,N,2026-05-04,,N,Y,N,Regent Early Learning Centre - Sullivan<br>Licensed Group<br>604-599-8171<br><br>Vacancy:<br>&nbsp;&nbsp;&nbsp;&nbsp;<36 months: N<br>&nbsp;&nbsp;&nbsp;&nbsp;30 months -- 5 years: Y<br>&nbsp;&nbsp;&nbsp;&nbsp;Preschool: N<br>&nbsp;&nbsp;&nbsp;&nbsp;Grade 1 - Age 12: N<br>
3845,Licensed Family,Little Light Castle Childcare,345 Marmont St,,Coquitlam,V3K 4R5,49.243604,-122.86186,236-868-6755,,,Y,N,N,N,N,N,Y,Y,N,N,N,N,N,N,N,N,N,Included in fee,Include in fee,N,N,N,N,N,N,N,Y,Y,N,Y,2026-05-15,,N,Y,N,Little Light Castle Childcare<br>Licensed Family<br>236-868-6755<br><br>Vacancy:<br>&nbsp;&nbsp;&nbsp;&nbsp;<36 months: Y<br>&nbsp;&nbsp;&nbsp;&nbsp;30 months -- 5 years: Y<br>&nbsp;&nbsp;&nbsp;&nbsp;Preschool: N<br>&nbsp;&nbsp;&nbsp;&nbsp;Grade 1 - Age 12: Y<br>
3846,Licensed Family,Brilliant Hearts Childcare,491 Birch Ave,,Kelowna,V1Y 5G9,49.870749,-119.491674,416-844-4211,,,N,N,N,N,N,N,N,N,N,N,N,N,N,N,N,N,N,,,N,N,N,N,N,N,N,N,N,N,N,2026-05-20,,N,Y,N,Brilliant Hearts Childcare<br>Licensed Family<br>416-844-4211<br><br>Vacancy:<br>&nbsp;&nbsp;&nbsp;&nbsp;<36 months: N<br>&nbsp;&nbsp;&nbsp;&nbsp;30 months -- 5 years: N<br>&nbsp;&nbsp;&nbsp;&nbsp;Preschool: N<br>&nbsp;&nbsp;&nbsp;&nbsp;Grade 1 - Age 12: N<br>
3847,Licensed Group,Del Academy- Divine Early Learning Academy,2265 Leclair Dr,,Coquitlam,V3K 6P6,49.241682,-122.82973,778-928-6735,,,Y,N,N,N,N,N,N,Y,N,N,N,N,N,N,N,N,N,Included in fee,Not offered,N,N,N,N,N,Y,Y,N,Y,N,N,2026-05-15,,N,Y,N,Del Academy- Divine Early Learning Academy<br>Licensed Group<br>778-928-6735<br><br>Vacancy:<br>&nbsp;&nbsp;&nbsp;&nbsp;<36 months: N<br>&nbsp;&nbsp;&nbsp;&nbsp;30 months -- 5 years: Y<br>&nbsp;&nbsp;&nbsp;&nbsp;Preschool: N<br>&nbsp;&nbsp;&nbsp;&nbsp;Grade 1 - Age 12: N<br>
3848,Licensed Group,Stars For Life Childcare Education Ltd,102 -121 E Columbia St,,New Westmister,V3L 3V7,49.221339,-122.893482,778-899-4686,,,N,N,N,N,N,N,N,N,N,N,N,N,N,N,N,N,N,,,N,N,N,N,N,N,N,N,Y,N,N,2026-04-24,,N,Y,N,Stars For Life Childcare Education Ltd<br>Licensed Group<br>778-899-4686<br><br>Vacancy:<br>&nbsp;&nbsp;&nbsp;&nbsp;<36 months: N<br>&nbsp;&nbsp;&nbsp;&nbsp;30 months -- 5 years: Y<br>&nbsp;&nbsp;&nbsp;&nbsp;Preschool: N<br>&nbsp;&nbsp;&nbsp;&nbsp;Grade 1 - Age 12: N<br>
3849,Licensed Group,Big Dreams Learning Center,2670 Vanier Drive,,Prince George,V2N 1T7,53.894817,-122.784395,250-981-7433,,,N,N,N,N,N,N,N,N,N,N,N,N,N,N,N,N,N,,,N,N,N,N,N,N,N,N,Y,N,N,2026-04-23,,N,Y,N,Big Dreams Learning Center<br>Licensed Group<br>250-981-7433<br><br>Vacancy:<br>&nbsp;&nbsp;&nbsp;&nbsp;<36 months: N<br>&nbsp;&nbsp;&nbsp;&nbsp;30 months -- 5 years: Y<br>&nbsp;&nbsp;&nbsp;&nbsp;Preschool: N<br>&nbsp;&nbsp;&nbsp;&nbsp;Grade 1 - Age 12: N<br>
3850,Licensed Group,Happy Hours Early Learning Centre,1551 Brooke Street,,Victoria,V8S 1M8,48.414206,-123.338992,250-882-8784,,,N,N,N,N,N,N,N,N,N,N,N,N,N,N,N,N,N,,,N,N,N,N,N,N,N,N,N,N,N,2026-05-18,,N,Y,N,Happy Hours Early Learning Centre<br>Licensed Group<br>250-882-8784<br><br>Vacancy:<br>&nbsp;&nbsp;&nbsp;&nbsp;<36 months: N<br>&nbsp;&nbsp;&nbsp;&nbsp;30 months -- 5 years: N<br>&nbsp;&nbsp;&nbsp;&nbsp;Preschool: N<br>&nbsp;&nbsp;&nbsp;&nbsp;Grade 1 - Age 12: N<br>
3851,Licensed Group,Everwild Learning,2781 Maryport Ave,,Cumberland,V0R 1S0,49.62094,-125.024871,250-739-1137,,,N,N,N,N,N,N,N,N,N,N,N,N,N,N,N,N,N,,,N,N,N,N,N,N,N,N,N,N,N,2026-05-15,,N,Y,N,Everwild Learning<br>Licensed Group<br>250-739-1137<br><br>Vacancy:<br>&nbsp;&nbsp;&nbsp;&nbsp;<36 months: N<br>&nbsp;&nbsp;&nbsp;&nbsp;30 months -- 5 years: N<br>&nbsp;&nbsp;&nbsp;&nbsp;Preschool: N<br>&nbsp;&nbsp;&nbsp;&nbsp;Grade 1 - Age 12: N<br>
3852,Licensed Group,Connections Childcare Centre - Spul'u'kwuks,5999 Blanshard Dr,,Richmond,V7C 5V4,49.170815,-123.18512,778-877-0633,,,N,N,N,N,N,N,N,N,N,N,N,N,N,N,N,N,N,,,N,N,N,N,N,N,N,N,Y,N,N,2026-05-11,,N,Y,N,Connections Childcare Centre - Spul'u'kwuks<br>Licensed Group<br>778-877-0633<br><br>Vacancy:<br>&nbsp;&nbsp;&nbsp;&nbsp;<36 months: N<br>&nbsp;&nbsp;&nbsp;&nbsp;30 months -- 5 years: Y<br>&nbsp;&nbsp;&nbsp;&nbsp;Preschool: N<br>&nbsp;&nbsp;&nbsp;&nbsp;Grade 1 - Age 12: N<br>
3853,Licensed Group,Stepping Stones Early Learning Centre - Rutland - 520,520 Hollywood Rd S,,Kelowna,V1X 3T3,49.883327,-119.39867,604-317-7084,,,N,N,N,N,N,N,N,N,N,N,N,N,N,N,N,N,N,,,N,N,N,N,N,N,N,N,N,N,N,2026-04-25,,N,Y,N,Stepping Stones Early Learning Centre - Rutland - 520<br>Licensed Group<br>604-317-7084<br><br>Vacancy:<br>&nbsp;&nbsp;&nbsp;&nbsp;<36 months: N<br>&nbsp;&nbsp;&nbsp;&nbsp;30 months -- 5 years: N<br>&nbsp;&nbsp;&nbsp;&nbsp;Preschool: N<br>&nbsp;&nbsp;&nbsp;&nbsp;Grade 1 - Age 12: N<br>
3854,Licensed Group,Garderie Les Abeilles,4720 Graham Avenue,,Terrace,V8G 1A8,54.506079,-128.595636,604-736-5056,,,N,N,N,N,N,N,N,N,N,N,N,N,N,N,N,N,N,Not offered,Not offered,N,N,N,N,N,N,N,N,Y,N,Y,2026-04-30,,N,Y,N,Garderie Les Abeilles<br>Licensed Group<br>604-736-5056<br><br>Vacancy:<br>&nbsp;&nbsp;&nbsp;&nbsp;<36 months: N<br>&nbsp;&nbsp;&nbsp;&nbsp;30 months -- 5 years: Y<br>&nbsp;&nbsp;&nbsp;&nbsp;Preschool: N<br>&nbsp;&nbsp;&nbsp;&nbsp;Grade 1 - Age 12: Y<br>
3855,Licensed Group,Salmon Stone Childcare,3010 East Kent Ave S,,Vancouver,V5S 4P7,49.205993,-123.044559,604-324-6212,,,N,N,N,N,N,N,N,N,N,N,N,N,N,N,N,N,N,Not offered,Not offered,N,N,N,N,N,N,N,N,N,N,N,2026-04-08,,N,Y,Y,Salmon Stone Childcare<br>Licensed Group<br>604-324-6212<br><br>Vacancy:<br>&nbsp;&nbsp;&nbsp;&nbsp;<36 months: N<br>&nbsp;&nbsp;&nbsp;&nbsp;30 months -- 5 years: N<br>&nbsp;&nbsp;&nbsp;&nbsp;Preschool: N<br>&nbsp;&nbsp;&nbsp;&nbsp;Grade 1 - Age 12: N<br>
3856,Licensed Group,Salmon Stone Childcare,3010 East Kent Ave S,,Vancouver,V5S 4P7,49.205993,-123.044559,604-324-6212,,,N,N,N,N,N,N,N,N,N,N,N,N,N,N,N,N,N,Not offered,Not offered,N,N,N,N,N,N,N,N,Y,N,N,2026-04-08,,N,Y,Y,Salmon Stone Childcare<br>Licensed Group<br>604-324-6212<br><br>Vacancy:<br>&nbsp;&nbsp;&nbsp;&nbsp;<36 months: N<br>&nbsp;&nbsp;&nbsp;&nbsp;30 months -- 5 years: Y<br>&nbsp;&nbsp;&nbsp;&nbsp;Preschool: N<br>&nbsp;&nbsp;&nbsp;&nbsp;Grade 1 - Age 12: N<br>
3857,Licensed Group,Kasama Childcare & Preschool Centre Ltd.,3-772 Bay Street,,Victoria,V8T 5E4,48.436273,-123.363446,250-580-5458,,,N,N,N,N,N,N,N,N,N,N,N,N,N,N,N,N,N,,,N,N,N,N,N,N,N,N,Y,N,N,2026-04-30,,N,Y,N,Kasama Childcare & Preschool Centre Ltd.<br>Licensed Group<br>250-580-5458<br><br>Vacancy:<br>&nbsp;&nbsp;&nbsp;&nbsp;<36 months: N<br>&nbsp;&nbsp;&nbsp;&nbsp;30 months -- 5 years: Y<br>&nbsp;&nbsp;&nbsp;&nbsp;Preschool: N<br>&nbsp;&nbsp;&nbsp;&nbsp;Grade 1 - Age 12: N<br>
3858,Licensed Group,Teddi's Acorn Academy Early Learning Centre,2-2200 Balmer Drive,,Elkford,V0B 1H0,50.005627,-114.926666,403-915-3923,,,N,N,N,N,N,N,N,N,N,N,N,N,N,N,N,N,N,,,N,N,N,N,N,N,N,Y,Y,N,N,2026-05-16,,N,Y,N,Teddi's Acorn Academy Early Learning Centre<br>Licensed Group<br>403-915-3923<br><br>Vacancy:<br>&nbsp;&nbsp;&nbsp;&nbsp;<36 months: Y<br>&nbsp;&nbsp;&nbsp;&nbsp;30 months -- 5 years: Y<br>&nbsp;&nbsp;&nbsp;&nbsp;Preschool: N<br>&nbsp;&nbsp;&nbsp;&nbsp;Grade 1 - Age 12: N<br>
3859,Licensed Group,Taylin Child Care Arthur Dr,4755 Arthur Dr,,Delta,V4K 2X6,49.089784,-123.081795,604-349-4066,,,N,N,N,N,N,N,N,N,N,N,N,N,N,N,N,N,N,,,N,N,N,N,N,N,N,N,N,N,N,2026-05-19,,N,Y,N,Taylin Child Care Arthur Dr<br>Licensed Group<br>604-349-4066<br><br>Vacancy:<br>&nbsp;&nbsp;&nbsp;&nbsp;<36 months: N<br>&nbsp;&nbsp;&nbsp;&nbsp;30 months -- 5 years: N<br>&nbsp;&nbsp;&nbsp;&nbsp;Preschool: N<br>&nbsp;&nbsp;&nbsp;&nbsp;Grade 1 - Age 12: N<br>
3860,Licensed Group,Vancouver Hebrew Academy,1535 W 62Nd Ave,,Vancouver,V6P 2E8,49.214983,-123.141254,604-786-5990,,,N,N,N,N,N,N,N,N,N,N,N,N,N,N,N,N,N,,,N,N,N,N,N,N,N,N,N,N,N,2026-05-15,,N,Y,Y,Vancouver Hebrew Academy<br>Licensed Group<br>604-786-5990<br><br>Vacancy:<br>&nbsp;&nbsp;&nbsp;&nbsp;<36 months: N<br>&nbsp;&nbsp;&nbsp;&nbsp;30 months -- 5 years: N<br>&nbsp;&nbsp;&nbsp;&nbsp;Preschool: N<br>&nbsp;&nbsp;&nbsp;&nbsp;Grade 1 - Age 12: N<br>
3861,Licensed Group,Kidopia On Wooddale,275 Wooddale Rd,,North Vancouver,V7N 1S6,49.347602,-123.066735,604-760-4842,,,N,N,N,N,N,N,N,N,N,N,N,N,N,N,N,N,N,,,N,N,N,N,N,N,N,N,N,Y,N,2026-04-16,,N,Y,N,Kidopia On Wooddale<br>Licensed Group<br>604-760-4842<br><br>Vacancy:<br>&nbsp;&nbsp;&nbsp;&nbsp;<36 months: N<br>&nbsp;&nbsp;&nbsp;&nbsp;30 months -- 5 years: N<br>&nbsp;&nbsp;&nbsp;&nbsp;Preschool: Y<br>&nbsp;&nbsp;&nbsp;&nbsp;Grade 1 - Age 12: N<br>
3862,Licensed Group,The Big Playhouse Langara,88 E 46Th Ave,,Vancouver,V5W 1Z1,49.228246,-123.104038,604-690-0439,,,N,N,N,N,N,N,N,N,N,N,N,N,N,N,N,N,N,,,N,N,N,N,N,N,N,N,N,N,N,2026-05-15,,N,Y,N,The Big Playhouse Langara<br>Licensed Group<br>604-690-0439<br><br>Vacancy:<br>&nbsp;&nbsp;&nbsp;&nbsp;<36 months: N<br>&nbsp;&nbsp;&nbsp;&nbsp;30 months -- 5 years: N<br>&nbsp;&nbsp;&nbsp;&nbsp;Preschool: N<br>&nbsp;&nbsp;&nbsp;&nbsp;Grade 1 - Age 12: N<br>
3863,Licensed Group,Bright Cubs Childcare,19681 31A Ave,,Langley,V2Z 0B2,49.058934,-122.678366,778-708-5881,,,Y,N,N,N,N,N,Y,N,N,N,N,N,N,N,N,N,N,Included in fee,Not offered,N,N,N,Y,Y,Y,Y,Y,N,N,N,2026-05-21,,N,Y,N,Bright Cubs Childcare<br>Licensed Group<br>778-708-5881<br><br>Vacancy:<br>&nbsp;&nbsp;&nbsp;&nbsp;<36 months: Y<br>&nbsp;&nbsp;&nbsp;&nbsp;30 months -- 5 years: N<br>&nbsp;&nbsp;&nbsp;&nbsp;Preschool: N<br>&nbsp;&nbsp;&nbsp;&nbsp;Grade 1 - Age 12: N<br>
3864,Licensed Family,Snuggles N Giggles Childcare Centre Ltd,1-20343 98 Ave,,Langley,V1M 3E2,49.181866,-122.659209,778-683-1369,,,N,N,N,N,N,N,N,N,N,N,N,N,N,N,N,N,N,,,N,N,N,N,N,N,N,Y,Y,N,N,2026-05-15,,N,Y,N,Snuggles N Giggles Childcare Centre Ltd<br>Licensed Family<br>778-683-1369<br><br>Vacancy:<br>&nbsp;&nbsp;&nbsp;&nbsp;<36 months: Y<br>&nbsp;&nbsp;&nbsp;&nbsp;30 months -- 5 years: Y<br>&nbsp;&nbsp;&nbsp;&nbsp;Preschool: N<br>&nbsp;&nbsp;&nbsp;&nbsp;Grade 1 - Age 12: N<br>
3865,Licensed Family,Aaraavi Childcare Centre,7775 147 St,,Surrey,V3S 3B1,49.144223,-122.815445,778-388-0827,,,N,N,N,N,N,N,N,N,N,N,N,N,N,N,N,N,N,,,N,N,N,N,N,N,N,N,Y,N,N,2026-05-15,,N,Y,N,Aaraavi Childcare Centre<br>Licensed Family<br>778-388-0827<br><br>Vacancy:<br>&nbsp;&nbsp;&nbsp;&nbsp;<36 months: N<br>&nbsp;&nbsp;&nbsp;&nbsp;30 months -- 5 years: Y<br>&nbsp;&nbsp;&nbsp;&nbsp;Preschool: N<br>&nbsp;&nbsp;&nbsp;&nbsp;Grade 1 - Age 12: N<br>
3866,Licensed Family,Lake Town Littles,42 Quamichan Ave,,Lake Cowichan,V0R 2G0,48.824316,-124.047996,250-709-0523,,,N,N,N,N,N,N,N,N,N,N,N,N,N,N,N,N,N,,,N,N,N,N,N,N,N,N,N,N,N,2026-05-15,,N,Y,N,Lake Town Littles<br>Licensed Family<br>250-709-0523<br><br>Vacancy:<br>&nbsp;&nbsp;&nbsp;&nbsp;<36 months: N<br>&nbsp;&nbsp;&nbsp;&nbsp;30 months -- 5 years: N<br>&nbsp;&nbsp;&nbsp;&nbsp;Preschool: N<br>&nbsp;&nbsp;&nbsp;&nbsp;Grade 1 - Age 12: N<br>
3867,Licensed Family,Mama Bears Daycare,2908 Old Clayburn Rd,,Abbotsford,V2S 4G7,49.054488,-122.275069,604-791-2232,,,N,N,N,N,N,N,N,N,N,N,N,N,N,N,N,N,N,,,N,N,N,N,N,N,N,N,Y,N,N,2026-05-15,,N,Y,N,Mama Bears Daycare<br>Licensed Family<br>604-791-2232<br><br>Vacancy:<br>&nbsp;&nbsp;&nbsp;&nbsp;<36 months: N<br>&nbsp;&nbsp;&nbsp;&nbsp;30 months -- 5 years: Y<br>&nbsp;&nbsp;&nbsp;&nbsp;Preschool: N<br>&nbsp;&nbsp;&nbsp;&nbsp;Grade 1 - Age 12: N<br>
3868,Licensed Family,Jd Tiny Steps Childcare Ltd,2378 Harper Dr,,Abbotsford,V3G 2B2,49.044889,-122.25158,778-926-0874,,,Y,N,N,N,N,N,Y,Y,N,Y,Y,N,Y,N,N,N,N,Included in fee,Include in fee,N,N,N,N,N,Y,Y,N,N,N,N,2026-05-18,,N,Y,N,Jd Tiny Steps Childcare Ltd<br>Licensed Family<br>778-926-0874<br><br>Vacancy:<br>&nbsp;&nbsp;&nbsp;&nbsp;<36 months: N<br>&nbsp;&nbsp;&nbsp;&nbsp;30 months -- 5 years: N<br>&nbsp;&nbsp;&nbsp;&nbsp;Preschool: N<br>&nbsp;&nbsp;&nbsp;&nbsp;Grade 1 - Age 12: N<br>
3869,Licensed Family,Kinddinos Learning Home,1406 Mcnair Dr,,North Vancouver,V7K 1X5,49.353261,-123.0348,236-996-8236,kinddinos.ca,,Y,N,N,N,N,N,Y,Y,N,Y,Y,N,N,N,N,N,Y,Extra fee,Include in fee,N,N,N,N,N,N,Y,Y,Y,N,N,2026-04-23,,N,Y,N,Kinddinos Learning Home<br>Licensed Family<br>236-996-8236<br><br>Vacancy:<br>&nbsp;&nbsp;&nbsp;&nbsp;<36 months: Y<br>&nbsp;&nbsp;&nbsp;&nbsp;30 months -- 5 years: Y<br>&nbsp;&nbsp;&nbsp;&nbsp;Preschool: N<br>&nbsp;&nbsp;&nbsp;&nbsp;Grade 1 - Age 12: N<br>
3870,Licensed Family,Fine Art Childcare,5981 173B St,,Surrey,V3S 4B1,49.111122,-122.741603,778-861-7900,,,Y,N,N,N,N,N,Y,Y,N,Y,Y,N,N,N,N,N,N,Included in fee,Not offered,N,N,N,N,N,N,N,Y,N,N,N,2026-05-21,,N,Y,N,Fine Art Childcare<br>Licensed Family<br>778-861-7900<br><br>Vacancy:<br>&nbsp;&nbsp;&nbsp;&nbsp;<36 months: Y<br>&nbsp;&nbsp;&nbsp;&nbsp;30 months -- 5 years: N<br>&nbsp;&nbsp;&nbsp;&nbsp;Preschool: N<br>&nbsp;&nbsp;&nbsp;&nbsp;Grade 1 - Age 12: N<br>
3871,Licensed Family,Little Haven Dayhome,5549 Snowbrush St,,Oliver,V0H 1T9,49.161833,-119.561794,778-931-0135,,,N,N,N,N,N,N,N,N,N,N,N,N,N,N,N,N,N,,,N,N,N,N,N,N,N,N,Y,N,N,2026-04-28,,N,Y,N,Little Haven Dayhome<br>Licensed Family<br>778-931-0135<br><br>Vacancy:<br>&nbsp;&nbsp;&nbsp;&nbsp;<36 months: N<br>&nbsp;&nbsp;&nbsp;&nbsp;30 months -- 5 years: Y<br>&nbsp;&nbsp;&nbsp;&nbsp;Preschool: N<br>&nbsp;&nbsp;&nbsp;&nbsp;Grade 1 - Age 12: N<br>
3872,Licensed Family,Happy Giggles Daycare,6491 Wiltshire St,,Chilliwack,V2R 1S3,49.119987,-121.964759,778-654-4171,,,Y,N,N,N,N,N,Y,Y,N,N,N,N,N,N,N,N,Y,Not offered,Not offered,N,N,N,N,N,N,N,Y,Y,N,N,2026-04-25,,N,Y,N,Happy Giggles Daycare<br>Licensed Family<br>778-654-4171<br><br>Vacancy:<br>&nbsp;&nbsp;&nbsp;&nbsp;<36 months: Y<br>&nbsp;&nbsp;&nbsp;&nbsp;30 months -- 5 years: Y<br>&nbsp;&nbsp;&nbsp;&nbsp;Preschool: N<br>&nbsp;&nbsp;&nbsp;&nbsp;Grade 1 - Age 12: N<br>
3873,Licensed Family,Wild Roots Child Care,1947 Highland Rd,,Victoria,V9B 6H8,48.462846,-123.456294,778-679-8419,,,Y,N,N,N,N,N,Y,Y,N,N,Y,N,N,N,N,N,N,Not offered,Not offered,N,N,N,N,N,N,N,N,N,N,N,2026-05-07,,N,Y,N,Wild Roots Child Care<br>Licensed Family<br>778-679-8419<br><br>Vacancy:<br>&nbsp;&nbsp;&nbsp;&nbsp;<36 months: N<br>&nbsp;&nbsp;&nbsp;&nbsp;30 months -- 5 years: N<br>&nbsp;&nbsp;&nbsp;&nbsp;Preschool: N<br>&nbsp;&nbsp;&nbsp;&nbsp;Grade 1 - Age 12: N<br>
3874,Licensed Family,Raise N’ Rise Childcare Centre,3538 Napier St,,Vancouver,V5K 2X7,49.274695,-123.026728,236-971-3788,,,N,N,N,N,N,N,N,N,N,N,N,N,N,N,N,N,N,,,N,N,N,N,N,N,N,N,N,N,N,2026-05-18,,N,Y,N,Raise N’ Rise Childcare Centre<br>Licensed Family<br>236-971-3788<br><br>Vacancy:<br>&nbsp;&nbsp;&nbsp;&nbsp;<36 months: N<br>&nbsp;&nbsp;&nbsp;&nbsp;30 months -- 5 years: N<br>&nbsp;&nbsp;&nbsp;&nbsp;Preschool: N<br>&nbsp;&nbsp;&nbsp;&nbsp;Grade 1 - Age 12: N<br>
3875,Licensed Family,Vj Nature Nest Childcare Centre,45884 Lewis Ave,,Chilliwack,V2P 3C2,49.177344,-121.954809,778-933-8811,,,,,,,,,,,,,,,,,,,,,,,,,,,,,,,,,,,Y,Y,N,Vj Nature Nest Childcare Centre<br>Licensed Family<br>778-933-8811<br><br>Vacancy:<br>&nbsp;&nbsp;&nbsp;&nbsp;<36 months: None<br>&nbsp;&nbsp;&nbsp;&nbsp;30 months -- 5 years: None<br>&nbsp;&nbsp;&nbsp;&nbsp;Preschool: None<br>&nbsp;&nbsp;&nbsp;&nbsp;Grade 1 - Age 12: None<br>
3876,Licensed Group,Blueridge Blossom Group Daycare,2591 Belloc St,,North Vancouver,V7H 1H9,49.319643,-123.001683,778-319-5150,,,N,N,N,N,N,N,N,N,N,N,N,N,N,N,N,N,N,,,N,N,N,N,N,N,N,Y,N,N,N,2026-05-04,,N,Y,N,Blueridge Blossom Group Daycare<br>Licensed Group<br>778-319-5150<br><br>Vacancy:<br>&nbsp;&nbsp;&nbsp;&nbsp;<36 months: Y<br>&nbsp;&nbsp;&nbsp;&nbsp;30 months -- 5 years: N<br>&nbsp;&nbsp;&nbsp;&nbsp;Preschool: N<br>&nbsp;&nbsp;&nbsp;&nbsp;Grade 1 - Age 12: N<br>
3877,Licensed Group,Pamela's House,9525 College Street,,Chilliwack,V2P 4S6,49.174962,-121.953795,604-239-0111,,,N,N,N,N,N,N,N,N,N,N,N,N,N,N,N,N,N,Not offered,Not offered,N,N,N,N,N,N,N,N,N,N,Y,2026-04-30,,N,N,N,Pamela's House<br>Licensed Group<br>604-239-0111<br><br>Vacancy:<br>&nbsp;&nbsp;&nbsp;&nbsp;<36 months: N<br>&nbsp;&nbsp;&nbsp;&nbsp;30 months -- 5 years: N<br>&nbsp;&nbsp;&nbsp;&nbsp;Preschool: N<br>&nbsp;&nbsp;&nbsp;&nbsp;Grade 1 - Age 12: Y<br>
3878,Licensed Family,Faby's Childcare Ltd.,940 Walfred Rd,,Langford,V9C 2P4,48.429404,-123.52186,250-884-1486,,,N,N,N,N,N,N,N,N,N,N,N,N,N,N,N,N,N,,,N,N,N,N,N,N,N,N,N,N,N,2026-04-20,,N,Y,N,Faby's Childcare Ltd.<br>Licensed Family<br>250-884-1486<br><br>Vacancy:<br>&nbsp;&nbsp;&nbsp;&nbsp;<36 months: N<br>&nbsp;&nbsp;&nbsp;&nbsp;30 months -- 5 years: N<br>&nbsp;&nbsp;&nbsp;&nbsp;Preschool: N<br>&nbsp;&nbsp;&nbsp;&nbsp;Grade 1 - Age 12: N<br>
3879,Licensed Group,A Place To Play - School Age,142 Spruce Avenue,,Sparwood,V0B 2G0,49.733261,-114.886692,250-910-9620,,,N,N,N,N,N,N,N,N,N,N,N,N,N,N,N,N,N,,,N,N,N,N,N,N,N,N,N,N,N,2026-05-16,,N,Y,N,A Place To Play - School Age<br>Licensed Group<br>250-910-9620<br><br>Vacancy:<br>&nbsp;&nbsp;&nbsp;&nbsp;<36 months: N<br>&nbsp;&nbsp;&nbsp;&nbsp;30 months -- 5 years: N<br>&nbsp;&nbsp;&nbsp;&nbsp;Preschool: N<br>&nbsp;&nbsp;&nbsp;&nbsp;Grade 1 - Age 12: N<br>
3880,Licensed Group,Learning Through Playing Childcare,10208 95 Ave,,Fort St. John,V1J 1J2,56.241708,-120.851885,778-256-1136,,,N,N,N,N,N,N,N,N,N,N,N,N,N,N,N,N,N,,,N,N,N,N,N,N,N,Y,Y,N,N,2026-05-21,,N,Y,N,Learning Through Playing Childcare<br>Licensed Group<br>778-256-1136<br><br>Vacancy:<br>&nbsp;&nbsp;&nbsp;&nbsp;<36 months: Y<br>&nbsp;&nbsp;&nbsp;&nbsp;30 months -- 5 years: Y<br>&nbsp;&nbsp;&nbsp;&nbsp;Preschool: N<br>&nbsp;&nbsp;&nbsp;&nbsp;Grade 1 - Age 12: N<br>
3881,Licensed Group,Ilm-Heather,32 Heather Crescent,,Mackenzie,V0J 2C0,55.332098,-123.090448,250-585-7898,,,N,N,N,N,N,N,N,N,N,N,N,N,N,N,N,N,N,,,N,N,N,N,N,N,N,Y,Y,N,N,2026-05-15,,N,Y,N,Ilm-Heather<br>Licensed Group<br>250-585-7898<br><br>Vacancy:<br>&nbsp;&nbsp;&nbsp;&nbsp;<36 months: Y<br>&nbsp;&nbsp;&nbsp;&nbsp;30 months -- 5 years: Y<br>&nbsp;&nbsp;&nbsp;&nbsp;Preschool: N<br>&nbsp;&nbsp;&nbsp;&nbsp;Grade 1 - Age 12: N<br>
3882,Licensed Group,A & B Daycare,6436 Malvern Ave,,Burnaby,V5E 3G1,49.227424,-122.956474,778-995-2628,,,N,N,N,N,N,N,N,N,N,N,N,N,N,N,N,N,N,,,N,N,N,N,N,N,N,Y,Y,N,N,2026-05-14,,N,Y,N,A & B Daycare<br>Licensed Group<br>778-995-2628<br><br>Vacancy:<br>&nbsp;&nbsp;&nbsp;&nbsp;<36 months: Y<br>&nbsp;&nbsp;&nbsp;&nbsp;30 months -- 5 years: Y<br>&nbsp;&nbsp;&nbsp;&nbsp;Preschool: N<br>&nbsp;&nbsp;&nbsp;&nbsp;Grade 1 - Age 12: N<br>
3883,Licensed Group,Under The Sea Childcare,1369 Kenney St,,Coquitlam,V3E 2R2,49.297309,-122.779393,604-375-6726,,,N,N,N,N,N,N,N,N,N,N,N,N,N,N,N,N,N,,,N,N,N,N,N,N,N,Y,N,N,N,2026-05-18,,N,Y,N,Under The Sea Childcare<br>Licensed Group<br>604-375-6726<br><br>Vacancy:<br>&nbsp;&nbsp;&nbsp;&nbsp;<36 months: Y<br>&nbsp;&nbsp;&nbsp;&nbsp;30 months -- 5 years: N<br>&nbsp;&nbsp;&nbsp;&nbsp;Preschool: N<br>&nbsp;&nbsp;&nbsp;&nbsp;Grade 1 - Age 12: N<br>
3884,Licensed Group,Sprout & Shine Academy,3240 Oxford Street,,Port Coquitlam,V3B 4C7,49.27151,-122.766824,236-765-7868,,,N,N,N,N,N,N,N,N,N,N,N,N,N,N,N,N,N,,,N,N,N,N,N,N,N,N,Y,N,N,2026-05-19,,N,Y,N,Sprout & Shine Academy<br>Licensed Group<br>236-765-7868<br><br>Vacancy:<br>&nbsp;&nbsp;&nbsp;&nbsp;<36 months: N<br>&nbsp;&nbsp;&nbsp;&nbsp;30 months -- 5 years: Y<br>&nbsp;&nbsp;&nbsp;&nbsp;Preschool: N<br>&nbsp;&nbsp;&nbsp;&nbsp;Grade 1 - Age 12: N<br>
3885,Licensed Group,Puddle Hoppers Childcare Hp Inc,11900 Haney Pl,,Maple Ridge,V2X 8R9,49.218034,-122.598961,778-318-4055,,,N,N,N,N,N,N,N,N,N,N,N,N,N,N,N,N,N,,,N,N,N,N,N,N,N,Y,Y,N,N,2026-04-30,,N,Y,N,Puddle Hoppers Childcare Hp Inc<br>Licensed Group<br>778-318-4055<br><br>Vacancy:<br>&nbsp;&nbsp;&nbsp;&nbsp;<36 months: Y<br>&nbsp;&nbsp;&nbsp;&nbsp;30 months -- 5 years: Y<br>&nbsp;&nbsp;&nbsp;&nbsp;Preschool: N<br>&nbsp;&nbsp;&nbsp;&nbsp;Grade 1 - Age 12: N<br>
3886,Licensed Group,Chefs Corner Childcare,101-15230 Hwy 10,,Surrey,V3S 5K7,49.104189,-122.799712,604-786-5990,,,N,N,N,N,N,N,N,N,N,N,N,N,N,N,N,N,N,,,N,N,N,N,N,N,N,N,N,N,N,2026-05-15,,N,Y,N,Chefs Corner Childcare<br>Licensed Group<br>604-786-5990<br><br>Vacancy:<br>&nbsp;&nbsp;&nbsp;&nbsp;<36 months: N<br>&nbsp;&nbsp;&nbsp;&nbsp;30 months -- 5 years: N<br>&nbsp;&nbsp;&nbsp;&nbsp;Preschool: N<br>&nbsp;&nbsp;&nbsp;&nbsp;Grade 1 - Age 12: N<br>
3887,Licensed Group,Fueling Brains Academy,201-1319 Cook St,,Victoria,V8V 0H5,48.425547,-123.35321,778-992-2906,,,N,N,N,N,N,N,N,N,N,N,N,N,N,N,N,N,N,,,N,N,N,N,N,N,N,N,Y,N,N,2026-04-27,,N,Y,N,Fueling Brains Academy<br>Licensed Group<br>778-992-2906<br><br>Vacancy:<br>&nbsp;&nbsp;&nbsp;&nbsp;<36 months: N<br>&nbsp;&nbsp;&nbsp;&nbsp;30 months -- 5 years: Y<br>&nbsp;&nbsp;&nbsp;&nbsp;Preschool: N<br>&nbsp;&nbsp;&nbsp;&nbsp;Grade 1 - Age 12: N<br>
3888,Licensed Group,Mighty Cubs Childcare Newton,14444 68A Ave,,Surrey,V3S 2C2,49.127056,-122.8221,672-515-6702,,,N,N,N,N,N,N,N,N,N,N,N,N,N,N,N,N,N,,,N,N,N,N,N,N,N,Y,Y,N,Y,2026-05-22,,N,Y,N,Mighty Cubs Childcare Newton<br>Licensed Group<br>672-515-6702<br><br>Vacancy:<br>&nbsp;&nbsp;&nbsp;&nbsp;<36 months: Y<br>&nbsp;&nbsp;&nbsp;&nbsp;30 months -- 5 years: Y<br>&nbsp;&nbsp;&nbsp;&nbsp;Preschool: N<br>&nbsp;&nbsp;&nbsp;&nbsp;Grade 1 - Age 12: Y<br>
3889,Licensed Family,Giggles And Growth Multi-Age Childcare,21237 95A Ave,,Langley,V1M 1N4,49.176664,-122.633386,778-885-7263,,,Y,N,N,N,N,N,Y,Y,N,Y,Y,N,Y,N,N,N,N,Not offered,Not offered,N,N,N,N,N,Y,Y,Y,Y,N,N,2026-05-01,,N,Y,N,Giggles And Growth Multi-Age Childcare<br>Licensed Family<br>778-885-7263<br><br>Vacancy:<br>&nbsp;&nbsp;&nbsp;&nbsp;<36 months: Y<br>&nbsp;&nbsp;&nbsp;&nbsp;30 months -- 5 years: Y<br>&nbsp;&nbsp;&nbsp;&nbsp;Preschool: N<br>&nbsp;&nbsp;&nbsp;&nbsp;Grade 1 - Age 12: N<br>
3890,Licensed Family,Little Explorers Family Childcare,1940 Kings Rd,,Saanich,V8R 2P5,48.437975,-123.323807,778-998-8446,,,N,N,N,N,N,N,N,N,N,N,N,N,N,N,N,N,N,,,N,N,N,N,N,N,N,Y,Y,N,N,2026-04-30,,N,Y,N,Little Explorers Family Childcare<br>Licensed Family<br>778-998-8446<br><br>Vacancy:<br>&nbsp;&nbsp;&nbsp;&nbsp;<36 months: Y<br>&nbsp;&nbsp;&nbsp;&nbsp;30 months -- 5 years: Y<br>&nbsp;&nbsp;&nbsp;&nbsp;Preschool: N<br>&nbsp;&nbsp;&nbsp;&nbsp;Grade 1 - Age 12: N<br>
3891,Licensed Group,Kingcrest Learning Academy,1346 Kingsway,,Vancouver,V5V 3E4,49.250396,-123.07733,604-619-8883,,,Y,N,N,N,N,N,Y,Y,N,Y,Y,Y,Y,Y,N,Y,Y,Extra fee,Extra fee,Y,Y,Y,N,Y,Y,Y,N,N,N,N,2026-05-08,,N,Y,Y,Kingcrest Learning Academy<br>Licensed Group<br>604-619-8883<br><br>Vacancy:<br>&nbsp;&nbsp;&nbsp;&nbsp;<36 months: N<br>&nbsp;&nbsp;&nbsp;&nbsp;30 months -- 5 years: N<br>&nbsp;&nbsp;&nbsp;&nbsp;Preschool: N<br>&nbsp;&nbsp;&nbsp;&nbsp;Grade 1 - Age 12: N<br>
3892,Licensed Group,Encompass Language And Learning Centre,4750 Rutherford Rd,,Nanaimo,V9T 4K6,49.216624,-124.027305,250-802-6051,,,N,N,N,N,N,N,N,N,N,N,N,N,N,N,N,N,N,,,N,N,N,N,N,N,N,Y,Y,N,N,2026-05-16,,N,Y,N,Encompass Language And Learning Centre<br>Licensed Group<br>250-802-6051<br><br>Vacancy:<br>&nbsp;&nbsp;&nbsp;&nbsp;<36 months: Y<br>&nbsp;&nbsp;&nbsp;&nbsp;30 months -- 5 years: Y<br>&nbsp;&nbsp;&nbsp;&nbsp;Preschool: N<br>&nbsp;&nbsp;&nbsp;&nbsp;Grade 1 - Age 12: N<br>
3893,Licensed Group,Golden Blooms Childcare Centre Ltd,2254 Irvine Ave,,Port Coquitlam,V3C 3H2,49.25395,-122.780659,778-994-8142,,,N,N,N,N,N,N,N,N,N,N,N,N,N,N,N,N,N,,,N,N,N,N,N,N,N,Y,Y,N,N,2026-05-18,,N,Y,N,Golden Blooms Childcare Centre Ltd<br>Licensed Group<br>778-994-8142<br><br>Vacancy:<br>&nbsp;&nbsp;&nbsp;&nbsp;<36 months: Y<br>&nbsp;&nbsp;&nbsp;&nbsp;30 months -- 5 years: Y<br>&nbsp;&nbsp;&nbsp;&nbsp;Preschool: N<br>&nbsp;&nbsp;&nbsp;&nbsp;Grade 1 - Age 12: N<br>
3894,Licensed Group,Kidzville Learning Centre - King George,204-6899 King George Blvd,,Surrey,V3W 5A1,49.128038,-122.845967,604-861-7861,,,N,N,N,N,N,N,N,N,N,N,N,N,N,N,N,N,N,Not offered,Not offered,N,N,N,N,N,N,N,Y,Y,N,N,2026-04-28,,N,Y,N,Kidzville Learning Centre - King George<br>Licensed Group<br>604-861-7861<br><br>Vacancy:<br>&nbsp;&nbsp;&nbsp;&nbsp;<36 months: Y<br>&nbsp;&nbsp;&nbsp;&nbsp;30 months -- 5 years: Y<br>&nbsp;&nbsp;&nbsp;&nbsp;Preschool: N<br>&nbsp;&nbsp;&nbsp;&nbsp;Grade 1 - Age 12: N<br>
3895,Licensed Group,Merseyside Early Learning Centre Inc.,401 Ewen Ave,,New Westminster,V3M 5B5,49.192546,-122.932489,778-899-0983,,,N,N,N,N,N,N,N,N,N,N,N,N,N,N,N,N,N,,,N,N,N,N,N,N,N,Y,Y,N,N,2026-05-19,,N,Y,N,Merseyside Early Learning Centre Inc.<br>Licensed Group<br>778-899-0983<br><br>Vacancy:<br>&nbsp;&nbsp;&nbsp;&nbsp;<36 months: Y<br>&nbsp;&nbsp;&nbsp;&nbsp;30 months -- 5 years: Y<br>&nbsp;&nbsp;&nbsp;&nbsp;Preschool: N<br>&nbsp;&nbsp;&nbsp;&nbsp;Grade 1 - Age 12: N<br>
3896,Licensed Family,Little Ponies Child Care Center,8257 112 St,,Delta,V4C 4W7,49.153331,-122.912774,778-788-0964,,,N,N,N,N,N,N,N,N,N,N,N,N,N,N,N,N,N,,,N,N,N,N,N,N,N,Y,Y,N,Y,2026-05-14,,N,Y,N,Little Ponies Child Care Center<br>Licensed Family<br>778-788-0964<br><br>Vacancy:<br>&nbsp;&nbsp;&nbsp;&nbsp;<36 months: Y<br>&nbsp;&nbsp;&nbsp;&nbsp;30 months -- 5 years: Y<br>&nbsp;&nbsp;&nbsp;&nbsp;Preschool: N<br>&nbsp;&nbsp;&nbsp;&nbsp;Grade 1 - Age 12: Y<br>
3897,Licensed Family,Little Harmony Childcare,8616 12Th Ave,,Burnaby,V3N 2L9,49.230712,-122.909894,604-353-5618,,,,,,,,,,,,,,,,,,,,,,,,,,,,,,,,,,,Y,N,N,Little Harmony Childcare<br>Licensed Family<br>604-353-5618<br><br>Vacancy:<br>&nbsp;&nbsp;&nbsp;&nbsp;<36 months: None<br>&nbsp;&nbsp;&nbsp;&nbsp;30 months -- 5 years: None<br>&nbsp;&nbsp;&nbsp;&nbsp;Preschool: None<br>&nbsp;&nbsp;&nbsp;&nbsp;Grade 1 - Age 12: None<br>
3898,Licensed Group,Sweet Petites Early Care And Learning,386 Empire St,,Fort Fraser,V0J 1N0,54.060881,-124.549464,250-981-3596,,,N,N,N,N,N,N,N,N,N,N,N,N,N,N,N,N,N,,,N,N,N,N,N,N,N,N,Y,N,N,2026-05-15,,N,Y,N,Sweet Petites Early Care And Learning<br>Licensed Group<br>250-981-3596<br><br>Vacancy:<br>&nbsp;&nbsp;&nbsp;&nbsp;<36 months: N<br>&nbsp;&nbsp;&nbsp;&nbsp;30 months -- 5 years: Y<br>&nbsp;&nbsp;&nbsp;&nbsp;Preschool: N<br>&nbsp;&nbsp;&nbsp;&nbsp;Grade 1 - Age 12: N<br>
3899,Licensed Group,Thimbleberry Early Years Society,109 Riley Dr,,Prince George,V2M 3N9,53.925525,-122.792025,250-617-6886,,,N,N,N,N,N,N,N,N,N,N,N,N,N,N,N,N,N,,,N,N,N,N,N,N,N,N,N,N,N,2026-05-20,,N,Y,N,Thimbleberry Early Years Society<br>Licensed Group<br>250-617-6886<br><br>Vacancy:<br>&nbsp;&nbsp;&nbsp;&nbsp;<36 months: N<br>&nbsp;&nbsp;&nbsp;&nbsp;30 months -- 5 years: N<br>&nbsp;&nbsp;&nbsp;&nbsp;Preschool: N<br>&nbsp;&nbsp;&nbsp;&nbsp;Grade 1 - Age 12: N<br>
3900,Licensed Group,Hello Friends Child Care Corporation 111,111-2787 Jacklin Road,,Victoria,V9B 3X7,48.450997,-123.504813,403-966-5168,,,N,N,N,N,N,N,N,N,N,N,N,N,N,N,N,N,N,,,N,N,N,N,N,N,N,N,N,N,N,2026-05-16,,N,Y,N,Hello Friends Child Care Corporation 111<br>Licensed Group<br>403-966-5168<br><br>Vacancy:<br>&nbsp;&nbsp;&nbsp;&nbsp;<36 months: N<br>&nbsp;&nbsp;&nbsp;&nbsp;30 months -- 5 years: N<br>&nbsp;&nbsp;&nbsp;&nbsp;Preschool: N<br>&nbsp;&nbsp;&nbsp;&nbsp;Grade 1 - Age 12: N<br>
3901,Licensed Group,Goodwin Academy Triumph Daycare Centre Inc.,4 10468 Whalley Blvd,,Surrey,V3T 4H5,49.19295,-122.842014,604-724-0691,,,N,N,N,N,N,N,N,N,N,N,N,N,N,N,N,N,N,,,N,N,N,N,N,N,N,Y,Y,N,N,2026-05-14,,N,Y,N,Goodwin Academy Triumph Daycare Centre Inc.<br>Licensed Group<br>604-724-0691<br><br>Vacancy:<br>&nbsp;&nbsp;&nbsp;&nbsp;<36 months: Y<br>&nbsp;&nbsp;&nbsp;&nbsp;30 months -- 5 years: Y<br>&nbsp;&nbsp;&nbsp;&nbsp;Preschool: N<br>&nbsp;&nbsp;&nbsp;&nbsp;Grade 1 - Age 12: N<br>
3902,Licensed Group,Arbutus Child Care & Fine Art Learning Center,4051 Macdonald St,,Vancouver,V6L 2N8,49.250333,-123.168183,778-891-1600,,,N,N,N,N,N,N,N,N,N,N,N,N,N,N,N,N,N,,,N,N,N,N,N,N,N,Y,N,N,N,2026-05-13,,N,Y,N,Arbutus Child Care & Fine Art Learning Center<br>Licensed Group<br>778-891-1600<br><br>Vacancy:<br>&nbsp;&nbsp;&nbsp;&nbsp;<36 months: Y<br>&nbsp;&nbsp;&nbsp;&nbsp;30 months -- 5 years: N<br>&nbsp;&nbsp;&nbsp;&nbsp;Preschool: N<br>&nbsp;&nbsp;&nbsp;&nbsp;Grade 1 - Age 12: N<br>
3903,Licensed Group,Wonderfolk Early Learning Centre,14511 Steveston Hwy,,Richmond,V6W 1K2,49.133664,-123.065417,604-370-0272,,,N,N,N,N,N,N,N,N,N,N,N,N,N,N,N,N,N,,,N,N,N,N,N,N,N,N,N,N,N,2026-05-01,,N,Y,N,Wonderfolk Early Learning Centre<br>Licensed Group<br>604-370-0272<br><br>Vacancy:<br>&nbsp;&nbsp;&nbsp;&nbsp;<36 months: N<br>&nbsp;&nbsp;&nbsp;&nbsp;30 months -- 5 years: N<br>&nbsp;&nbsp;&nbsp;&nbsp;Preschool: N<br>&nbsp;&nbsp;&nbsp;&nbsp;Grade 1 - Age 12: N<br>
3904,Licensed Family,Little Bird Family Childcare,290 Erickson Rd,,Campbell River,V9W 1S5,49.964465,-125.214747,778-887-0082,,,N,N,N,N,N,N,N,N,N,N,N,N,N,N,N,N,N,,,N,N,N,N,N,N,N,N,Y,N,N,2026-04-08,,N,Y,N,Little Bird Family Childcare<br>Licensed Family<br>778-887-0082<br><br>Vacancy:<br>&nbsp;&nbsp;&nbsp;&nbsp;<36 months: N<br>&nbsp;&nbsp;&nbsp;&nbsp;30 months -- 5 years: Y<br>&nbsp;&nbsp;&nbsp;&nbsp;Preschool: N<br>&nbsp;&nbsp;&nbsp;&nbsp;Grade 1 - Age 12: N<br>
3905,Licensed Group,Ncs Child Care,7861 211A St,,Langley,V2Y 0H4,49.145195,-122.637391,236-989-9515,,,N,N,N,N,N,N,N,N,N,N,N,N,N,N,N,N,N,,,N,N,N,N,N,N,N,N,N,N,N,2026-05-14,,N,Y,N,Ncs Child Care<br>Licensed Group<br>236-989-9515<br><br>Vacancy:<br>&nbsp;&nbsp;&nbsp;&nbsp;<36 months: N<br>&nbsp;&nbsp;&nbsp;&nbsp;30 months -- 5 years: N<br>&nbsp;&nbsp;&nbsp;&nbsp;Preschool: N<br>&nbsp;&nbsp;&nbsp;&nbsp;Grade 1 - Age 12: N<br>
3906,Licensed Group,First Path Childcare,185 & 190-5665 Kingsway,,Burnaby,V5H 2G4,49.22263,-122.98132,778-688-2335,,,N,N,N,N,N,N,N,N,N,N,N,N,N,N,N,N,N,,,N,N,N,N,N,N,N,N,Y,N,N,2026-05-17,,N,Y,N,First Path Childcare<br>Licensed Group<br>778-688-2335<br><br>Vacancy:<br>&nbsp;&nbsp;&nbsp;&nbsp;<36 months: N<br>&nbsp;&nbsp;&nbsp;&nbsp;30 months -- 5 years: Y<br>&nbsp;&nbsp;&nbsp;&nbsp;Preschool: N<br>&nbsp;&nbsp;&nbsp;&nbsp;Grade 1 - Age 12: N<br>
3907,Licensed Family,A To Z Bright Beginners Academy,2364 Lobb Ave,,Port Coquitlam,V3C 1M8,49.253058,-122.784279,778-839-5585,,,,,,,,,,,,,,,,,,,,,,,,,,,,,,,,,,,Y,Y,N,A To Z Bright Beginners Academy<br>Licensed Family<br>778-839-5585<br><br>Vacancy:<br>&nbsp;&nbsp;&nbsp;&nbsp;<36 months: None<br>&nbsp;&nbsp;&nbsp;&nbsp;30 months -- 5 years: None<br>&nbsp;&nbsp;&nbsp;&nbsp;Preschool: None<br>&nbsp;&nbsp;&nbsp;&nbsp;Grade 1 - Age 12: None<br>
3908,Licensed Group,Kinderbees Early Learning Center (Surrey),110-9675 King George Blvd,,Surrey,V3T 0T7,49.178374,-122.84609,672-339-3318,,,N,N,N,N,N,N,N,N,N,N,N,N,N,N,N,N,N,,,N,N,N,N,N,N,N,Y,Y,N,N,2026-05-13,,N,Y,N,Kinderbees Early Learning Center (Surrey)<br>Licensed Group<br>672-339-3318<br><br>Vacancy:<br>&nbsp;&nbsp;&nbsp;&nbsp;<36 months: Y<br>&nbsp;&nbsp;&nbsp;&nbsp;30 months -- 5 years: Y<br>&nbsp;&nbsp;&nbsp;&nbsp;Preschool: N<br>&nbsp;&nbsp;&nbsp;&nbsp;Grade 1 - Age 12: N<br>
3909,Licensed Family,Fun And Learn Day Care Centre,51139 Farmers Way,,Chilliwack,V4Z 0E4,49.150309,-121.807738,778-990-1871,,,N,N,N,N,N,N,N,N,N,N,N,N,N,N,N,N,N,,,N,N,N,N,N,N,N,Y,Y,N,Y,2026-05-16,,N,Y,N,Fun And Learn Day Care Centre<br>Licensed Family<br>778-990-1871<br><br>Vacancy:<br>&nbsp;&nbsp;&nbsp;&nbsp;<36 months: Y<br>&nbsp;&nbsp;&nbsp;&nbsp;30 months -- 5 years: Y<br>&nbsp;&nbsp;&nbsp;&nbsp;Preschool: N<br>&nbsp;&nbsp;&nbsp;&nbsp;Grade 1 - Age 12: Y<br>
3910,Licensed Family,Ready Spaghetti! Child Care,7220 Royal Dr,,Lantzville,V0R 2H0,49.230688,-124.076683,250-619-7052,,,Y,N,N,N,N,N,Y,Y,N,N,N,N,N,N,N,N,N,Included in fee,Not offered,N,N,N,N,Y,Y,Y,N,N,N,N,2026-05-15,,N,Y,N,Ready Spaghetti! Child Care<br>Licensed Family<br>250-619-7052<br><br>Vacancy:<br>&nbsp;&nbsp;&nbsp;&nbsp;<36 months: N<br>&nbsp;&nbsp;&nbsp;&nbsp;30 months -- 5 years: N<br>&nbsp;&nbsp;&nbsp;&nbsp;Preschool: N<br>&nbsp;&nbsp;&nbsp;&nbsp;Grade 1 - Age 12: N<br>
3911,Licensed Family,Blooming Buds Daycare Centre,7350 147A St,,Surrey,V3S 9L7,49.136666,-122.813702,604-614-0450,,,N,N,N,N,N,N,N,N,N,N,N,N,N,N,N,N,N,,,N,N,N,N,N,N,N,N,N,N,N,2026-05-01,,N,Y,N,Blooming Buds Daycare Centre<br>Licensed Family<br>604-614-0450<br><br>Vacancy:<br>&nbsp;&nbsp;&nbsp;&nbsp;<36 months: N<br>&nbsp;&nbsp;&nbsp;&nbsp;30 months -- 5 years: N<br>&nbsp;&nbsp;&nbsp;&nbsp;Preschool: N<br>&nbsp;&nbsp;&nbsp;&nbsp;Grade 1 - Age 12: N<br>
3912,Licensed Family,Sjlc,7460 Wiltshire Dr,,Surrey,V3S 2Y7,49.138557,-122.820369,204-250-7753,@sjosephlc2025,,Y,N,N,N,N,N,Y,Y,N,Y,Y,N,N,N,N,N,Y,Extra fee,Include in fee,N,N,N,N,N,Y,N,Y,Y,N,Y,2026-05-12,,N,Y,N,Sjlc<br>Licensed Family<br>204-250-7753<br><br>Vacancy:<br>&nbsp;&nbsp;&nbsp;&nbsp;<36 months: Y<br>&nbsp;&nbsp;&nbsp;&nbsp;30 months -- 5 years: Y<br>&nbsp;&nbsp;&nbsp;&nbsp;Preschool: N<br>&nbsp;&nbsp;&nbsp;&nbsp;Grade 1 - Age 12: Y<br>
3913,Licensed Group,Tletinqox ?Esqax Raven's Nest Child Care Center,6917 Esqul Rd,,Alexis Creek,V0L 1A0,52.08345,-123.280052,250-394-4201,,,Y,N,N,N,N,N,Y,Y,N,Y,Y,N,N,N,N,N,Y,Not offered,Not offered,N,N,N,Y,Y,Y,Y,Y,Y,N,N,2026-05-07,,N,N,N,Tletinqox ?Esqax Raven's Nest Child Care Center<br>Licensed Group<br>250-394-4201<br><br>Vacancy:<br>&nbsp;&nbsp;&nbsp;&nbsp;<36 months: Y<br>&nbsp;&nbsp;&nbsp;&nbsp;30 months -- 5 years: Y<br>&nbsp;&nbsp;&nbsp;&nbsp;Preschool: N<br>&nbsp;&nbsp;&nbsp;&nbsp;Grade 1 - Age 12: N<br>
3914,Licensed Group,A Fun Place To Grow,211-130 Centennial Dr,,Courtenay,V9N 9V7,49.701767,-124.982716,250-871-3206,,,N,N,N,N,N,N,N,N,N,N,N,N,N,N,N,N,N,,,N,N,N,N,N,N,N,N,N,N,N,2026-05-15,,N,Y,N,A Fun Place To Grow<br>Licensed Group<br>250-871-3206<br><br>Vacancy:<br>&nbsp;&nbsp;&nbsp;&nbsp;<36 months: N<br>&nbsp;&nbsp;&nbsp;&nbsp;30 months -- 5 years: N<br>&nbsp;&nbsp;&nbsp;&nbsp;Preschool: N<br>&nbsp;&nbsp;&nbsp;&nbsp;Grade 1 - Age 12: N<br>
3915,Licensed Group,Mt. Arrowsmith Infant & Toddler Care Ltd.,4521 Dogwood St,,Port Alberni,V9Y 3Z8,49.254976,-124.800806,250-802-7751,,,N,N,N,N,N,N,N,N,N,N,N,N,N,N,N,N,N,,,N,N,N,N,N,N,N,N,N,N,N,2026-05-13,,N,Y,N,Mt. Arrowsmith Infant & Toddler Care Ltd.<br>Licensed Group<br>250-802-7751<br><br>Vacancy:<br>&nbsp;&nbsp;&nbsp;&nbsp;<36 months: N<br>&nbsp;&nbsp;&nbsp;&nbsp;30 months -- 5 years: N<br>&nbsp;&nbsp;&nbsp;&nbsp;Preschool: N<br>&nbsp;&nbsp;&nbsp;&nbsp;Grade 1 - Age 12: N<br>
3916,Licensed Group,Little Blue Childcare Centre,4812 Ferguson Pl,,Okanagan Falls,V0H 1R2,49.339639,-119.568653,778-583-4580,,,N,N,N,N,N,N,N,N,N,N,N,N,N,N,N,N,N,,,N,N,N,N,N,N,N,N,N,N,N,2026-05-15,,N,Y,N,Little Blue Childcare Centre<br>Licensed Group<br>778-583-4580<br><br>Vacancy:<br>&nbsp;&nbsp;&nbsp;&nbsp;<36 months: N<br>&nbsp;&nbsp;&nbsp;&nbsp;30 months -- 5 years: N<br>&nbsp;&nbsp;&nbsp;&nbsp;Preschool: N<br>&nbsp;&nbsp;&nbsp;&nbsp;Grade 1 - Age 12: N<br>
3917,Licensed Group,Steveston Preschool,4320 Moncton St,,Richmond,V7E 6T4,49.12483,-123.178081,604-238-8088,,,N,N,N,N,N,N,N,N,N,N,N,N,N,N,N,N,N,,,N,N,N,N,N,N,N,N,N,N,N,2026-05-20,,N,Y,N,Steveston Preschool<br>Licensed Group<br>604-238-8088<br><br>Vacancy:<br>&nbsp;&nbsp;&nbsp;&nbsp;<36 months: N<br>&nbsp;&nbsp;&nbsp;&nbsp;30 months -- 5 years: N<br>&nbsp;&nbsp;&nbsp;&nbsp;Preschool: N<br>&nbsp;&nbsp;&nbsp;&nbsp;Grade 1 - Age 12: N<br>
3918,Licensed Family,Curious Minds Family Daycare,3722 Balsum Rd,,Prince George,V2K 1Z7,53.986656,-122.789178,250-640-0465,,,Y,N,N,N,N,N,Y,Y,N,Y,N,N,N,N,N,N,N,Included in fee,Not offered,N,N,N,N,N,N,N,N,Y,N,N,2026-05-15,,N,Y,N,Curious Minds Family Daycare<br>Licensed Family<br>250-640-0465<br><br>Vacancy:<br>&nbsp;&nbsp;&nbsp;&nbsp;<36 months: N<br>&nbsp;&nbsp;&nbsp;&nbsp;30 months -- 5 years: Y<br>&nbsp;&nbsp;&nbsp;&nbsp;Preschool: N<br>&nbsp;&nbsp;&nbsp;&nbsp;Grade 1 - Age 12: N<br>
3919,Licensed Family,Apple’S Family Child Care,21 60Th Ave W,,Vancouver,V5X 1Z3,49.216193,-123.107054,604-322-3573,,,N,N,N,N,N,N,N,N,N,N,N,N,N,N,N,N,N,,,N,N,N,N,N,N,N,Y,Y,N,N,2026-05-01,,N,Y,N,Apple’S Family Child Care<br>Licensed Family<br>604-322-3573<br><br>Vacancy:<br>&nbsp;&nbsp;&nbsp;&nbsp;<36 months: Y<br>&nbsp;&nbsp;&nbsp;&nbsp;30 months -- 5 years: Y<br>&nbsp;&nbsp;&nbsp;&nbsp;Preschool: N<br>&nbsp;&nbsp;&nbsp;&nbsp;Grade 1 - Age 12: N<br>
3920,Licensed Group,Petite Academy Inc. Pre-K,102 - 631 Carnarvon St,,New Westminster,V3M 1E3,49.203816,-122.910091,778-773-5695,,,N,N,N,N,N,N,N,N,N,N,N,N,N,N,N,N,N,,,N,N,N,N,N,N,N,N,N,N,N,2026-05-19,,N,Y,N,Petite Academy Inc. Pre-K<br>Licensed Group<br>778-773-5695<br><br>Vacancy:<br>&nbsp;&nbsp;&nbsp;&nbsp;<36 months: N<br>&nbsp;&nbsp;&nbsp;&nbsp;30 months -- 5 years: N<br>&nbsp;&nbsp;&nbsp;&nbsp;Preschool: N<br>&nbsp;&nbsp;&nbsp;&nbsp;Grade 1 - Age 12: N<br>
3921,Licensed Group,Bee Haven Childcare - Chesterfield,2641 Chesterfield Ave,,North Vancouver,V7N 3M3,49.333913,-123.075747,604-785-9398,,,N,N,N,N,N,N,N,N,N,N,N,N,N,N,N,N,N,,,N,N,N,N,N,N,N,N,N,N,N,2026-05-14,,N,Y,Y,Bee Haven Childcare - Chesterfield<br>Licensed Group<br>604-785-9398<br><br>Vacancy:<br>&nbsp;&nbsp;&nbsp;&nbsp;<36 months: N<br>&nbsp;&nbsp;&nbsp;&nbsp;30 months -- 5 years: N<br>&nbsp;&nbsp;&nbsp;&nbsp;Preschool: N<br>&nbsp;&nbsp;&nbsp;&nbsp;Grade 1 - Age 12: N<br>
3922,Licensed Group,Wonderful Beginnings - Gallaghers,4370 Gallaghers Dr E,,Kelowna,V1W 3Z8,49.840387,-119.378172,306-471-4567,,,N,N,N,N,N,N,N,N,N,N,N,N,N,N,N,N,N,,,N,N,N,N,N,N,N,N,N,N,N,2026-05-15,,N,Y,N,Wonderful Beginnings - Gallaghers<br>Licensed Group<br>306-471-4567<br><br>Vacancy:<br>&nbsp;&nbsp;&nbsp;&nbsp;<36 months: N<br>&nbsp;&nbsp;&nbsp;&nbsp;30 months -- 5 years: N<br>&nbsp;&nbsp;&nbsp;&nbsp;Preschool: N<br>&nbsp;&nbsp;&nbsp;&nbsp;Grade 1 - Age 12: N<br>
3923,Licensed Family,Giggle Galaxy Daycare Ltd,1920 Eagle St,,Abbotsford,V2S 3A6,49.03688,-122.304764,778-323-1978,,,Y,Y,N,N,N,N,Y,Y,N,Y,Y,N,Y,N,N,N,N,Not offered,Include in fee,N,N,N,N,N,Y,N,Y,Y,N,N,2026-05-04,,N,Y,N,Giggle Galaxy Daycare Ltd<br>Licensed Family<br>778-323-1978<br><br>Vacancy:<br>&nbsp;&nbsp;&nbsp;&nbsp;<36 months: Y<br>&nbsp;&nbsp;&nbsp;&nbsp;30 months -- 5 years: Y<br>&nbsp;&nbsp;&nbsp;&nbsp;Preschool: N<br>&nbsp;&nbsp;&nbsp;&nbsp;Grade 1 - Age 12: N<br>
3924,Licensed Group,Riverdale Elementary School Basc,14835 108A Ave,,Surrey,V3R 1W9,49.20004,-122.811413,604-502-6243,,,N,N,N,N,N,N,N,N,N,N,N,N,N,N,N,N,N,,,N,N,N,N,N,N,N,N,N,N,Y,2026-04-30,,N,Y,N,Riverdale Elementary School Basc<br>Licensed Group<br>604-502-6243<br><br>Vacancy:<br>&nbsp;&nbsp;&nbsp;&nbsp;<36 months: N<br>&nbsp;&nbsp;&nbsp;&nbsp;30 months -- 5 years: N<br>&nbsp;&nbsp;&nbsp;&nbsp;Preschool: N<br>&nbsp;&nbsp;&nbsp;&nbsp;Grade 1 - Age 12: Y<br>
3925,Licensed Group,Triumph Academy Limited,964 Laurier Ave,,Kelowna,V1Y 6B1,49.882481,-119.480654,306-581-9141,,,,,,,,,,,,,,,,,,,,,,,,,,,,,,,,,,,Y,Y,N,Triumph Academy Limited<br>Licensed Group<br>306-581-9141<br><br>Vacancy:<br>&nbsp;&nbsp;&nbsp;&nbsp;<36 months: None<br>&nbsp;&nbsp;&nbsp;&nbsp;30 months -- 5 years: None<br>&nbsp;&nbsp;&nbsp;&nbsp;Preschool: None<br>&nbsp;&nbsp;&nbsp;&nbsp;Grade 1 - Age 12: None<br>
3926,Licensed Group,Presidential Kids Academy - Carmi Campus,400 Carmi Ave,,Penticton,V2A 3G5,49.482544,-119.58091,250-863-0244,,,N,N,N,N,N,N,N,N,N,N,N,N,N,N,N,N,N,,,N,N,N,N,N,N,N,Y,Y,N,N,2026-05-20,,N,Y,N,Presidential Kids Academy - Carmi Campus<br>Licensed Group<br>250-863-0244<br><br>Vacancy:<br>&nbsp;&nbsp;&nbsp;&nbsp;<36 months: Y<br>&nbsp;&nbsp;&nbsp;&nbsp;30 months -- 5 years: Y<br>&nbsp;&nbsp;&nbsp;&nbsp;Preschool: N<br>&nbsp;&nbsp;&nbsp;&nbsp;Grade 1 - Age 12: N<br>
3927,Licensed Group,Tyke Town Corner,1240 4Th Avenue,,Prince George,V2L 3J4,53.916111,-122.745672,250-899-4546,,,N,N,N,N,N,N,N,N,N,N,N,N,N,N,N,N,N,,,N,N,N,N,N,N,N,N,Y,N,N,2026-05-14,,N,Y,N,Tyke Town Corner<br>Licensed Group<br>250-899-4546<br><br>Vacancy:<br>&nbsp;&nbsp;&nbsp;&nbsp;<36 months: N<br>&nbsp;&nbsp;&nbsp;&nbsp;30 months -- 5 years: Y<br>&nbsp;&nbsp;&nbsp;&nbsp;Preschool: N<br>&nbsp;&nbsp;&nbsp;&nbsp;Grade 1 - Age 12: N<br>
3928,Licensed Group,Riverside Childcare Centre,3610 B Westwood St,,Port Coquitlam,V3B 4S8,49.276539,-122.790443,778-985-9215,,,N,N,N,N,N,N,N,N,N,N,N,N,N,N,N,N,N,,,N,N,N,N,N,N,N,Y,Y,N,N,2026-05-22,,N,Y,N,Riverside Childcare Centre<br>Licensed Group<br>778-985-9215<br><br>Vacancy:<br>&nbsp;&nbsp;&nbsp;&nbsp;<36 months: Y<br>&nbsp;&nbsp;&nbsp;&nbsp;30 months -- 5 years: Y<br>&nbsp;&nbsp;&nbsp;&nbsp;Preschool: N<br>&nbsp;&nbsp;&nbsp;&nbsp;Grade 1 - Age 12: N<br>
3929,Licensed Family,Adorable Childcare Centre,17038 79 A Ave,,Surrey,V4N 0C6,49.146264,-122.751683,604-441-1918,,,N,N,N,N,N,N,N,N,N,N,N,N,N,N,N,N,N,,,N,N,N,N,N,N,N,Y,Y,N,Y,2026-05-17,,N,Y,N,Adorable Childcare Centre<br>Licensed Family<br>604-441-1918<br><br>Vacancy:<br>&nbsp;&nbsp;&nbsp;&nbsp;<36 months: Y<br>&nbsp;&nbsp;&nbsp;&nbsp;30 months -- 5 years: Y<br>&nbsp;&nbsp;&nbsp;&nbsp;Preschool: N<br>&nbsp;&nbsp;&nbsp;&nbsp;Grade 1 - Age 12: Y<br>
3930,Licensed Group,Az-Zahraa Islamic Academy,8580 No. 5 Road,,Richmond,V6Y 2V4,49.151111,-123.089175,604-404-7922,,,,,,,,,,,,,,,,,,,,,,,,,,,,,,,,,,,Y,Y,N,Az-Zahraa Islamic Academy<br>Licensed Group<br>604-404-7922<br><br>Vacancy:<br>&nbsp;&nbsp;&nbsp;&nbsp;<36 months: None<br>&nbsp;&nbsp;&nbsp;&nbsp;30 months -- 5 years: None<br>&nbsp;&nbsp;&nbsp;&nbsp;Preschool: None<br>&nbsp;&nbsp;&nbsp;&nbsp;Grade 1 - Age 12: None<br>
3931,Licensed Group,Anspayaxw Headstart,1435 Mary Blackwater Dr,,Kispiox,V0J 1Y4,55.355824,-127.687807,250-842-4106,,,N,N,N,N,N,N,N,N,N,N,N,N,N,N,N,N,N,,,N,N,N,N,N,N,N,N,Y,N,N,2026-04-27,,N,Y,N,Anspayaxw Headstart<br>Licensed Group<br>250-842-4106<br><br>Vacancy:<br>&nbsp;&nbsp;&nbsp;&nbsp;<36 months: N<br>&nbsp;&nbsp;&nbsp;&nbsp;30 months -- 5 years: Y<br>&nbsp;&nbsp;&nbsp;&nbsp;Preschool: N<br>&nbsp;&nbsp;&nbsp;&nbsp;Grade 1 - Age 12: N<br>
3932,Licensed Group,Bright Star Montessori School - Parksville,407 Wembley Rd,,Parksville,V9P 2B2,49.328313,-124.343987,778-861-8876,,,N,N,N,N,N,N,N,N,N,N,N,N,N,N,N,N,N,,,N,N,N,N,N,N,N,Y,Y,N,N,2026-05-21,,N,Y,N,Bright Star Montessori School - Parksville<br>Licensed Group<br>778-861-8876<br><br>Vacancy:<br>&nbsp;&nbsp;&nbsp;&nbsp;<36 months: Y<br>&nbsp;&nbsp;&nbsp;&nbsp;30 months -- 5 years: Y<br>&nbsp;&nbsp;&nbsp;&nbsp;Preschool: N<br>&nbsp;&nbsp;&nbsp;&nbsp;Grade 1 - Age 12: N<br>
3933,Licensed Family,Growing Wonders Daycare,45510 Meadowbrook Dr,,Chilliwack,V2P 0G6,49.157513,-121.965232,604-217-0528,,,Y,N,N,N,N,N,Y,Y,N,N,N,N,Y,N,N,N,Y,Not offered,Not offered,N,N,N,N,N,N,Y,Y,N,N,N,2026-04-29,,N,Y,N,Growing Wonders Daycare<br>Licensed Family<br>604-217-0528<br><br>Vacancy:<br>&nbsp;&nbsp;&nbsp;&nbsp;<36 months: Y<br>&nbsp;&nbsp;&nbsp;&nbsp;30 months -- 5 years: N<br>&nbsp;&nbsp;&nbsp;&nbsp;Preschool: N<br>&nbsp;&nbsp;&nbsp;&nbsp;Grade 1 - Age 12: N<br>
3934,Licensed Group,Acg Early Learning Center #1,4916 Imperial St,,Burnaby,V5J 1C6,49.221662,-122.993845,778-955-7181,,,N,N,N,N,N,N,N,N,N,N,N,N,N,N,N,N,N,,,N,N,N,N,N,N,N,N,N,N,N,2026-04-30,,N,Y,N,Acg Early Learning Center #1<br>Licensed Group<br>778-955-7181<br><br>Vacancy:<br>&nbsp;&nbsp;&nbsp;&nbsp;<36 months: N<br>&nbsp;&nbsp;&nbsp;&nbsp;30 months -- 5 years: N<br>&nbsp;&nbsp;&nbsp;&nbsp;Preschool: N<br>&nbsp;&nbsp;&nbsp;&nbsp;Grade 1 - Age 12: N<br>
3935,Licensed Group,Alphablocks Childcare,13711 63B Ave,,Surrey,V3X 3J7,49.11856,-122.842007,604-783-5983,,,N,N,N,N,N,N,Y,N,N,N,N,N,N,N,N,N,N,Not offered,Not offered,N,N,N,N,N,N,N,Y,N,N,N,2026-05-15,,N,Y,N,Alphablocks Childcare<br>Licensed Group<br>604-783-5983<br><br>Vacancy:<br>&nbsp;&nbsp;&nbsp;&nbsp;<36 months: Y<br>&nbsp;&nbsp;&nbsp;&nbsp;30 months -- 5 years: N<br>&nbsp;&nbsp;&nbsp;&nbsp;Preschool: N<br>&nbsp;&nbsp;&nbsp;&nbsp;Grade 1 - Age 12: N<br>
3936,Licensed Group,Tzu Chi Great Love Daycare,9871 Finn Rd,,Richmond,V7A 2L3,49.121478,-123.115558,604-284-1700,,,Y,N,N,N,N,N,N,Y,N,N,N,N,N,Y,N,N,N,Not offered,Not offered,Y,Y,Y,N,N,N,N,Y,Y,N,N,2026-04-30,,N,Y,N,Tzu Chi Great Love Daycare<br>Licensed Group<br>604-284-1700<br><br>Vacancy:<br>&nbsp;&nbsp;&nbsp;&nbsp;<36 months: Y<br>&nbsp;&nbsp;&nbsp;&nbsp;30 months -- 5 years: Y<br>&nbsp;&nbsp;&nbsp;&nbsp;Preschool: N<br>&nbsp;&nbsp;&nbsp;&nbsp;Grade 1 - Age 12: N<br>
3937,Licensed Group,Pink Bunny Daycare Ltd,207 Pembina St,,New Westminster,V3M 5J1,49.188352,-122.934562,604-600-7486,,,N,N,N,N,N,N,N,N,N,N,N,N,N,N,N,N,N,,,N,N,N,N,N,N,N,N,N,N,N,2026-05-15,,N,Y,N,Pink Bunny Daycare Ltd<br>Licensed Group<br>604-600-7486<br><br>Vacancy:<br>&nbsp;&nbsp;&nbsp;&nbsp;<36 months: N<br>&nbsp;&nbsp;&nbsp;&nbsp;30 months -- 5 years: N<br>&nbsp;&nbsp;&nbsp;&nbsp;Preschool: N<br>&nbsp;&nbsp;&nbsp;&nbsp;Grade 1 - Age 12: N<br>
3938,Licensed Family,Little Twinkles Childcare Center,19224 59 Ave,,Surrey,V3S 7S9,49.109629,-122.690362,778-319-4354,,,Y,N,N,N,N,N,N,N,N,N,N,N,Y,N,N,N,Y,Extra fee,Extra fee,N,N,N,N,Y,N,Y,N,Y,N,Y,2026-05-15,,N,Y,N,Little Twinkles Childcare Center<br>Licensed Family<br>778-319-4354<br><br>Vacancy:<br>&nbsp;&nbsp;&nbsp;&nbsp;<36 months: N<br>&nbsp;&nbsp;&nbsp;&nbsp;30 months -- 5 years: Y<br>&nbsp;&nbsp;&nbsp;&nbsp;Preschool: N<br>&nbsp;&nbsp;&nbsp;&nbsp;Grade 1 - Age 12: Y<br>
3939,Licensed Group,Creator Childcare Learning Center,6390 Selkirk St,,Chilliwack,V2R 2L7,49.118192,-121.972658,778-594-4449,,,N,N,N,N,N,N,N,N,N,N,N,N,N,N,N,N,N,,,N,N,N,N,N,N,N,N,N,Y,Y,2026-04-15,,N,Y,N,Creator Childcare Learning Center<br>Licensed Group<br>778-594-4449<br><br>Vacancy:<br>&nbsp;&nbsp;&nbsp;&nbsp;<36 months: N<br>&nbsp;&nbsp;&nbsp;&nbsp;30 months -- 5 years: N<br>&nbsp;&nbsp;&nbsp;&nbsp;Preschool: Y<br>&nbsp;&nbsp;&nbsp;&nbsp;Grade 1 - Age 12: Y<br>
3940,Licensed Family,Tiny Little Duckies Family Child Care,784 62Nd Ave E,,Vancouver,V5X 2G5,49.213639,-123.088811,604-327-7827,,,,,,,,,,,,,,,,,,,,,,,,,,,,,,,,,,,Y,N,N,Tiny Little Duckies Family Child Care<br>Licensed Family<br>604-327-7827<br><br>Vacancy:<br>&nbsp;&nbsp;&nbsp;&nbsp;<36 months: None<br>&nbsp;&nbsp;&nbsp;&nbsp;30 months -- 5 years: None<br>&nbsp;&nbsp;&nbsp;&nbsp;Preschool: None<br>&nbsp;&nbsp;&nbsp;&nbsp;Grade 1 - Age 12: None<br>
3941,Licensed Family,Komorebi House Childcare,6286 Waterbury Rd,,Nanaimo,V9V 1M3,49.240756,-124.039277,778-788-1702,,,N,N,N,N,N,N,N,N,N,N,N,N,N,N,N,N,N,,,N,N,N,N,N,N,N,Y,Y,N,N,2026-03-19,,N,Y,N,Komorebi House Childcare<br>Licensed Family<br>778-788-1702<br><br>Vacancy:<br>&nbsp;&nbsp;&nbsp;&nbsp;<36 months: Y<br>&nbsp;&nbsp;&nbsp;&nbsp;30 months -- 5 years: Y<br>&nbsp;&nbsp;&nbsp;&nbsp;Preschool: N<br>&nbsp;&nbsp;&nbsp;&nbsp;Grade 1 - Age 12: N<br>
3942,Licensed Family,Tweety Blue Bird Iii,956 E 54Th Ave,,Vancouver,V5X 1L7,49.220346,-123.085659,778-855-9546,,,N,N,N,N,N,N,N,N,N,N,N,N,N,N,N,N,N,,,N,N,N,N,N,N,N,N,N,N,N,2026-05-17,,N,Y,N,Tweety Blue Bird Iii<br>Licensed Family<br>778-855-9546<br><br>Vacancy:<br>&nbsp;&nbsp;&nbsp;&nbsp;<36 months: N<br>&nbsp;&nbsp;&nbsp;&nbsp;30 months -- 5 years: N<br>&nbsp;&nbsp;&nbsp;&nbsp;Preschool: N<br>&nbsp;&nbsp;&nbsp;&nbsp;Grade 1 - Age 12: N<br>
3943,Licensed Family,Shiiny Nest Daycare,19638 74A Ave,,Langley,V2Y 3R8,49.1675,-122.468361,778-255-5101,,,Y,N,N,N,N,N,Y,Y,N,Y,Y,N,Y,N,N,N,N,Not offered,Not offered,N,N,N,N,N,Y,Y,N,Y,N,N,2026-04-30,,N,Y,N,Shiiny Nest Daycare<br>Licensed Family<br>778-255-5101<br><br>Vacancy:<br>&nbsp;&nbsp;&nbsp;&nbsp;<36 months: N<br>&nbsp;&nbsp;&nbsp;&nbsp;30 months -- 5 years: Y<br>&nbsp;&nbsp;&nbsp;&nbsp;Preschool: N<br>&nbsp;&nbsp;&nbsp;&nbsp;Grade 1 - Age 12: N<br>
3944,Licensed Family,Starlet Academy,2135 Newport Ave,,Vancouver,V5P 2H9,49.215531,-123.063577,236-869-1331,,,Y,N,N,N,N,N,N,Y,N,N,N,N,N,N,N,N,N,Extra fee,Not offered,N,N,N,N,N,Y,Y,N,N,N,N,2026-05-20,,N,Y,N,Starlet Academy<br>Licensed Family<br>236-869-1331<br><br>Vacancy:<br>&nbsp;&nbsp;&nbsp;&nbsp;<36 months: N<br>&nbsp;&nbsp;&nbsp;&nbsp;30 months -- 5 years: N<br>&nbsp;&nbsp;&nbsp;&nbsp;Preschool: N<br>&nbsp;&nbsp;&nbsp;&nbsp;Grade 1 - Age 12: N<br>
3945,Licensed Group,Rail & Sail Montessori House,11 22111 Sharpe Ave,,Richmond,V6V 2V6,49.17056,-122.978612,604-649-1351,,,Y,N,N,N,N,N,Y,Y,N,N,N,N,N,N,N,N,N,Not offered,Not offered,N,N,N,N,N,Y,N,N,Y,N,N,2026-05-16,,N,Y,N,Rail & Sail Montessori House<br>Licensed Group<br>604-649-1351<br><br>Vacancy:<br>&nbsp;&nbsp;&nbsp;&nbsp;<36 months: N<br>&nbsp;&nbsp;&nbsp;&nbsp;30 months -- 5 years: Y<br>&nbsp;&nbsp;&nbsp;&nbsp;Preschool: N<br>&nbsp;&nbsp;&nbsp;&nbsp;Grade 1 - Age 12: N<br>
3946,Licensed Group,Stepping Stones - Niiwaas,4111 Wood Avenue 1,,Port Alberni,V9Y 5E8,49.251662,-124.7902,778-421-8766,,,N,N,N,N,N,N,N,N,N,N,N,N,N,N,N,N,N,,,N,N,N,N,N,N,N,N,N,N,N,2026-05-12,,N,Y,N,Stepping Stones - Niiwaas<br>Licensed Group<br>778-421-8766<br><br>Vacancy:<br>&nbsp;&nbsp;&nbsp;&nbsp;<36 months: N<br>&nbsp;&nbsp;&nbsp;&nbsp;30 months -- 5 years: N<br>&nbsp;&nbsp;&nbsp;&nbsp;Preschool: N<br>&nbsp;&nbsp;&nbsp;&nbsp;Grade 1 - Age 12: N<br>
3947,Licensed Family,Happy Blossoms Childcare,"5763 Island Hwy S, Po Box 66",,Union Bay,V0R 3B0,49.572761,-124.880629,778-228-0262,,,Y,N,N,N,N,N,Y,Y,N,N,N,N,N,N,N,N,N,Not offered,Not offered,N,N,N,N,N,Y,Y,N,Y,N,N,2026-05-15,,N,Y,N,Happy Blossoms Childcare<br>Licensed Family<br>778-228-0262<br><br>Vacancy:<br>&nbsp;&nbsp;&nbsp;&nbsp;<36 months: N<br>&nbsp;&nbsp;&nbsp;&nbsp;30 months -- 5 years: Y<br>&nbsp;&nbsp;&nbsp;&nbsp;Preschool: N<br>&nbsp;&nbsp;&nbsp;&nbsp;Grade 1 - Age 12: N<br>
3948,Licensed Group,Mountain Chickadee After School Care,Suite B 607 7Th Street East,,Revelstoke,V0E 2S0,50.991406,-118.19426,250-814-3454,,,N,N,N,N,N,N,N,N,N,N,N,N,N,N,N,N,N,,,N,N,N,N,N,N,N,N,N,N,Y,2026-05-21,,N,N,N,Mountain Chickadee After School Care<br>Licensed Group<br>250-814-3454<br><br>Vacancy:<br>&nbsp;&nbsp;&nbsp;&nbsp;<36 months: N<br>&nbsp;&nbsp;&nbsp;&nbsp;30 months -- 5 years: N<br>&nbsp;&nbsp;&nbsp;&nbsp;Preschool: N<br>&nbsp;&nbsp;&nbsp;&nbsp;Grade 1 - Age 12: Y<br>
3949,Licensed Group,Wibble Wobble Learning,8346 Noble Road,,Chilliwack,V2P 6R5,49.153913,-121.959413,778-246-5513,,,N,N,N,N,N,N,N,N,N,N,N,N,N,N,N,N,N,,,N,N,N,N,N,N,N,Y,Y,N,Y,2026-05-18,,N,Y,N,Wibble Wobble Learning<br>Licensed Group<br>778-246-5513<br><br>Vacancy:<br>&nbsp;&nbsp;&nbsp;&nbsp;<36 months: Y<br>&nbsp;&nbsp;&nbsp;&nbsp;30 months -- 5 years: Y<br>&nbsp;&nbsp;&nbsp;&nbsp;Preschool: N<br>&nbsp;&nbsp;&nbsp;&nbsp;Grade 1 - Age 12: Y<br>
3950,Licensed Family,Kinderly Early Learning,726 Sylvan Ave,,North Vancouver,V7R 2G1,49.354636,-123.088382,604-716-4111,,,N,N,N,N,N,N,N,N,N,N,N,N,N,N,N,N,N,,,N,N,N,N,N,N,N,Y,Y,N,N,2026-04-22,,N,Y,N,Kinderly Early Learning<br>Licensed Family<br>604-716-4111<br><br>Vacancy:<br>&nbsp;&nbsp;&nbsp;&nbsp;<36 months: Y<br>&nbsp;&nbsp;&nbsp;&nbsp;30 months -- 5 years: Y<br>&nbsp;&nbsp;&nbsp;&nbsp;Preschool: N<br>&nbsp;&nbsp;&nbsp;&nbsp;Grade 1 - Age 12: N<br>
3951,Licensed Family,Luminest Childcare,1318 Shaughnessy St,,Coquitlam,V3E 2K8,49.294068,-122.771328,604-779-4402,,,Y,N,N,N,N,N,Y,Y,N,Y,Y,N,N,N,N,N,N,Extra fee,Not offered,N,N,N,N,N,N,N,N,Y,N,N,2026-05-18,,N,Y,N,Luminest Childcare<br>Licensed Family<br>604-779-4402<br><br>Vacancy:<br>&nbsp;&nbsp;&nbsp;&nbsp;<36 months: N<br>&nbsp;&nbsp;&nbsp;&nbsp;30 months -- 5 years: Y<br>&nbsp;&nbsp;&nbsp;&nbsp;Preschool: N<br>&nbsp;&nbsp;&nbsp;&nbsp;Grade 1 - Age 12: N<br>
3952,Licensed Group,Tweety Blue Bird,3624 W 3Rd Ave,,Vancouver,V6R 1L9,49.269236,-123.184231,604-809-0505,,,N,N,N,N,N,N,N,N,N,N,N,N,N,N,N,N,N,,,N,N,N,N,N,N,N,N,N,N,N,2026-05-17,,N,Y,N,Tweety Blue Bird<br>Licensed Group<br>604-809-0505<br><br>Vacancy:<br>&nbsp;&nbsp;&nbsp;&nbsp;<36 months: N<br>&nbsp;&nbsp;&nbsp;&nbsp;30 months -- 5 years: N<br>&nbsp;&nbsp;&nbsp;&nbsp;Preschool: N<br>&nbsp;&nbsp;&nbsp;&nbsp;Grade 1 - Age 12: N<br>
3953,Licensed Group,Fun And Learn Day Care Centre,7811 148Th St,,Surrey,V3S 3G1,49.144875,-122.812509,778-990-1871,,,N,N,N,N,N,N,N,N,N,N,N,N,N,N,N,N,N,,,N,N,N,N,N,N,N,Y,Y,N,Y,2026-05-16,,N,Y,N,Fun And Learn Day Care Centre<br>Licensed Group<br>778-990-1871<br><br>Vacancy:<br>&nbsp;&nbsp;&nbsp;&nbsp;<36 months: Y<br>&nbsp;&nbsp;&nbsp;&nbsp;30 months -- 5 years: Y<br>&nbsp;&nbsp;&nbsp;&nbsp;Preschool: N<br>&nbsp;&nbsp;&nbsp;&nbsp;Grade 1 - Age 12: Y<br>
3954,Licensed Group,Kidsrus Early Learning Center Langara,227 E 49Th Ave,,Vancouver,V5W 2G4,49.225909,-123.100876,604-767-0439,,,N,N,N,N,N,N,N,N,N,N,N,N,N,N,N,N,N,,,N,N,N,N,N,N,N,N,N,N,N,2026-04-17,,N,Y,N,Kidsrus Early Learning Center Langara<br>Licensed Group<br>604-767-0439<br><br>Vacancy:<br>&nbsp;&nbsp;&nbsp;&nbsp;<36 months: N<br>&nbsp;&nbsp;&nbsp;&nbsp;30 months -- 5 years: N<br>&nbsp;&nbsp;&nbsp;&nbsp;Preschool: N<br>&nbsp;&nbsp;&nbsp;&nbsp;Grade 1 - Age 12: N<br>
3955,Licensed Group,Green Trails Montessori Daycare - Surrey,103 - 10216 128Th St,,Surrey,V3T 2Z3,49.188412,-122.867426,250-616-4780,,,N,N,N,N,N,N,N,N,N,N,N,N,N,N,N,N,N,,,N,N,N,N,N,N,N,N,Y,N,N,2026-05-15,,N,Y,N,Green Trails Montessori Daycare - Surrey<br>Licensed Group<br>250-616-4780<br><br>Vacancy:<br>&nbsp;&nbsp;&nbsp;&nbsp;<36 months: N<br>&nbsp;&nbsp;&nbsp;&nbsp;30 months -- 5 years: Y<br>&nbsp;&nbsp;&nbsp;&nbsp;Preschool: N<br>&nbsp;&nbsp;&nbsp;&nbsp;Grade 1 - Age 12: N<br>
3956,Licensed Group,Lahso Child Care Infant & Toddler,14581 17 Ave,,Surrey,V4A 5V8,49.033127,-122.81807,778-922-1881,,,N,N,N,N,N,N,N,N,N,N,N,N,N,N,N,N,N,,,N,N,N,N,N,N,N,Y,N,N,N,2026-05-08,,N,Y,N,Lahso Child Care Infant & Toddler<br>Licensed Group<br>778-922-1881<br><br>Vacancy:<br>&nbsp;&nbsp;&nbsp;&nbsp;<36 months: Y<br>&nbsp;&nbsp;&nbsp;&nbsp;30 months -- 5 years: N<br>&nbsp;&nbsp;&nbsp;&nbsp;Preschool: N<br>&nbsp;&nbsp;&nbsp;&nbsp;Grade 1 - Age 12: N<br>
3957,Licensed Group,Peninsula Montessori Academy Gibsons,758 School Rd,,Gibsons,V0N 1V9,49.406085,-123.511485,778-994-1288,,,N,N,N,N,N,N,N,N,N,N,N,N,N,N,N,N,N,,,N,N,N,N,N,N,N,N,Y,N,N,2026-05-21,,N,Y,N,Peninsula Montessori Academy Gibsons<br>Licensed Group<br>778-994-1288<br><br>Vacancy:<br>&nbsp;&nbsp;&nbsp;&nbsp;<36 months: N<br>&nbsp;&nbsp;&nbsp;&nbsp;30 months -- 5 years: Y<br>&nbsp;&nbsp;&nbsp;&nbsp;Preschool: N<br>&nbsp;&nbsp;&nbsp;&nbsp;Grade 1 - Age 12: N<br>
3958,Licensed Group,Adiidsii Nee,1647 B Collison Avenue,,Masset,V0T 1M0,54.009713,-132.142162,778-914-0448,,,N,N,N,N,N,N,N,N,N,N,N,N,N,N,N,N,N,Not offered,Not offered,N,N,N,N,N,N,N,N,N,N,N,2026-05-01,,N,Y,N,Adiidsii Nee<br>Licensed Group<br>778-914-0448<br><br>Vacancy:<br>&nbsp;&nbsp;&nbsp;&nbsp;<36 months: N<br>&nbsp;&nbsp;&nbsp;&nbsp;30 months -- 5 years: N<br>&nbsp;&nbsp;&nbsp;&nbsp;Preschool: N<br>&nbsp;&nbsp;&nbsp;&nbsp;Grade 1 - Age 12: N<br>
3959,Licensed Family,Kinder Care Family Daycare,3910 Jingle Pot Rd,,Nanaimo,V9T 0K3,49.203326,-124.036742,250-755-9701,,,N,N,N,N,N,N,N,N,N,N,N,N,N,N,N,N,N,,,N,N,N,N,N,N,N,N,N,N,N,2026-04-23,,N,Y,N,Kinder Care Family Daycare<br>Licensed Family<br>250-755-9701<br><br>Vacancy:<br>&nbsp;&nbsp;&nbsp;&nbsp;<36 months: N<br>&nbsp;&nbsp;&nbsp;&nbsp;30 months -- 5 years: N<br>&nbsp;&nbsp;&nbsp;&nbsp;Preschool: N<br>&nbsp;&nbsp;&nbsp;&nbsp;Grade 1 - Age 12: N<br>
3960,Licensed Family,Blooming Minds Day Care,8858 143A St,,Surrey,V3V 7P8,49.163854,-122.82448,236-858-3101,,,Y,N,N,N,N,N,Y,Y,N,N,Y,N,Y,N,N,N,N,Not offered,Not offered,N,N,N,N,N,Y,Y,N,N,N,N,2026-04-29,,N,Y,N,Blooming Minds Day Care<br>Licensed Family<br>236-858-3101<br><br>Vacancy:<br>&nbsp;&nbsp;&nbsp;&nbsp;<36 months: N<br>&nbsp;&nbsp;&nbsp;&nbsp;30 months -- 5 years: N<br>&nbsp;&nbsp;&nbsp;&nbsp;Preschool: N<br>&nbsp;&nbsp;&nbsp;&nbsp;Grade 1 - Age 12: N<br>
3961,Licensed Group,Whalley Day Care Ltd. #4,10591 133Rd St,,Surrey,V3T 3Z2,49.195329,-122.854063,604-581-0237,,,Y,N,N,N,N,N,Y,Y,N,Y,Y,N,N,N,N,N,N,Not offered,Not offered,N,N,N,N,Y,Y,Y,N,N,N,N,2026-05-15,,N,Y,N,Whalley Day Care Ltd. #4<br>Licensed Group<br>604-581-0237<br><br>Vacancy:<br>&nbsp;&nbsp;&nbsp;&nbsp;<36 months: N<br>&nbsp;&nbsp;&nbsp;&nbsp;30 months -- 5 years: N<br>&nbsp;&nbsp;&nbsp;&nbsp;Preschool: N<br>&nbsp;&nbsp;&nbsp;&nbsp;Grade 1 - Age 12: N<br>
3962,Licensed Group,Maple Leaf Montessori Children's Centre,3440 271B St,,Aldergrove,V4W 3H3,49.051319,-122.470673,604-351-8953,,,Y,N,N,N,N,N,N,Y,N,Y,N,N,N,N,N,N,N,Not offered,Not offered,N,N,N,N,N,Y,N,N,Y,N,N,2026-04-30,,N,Y,N,Maple Leaf Montessori Children's Centre<br>Licensed Group<br>604-351-8953<br><br>Vacancy:<br>&nbsp;&nbsp;&nbsp;&nbsp;<36 months: N<br>&nbsp;&nbsp;&nbsp;&nbsp;30 months -- 5 years: Y<br>&nbsp;&nbsp;&nbsp;&nbsp;Preschool: N<br>&nbsp;&nbsp;&nbsp;&nbsp;Grade 1 - Age 12: N<br>
3963,Licensed Group,Connections Kids Club - Spul'u'kwuks,5999 Blanshard Drive,,Richmond,V7C 5V4,49.170815,-123.18512,604-271-7600,,,N,N,N,N,N,N,N,N,N,N,N,N,N,N,N,N,N,,,N,N,N,N,N,N,N,N,N,N,Y,2026-05-11,,N,Y,N,Connections Kids Club - Spul'u'kwuks<br>Licensed Group<br>604-271-7600<br><br>Vacancy:<br>&nbsp;&nbsp;&nbsp;&nbsp;<36 months: N<br>&nbsp;&nbsp;&nbsp;&nbsp;30 months -- 5 years: N<br>&nbsp;&nbsp;&nbsp;&nbsp;Preschool: N<br>&nbsp;&nbsp;&nbsp;&nbsp;Grade 1 - Age 12: Y<br>
3964,Licensed Group,Tolmie Childcare Center,556 Boleskine Rd,,Victoria,V8Z 1E8,48.45291,-123.377193,250-721-2244,,,N,N,N,N,N,N,N,N,N,N,N,N,N,N,N,N,N,,,N,N,N,N,N,N,N,Y,Y,N,N,2026-05-20,,N,N,N,Tolmie Childcare Center<br>Licensed Group<br>250-721-2244<br><br>Vacancy:<br>&nbsp;&nbsp;&nbsp;&nbsp;<36 months: Y<br>&nbsp;&nbsp;&nbsp;&nbsp;30 months -- 5 years: Y<br>&nbsp;&nbsp;&nbsp;&nbsp;Preschool: N<br>&nbsp;&nbsp;&nbsp;&nbsp;Grade 1 - Age 12: N<br>
3965,Licensed Family,Shuswap Sprouts Childcare,2589 St Andrews St,,Blind Bay,V0E 1H0,50.867203,-119.386675,604-839-3300,https://www.facebook.com/people/Shuswap-Sprouts-Childcare/61585074186272/,,Y,N,N,N,N,N,Y,Y,N,N,N,N,N,N,N,N,N,Included in fee,Not offered,N,N,N,N,N,N,N,N,Y,N,N,2026-05-11,,N,Y,N,Shuswap Sprouts Childcare<br>Licensed Family<br>604-839-3300<br><br>Vacancy:<br>&nbsp;&nbsp;&nbsp;&nbsp;<36 months: N<br>&nbsp;&nbsp;&nbsp;&nbsp;30 months -- 5 years: Y<br>&nbsp;&nbsp;&nbsp;&nbsp;Preschool: N<br>&nbsp;&nbsp;&nbsp;&nbsp;Grade 1 - Age 12: N<br>
3966,Licensed Group,Tiny Wonders Childcare Centre Inc,22943 122Nd Ave,,Maple Ridge,V2X 3Y3,49.22515,-122.58718,902-989-7508,,,Y,N,N,N,N,N,Y,N,N,N,N,N,N,N,N,N,N,Not offered,Not offered,N,N,N,N,N,Y,Y,Y,N,N,N,2026-03-23,,N,Y,N,Tiny Wonders Childcare Centre Inc<br>Licensed Group<br>902-989-7508<br><br>Vacancy:<br>&nbsp;&nbsp;&nbsp;&nbsp;<36 months: Y<br>&nbsp;&nbsp;&nbsp;&nbsp;30 months -- 5 years: N<br>&nbsp;&nbsp;&nbsp;&nbsp;Preschool: N<br>&nbsp;&nbsp;&nbsp;&nbsp;Grade 1 - Age 12: N<br>
3967,Licensed Family,Rissa Roo's Daycare,4073 Lac La Hache Stn Rd,,Lac La Hache,V0K 1T0,51.807116,-121.458599,250-644-6067,,,Y,N,N,N,N,N,Y,Y,N,N,N,N,N,N,N,N,N,Not offered,Not offered,N,N,N,N,N,N,N,Y,Y,N,N,2026-04-22,,N,N,N,Rissa Roo's Daycare<br>Licensed Family<br>250-644-6067<br><br>Vacancy:<br>&nbsp;&nbsp;&nbsp;&nbsp;<36 months: Y<br>&nbsp;&nbsp;&nbsp;&nbsp;30 months -- 5 years: Y<br>&nbsp;&nbsp;&nbsp;&nbsp;Preschool: N<br>&nbsp;&nbsp;&nbsp;&nbsp;Grade 1 - Age 12: N<br>
3968,Licensed Family,Sunnyville Early Learning,22915 Reid Ave,,Maple Ridge,V2X 0C2,49.227985,-122.587356,604-354-4215,,,,,,,,,,,,,,,,,,,,,,,,,,,,,,,,,,,Y,Y,N,Sunnyville Early Learning<br>Licensed Family<br>604-354-4215<br><br>Vacancy:<br>&nbsp;&nbsp;&nbsp;&nbsp;<36 months: None<br>&nbsp;&nbsp;&nbsp;&nbsp;30 months -- 5 years: None<br>&nbsp;&nbsp;&nbsp;&nbsp;Preschool: None<br>&nbsp;&nbsp;&nbsp;&nbsp;Grade 1 - Age 12: None<br>
3969,Licensed Group,My Whole Earth Academy,208 2031 W 41St Ave,,Vancouver,V6M 1Y7,49.234809,-123.152944,604-209-0034,,,,,,,,,,,,,,,,,,,,,,,,,,,,,,,,,,,Y,Y,N,My Whole Earth Academy<br>Licensed Group<br>604-209-0034<br><br>Vacancy:<br>&nbsp;&nbsp;&nbsp;&nbsp;<36 months: None<br>&nbsp;&nbsp;&nbsp;&nbsp;30 months -- 5 years: None<br>&nbsp;&nbsp;&nbsp;&nbsp;Preschool: None<br>&nbsp;&nbsp;&nbsp;&nbsp;Grade 1 - Age 12: None<br>
3970,Licensed Family,Ladner Grown Daycare,5476 Paton Dr,,Delta,V4K 2G3,49.103606,-123.071335,778-317-0457,,,,,,,,,,,,,,,,,,,,,,,,,,,,,,,,,,,Y,Y,N,Ladner Grown Daycare<br>Licensed Family<br>778-317-0457<br><br>Vacancy:<br>&nbsp;&nbsp;&nbsp;&nbsp;<36 months: None<br>&nbsp;&nbsp;&nbsp;&nbsp;30 months -- 5 years: None<br>&nbsp;&nbsp;&nbsp;&nbsp;Preschool: None<br>&nbsp;&nbsp;&nbsp;&nbsp;Grade 1 - Age 12: None<br>
3971,Licensed Family,Welcome Little Stars Daycare Ltd.,12677 96 Ave,,Surrey,V3V 1X5,49.177318,-122.871341,778-242-7035,,,N,N,N,N,N,N,N,N,N,N,N,N,N,N,N,N,N,,,N,N,N,N,N,N,N,N,N,N,N,2026-05-21,,N,Y,N,Welcome Little Stars Daycare Ltd.<br>Licensed Family<br>778-242-7035<br><br>Vacancy:<br>&nbsp;&nbsp;&nbsp;&nbsp;<36 months: N<br>&nbsp;&nbsp;&nbsp;&nbsp;30 months -- 5 years: N<br>&nbsp;&nbsp;&nbsp;&nbsp;Preschool: N<br>&nbsp;&nbsp;&nbsp;&nbsp;Grade 1 - Age 12: N<br>
3972,Licensed Group,Luv Dale Childcare Centre,12953  74 Avenue,,Surrey,V3W 7K7,49.137557,-122.863971,250-792-9655,,,N,N,N,N,N,N,N,N,N,N,N,N,N,N,N,N,N,,,N,N,N,N,N,N,N,Y,Y,N,Y,2026-05-14,,N,Y,N,Luv Dale Childcare Centre<br>Licensed Group<br>250-792-9655<br><br>Vacancy:<br>&nbsp;&nbsp;&nbsp;&nbsp;<36 months: Y<br>&nbsp;&nbsp;&nbsp;&nbsp;30 months -- 5 years: Y<br>&nbsp;&nbsp;&nbsp;&nbsp;Preschool: N<br>&nbsp;&nbsp;&nbsp;&nbsp;Grade 1 - Age 12: Y<br>
3973,Licensed Group,Angels Playhouse Daycare Society (Gately Ave),2471 Gately Ave,,Port Coquitlam,V3C 5B4,49.265457,-122.784065,604-809-3868,,,N,N,N,N,N,N,N,N,N,N,N,N,N,N,N,N,N,,,N,N,N,N,N,N,N,Y,Y,N,N,2026-05-18,,N,Y,N,Angels Playhouse Daycare Society (Gately Ave)<br>Licensed Group<br>604-809-3868<br><br>Vacancy:<br>&nbsp;&nbsp;&nbsp;&nbsp;<36 months: Y<br>&nbsp;&nbsp;&nbsp;&nbsp;30 months -- 5 years: Y<br>&nbsp;&nbsp;&nbsp;&nbsp;Preschool: N<br>&nbsp;&nbsp;&nbsp;&nbsp;Grade 1 - Age 12: N<br>
3974,Licensed Group,Lululala Childcare,109 - 20110 Lougheed Hwy,,Maple Ridge,V2X 0P5,49.220265,-122.663682,236-516-0026,,,N,N,N,N,N,N,N,N,N,N,N,N,N,N,N,N,N,,,N,N,N,N,N,N,N,Y,Y,N,N,2026-05-04,,N,Y,N,Lululala Childcare<br>Licensed Group<br>236-516-0026<br><br>Vacancy:<br>&nbsp;&nbsp;&nbsp;&nbsp;<36 months: Y<br>&nbsp;&nbsp;&nbsp;&nbsp;30 months -- 5 years: Y<br>&nbsp;&nbsp;&nbsp;&nbsp;Preschool: N<br>&nbsp;&nbsp;&nbsp;&nbsp;Grade 1 - Age 12: N<br>
3975,Licensed Group,Jumping Jiminys Junior Care,350 Robson Street,,Nanaimo,V9R 2V5,49.164601,-123.939539,250-591-1394,,,N,N,N,N,N,N,N,N,N,N,N,N,N,N,N,N,N,,,N,N,N,N,N,N,N,Y,Y,N,N,2026-05-21,,N,Y,N,Jumping Jiminys Junior Care<br>Licensed Group<br>250-591-1394<br><br>Vacancy:<br>&nbsp;&nbsp;&nbsp;&nbsp;<36 months: Y<br>&nbsp;&nbsp;&nbsp;&nbsp;30 months -- 5 years: Y<br>&nbsp;&nbsp;&nbsp;&nbsp;Preschool: N<br>&nbsp;&nbsp;&nbsp;&nbsp;Grade 1 - Age 12: N<br>
3976,Licensed Group,Tendernest Child Care,11351 154A,,Surrey,V3R 2V7,49.208823,-122.791637,778-866-9972,,,Y,N,N,N,N,N,Y,N,N,N,N,N,N,Y,N,N,N,Not offered,Not offered,N,N,N,N,N,Y,Y,N,N,N,N,2026-05-15,,N,Y,N,Tendernest Child Care<br>Licensed Group<br>778-866-9972<br><br>Vacancy:<br>&nbsp;&nbsp;&nbsp;&nbsp;<36 months: N<br>&nbsp;&nbsp;&nbsp;&nbsp;30 months -- 5 years: N<br>&nbsp;&nbsp;&nbsp;&nbsp;Preschool: N<br>&nbsp;&nbsp;&nbsp;&nbsp;Grade 1 - Age 12: N<br>
3977,Licensed Family,Tweeting Wren Childcare,218 23 Avenue S,,Creston,V0B 1G5,49.094088,-116.497421,250-254-2616,,,Y,N,N,N,N,N,Y,Y,N,N,N,N,N,N,N,N,N,Included in fee,Not offered,N,N,N,N,Y,Y,Y,N,N,N,N,2026-05-16,,N,Y,N,Tweeting Wren Childcare<br>Licensed Family<br>250-254-2616<br><br>Vacancy:<br>&nbsp;&nbsp;&nbsp;&nbsp;<36 months: N<br>&nbsp;&nbsp;&nbsp;&nbsp;30 months -- 5 years: N<br>&nbsp;&nbsp;&nbsp;&nbsp;Preschool: N<br>&nbsp;&nbsp;&nbsp;&nbsp;Grade 1 - Age 12: N<br>
3978,Licensed Group,Giggles & Dimples Daycare Cloverdale,5681 177B St,,Surrey,V3S 4J2,49.105674,-122.730468,604-561-0409,,,N,N,N,N,N,N,N,N,N,N,N,N,N,N,N,N,N,,,N,N,N,N,N,N,N,Y,Y,N,N,2026-05-15,,N,Y,N,Giggles & Dimples Daycare Cloverdale<br>Licensed Group<br>604-561-0409<br><br>Vacancy:<br>&nbsp;&nbsp;&nbsp;&nbsp;<36 months: Y<br>&nbsp;&nbsp;&nbsp;&nbsp;30 months -- 5 years: Y<br>&nbsp;&nbsp;&nbsp;&nbsp;Preschool: N<br>&nbsp;&nbsp;&nbsp;&nbsp;Grade 1 - Age 12: N<br>
3979,Licensed Group,Lisa's Busy Bees Childcare Ltd: Bumble Beginnings,4268 10Th Ave,,Port Alberni,V9Y 4X3,49.253596,-124.798179,250-731-6135,,,N,N,N,N,N,N,N,N,N,N,N,N,N,N,N,N,N,,,N,N,N,N,N,N,N,N,N,N,N,2026-05-07,,N,N,N,Lisa's Busy Bees Childcare Ltd: Bumble Beginnings<br>Licensed Group<br>250-731-6135<br><br>Vacancy:<br>&nbsp;&nbsp;&nbsp;&nbsp;<36 months: N<br>&nbsp;&nbsp;&nbsp;&nbsp;30 months -- 5 years: N<br>&nbsp;&nbsp;&nbsp;&nbsp;Preschool: N<br>&nbsp;&nbsp;&nbsp;&nbsp;Grade 1 - Age 12: N<br>
3980,Licensed Family,Unique Academy Child Care,23818 112 Ave,,Maple Ridge,V2W 1E5,49.205662,-122.56204,778-244-1009,,,N,N,N,N,N,N,N,N,N,N,N,N,N,N,N,N,N,,,N,N,N,N,N,N,N,Y,Y,N,Y,2026-04-29,,N,Y,N,Unique Academy Child Care<br>Licensed Family<br>778-244-1009<br><br>Vacancy:<br>&nbsp;&nbsp;&nbsp;&nbsp;<36 months: Y<br>&nbsp;&nbsp;&nbsp;&nbsp;30 months -- 5 years: Y<br>&nbsp;&nbsp;&nbsp;&nbsp;Preschool: N<br>&nbsp;&nbsp;&nbsp;&nbsp;Grade 1 - Age 12: Y<br>
3981,Licensed Group,Hilltop Daycare,447 Bowen Island Trunk Rd,,Bowen Island,V0N 1G0,49.379522,-123.335199,778-239-5251,,,N,N,N,N,N,N,N,N,N,N,N,N,N,N,N,N,N,,,N,N,N,N,N,N,N,N,N,N,N,2026-05-19,,N,Y,N,Hilltop Daycare<br>Licensed Group<br>778-239-5251<br><br>Vacancy:<br>&nbsp;&nbsp;&nbsp;&nbsp;<36 months: N<br>&nbsp;&nbsp;&nbsp;&nbsp;30 months -- 5 years: N<br>&nbsp;&nbsp;&nbsp;&nbsp;Preschool: N<br>&nbsp;&nbsp;&nbsp;&nbsp;Grade 1 - Age 12: N<br>
3982,Licensed Group,Kid Nest Daycare,8531 Leslie Rd,,Richmond,V6X 1E6,49.179602,-123.128969,778-995-0583,,,Y,Y,N,N,N,N,Y,N,N,N,N,N,N,Y,N,N,N,Included in fee,Extra fee,N,N,N,N,N,Y,Y,Y,N,N,N,2026-05-16,,N,Y,N,Kid Nest Daycare<br>Licensed Group<br>778-995-0583<br><br>Vacancy:<br>&nbsp;&nbsp;&nbsp;&nbsp;<36 months: Y<br>&nbsp;&nbsp;&nbsp;&nbsp;30 months -- 5 years: N<br>&nbsp;&nbsp;&nbsp;&nbsp;Preschool: N<br>&nbsp;&nbsp;&nbsp;&nbsp;Grade 1 - Age 12: N<br>
3983,Licensed Group,Beautiful Days Child Care Center,4732 Maitland St,,Burnaby,V5H 1N2,49.230614,-122.997315,778-987-0415,,,Y,N,N,N,N,N,Y,N,N,N,N,N,N,Y,N,N,Y,Extra fee,Not offered,N,N,N,N,N,Y,Y,Y,N,N,N,2026-05-02,,N,Y,N,Beautiful Days Child Care Center<br>Licensed Group<br>778-987-0415<br><br>Vacancy:<br>&nbsp;&nbsp;&nbsp;&nbsp;<36 months: Y<br>&nbsp;&nbsp;&nbsp;&nbsp;30 months -- 5 years: N<br>&nbsp;&nbsp;&nbsp;&nbsp;Preschool: N<br>&nbsp;&nbsp;&nbsp;&nbsp;Grade 1 - Age 12: N<br>
3984,Licensed Family,Linda Childcare,4642 15Th Ave W,,Vancouver,V6R 3B6,49.259087,-123.213788,236-512-8772,,,N,N,N,N,N,N,N,N,N,N,N,N,N,N,N,N,N,,,N,N,N,N,N,N,N,Y,Y,N,N,2026-05-15,,N,Y,N,Linda Childcare<br>Licensed Family<br>236-512-8772<br><br>Vacancy:<br>&nbsp;&nbsp;&nbsp;&nbsp;<36 months: Y<br>&nbsp;&nbsp;&nbsp;&nbsp;30 months -- 5 years: Y<br>&nbsp;&nbsp;&nbsp;&nbsp;Preschool: N<br>&nbsp;&nbsp;&nbsp;&nbsp;Grade 1 - Age 12: N<br>
3985,Licensed Group,Five Stars Daycare Centre Inc,6605 140 St,,Surrey,V3W 5J3,49.122893,-122.834604,778-891-5457,,,N,N,N,N,N,N,N,N,N,N,N,N,N,N,N,N,N,,,N,N,N,N,N,N,N,Y,Y,N,N,2026-05-16,,N,Y,N,Five Stars Daycare Centre Inc<br>Licensed Group<br>778-891-5457<br><br>Vacancy:<br>&nbsp;&nbsp;&nbsp;&nbsp;<36 months: Y<br>&nbsp;&nbsp;&nbsp;&nbsp;30 months -- 5 years: Y<br>&nbsp;&nbsp;&nbsp;&nbsp;Preschool: N<br>&nbsp;&nbsp;&nbsp;&nbsp;Grade 1 - Age 12: N<br>
3986,Licensed Group,New Adventures Childcare Center,19066 69A Ave,,Surrey,V4N 0A5,49.129128,-122.694401,778-387-8145,,,N,N,N,N,N,N,N,N,N,N,N,N,N,N,N,N,N,,,N,N,N,N,N,N,N,N,Y,N,N,2026-05-15,,N,Y,N,New Adventures Childcare Center<br>Licensed Group<br>778-387-8145<br><br>Vacancy:<br>&nbsp;&nbsp;&nbsp;&nbsp;<36 months: N<br>&nbsp;&nbsp;&nbsp;&nbsp;30 months -- 5 years: Y<br>&nbsp;&nbsp;&nbsp;&nbsp;Preschool: N<br>&nbsp;&nbsp;&nbsp;&nbsp;Grade 1 - Age 12: N<br>
3987,Licensed Group,Nurture Nook Academy,200-1623 Mckenzie Ave,,Victoria,V8N 1A6,48.468349,-123.331743,250-590-6886,,,Y,N,N,N,N,N,Y,Y,Y,N,N,N,N,N,N,N,N,Not offered,Not offered,Y,Y,Y,N,N,Y,N,Y,Y,N,N,2026-04-24,,N,Y,N,Nurture Nook Academy<br>Licensed Group<br>250-590-6886<br><br>Vacancy:<br>&nbsp;&nbsp;&nbsp;&nbsp;<36 months: Y<br>&nbsp;&nbsp;&nbsp;&nbsp;30 months -- 5 years: Y<br>&nbsp;&nbsp;&nbsp;&nbsp;Preschool: N<br>&nbsp;&nbsp;&nbsp;&nbsp;Grade 1 - Age 12: N<br>
3988,Licensed Group,Children + Family Circle,625 Isabella Cres,,Trail,V1R 1B1,49.117184,-117.718155,250-551-8488,,,N,N,N,N,N,N,N,N,N,N,N,N,N,N,N,N,N,,,N,N,N,N,N,N,N,Y,Y,Y,N,2026-05-15,,N,Y,N,Children + Family Circle<br>Licensed Group<br>250-551-8488<br><br>Vacancy:<br>&nbsp;&nbsp;&nbsp;&nbsp;<36 months: Y<br>&nbsp;&nbsp;&nbsp;&nbsp;30 months -- 5 years: Y<br>&nbsp;&nbsp;&nbsp;&nbsp;Preschool: Y<br>&nbsp;&nbsp;&nbsp;&nbsp;Grade 1 - Age 12: N<br>
3989,Licensed Family,Little Angels Child Care Center,900 Mayfair Rd,,Kelowna,V1X 5G6,49.899996,-119.402659,250-486-1338,,,,,,,,,,,,,,,,,,,,,,,,,,,,,,,,,,,Y,Y,N,Little Angels Child Care Center<br>Licensed Family<br>250-486-1338<br><br>Vacancy:<br>&nbsp;&nbsp;&nbsp;&nbsp;<36 months: None<br>&nbsp;&nbsp;&nbsp;&nbsp;30 months -- 5 years: None<br>&nbsp;&nbsp;&nbsp;&nbsp;Preschool: None<br>&nbsp;&nbsp;&nbsp;&nbsp;Grade 1 - Age 12: None<br>
3990,Licensed Family,Forest Friends Home Care,2529 Skeena Dr,,Kamloops,V2E 1V4,50.658733,-120.245643,250-319-1917,,,Y,N,N,N,N,N,Y,Y,N,Y,Y,N,N,N,N,N,N,Extra fee,Extra fee,N,N,N,Y,Y,Y,Y,N,N,N,N,2026-05-13,,N,Y,N,Forest Friends Home Care<br>Licensed Family<br>250-319-1917<br><br>Vacancy:<br>&nbsp;&nbsp;&nbsp;&nbsp;<36 months: N<br>&nbsp;&nbsp;&nbsp;&nbsp;30 months -- 5 years: N<br>&nbsp;&nbsp;&nbsp;&nbsp;Preschool: N<br>&nbsp;&nbsp;&nbsp;&nbsp;Grade 1 - Age 12: N<br>
3991,Licensed Group,Rocky Point Montessori 2,2707 Clarke St,,Port Moody,V3H 1Z5,49.277475,-122.851885,604-619-5308,,,N,N,N,N,N,N,N,N,N,N,N,N,N,N,N,N,N,,,N,N,N,N,N,N,N,Y,Y,N,N,2026-05-13,,N,Y,N,Rocky Point Montessori 2<br>Licensed Group<br>604-619-5308<br><br>Vacancy:<br>&nbsp;&nbsp;&nbsp;&nbsp;<36 months: Y<br>&nbsp;&nbsp;&nbsp;&nbsp;30 months -- 5 years: Y<br>&nbsp;&nbsp;&nbsp;&nbsp;Preschool: N<br>&nbsp;&nbsp;&nbsp;&nbsp;Grade 1 - Age 12: N<br>
3992,Licensed Family,Tracey’S Place Daycare,4634 Ryser Crt,,Prince George,V2M 6X8,53.937836,-122.809109,250-961-9098,,,N,N,N,N,N,N,N,N,N,N,N,N,N,N,N,N,N,,,N,N,N,N,N,N,N,Y,Y,N,N,2026-05-19,,N,Y,N,Tracey’S Place Daycare<br>Licensed Family<br>250-961-9098<br><br>Vacancy:<br>&nbsp;&nbsp;&nbsp;&nbsp;<36 months: Y<br>&nbsp;&nbsp;&nbsp;&nbsp;30 months -- 5 years: Y<br>&nbsp;&nbsp;&nbsp;&nbsp;Preschool: N<br>&nbsp;&nbsp;&nbsp;&nbsp;Grade 1 - Age 12: N<br>
3993,Licensed Family,Port Alberni Little Picasso's,4455 Margaret St,,Port Alberni,V9Y 6G7,49.256459,-124.810362,250-891-4237,,,N,N,N,N,N,N,N,N,N,N,N,N,N,N,N,N,N,,,N,N,N,N,N,N,N,N,N,N,N,2026-03-26,,N,N,N,Port Alberni Little Picasso's<br>Licensed Family<br>250-891-4237<br><br>Vacancy:<br>&nbsp;&nbsp;&nbsp;&nbsp;<36 months: N<br>&nbsp;&nbsp;&nbsp;&nbsp;30 months -- 5 years: N<br>&nbsp;&nbsp;&nbsp;&nbsp;Preschool: N<br>&nbsp;&nbsp;&nbsp;&nbsp;Grade 1 - Age 12: N<br>
3994,Licensed Family,Topaz Childcare And Learning Centre,2135 Topaz St,,Abbotsford,V2T 3W7,49.040712,-122.328426,604-300-8820,,,N,N,N,N,N,N,N,N,N,N,N,N,N,N,N,N,N,,,N,N,N,N,N,N,N,Y,Y,N,N,2026-04-14,,N,Y,N,Topaz Childcare And Learning Centre<br>Licensed Family<br>604-300-8820<br><br>Vacancy:<br>&nbsp;&nbsp;&nbsp;&nbsp;<36 months: Y<br>&nbsp;&nbsp;&nbsp;&nbsp;30 months -- 5 years: Y<br>&nbsp;&nbsp;&nbsp;&nbsp;Preschool: N<br>&nbsp;&nbsp;&nbsp;&nbsp;Grade 1 - Age 12: N<br>
3995,Licensed Family,Cedar Bear Daycare,2705 10Th Ave,,Castlegar,V1N 3A5,49.278882,-117.652648,250-977-2361,,,N,N,N,N,N,N,N,N,N,N,N,N,N,N,N,N,N,,,N,N,N,N,N,N,N,N,N,N,N,2026-04-29,,N,Y,N,Cedar Bear Daycare<br>Licensed Family<br>250-977-2361<br><br>Vacancy:<br>&nbsp;&nbsp;&nbsp;&nbsp;<36 months: N<br>&nbsp;&nbsp;&nbsp;&nbsp;30 months -- 5 years: N<br>&nbsp;&nbsp;&nbsp;&nbsp;Preschool: N<br>&nbsp;&nbsp;&nbsp;&nbsp;Grade 1 - Age 12: N<br>
3996,Licensed Family,Natural Path Academy (Npa) Crescent Park,13289 26 Ave,,Surrey,V4P 1Y2,49.049692,-122.853867,236-866-6685,www.naturalpathacademy.com,,Y,N,N,N,N,N,Y,Y,N,N,N,Y,N,Y,N,N,N,Included in fee,Not offered,N,N,N,N,Y,Y,Y,Y,Y,N,N,2026-05-06,,N,N,N,Natural Path Academy (Npa) Crescent Park<br>Licensed Family<br>236-866-6685<br><br>Vacancy:<br>&nbsp;&nbsp;&nbsp;&nbsp;<36 months: Y<br>&nbsp;&nbsp;&nbsp;&nbsp;30 months -- 5 years: Y<br>&nbsp;&nbsp;&nbsp;&nbsp;Preschool: N<br>&nbsp;&nbsp;&nbsp;&nbsp;Grade 1 - Age 12: N<br>
3997,Licensed Group,Toddler World Early Learning Centre Inc.,24-750 Fortune Dr,,Kamloops,V2B 2L2,50.699807,-120.360081,250-879-1436,,,N,N,N,N,N,N,N,N,N,N,N,N,N,N,N,N,N,,,N,N,N,N,N,N,N,N,N,N,Y,2026-05-19,,N,Y,N,Toddler World Early Learning Centre Inc.<br>Licensed Group<br>250-879-1436<br><br>Vacancy:<br>&nbsp;&nbsp;&nbsp;&nbsp;<36 months: N<br>&nbsp;&nbsp;&nbsp;&nbsp;30 months -- 5 years: N<br>&nbsp;&nbsp;&nbsp;&nbsp;Preschool: N<br>&nbsp;&nbsp;&nbsp;&nbsp;Grade 1 - Age 12: Y<br>
3998,Licensed Group,Tadpole Ranch Daycare,6599 Driftwood Rd,,Prince George,V2K 4E4,53.988802,-122.782187,250-612-2955,,,N,N,N,N,N,N,N,N,N,N,N,N,N,N,N,N,N,,,N,N,N,N,N,N,N,N,Y,N,N,2026-05-19,,N,Y,N,Tadpole Ranch Daycare<br>Licensed Group<br>250-612-2955<br><br>Vacancy:<br>&nbsp;&nbsp;&nbsp;&nbsp;<36 months: N<br>&nbsp;&nbsp;&nbsp;&nbsp;30 months -- 5 years: Y<br>&nbsp;&nbsp;&nbsp;&nbsp;Preschool: N<br>&nbsp;&nbsp;&nbsp;&nbsp;Grade 1 - Age 12: N<br>
3999,Licensed Group,Brilliant Minds Academy Ltd.,6420 Maple Rd,,Richmond,V7E 1G5,49.146479,-123.152801,604-447-2955,,,N,N,N,N,N,N,N,N,N,N,N,N,N,N,N,N,N,,,N,N,N,N,N,N,N,N,Y,N,N,2026-05-19,,N,Y,N,Brilliant Minds Academy Ltd.<br>Licensed Group<br>604-447-2955<br><br>Vacancy:<br>&nbsp;&nbsp;&nbsp;&nbsp;<36 months: N<br>&nbsp;&nbsp;&nbsp;&nbsp;30 months -- 5 years: Y<br>&nbsp;&nbsp;&nbsp;&nbsp;Preschool: N<br>&nbsp;&nbsp;&nbsp;&nbsp;Grade 1 - Age 12: N<br>
4000,Licensed Family,Little Foot & Hand Prints Daycare Inc,31934 Peardonville Rd,,Abbotsford,V2T 1L8,49.04558,-122.338713,604-512-8676,,,N,N,N,N,N,N,N,N,N,N,N,N,N,N,N,N,N,,,N,N,N,N,N,N,N,N,N,N,N,2026-05-12,,N,Y,N,Little Foot & Hand Prints Daycare Inc<br>Licensed Family<br>604-512-8676<br><br>Vacancy:<br>&nbsp;&nbsp;&nbsp;&nbsp;<36 months: N<br>&nbsp;&nbsp;&nbsp;&nbsp;30 months -- 5 years: N<br>&nbsp;&nbsp;&nbsp;&nbsp;Preschool: N<br>&nbsp;&nbsp;&nbsp;&nbsp;Grade 1 - Age 12: N<br>
4001,Licensed Family,Brave Hearts Day Care Inc,1389 Columbia Dr,,Smithers,V0J 2N0,54.784372,-127.167501,250-877-0475,,,N,N,N,N,N,N,N,N,N,N,N,N,N,N,N,N,N,,,N,N,N,N,N,N,N,N,Y,N,N,2026-04-13,,N,N,N,Brave Hearts Day Care Inc<br>Licensed Family<br>250-877-0475<br><br>Vacancy:<br>&nbsp;&nbsp;&nbsp;&nbsp;<36 months: N<br>&nbsp;&nbsp;&nbsp;&nbsp;30 months -- 5 years: Y<br>&nbsp;&nbsp;&nbsp;&nbsp;Preschool: N<br>&nbsp;&nbsp;&nbsp;&nbsp;Grade 1 - Age 12: N<br>
4002,Licensed Family,Happy Home Day Care,4545 Cascade Ave,,Prince George,V2M 6L5,53.911972,-122.81499,250-777-3204,,,Y,N,N,N,N,N,Y,Y,N,N,N,N,N,N,N,N,N,Included in fee,Not offered,N,N,N,N,N,Y,N,N,Y,N,N,2026-05-15,,N,Y,N,Happy Home Day Care<br>Licensed Family<br>250-777-3204<br><br>Vacancy:<br>&nbsp;&nbsp;&nbsp;&nbsp;<36 months: N<br>&nbsp;&nbsp;&nbsp;&nbsp;30 months -- 5 years: Y<br>&nbsp;&nbsp;&nbsp;&nbsp;Preschool: N<br>&nbsp;&nbsp;&nbsp;&nbsp;Grade 1 - Age 12: N<br>
4003,Licensed Group,Sweet Pumpkins Day Care Inc,2501 Chancellor Blvd,,Prince George,V2N 0E6,53.874498,-122.797412,647-642-1112,,,N,N,N,N,N,N,N,N,N,N,N,N,N,N,N,N,N,,,N,N,N,N,N,N,N,N,N,N,N,2026-05-18,,N,Y,N,Sweet Pumpkins Day Care Inc<br>Licensed Group<br>647-642-1112<br><br>Vacancy:<br>&nbsp;&nbsp;&nbsp;&nbsp;<36 months: N<br>&nbsp;&nbsp;&nbsp;&nbsp;30 months -- 5 years: N<br>&nbsp;&nbsp;&nbsp;&nbsp;Preschool: N<br>&nbsp;&nbsp;&nbsp;&nbsp;Grade 1 - Age 12: N<br>
4004,Licensed Group,ywca Child Care At Cindy Beedie Place,4803 Canada Way,,Burnaby,V5G 1L3,49.25038,-122.985749,604-992-1493,,,N,N,N,N,N,N,N,N,N,N,N,N,N,N,N,N,N,,,N,N,N,N,N,N,N,Y,Y,N,N,2026-05-19,,N,Y,N,ywca Child Care At Cindy Beedie Place<br>Licensed Group<br>604-992-1493<br><br>Vacancy:<br>&nbsp;&nbsp;&nbsp;&nbsp;<36 months: Y<br>&nbsp;&nbsp;&nbsp;&nbsp;30 months -- 5 years: Y<br>&nbsp;&nbsp;&nbsp;&nbsp;Preschool: N<br>&nbsp;&nbsp;&nbsp;&nbsp;Grade 1 - Age 12: N<br>
4005,Licensed Family,Cosmic Kids Home Daycare,3411 Catalina Cres,,Richmond,V7B 1E3,49.191062,-123.143253,778-325-3114,,,,,,,,,,,,,,,,,,,,,,,,,,,,,,,,,,,Y,Y,N,Cosmic Kids Home Daycare<br>Licensed Family<br>778-325-3114<br><br>Vacancy:<br>&nbsp;&nbsp;&nbsp;&nbsp;<36 months: None<br>&nbsp;&nbsp;&nbsp;&nbsp;30 months -- 5 years: None<br>&nbsp;&nbsp;&nbsp;&nbsp;Preschool: None<br>&nbsp;&nbsp;&nbsp;&nbsp;Grade 1 - Age 12: None<br>
4006,Licensed Family,Happy Penguins Daycare,2879 Mara Dr,,Coquitlam,V3C 5L4,49.256956,-122.80724,604-388-9188,,,N,N,N,N,N,N,N,N,N,N,N,N,N,N,N,N,N,,,N,N,N,N,N,N,N,Y,Y,N,N,2026-04-15,,N,Y,N,Happy Penguins Daycare<br>Licensed Family<br>604-388-9188<br><br>Vacancy:<br>&nbsp;&nbsp;&nbsp;&nbsp;<36 months: Y<br>&nbsp;&nbsp;&nbsp;&nbsp;30 months -- 5 years: Y<br>&nbsp;&nbsp;&nbsp;&nbsp;Preschool: N<br>&nbsp;&nbsp;&nbsp;&nbsp;Grade 1 - Age 12: N<br>
4007,Licensed Family,Tiny Turtles Daycare,44 Simcoe St,,Victoria,V8V 1K2,48.420337,-123.383788,519-771-5725,,,Y,N,N,N,N,N,Y,Y,N,Y,N,N,N,N,N,N,N,Not offered,Not offered,N,N,N,N,Y,Y,Y,N,Y,N,N,2026-05-14,,N,N,N,Tiny Turtles Daycare<br>Licensed Family<br>519-771-5725<br><br>Vacancy:<br>&nbsp;&nbsp;&nbsp;&nbsp;<36 months: N<br>&nbsp;&nbsp;&nbsp;&nbsp;30 months -- 5 years: Y<br>&nbsp;&nbsp;&nbsp;&nbsp;Preschool: N<br>&nbsp;&nbsp;&nbsp;&nbsp;Grade 1 - Age 12: N<br>
4008,Licensed Family,Praise Family Childcare,7658 206 St,,Langley,V2Y 3P6,49.141985,-122.650918,778-723-9920,,,N,N,N,N,N,N,N,N,N,N,N,N,N,N,N,N,N,,,N,N,N,N,N,N,N,N,Y,N,N,2026-05-12,,N,Y,N,Praise Family Childcare<br>Licensed Family<br>778-723-9920<br><br>Vacancy:<br>&nbsp;&nbsp;&nbsp;&nbsp;<36 months: N<br>&nbsp;&nbsp;&nbsp;&nbsp;30 months -- 5 years: Y<br>&nbsp;&nbsp;&nbsp;&nbsp;Preschool: N<br>&nbsp;&nbsp;&nbsp;&nbsp;Grade 1 - Age 12: N<br>
4009,Licensed Family,Georgia's Street Daycare,4388 Georgia St,,Burnaby,V5C 2T8,49.278048,-123.006283,778-866-2883,,,Y,N,N,N,N,N,Y,Y,N,Y,Y,N,N,N,N,N,N,Included in fee,Include in fee,N,N,N,Y,Y,Y,Y,N,Y,N,Y,2026-05-15,,N,Y,N,Georgia's Street Daycare<br>Licensed Family<br>778-866-2883<br><br>Vacancy:<br>&nbsp;&nbsp;&nbsp;&nbsp;<36 months: N<br>&nbsp;&nbsp;&nbsp;&nbsp;30 months -- 5 years: Y<br>&nbsp;&nbsp;&nbsp;&nbsp;Preschool: N<br>&nbsp;&nbsp;&nbsp;&nbsp;Grade 1 - Age 12: Y<br>
4010,Licensed Group,Kindertopia Early Learning,100-2188 Austin Ave,,Coquitlam,V3K 3R8,49.248793,-122.834711,604-492-3335,,,N,N,N,N,N,N,N,N,N,N,N,N,N,N,N,N,N,,,N,N,N,N,N,N,N,N,N,N,N,2026-05-05,,N,Y,N,Kindertopia Early Learning<br>Licensed Group<br>604-492-3335<br><br>Vacancy:<br>&nbsp;&nbsp;&nbsp;&nbsp;<36 months: N<br>&nbsp;&nbsp;&nbsp;&nbsp;30 months -- 5 years: N<br>&nbsp;&nbsp;&nbsp;&nbsp;Preschool: N<br>&nbsp;&nbsp;&nbsp;&nbsp;Grade 1 - Age 12: N<br>
4011,Licensed Group,Kits Star's Childcare Center,2764 West 10Th Ave,,Vancouver,V6K 2J9,49.262923,-123.167731,778-889-9654,,,N,N,N,N,N,N,N,N,N,N,N,N,N,N,N,N,N,,,N,N,N,N,N,N,N,N,N,N,N,2026-05-16,,N,Y,N,Kits Star's Childcare Center<br>Licensed Group<br>778-889-9654<br><br>Vacancy:<br>&nbsp;&nbsp;&nbsp;&nbsp;<36 months: N<br>&nbsp;&nbsp;&nbsp;&nbsp;30 months -- 5 years: N<br>&nbsp;&nbsp;&nbsp;&nbsp;Preschool: N<br>&nbsp;&nbsp;&nbsp;&nbsp;Grade 1 - Age 12: N<br>
4012,Licensed Group,Smiling Stars Daycare- Edgemont Ltd,3171 Edgemont Blvd,,North Vancouver,V7R 2N8,49.338135,-123.103084,604-771-5791,,,Y,N,N,N,N,N,N,Y,N,N,N,N,N,N,N,N,N,Extra fee,Extra fee,N,N,N,N,N,N,N,N,N,N,N,2026-05-15,,N,Y,Y,Smiling Stars Daycare- Edgemont Ltd<br>Licensed Group<br>604-771-5791<br><br>Vacancy:<br>&nbsp;&nbsp;&nbsp;&nbsp;<36 months: N<br>&nbsp;&nbsp;&nbsp;&nbsp;30 months -- 5 years: N<br>&nbsp;&nbsp;&nbsp;&nbsp;Preschool: N<br>&nbsp;&nbsp;&nbsp;&nbsp;Grade 1 - Age 12: N<br>
4013,Licensed Group,Smiling Stars Daycare- Edgemont Ltd,3171 Edgemont Blvd,,North Vancouver,V7R 2N8,49.338135,-123.103084,604-771-5791,,,Y,N,N,N,N,N,Y,N,N,N,N,N,N,N,N,N,N,Extra fee,Extra fee,N,N,N,N,N,N,N,N,N,N,N,2026-05-15,,N,Y,Y,Smiling Stars Daycare- Edgemont Ltd<br>Licensed Group<br>604-771-5791<br><br>Vacancy:<br>&nbsp;&nbsp;&nbsp;&nbsp;<36 months: N<br>&nbsp;&nbsp;&nbsp;&nbsp;30 months -- 5 years: N<br>&nbsp;&nbsp;&nbsp;&nbsp;Preschool: N<br>&nbsp;&nbsp;&nbsp;&nbsp;Grade 1 - Age 12: N<br>
4014,Licensed Group,Tiny Thinkers Childcare Inc.,5117 Francisco Crt,,North Vancouver,V7R 3K4,49.359399,-123.088331,604-363-4293,,,,,,,,,,,,,,,,,,,,,,,,,,,,,,,,,,,Y,Y,N,Tiny Thinkers Childcare Inc.<br>Licensed Group<br>604-363-4293<br><br>Vacancy:<br>&nbsp;&nbsp;&nbsp;&nbsp;<36 months: None<br>&nbsp;&nbsp;&nbsp;&nbsp;30 months -- 5 years: None<br>&nbsp;&nbsp;&nbsp;&nbsp;Preschool: None<br>&nbsp;&nbsp;&nbsp;&nbsp;Grade 1 - Age 12: None<br>
4015,Licensed Group,Precious Joy -Qualicum,2-180 2Nd Ave W,,Qualicum Beach,V9K 2T5,49.346902,-124.445918,250-607-7386,,,N,N,N,N,N,N,N,N,N,N,N,N,N,N,N,N,N,,,N,N,N,N,N,N,N,Y,Y,N,N,2026-05-15,,N,Y,N,Precious Joy -Qualicum<br>Licensed Group<br>250-607-7386<br><br>Vacancy:<br>&nbsp;&nbsp;&nbsp;&nbsp;<36 months: Y<br>&nbsp;&nbsp;&nbsp;&nbsp;30 months -- 5 years: Y<br>&nbsp;&nbsp;&nbsp;&nbsp;Preschool: N<br>&nbsp;&nbsp;&nbsp;&nbsp;Grade 1 - Age 12: N<br>
4016,Licensed Group,Acg Academic,B-7569 Royal Oak Ave,,Burnaby,V5J 4J8,49.215499,-122.988946,778-955-7181,,,N,N,N,N,N,N,N,N,N,N,N,N,N,N,N,N,N,,,N,N,N,N,N,N,N,N,N,N,N,2026-05-01,,N,Y,N,Acg Academic<br>Licensed Group<br>778-955-7181<br><br>Vacancy:<br>&nbsp;&nbsp;&nbsp;&nbsp;<36 months: N<br>&nbsp;&nbsp;&nbsp;&nbsp;30 months -- 5 years: N<br>&nbsp;&nbsp;&nbsp;&nbsp;Preschool: N<br>&nbsp;&nbsp;&nbsp;&nbsp;Grade 1 - Age 12: N<br>
4017,Licensed Group,Wild Coast Daycare - Esquimalt,108-612 Constance Ave,,Esquimalt,V9A 0J7,48.430617,-123.418668,250-418-5784,,,N,N,N,N,N,N,N,N,N,N,N,N,N,N,N,N,N,,,N,N,N,N,N,N,N,Y,Y,N,N,2026-05-20,,N,Y,N,Wild Coast Daycare - Esquimalt<br>Licensed Group<br>250-418-5784<br><br>Vacancy:<br>&nbsp;&nbsp;&nbsp;&nbsp;<36 months: Y<br>&nbsp;&nbsp;&nbsp;&nbsp;30 months -- 5 years: Y<br>&nbsp;&nbsp;&nbsp;&nbsp;Preschool: N<br>&nbsp;&nbsp;&nbsp;&nbsp;Grade 1 - Age 12: N<br>
4018,Licensed Family,Little Rainbow Childcare Centre,4542 Cook Ave,,Powell River,V8A 3M2,49.83886,-124.510417,778-866-0825,,,Y,N,N,N,N,N,Y,Y,N,Y,Y,N,N,N,N,N,Y,Not offered,Not offered,N,N,N,N,N,Y,N,N,Y,N,N,2026-05-21,,N,Y,N,Little Rainbow Childcare Centre<br>Licensed Family<br>778-866-0825<br><br>Vacancy:<br>&nbsp;&nbsp;&nbsp;&nbsp;<36 months: N<br>&nbsp;&nbsp;&nbsp;&nbsp;30 months -- 5 years: Y<br>&nbsp;&nbsp;&nbsp;&nbsp;Preschool: N<br>&nbsp;&nbsp;&nbsp;&nbsp;Grade 1 - Age 12: N<br>
4019,Licensed Group,Mossy Creek Childcare - Hope,571 Rupert St,,Hope,V0X 1L0,49.387722,-121.439786,236-975-8877,,,N,N,N,N,N,N,N,N,N,N,N,N,N,N,N,N,N,,,N,N,N,N,N,N,N,Y,N,N,N,2026-05-15,,N,Y,N,Mossy Creek Childcare - Hope<br>Licensed Group<br>236-975-8877<br><br>Vacancy:<br>&nbsp;&nbsp;&nbsp;&nbsp;<36 months: Y<br>&nbsp;&nbsp;&nbsp;&nbsp;30 months -- 5 years: N<br>&nbsp;&nbsp;&nbsp;&nbsp;Preschool: N<br>&nbsp;&nbsp;&nbsp;&nbsp;Grade 1 - Age 12: N<br>
4020,Licensed Family,Humpty Dumpty,45628 Fernway Ave,,Chilliwack,V2P 3B3,49.176681,-121.962127,416-854-5639,,,Y,N,N,N,N,N,Y,Y,N,Y,Y,N,Y,N,N,N,Y,Extra fee,Extra fee,N,N,N,N,Y,N,Y,Y,Y,N,Y,2026-04-23,,N,N,N,Humpty Dumpty<br>Licensed Family<br>416-854-5639<br><br>Vacancy:<br>&nbsp;&nbsp;&nbsp;&nbsp;<36 months: Y<br>&nbsp;&nbsp;&nbsp;&nbsp;30 months -- 5 years: Y<br>&nbsp;&nbsp;&nbsp;&nbsp;Preschool: N<br>&nbsp;&nbsp;&nbsp;&nbsp;Grade 1 - Age 12: Y<br>
4021,Licensed Family,Playnest Academy,1701-5260 Goldspring Pl,,Chilliwack,V2R 5S5,49.100865,-121.928246,778-223-3242,,,N,N,N,N,N,N,N,N,N,N,N,N,N,N,N,N,N,,,N,N,N,N,N,N,N,Y,Y,N,N,2026-05-21,,N,Y,N,Playnest Academy<br>Licensed Family<br>778-223-3242<br><br>Vacancy:<br>&nbsp;&nbsp;&nbsp;&nbsp;<36 months: Y<br>&nbsp;&nbsp;&nbsp;&nbsp;30 months -- 5 years: Y<br>&nbsp;&nbsp;&nbsp;&nbsp;Preschool: N<br>&nbsp;&nbsp;&nbsp;&nbsp;Grade 1 - Age 12: N<br>
4022,Licensed Family,Blooming Birds Childcare Ltd,33214 Westbury Ave,,Abbotsford,V2S 1C2,49.035415,-122.3041,778-632-2525,,,N,N,N,N,N,N,N,N,N,N,N,N,N,N,N,N,N,,,N,N,N,N,N,N,N,Y,Y,N,Y,2026-05-11,,N,Y,N,Blooming Birds Childcare Ltd<br>Licensed Family<br>778-632-2525<br><br>Vacancy:<br>&nbsp;&nbsp;&nbsp;&nbsp;<36 months: Y<br>&nbsp;&nbsp;&nbsp;&nbsp;30 months -- 5 years: Y<br>&nbsp;&nbsp;&nbsp;&nbsp;Preschool: N<br>&nbsp;&nbsp;&nbsp;&nbsp;Grade 1 - Age 12: Y<br>
4023,Licensed Group,Kidspace Learning Centres - Kamloops,107-910 Columbia Street W.,,Kamloops,V2C 1L2,50.668403,-120.35493,604-380-4060,,,N,N,N,N,N,N,N,N,N,N,N,N,N,N,N,N,N,,,N,N,N,N,N,N,N,N,N,N,N,2026-05-15,,N,Y,N,Kidspace Learning Centres - Kamloops<br>Licensed Group<br>604-380-4060<br><br>Vacancy:<br>&nbsp;&nbsp;&nbsp;&nbsp;<36 months: N<br>&nbsp;&nbsp;&nbsp;&nbsp;30 months -- 5 years: N<br>&nbsp;&nbsp;&nbsp;&nbsp;Preschool: N<br>&nbsp;&nbsp;&nbsp;&nbsp;Grade 1 - Age 12: N<br>
4024,Licensed Group,Jolly Sprouts Childcare Centre - 64Th Avenue,286 64Th Ave E,,Vancouver,V5X 2M6,49.212353,-123.100597,604-833-7191,,,N,N,N,N,N,N,N,N,N,N,N,N,N,N,N,N,N,,,N,N,N,N,N,N,N,N,Y,N,N,2026-05-15,,N,Y,N,Jolly Sprouts Childcare Centre - 64Th Avenue<br>Licensed Group<br>604-833-7191<br><br>Vacancy:<br>&nbsp;&nbsp;&nbsp;&nbsp;<36 months: N<br>&nbsp;&nbsp;&nbsp;&nbsp;30 months -- 5 years: Y<br>&nbsp;&nbsp;&nbsp;&nbsp;Preschool: N<br>&nbsp;&nbsp;&nbsp;&nbsp;Grade 1 - Age 12: N<br>
4025,Licensed Family,Mehr Daycare,345 26Th St W,,North Vancouver,V7N 2G7,49.33301,-123.080304,604-355-6790,,,N,N,N,N,N,N,N,Y,N,N,N,N,N,N,N,N,Y,Extra fee,Extra fee,N,N,N,N,N,N,N,Y,Y,N,N,2026-05-15,,N,Y,N,Mehr Daycare<br>Licensed Family<br>604-355-6790<br><br>Vacancy:<br>&nbsp;&nbsp;&nbsp;&nbsp;<36 months: Y<br>&nbsp;&nbsp;&nbsp;&nbsp;30 months -- 5 years: Y<br>&nbsp;&nbsp;&nbsp;&nbsp;Preschool: N<br>&nbsp;&nbsp;&nbsp;&nbsp;Grade 1 - Age 12: N<br>
4026,Licensed Family,Bud & Bloom Early Learning Centre,15631 Thrift Ave,,White Rock,V4B 2M1,49.027735,-122.789223,437-929-1277,,,,,,,,,,,,,,,,,,,,,,,,,,,,,,,,,,,Y,Y,N,Bud & Bloom Early Learning Centre<br>Licensed Family<br>437-929-1277<br><br>Vacancy:<br>&nbsp;&nbsp;&nbsp;&nbsp;<36 months: None<br>&nbsp;&nbsp;&nbsp;&nbsp;30 months -- 5 years: None<br>&nbsp;&nbsp;&nbsp;&nbsp;Preschool: None<br>&nbsp;&nbsp;&nbsp;&nbsp;Grade 1 - Age 12: None<br>
4027,Licensed Group,Mid-Island Childcare - Spartan Location,6234 Spartan Rd,,Nanaimo,V9T 2N9,49.228479,-124.041456,250-714-4555,,,N,N,N,N,N,N,N,N,N,N,N,N,N,N,N,N,N,,,N,N,N,N,N,N,N,Y,Y,N,N,2026-05-21,,N,Y,N,Mid-Island Childcare - Spartan Location<br>Licensed Group<br>250-714-4555<br><br>Vacancy:<br>&nbsp;&nbsp;&nbsp;&nbsp;<36 months: Y<br>&nbsp;&nbsp;&nbsp;&nbsp;30 months -- 5 years: Y<br>&nbsp;&nbsp;&nbsp;&nbsp;Preschool: N<br>&nbsp;&nbsp;&nbsp;&nbsp;Grade 1 - Age 12: N<br>
4028,Licensed Group,Tree Of Life Daycare Inc.,4381 46 A Street,,Delta,V4K 2M2,49.083364,-123.098376,778-878-7933,,,N,N,N,N,N,N,N,N,N,N,N,N,N,N,N,N,N,,,N,N,N,N,N,N,N,N,Y,N,Y,2026-05-08,,N,Y,N,Tree Of Life Daycare Inc.<br>Licensed Group<br>778-878-7933<br><br>Vacancy:<br>&nbsp;&nbsp;&nbsp;&nbsp;<36 months: N<br>&nbsp;&nbsp;&nbsp;&nbsp;30 months -- 5 years: Y<br>&nbsp;&nbsp;&nbsp;&nbsp;Preschool: N<br>&nbsp;&nbsp;&nbsp;&nbsp;Grade 1 - Age 12: Y<br>
4029,Licensed Family,Mammas Pride Early Learning Center,16308 95A Ave,,Surrey,V4N 2B9,49.17603,-122.770353,604-750-5511,,,Y,N,N,N,N,N,Y,Y,N,Y,Y,N,N,N,N,N,Y,Included in fee,Include in fee,N,N,N,N,Y,Y,Y,N,Y,N,Y,2026-05-21,,N,Y,N,Mammas Pride Early Learning Center<br>Licensed Family<br>604-750-5511<br><br>Vacancy:<br>&nbsp;&nbsp;&nbsp;&nbsp;<36 months: N<br>&nbsp;&nbsp;&nbsp;&nbsp;30 months -- 5 years: Y<br>&nbsp;&nbsp;&nbsp;&nbsp;Preschool: N<br>&nbsp;&nbsp;&nbsp;&nbsp;Grade 1 - Age 12: Y<br>
4030,Licensed Family,Whimsical Forest Childcare,15682 81A Ave,,Surrey,V4N 0X7,49.150748,-122.787571,778-319-7263,,,Y,N,N,N,N,N,Y,Y,N,N,N,Y,N,N,N,N,N,Not offered,Not offered,N,N,N,N,N,Y,Y,N,Y,N,N,2026-05-15,,N,Y,N,Whimsical Forest Childcare<br>Licensed Family<br>778-319-7263<br><br>Vacancy:<br>&nbsp;&nbsp;&nbsp;&nbsp;<36 months: N<br>&nbsp;&nbsp;&nbsp;&nbsp;30 months -- 5 years: Y<br>&nbsp;&nbsp;&nbsp;&nbsp;Preschool: N<br>&nbsp;&nbsp;&nbsp;&nbsp;Grade 1 - Age 12: N<br>
4031,Licensed Group,Little Owl Early Learning 3,1642 Richardson St,,Victoria,V8S 1R4,48.416944,-123.334886,250-516-1338,,,N,N,N,N,N,N,N,N,N,N,N,N,N,N,N,N,N,,,N,N,N,N,N,N,N,N,N,N,N,2026-04-15,,N,Y,N,Little Owl Early Learning 3<br>Licensed Group<br>250-516-1338<br><br>Vacancy:<br>&nbsp;&nbsp;&nbsp;&nbsp;<36 months: N<br>&nbsp;&nbsp;&nbsp;&nbsp;30 months -- 5 years: N<br>&nbsp;&nbsp;&nbsp;&nbsp;Preschool: N<br>&nbsp;&nbsp;&nbsp;&nbsp;Grade 1 - Age 12: N<br>
4032,Licensed Group,Potter's Hand Daycare,1850 Kirschner Rd,,Kelowna,V1Y 4N6,49.880311,-119.458863,236-457-4729,,,Y,N,N,N,N,N,Y,Y,N,Y,N,N,N,N,N,N,N,Not offered,Not offered,N,N,N,N,N,Y,Y,Y,Y,N,N,2026-05-21,,N,Y,N,Potter's Hand Daycare<br>Licensed Group<br>236-457-4729<br><br>Vacancy:<br>&nbsp;&nbsp;&nbsp;&nbsp;<36 months: Y<br>&nbsp;&nbsp;&nbsp;&nbsp;30 months -- 5 years: Y<br>&nbsp;&nbsp;&nbsp;&nbsp;Preschool: N<br>&nbsp;&nbsp;&nbsp;&nbsp;Grade 1 - Age 12: N<br>
4033,Licensed Group,Kids Kingdom Childcare,101-2545 mccallum Rd,,Abbotsford,V2S 3R1,49.048565,-122.294328,604-217-3086,,,N,N,N,N,N,N,N,N,N,N,N,N,N,N,N,N,N,,,N,N,N,N,N,N,N,Y,Y,N,Y,2026-05-17,,N,Y,N,Kids Kingdom Childcare<br>Licensed Group<br>604-217-3086<br><br>Vacancy:<br>&nbsp;&nbsp;&nbsp;&nbsp;<36 months: Y<br>&nbsp;&nbsp;&nbsp;&nbsp;30 months -- 5 years: Y<br>&nbsp;&nbsp;&nbsp;&nbsp;Preschool: N<br>&nbsp;&nbsp;&nbsp;&nbsp;Grade 1 - Age 12: Y<br>
4034,Licensed Group,Logan Lake Laugh And Learn Before & After School Care,4 Galena Ave,,Logan Lake,V0K 1W0,50.495323,-120.814424,250-319-5874,,,,,,,,,,,,,,,,,,,,,,,,,,,,,,,,,,,Y,Y,N,Logan Lake Laugh And Learn Before & After School Care<br>Licensed Group<br>250-319-5874<br><br>Vacancy:<br>&nbsp;&nbsp;&nbsp;&nbsp;<36 months: None<br>&nbsp;&nbsp;&nbsp;&nbsp;30 months -- 5 years: None<br>&nbsp;&nbsp;&nbsp;&nbsp;Preschool: None<br>&nbsp;&nbsp;&nbsp;&nbsp;Grade 1 - Age 12: None<br>
4035,Licensed Family,Little Town Childcare Centre,7480 Broadway,,Burnaby,V5A 1S4,49.260985,-122.945768,604-729-6655,,,,,,,,,,,,,,,,,,,,,,,,,,,,,,,,,,,Y,N,N,Little Town Childcare Centre<br>Licensed Family<br>604-729-6655<br><br>Vacancy:<br>&nbsp;&nbsp;&nbsp;&nbsp;<36 months: None<br>&nbsp;&nbsp;&nbsp;&nbsp;30 months -- 5 years: None<br>&nbsp;&nbsp;&nbsp;&nbsp;Preschool: None<br>&nbsp;&nbsp;&nbsp;&nbsp;Grade 1 - Age 12: None<br>
4036,Licensed Group,Marigold Montessori School,3229 2Nd Ave,,Port Alberni,V9Y 4C5,49.236393,-124.808598,250-686-9543,,,N,N,N,N,N,N,N,N,N,N,N,N,N,N,N,N,N,,,N,N,N,N,N,N,N,Y,Y,N,N,2026-05-20,,N,Y,N,Marigold Montessori School<br>Licensed Group<br>250-686-9543<br><br>Vacancy:<br>&nbsp;&nbsp;&nbsp;&nbsp;<36 months: Y<br>&nbsp;&nbsp;&nbsp;&nbsp;30 months -- 5 years: Y<br>&nbsp;&nbsp;&nbsp;&nbsp;Preschool: N<br>&nbsp;&nbsp;&nbsp;&nbsp;Grade 1 - Age 12: N<br>
4037,Licensed Family,Fun Creatives,5555 Lackner Cres,,Richmond,V7E 6A5,49.147795,-123.162354,778-633-1638,,,Y,N,N,N,N,N,Y,Y,N,Y,Y,N,N,Y,N,N,N,Extra fee,Extra fee,N,N,N,N,N,Y,Y,Y,Y,N,Y,2026-04-30,,N,Y,N,Fun Creatives<br>Licensed Family<br>778-633-1638<br><br>Vacancy:<br>&nbsp;&nbsp;&nbsp;&nbsp;<36 months: Y<br>&nbsp;&nbsp;&nbsp;&nbsp;30 months -- 5 years: Y<br>&nbsp;&nbsp;&nbsp;&nbsp;Preschool: N<br>&nbsp;&nbsp;&nbsp;&nbsp;Grade 1 - Age 12: Y<br>
4038,Licensed Family,Diamondnest,11166 80 Ave,,Delta,V4C 1W7,49.148205,-122.913731,604-780-3336,,,N,N,N,N,N,N,N,N,N,N,N,N,N,N,N,N,N,,,N,N,N,N,N,N,N,Y,Y,N,N,2026-05-02,,N,Y,N,Diamondnest<br>Licensed Family<br>604-780-3336<br><br>Vacancy:<br>&nbsp;&nbsp;&nbsp;&nbsp;<36 months: Y<br>&nbsp;&nbsp;&nbsp;&nbsp;30 months -- 5 years: Y<br>&nbsp;&nbsp;&nbsp;&nbsp;Preschool: N<br>&nbsp;&nbsp;&nbsp;&nbsp;Grade 1 - Age 12: N<br>
4039,Licensed Group,Joyland Daycare,517 Draycott St,,Coquitlam,V3J 6M4,49.249828,-122.836549,778-317-6856,,,Y,N,N,N,N,N,Y,N,N,N,N,Y,N,Y,N,N,N,Not offered,Not offered,N,N,N,N,N,Y,Y,Y,N,N,N,2026-05-03,,N,Y,N,Joyland Daycare<br>Licensed Group<br>778-317-6856<br><br>Vacancy:<br>&nbsp;&nbsp;&nbsp;&nbsp;<36 months: Y<br>&nbsp;&nbsp;&nbsp;&nbsp;30 months -- 5 years: N<br>&nbsp;&nbsp;&nbsp;&nbsp;Preschool: N<br>&nbsp;&nbsp;&nbsp;&nbsp;Grade 1 - Age 12: N<br>
4040,Licensed Group,Wise Beans Childcare Ltd,2439 Berton Pl,,North Vancouver,V7H 2W9,49.316766,-123.005432,778-834-8951,,,Y,N,N,N,N,N,Y,Y,N,N,N,N,N,N,N,N,Y,Extra fee,Not offered,N,N,N,N,N,N,N,Y,Y,N,N,2026-05-21,,N,Y,Y,Wise Beans Childcare Ltd<br>Licensed Group<br>778-834-8951<br><br>Vacancy:<br>&nbsp;&nbsp;&nbsp;&nbsp;<36 months: Y<br>&nbsp;&nbsp;&nbsp;&nbsp;30 months -- 5 years: Y<br>&nbsp;&nbsp;&nbsp;&nbsp;Preschool: N<br>&nbsp;&nbsp;&nbsp;&nbsp;Grade 1 - Age 12: N<br>
4041,Licensed Family,Maple Story Child Care,496 Mundy St,,Coquitlam,V3K 5N1,49.248522,-122.834702,236-268-8714,,,Y,N,N,N,N,N,Y,Y,N,Y,Y,N,N,N,N,N,Y,Extra fee,Include in fee,N,N,N,Y,Y,Y,Y,N,Y,N,N,2026-05-15,,N,Y,N,Maple Story Child Care<br>Licensed Family<br>236-268-8714<br><br>Vacancy:<br>&nbsp;&nbsp;&nbsp;&nbsp;<36 months: N<br>&nbsp;&nbsp;&nbsp;&nbsp;30 months -- 5 years: Y<br>&nbsp;&nbsp;&nbsp;&nbsp;Preschool: N<br>&nbsp;&nbsp;&nbsp;&nbsp;Grade 1 - Age 12: N<br>
4042,Licensed Family,Tanvi Child Care Centre,14189 64A Ave,,Surrey,V3W 1R5,49.120677,-122.82944,778-891-8251,,,,,,,,,,,,,,,,,,,,,,,,,,,,,,,,,,,Y,Y,N,Tanvi Child Care Centre<br>Licensed Family<br>778-891-8251<br><br>Vacancy:<br>&nbsp;&nbsp;&nbsp;&nbsp;<36 months: None<br>&nbsp;&nbsp;&nbsp;&nbsp;30 months -- 5 years: None<br>&nbsp;&nbsp;&nbsp;&nbsp;Preschool: None<br>&nbsp;&nbsp;&nbsp;&nbsp;Grade 1 - Age 12: None<br>
4043,Licensed Family,Stellar Daycare,9591 Francis Rd,,Richmond,V6Y 3A6,49.148305,-123.118485,778-325-3985,,,Y,N,N,N,N,N,Y,Y,N,N,N,N,N,N,N,N,N,Not offered,Not offered,N,N,N,N,Y,Y,Y,Y,Y,N,N,2026-05-01,,N,Y,N,Stellar Daycare<br>Licensed Family<br>778-325-3985<br><br>Vacancy:<br>&nbsp;&nbsp;&nbsp;&nbsp;<36 months: Y<br>&nbsp;&nbsp;&nbsp;&nbsp;30 months -- 5 years: Y<br>&nbsp;&nbsp;&nbsp;&nbsp;Preschool: N<br>&nbsp;&nbsp;&nbsp;&nbsp;Grade 1 - Age 12: N<br>
4044,Licensed Family,All Bright Early Learning Center Edmonds,7618 16Th Ave,,Burnaby,V3N 1P6,49.220501,-122.939468,778-859-8010,,,Y,N,N,N,N,N,Y,Y,N,Y,Y,N,N,Y,N,N,N,Not offered,Include in fee,N,N,N,N,N,Y,Y,N,Y,N,Y,2026-04-30,,N,Y,N,All Bright Early Learning Center Edmonds<br>Licensed Family<br>778-859-8010<br><br>Vacancy:<br>&nbsp;&nbsp;&nbsp;&nbsp;<36 months: N<br>&nbsp;&nbsp;&nbsp;&nbsp;30 months -- 5 years: Y<br>&nbsp;&nbsp;&nbsp;&nbsp;Preschool: N<br>&nbsp;&nbsp;&nbsp;&nbsp;Grade 1 - Age 12: Y<br>
4045,Licensed Group,Maple Tree Children's Centre Blanshard,1880 Blanshard St,,Victoria,V8T 4J1,48.430877,-123.362263,250-588-0512,,,,,,,,,,,,,,,,,,,,,,,,,,,,,,,,,,,Y,N,N,Maple Tree Children's Centre Blanshard<br>Licensed Group<br>250-588-0512<br><br>Vacancy:<br>&nbsp;&nbsp;&nbsp;&nbsp;<36 months: None<br>&nbsp;&nbsp;&nbsp;&nbsp;30 months -- 5 years: None<br>&nbsp;&nbsp;&nbsp;&nbsp;Preschool: None<br>&nbsp;&nbsp;&nbsp;&nbsp;Grade 1 - Age 12: None<br>
4046,Licensed Family,Kiddie Cottage Childcare Ltd,2472 Sunnyside View,,Abbotsford,V2T 4K7,49.047198,-122.350735,604-388-0022,,,,,,,,,,,,,,,,,,,,,,,,,,,,,,,,,,,Y,Y,N,Kiddie Cottage Childcare Ltd<br>Licensed Family<br>604-388-0022<br><br>Vacancy:<br>&nbsp;&nbsp;&nbsp;&nbsp;<36 months: None<br>&nbsp;&nbsp;&nbsp;&nbsp;30 months -- 5 years: None<br>&nbsp;&nbsp;&nbsp;&nbsp;Preschool: None<br>&nbsp;&nbsp;&nbsp;&nbsp;Grade 1 - Age 12: None<br>
4047,Licensed Family,Radiant Light Academy,302 Ninth St,,Nanaimo,V9R 1A4,49.139986,-123.937479,236-544-2220,,,,,,,,,,,,,,,,,,,,,,,,,,,,,,,,,,,Y,N,N,Radiant Light Academy<br>Licensed Family<br>236-544-2220<br><br>Vacancy:<br>&nbsp;&nbsp;&nbsp;&nbsp;<36 months: None<br>&nbsp;&nbsp;&nbsp;&nbsp;30 months -- 5 years: None<br>&nbsp;&nbsp;&nbsp;&nbsp;Preschool: None<br>&nbsp;&nbsp;&nbsp;&nbsp;Grade 1 - Age 12: None<br>
4048,Licensed Group,Happy Kids Castle Daycare,957 Brunette Ave,,Coquitlam,V3K 1E2,49.237669,-122.868743,672-971-7979,,,N,N,N,N,N,N,N,N,N,N,N,N,N,N,N,N,N,,,N,N,N,N,N,N,N,N,N,N,N,2026-05-13,,N,Y,N,Happy Kids Castle Daycare<br>Licensed Group<br>672-971-7979<br><br>Vacancy:<br>&nbsp;&nbsp;&nbsp;&nbsp;<36 months: N<br>&nbsp;&nbsp;&nbsp;&nbsp;30 months -- 5 years: N<br>&nbsp;&nbsp;&nbsp;&nbsp;Preschool: N<br>&nbsp;&nbsp;&nbsp;&nbsp;Grade 1 - Age 12: N<br>
4049,Licensed Group,Cedar Studio Outdoor Learning,135&140 6231 London Rd,,Richmond,V7E 3S3,49.118178,-123.156751,604-783-1014,,,,,,,,,,,,,,,,,,,,,,,,,,,,,,,,,,,Y,N,N,Cedar Studio Outdoor Learning<br>Licensed Group<br>604-783-1014<br><br>Vacancy:<br>&nbsp;&nbsp;&nbsp;&nbsp;<36 months: None<br>&nbsp;&nbsp;&nbsp;&nbsp;30 months -- 5 years: None<br>&nbsp;&nbsp;&nbsp;&nbsp;Preschool: None<br>&nbsp;&nbsp;&nbsp;&nbsp;Grade 1 - Age 12: None<br>
4050,Licensed Family,Kiddy & Co Childcare,110-1412 Pipeline Rd,,Coquitlam,V3E 0N6,49.299947,-122.777849,604-379-2452,kiddyandcochildcare.com,,N,N,N,N,N,Y,Y,Y,N,Y,N,N,N,N,N,N,Y,Extra fee,Extra fee,N,N,N,N,N,Y,N,Y,Y,N,N,2026-05-17,,N,Y,N,Kiddy & Co Childcare<br>Licensed Family<br>604-379-2452<br><br>Vacancy:<br>&nbsp;&nbsp;&nbsp;&nbsp;<36 months: Y<br>&nbsp;&nbsp;&nbsp;&nbsp;30 months -- 5 years: Y<br>&nbsp;&nbsp;&nbsp;&nbsp;Preschool: N<br>&nbsp;&nbsp;&nbsp;&nbsp;Grade 1 - Age 12: N<br>
4051,Licensed Group,Niam Childcare Corporation,1524 Fintry Place,,North Vancouver,V7R 4M3,49.337773,-123.114458,604-808-4547,,,N,N,N,N,N,N,N,N,N,N,N,N,N,N,N,N,N,,,N,N,N,N,N,N,N,Y,N,N,N,2026-05-04,,N,Y,N,Niam Childcare Corporation<br>Licensed Group<br>604-808-4547<br><br>Vacancy:<br>&nbsp;&nbsp;&nbsp;&nbsp;<36 months: Y<br>&nbsp;&nbsp;&nbsp;&nbsp;30 months -- 5 years: N<br>&nbsp;&nbsp;&nbsp;&nbsp;Preschool: N<br>&nbsp;&nbsp;&nbsp;&nbsp;Grade 1 - Age 12: N<br>
4052,Licensed Family,Blessed Start Daycare,4686 Earles St,,Vancouver,V5R 3R2,49.242155,-123.044,604-783-5519,,,N,N,N,N,N,N,N,N,N,N,N,N,N,N,N,N,N,,,N,N,N,N,N,N,N,N,Y,N,N,2026-05-07,,N,Y,N,Blessed Start Daycare<br>Licensed Family<br>604-783-5519<br><br>Vacancy:<br>&nbsp;&nbsp;&nbsp;&nbsp;<36 months: N<br>&nbsp;&nbsp;&nbsp;&nbsp;30 months -- 5 years: Y<br>&nbsp;&nbsp;&nbsp;&nbsp;Preschool: N<br>&nbsp;&nbsp;&nbsp;&nbsp;Grade 1 - Age 12: N<br>
4053,Licensed Family,Dream Cuddles,8850 213A Pl,,Langley,V1M 2H9,49.138226,-122.676432,587-215-1926,,,N,N,N,N,N,N,N,N,N,N,N,N,N,N,N,N,N,,,N,N,N,N,N,N,N,Y,Y,N,Y,2026-05-21,,N,Y,N,Dream Cuddles<br>Licensed Family<br>587-215-1926<br><br>Vacancy:<br>&nbsp;&nbsp;&nbsp;&nbsp;<36 months: Y<br>&nbsp;&nbsp;&nbsp;&nbsp;30 months -- 5 years: Y<br>&nbsp;&nbsp;&nbsp;&nbsp;Preschool: N<br>&nbsp;&nbsp;&nbsp;&nbsp;Grade 1 - Age 12: Y<br>
4054,Licensed Group,Seven Tiny Toes Childcare,4427 Wheeler Rd,,Prince George,V2N 5H4,53.870409,-122.783673,778-675-9893,,,N,N,N,N,N,N,N,N,N,N,N,N,N,N,N,N,N,Not offered,Not offered,N,N,N,N,N,Y,Y,N,N,N,N,2026-05-15,,N,Y,N,Seven Tiny Toes Childcare<br>Licensed Group<br>778-675-9893<br><br>Vacancy:<br>&nbsp;&nbsp;&nbsp;&nbsp;<36 months: N<br>&nbsp;&nbsp;&nbsp;&nbsp;30 months -- 5 years: N<br>&nbsp;&nbsp;&nbsp;&nbsp;Preschool: N<br>&nbsp;&nbsp;&nbsp;&nbsp;Grade 1 - Age 12: N<br>
4055,Licensed Group,G¯Ula´Li Childcare Centre,461A Quatsino Blvd,,Kitimat,V8C 0B9,54.04713,-128.651829,250-632-9435,,,Y,N,N,N,N,N,Y,Y,N,N,N,N,N,N,N,N,N,Not offered,Not offered,N,N,N,N,Y,Y,Y,Y,Y,N,N,2026-05-11,,N,Y,N,G¯Ula´Li Childcare Centre<br>Licensed Group<br>250-632-9435<br><br>Vacancy:<br>&nbsp;&nbsp;&nbsp;&nbsp;<36 months: Y<br>&nbsp;&nbsp;&nbsp;&nbsp;30 months -- 5 years: Y<br>&nbsp;&nbsp;&nbsp;&nbsp;Preschool: N<br>&nbsp;&nbsp;&nbsp;&nbsp;Grade 1 - Age 12: N<br>
4056,Licensed Group,Smilestones Early Learning,2507 128 St,,Surrey,V4A 3W4,49.048228,-122.867615,604-559-3668,,,,,,,,,,,,,,,,,,,,,,,,,,,,,,,,,,,Y,N,N,Smilestones Early Learning<br>Licensed Group<br>604-559-3668<br><br>Vacancy:<br>&nbsp;&nbsp;&nbsp;&nbsp;<36 months: None<br>&nbsp;&nbsp;&nbsp;&nbsp;30 months -- 5 years: None<br>&nbsp;&nbsp;&nbsp;&nbsp;Preschool: None<br>&nbsp;&nbsp;&nbsp;&nbsp;Grade 1 - Age 12: None<br>
4057,Licensed Family,Hart Highlands Montessori Day Care Inc.,2886 Langley Cres,,Prince George,V2K 3J8,53.976742,-122.795116,778-927-2313,,,Y,N,N,N,N,N,Y,Y,N,N,N,N,N,N,N,N,N,Not offered,Not offered,N,N,N,N,N,Y,Y,N,Y,N,N,2026-05-19,,N,Y,N,Hart Highlands Montessori Day Care Inc.<br>Licensed Family<br>778-927-2313<br><br>Vacancy:<br>&nbsp;&nbsp;&nbsp;&nbsp;<36 months: N<br>&nbsp;&nbsp;&nbsp;&nbsp;30 months -- 5 years: Y<br>&nbsp;&nbsp;&nbsp;&nbsp;Preschool: N<br>&nbsp;&nbsp;&nbsp;&nbsp;Grade 1 - Age 12: N<br>
4058,Licensed Group,Mumta Childcare,27150 35B Ave,,Langley,V4W 0C3,49.066941,-122.471871,778-316-6490,,,Y,N,N,N,N,N,Y,N,N,N,N,N,Y,N,N,N,N,Not offered,Not offered,N,N,N,N,Y,Y,Y,Y,N,N,N,2026-05-20,,N,Y,N,Mumta Childcare<br>Licensed Group<br>778-316-6490<br><br>Vacancy:<br>&nbsp;&nbsp;&nbsp;&nbsp;<36 months: Y<br>&nbsp;&nbsp;&nbsp;&nbsp;30 months -- 5 years: N<br>&nbsp;&nbsp;&nbsp;&nbsp;Preschool: N<br>&nbsp;&nbsp;&nbsp;&nbsp;Grade 1 - Age 12: N<br>
4059,Licensed Family,Young Scientists Childcare,12184 228 St,,Maple Ridge,V2X 6M3,49.223743,-122.589975,226-606-9563,,,,,,,,,,,,,,,,,,,,,,,,,,,,,,,,,,,Y,Y,N,Young Scientists Childcare<br>Licensed Family<br>226-606-9563<br><br>Vacancy:<br>&nbsp;&nbsp;&nbsp;&nbsp;<36 months: None<br>&nbsp;&nbsp;&nbsp;&nbsp;30 months -- 5 years: None<br>&nbsp;&nbsp;&nbsp;&nbsp;Preschool: None<br>&nbsp;&nbsp;&nbsp;&nbsp;Grade 1 - Age 12: None<br>
4060,Licensed Family,Carebears Childcare,2325 B Rosstown Rd,,Nanaimo,V9T 3R4,49.195859,-123.99798,250-618-5929,,,N,N,N,N,N,N,N,N,N,N,N,N,N,N,N,N,N,,,N,N,N,N,N,N,N,N,N,N,N,2026-05-20,,N,N,N,Carebears Childcare<br>Licensed Family<br>250-618-5929<br><br>Vacancy:<br>&nbsp;&nbsp;&nbsp;&nbsp;<36 months: N<br>&nbsp;&nbsp;&nbsp;&nbsp;30 months -- 5 years: N<br>&nbsp;&nbsp;&nbsp;&nbsp;Preschool: N<br>&nbsp;&nbsp;&nbsp;&nbsp;Grade 1 - Age 12: N<br>
4061,Licensed Group,Harbourvista Learning Centre,3281 Harriet Rd,,Victoria,V8Z 3S3,48.45136,-123.38199,778-387-4952,,,,,,,,,,,,,,,,,,,,,,,,,,,,,,,,,,,Y,N,N,Harbourvista Learning Centre<br>Licensed Group<br>778-387-4952<br><br>Vacancy:<br>&nbsp;&nbsp;&nbsp;&nbsp;<36 months: None<br>&nbsp;&nbsp;&nbsp;&nbsp;30 months -- 5 years: None<br>&nbsp;&nbsp;&nbsp;&nbsp;Preschool: None<br>&nbsp;&nbsp;&nbsp;&nbsp;Grade 1 - Age 12: None<br>
4062,Licensed Group,Creating Smiles - Cougar Canyon,11664 Lyon Rd,,Delta,V4E 2K4,49.126421,-122.902258,778-239-2075,,,,,,,,,,,,,,,,,,,,,,,,,,,,,,,,,,,Y,Y,N,Creating Smiles - Cougar Canyon<br>Licensed Group<br>778-239-2075<br><br>Vacancy:<br>&nbsp;&nbsp;&nbsp;&nbsp;<36 months: None<br>&nbsp;&nbsp;&nbsp;&nbsp;30 months -- 5 years: None<br>&nbsp;&nbsp;&nbsp;&nbsp;Preschool: None<br>&nbsp;&nbsp;&nbsp;&nbsp;Grade 1 - Age 12: None<br>
4063,Licensed Family,Just4kids Childcare,14172 77A Ave,,Surrey,V3W 2X3,49.143519,-122.829733,604-600-4916,,,Y,N,N,N,N,N,Y,Y,N,Y,Y,N,N,N,N,N,N,Not offered,Not offered,N,N,N,Y,Y,Y,Y,Y,Y,N,Y,2026-05-09,,N,Y,N,Just4kids Childcare<br>Licensed Family<br>604-600-4916<br><br>Vacancy:<br>&nbsp;&nbsp;&nbsp;&nbsp;<36 months: Y<br>&nbsp;&nbsp;&nbsp;&nbsp;30 months -- 5 years: Y<br>&nbsp;&nbsp;&nbsp;&nbsp;Preschool: N<br>&nbsp;&nbsp;&nbsp;&nbsp;Grade 1 - Age 12: Y<br>
4064,Licensed Group,Blooming Nest Childcare,1573 Main Street,,Smithers,V0J 2N3,54.782154,-127.16139,778-889-0023,,,,,,,,,,,,,,,,,,,,,,,,,,,,,,,,,,,Y,Y,N,Blooming Nest Childcare<br>Licensed Group<br>778-889-0023<br><br>Vacancy:<br>&nbsp;&nbsp;&nbsp;&nbsp;<36 months: None<br>&nbsp;&nbsp;&nbsp;&nbsp;30 months -- 5 years: None<br>&nbsp;&nbsp;&nbsp;&nbsp;Preschool: None<br>&nbsp;&nbsp;&nbsp;&nbsp;Grade 1 - Age 12: None<br>
4065,Licensed Family,Tiny Trails Childcare Inc.,7117 151A St,,Surrey,V3S 8A5,49.132213,-122.802703,604-802-4356,,,N,N,N,N,N,N,N,N,N,N,N,N,N,N,N,N,N,,,N,N,N,N,N,N,N,N,Y,N,N,2026-05-20,,N,N,N,Tiny Trails Childcare Inc.<br>Licensed Family<br>604-802-4356<br><br>Vacancy:<br>&nbsp;&nbsp;&nbsp;&nbsp;<36 months: N<br>&nbsp;&nbsp;&nbsp;&nbsp;30 months -- 5 years: Y<br>&nbsp;&nbsp;&nbsp;&nbsp;Preschool: N<br>&nbsp;&nbsp;&nbsp;&nbsp;Grade 1 - Age 12: N<br>
4066,Licensed Group,Maple Montessori Childcare Corporation,22461 North Ave,,Maple Ridge,V2X 2M1,49.2162,-122.599947,778-706-2000,,,N,N,N,N,N,N,N,N,N,N,N,N,N,N,N,N,N,,,N,N,N,N,N,N,N,N,N,Y,N,2026-05-19,,N,N,N,Maple Montessori Childcare Corporation<br>Licensed Group<br>778-706-2000<br><br>Vacancy:<br>&nbsp;&nbsp;&nbsp;&nbsp;<36 months: N<br>&nbsp;&nbsp;&nbsp;&nbsp;30 months -- 5 years: N<br>&nbsp;&nbsp;&nbsp;&nbsp;Preschool: Y<br>&nbsp;&nbsp;&nbsp;&nbsp;Grade 1 - Age 12: N<br>
4067,Licensed Group,Maple Montessori Childcare Corporation,22463 North Ave,,Maple Ridge,V2X 2M1,49.216002,-122.599947,778-706-2000,,,N,N,N,N,N,N,N,N,N,N,N,N,N,N,N,N,N,,,N,N,N,N,N,N,N,Y,Y,N,N,2026-05-19,,N,N,N,Maple Montessori Childcare Corporation<br>Licensed Group<br>778-706-2000<br><br>Vacancy:<br>&nbsp;&nbsp;&nbsp;&nbsp;<36 months: Y<br>&nbsp;&nbsp;&nbsp;&nbsp;30 months -- 5 years: Y<br>&nbsp;&nbsp;&nbsp;&nbsp;Preschool: N<br>&nbsp;&nbsp;&nbsp;&nbsp;Grade 1 - Age 12: N<br>
4068,Licensed Group,Curious Pandas Supportive Learning Inc.,3209 Andres Rd,,Nanaimo,V9R 6X3,49.195227,-124.054388,778-268-3205,,,N,N,N,N,N,N,N,N,N,N,N,N,N,N,N,N,N,,,N,N,N,N,N,N,N,Y,N,N,N,2026-05-05,,N,Y,N,Curious Pandas Supportive Learning Inc.<br>Licensed Group<br>778-268-3205<br><br>Vacancy:<br>&nbsp;&nbsp;&nbsp;&nbsp;<36 months: Y<br>&nbsp;&nbsp;&nbsp;&nbsp;30 months -- 5 years: N<br>&nbsp;&nbsp;&nbsp;&nbsp;Preschool: N<br>&nbsp;&nbsp;&nbsp;&nbsp;Grade 1 - Age 12: N<br>
4069,Licensed Group,Little Dreamers Childcare,429 Cedar Avenue,,100 Mile House,V0K 2E1,51.64199,-121.293877,250-397-2175,,,,,,,,,,,,,,,,,,,,,,,,,,,,,,,,,,,Y,N,N,Little Dreamers Childcare<br>Licensed Group<br>250-397-2175<br><br>Vacancy:<br>&nbsp;&nbsp;&nbsp;&nbsp;<36 months: None<br>&nbsp;&nbsp;&nbsp;&nbsp;30 months -- 5 years: None<br>&nbsp;&nbsp;&nbsp;&nbsp;Preschool: None<br>&nbsp;&nbsp;&nbsp;&nbsp;Grade 1 - Age 12: None<br>
4070,Licensed Group,Max'inux Childcare - Garrison,1-5725 Vedder Rd,,Chilliwack,V2R 3N4,49.106791,-121.961505,604-786-5990,,,N,N,N,N,N,N,N,N,N,N,N,N,N,N,N,N,N,,,N,N,N,N,N,N,N,N,N,N,N,2026-05-15,,N,Y,N,Max'inux Childcare - Garrison<br>Licensed Group<br>604-786-5990<br><br>Vacancy:<br>&nbsp;&nbsp;&nbsp;&nbsp;<36 months: N<br>&nbsp;&nbsp;&nbsp;&nbsp;30 months -- 5 years: N<br>&nbsp;&nbsp;&nbsp;&nbsp;Preschool: N<br>&nbsp;&nbsp;&nbsp;&nbsp;Grade 1 - Age 12: N<br>
4071,Licensed Group,Kidshub Academy,2932 Brixham Rd,,North Vancouver,V7H 1C4,49.315407,-122.993141,604-363-9692,,,N,N,N,N,N,N,N,N,N,N,N,N,N,N,N,N,N,,,N,N,N,N,N,N,N,Y,N,N,N,2026-05-19,,N,N,N,Kidshub Academy<br>Licensed Group<br>604-363-9692<br><br>Vacancy:<br>&nbsp;&nbsp;&nbsp;&nbsp;<36 months: Y<br>&nbsp;&nbsp;&nbsp;&nbsp;30 months -- 5 years: N<br>&nbsp;&nbsp;&nbsp;&nbsp;Preschool: N<br>&nbsp;&nbsp;&nbsp;&nbsp;Grade 1 - Age 12: N<br>
4072,Licensed Group,Pars Centre,1405 Bewicke Ave,,North Vancouver,V7M 3C7,49.321497,-123.091566,778-681-6270,,,Y,N,Y,N,N,N,N,N,N,Y,Y,N,N,N,N,N,Y,Not offered,Include in fee,N,N,N,N,N,N,N,N,N,N,Y,2026-05-07,,N,N,N,Pars Centre<br>Licensed Group<br>778-681-6270<br><br>Vacancy:<br>&nbsp;&nbsp;&nbsp;&nbsp;<36 months: N<br>&nbsp;&nbsp;&nbsp;&nbsp;30 months -- 5 years: N<br>&nbsp;&nbsp;&nbsp;&nbsp;Preschool: N<br>&nbsp;&nbsp;&nbsp;&nbsp;Grade 1 - Age 12: Y<br>
4073,Licensed Group,Hikids Learning Center,11061 160 St,,Surrey,V4N 1J2,49.203442,-122.778876,778-552-8284,,,Y,N,N,N,N,N,Y,N,N,N,N,N,N,N,N,Y,Y,Not offered,Not offered,N,N,N,N,N,Y,Y,Y,N,N,N,2026-05-06,,N,N,N,Hikids Learning Center<br>Licensed Group<br>778-552-8284<br><br>Vacancy:<br>&nbsp;&nbsp;&nbsp;&nbsp;<36 months: Y<br>&nbsp;&nbsp;&nbsp;&nbsp;30 months -- 5 years: N<br>&nbsp;&nbsp;&nbsp;&nbsp;Preschool: N<br>&nbsp;&nbsp;&nbsp;&nbsp;Grade 1 - Age 12: N<br>
4074,Licensed Group,Bright Owlets Childcare And Learning Centre 4,1005 E 58Th Ave,,Vancouver,V5X 1W8,49.217569,-123.085257,604-225-9240,,,Y,N,N,N,N,N,Y,N,N,N,N,N,N,N,N,N,N,Included in fee,Not offered,N,N,N,N,N,Y,Y,N,N,N,N,2026-05-07,,N,N,N,Bright Owlets Childcare And Learning Centre 4<br>Licensed Group<br>604-225-9240<br><br>Vacancy:<br>&nbsp;&nbsp;&nbsp;&nbsp;<36 months: N<br>&nbsp;&nbsp;&nbsp;&nbsp;30 months -- 5 years: N<br>&nbsp;&nbsp;&nbsp;&nbsp;Preschool: N<br>&nbsp;&nbsp;&nbsp;&nbsp;Grade 1 - Age 12: N<br>
4075,Licensed Family,Ludus Montessori Children's House,6410 Chaucer Pl,,Burnaby,V5E 3Y5,49.227885,-122.955263,778-917-3751,,,,,,,,,,,,,,,,,,,,,,,,,,,,,,,,,,,Y,N,N,Ludus Montessori Children's House<br>Licensed Family<br>778-917-3751<br><br>Vacancy:<br>&nbsp;&nbsp;&nbsp;&nbsp;<36 months: None<br>&nbsp;&nbsp;&nbsp;&nbsp;30 months -- 5 years: None<br>&nbsp;&nbsp;&nbsp;&nbsp;Preschool: None<br>&nbsp;&nbsp;&nbsp;&nbsp;Grade 1 - Age 12: None<br>
4076,Licensed Family,Bella Beats Childcare,1685 Bowser Ave,,North Vancouver,V7P 2Y6,49.324877,-123.116527,778-855-9390,,,Y,N,N,N,N,N,Y,Y,N,Y,Y,N,N,N,N,N,Y,Extra fee,Not offered,N,N,N,N,N,Y,N,Y,Y,N,Y,2026-05-14,,N,N,N,Bella Beats Childcare<br>Licensed Family<br>778-855-9390<br><br>Vacancy:<br>&nbsp;&nbsp;&nbsp;&nbsp;<36 months: Y<br>&nbsp;&nbsp;&nbsp;&nbsp;30 months -- 5 years: Y<br>&nbsp;&nbsp;&nbsp;&nbsp;Preschool: N<br>&nbsp;&nbsp;&nbsp;&nbsp;Grade 1 - Age 12: Y<br>
4077,Licensed Family,Rainbow Roots Discovery Centre Inc.,1340 Pentland Cres,,Quesnel,V2J 4Z2,52.978266,-122.525943,236-587-9645,,,N,N,N,N,N,N,N,N,N,N,N,N,N,N,N,N,N,,,N,N,N,N,N,N,N,N,Y,N,N,2026-05-19,,N,N,N,Rainbow Roots Discovery Centre Inc.<br>Licensed Family<br>236-587-9645<br><br>Vacancy:<br>&nbsp;&nbsp;&nbsp;&nbsp;<36 months: N<br>&nbsp;&nbsp;&nbsp;&nbsp;30 months -- 5 years: Y<br>&nbsp;&nbsp;&nbsp;&nbsp;Preschool: N<br>&nbsp;&nbsp;&nbsp;&nbsp;Grade 1 - Age 12: N<br>
4078,Licensed Family,Happy Faces Daycare,6465 Lyon Rd,,Delta,V4E 1H6,49.120462,-122.920324,604-715-2559,,,Y,N,N,N,N,N,Y,Y,N,N,N,N,Y,N,N,N,N,Not offered,Not offered,N,N,N,N,N,N,N,Y,Y,N,N,2026-05-13,,N,N,N,Happy Faces Daycare<br>Licensed Family<br>604-715-2559<br><br>Vacancy:<br>&nbsp;&nbsp;&nbsp;&nbsp;<36 months: Y<br>&nbsp;&nbsp;&nbsp;&nbsp;30 months -- 5 years: Y<br>&nbsp;&nbsp;&nbsp;&nbsp;Preschool: N<br>&nbsp;&nbsp;&nbsp;&nbsp;Grade 1 - Age 12: N<br>
4079,Licensed Family,Creative Circle Childcare - Delta,4892 57A St,,Delta,V4K 3G5,49.091856,-123.063368,604-725-9906,,,,,,,,,,,,,,,,,,,,,,,,,,,,,,,,,,,Y,N,N,Creative Circle Childcare - Delta<br>Licensed Family<br>604-725-9906<br><br>Vacancy:<br>&nbsp;&nbsp;&nbsp;&nbsp;<36 months: None<br>&nbsp;&nbsp;&nbsp;&nbsp;30 months -- 5 years: None<br>&nbsp;&nbsp;&nbsp;&nbsp;Preschool: None<br>&nbsp;&nbsp;&nbsp;&nbsp;Grade 1 - Age 12: None<br>
4080,Licensed Group,Sunny Town Village,5008 47A Ave,,Delta,V4K 1T8,49.089069,-123.084758,778-873-5008,,,,,,,,,,,,,,,,,,,,,,,,,,,,,,,,,,,Y,N,N,Sunny Town Village<br>Licensed Group<br>778-873-5008<br><br>Vacancy:<br>&nbsp;&nbsp;&nbsp;&nbsp;<36 months: None<br>&nbsp;&nbsp;&nbsp;&nbsp;30 months -- 5 years: None<br>&nbsp;&nbsp;&nbsp;&nbsp;Preschool: None<br>&nbsp;&nbsp;&nbsp;&nbsp;Grade 1 - Age 12: None<br>
4081,Licensed Family,Luma Childcare,659 St. James Rd E,,North Vancouver,V7N 1L7,49.338995,-123.05857,604-500-1009,,,,,,,,,,,,,,,,,,,,,,,,,,,,,,,,,,,Y,N,N,Luma Childcare<br>Licensed Family<br>604-500-1009<br><br>Vacancy:<br>&nbsp;&nbsp;&nbsp;&nbsp;<36 months: None<br>&nbsp;&nbsp;&nbsp;&nbsp;30 months -- 5 years: None<br>&nbsp;&nbsp;&nbsp;&nbsp;Preschool: None<br>&nbsp;&nbsp;&nbsp;&nbsp;Grade 1 - Age 12: None<br>
4082,Licensed Group,Creative Nest Academy Kelowna,1668 Ellis St,,Kelowna,V1Y 0E1,49.884166,-119.493756,604-319-5028,,,N,N,N,N,N,N,N,N,N,N,N,N,N,N,N,N,N,,,N,N,N,N,N,N,N,Y,Y,N,N,2026-05-18,,N,N,N,Creative Nest Academy Kelowna<br>Licensed Group<br>604-319-5028<br><br>Vacancy:<br>&nbsp;&nbsp;&nbsp;&nbsp;<36 months: Y<br>&nbsp;&nbsp;&nbsp;&nbsp;30 months -- 5 years: Y<br>&nbsp;&nbsp;&nbsp;&nbsp;Preschool: N<br>&nbsp;&nbsp;&nbsp;&nbsp;Grade 1 - Age 12: N<br>
4083,Licensed Family,Little Orca,526 Jordan Way,,Gibsons,V0N 1V5,49.40237,-123.543163,604-741-8600,,,,,,,,,,,,,,,,,,,,,,,,,,,,,,,,,,,Y,N,N,Little Orca<br>Licensed Family<br>604-741-8600<br><br>Vacancy:<br>&nbsp;&nbsp;&nbsp;&nbsp;<36 months: None<br>&nbsp;&nbsp;&nbsp;&nbsp;30 months -- 5 years: None<br>&nbsp;&nbsp;&nbsp;&nbsp;Preschool: None<br>&nbsp;&nbsp;&nbsp;&nbsp;Grade 1 - Age 12: None<br>
4084,Licensed Family,Valley Roots,4718 Island Hwy N,,Courtenay,V9N 5Y7,49.707492,-124.99189,250-202-3208,,,Y,N,N,N,N,N,Y,N,N,N,N,N,N,N,N,N,N,Included in fee,Not offered,N,N,N,N,N,N,N,N,Y,N,Y,2026-05-20,,N,N,N,Valley Roots<br>Licensed Family<br>250-202-3208<br><br>Vacancy:<br>&nbsp;&nbsp;&nbsp;&nbsp;<36 months: N<br>&nbsp;&nbsp;&nbsp;&nbsp;30 months -- 5 years: Y<br>&nbsp;&nbsp;&nbsp;&nbsp;Preschool: N<br>&nbsp;&nbsp;&nbsp;&nbsp;Grade 1 - Age 12: Y<br>
4085,Licensed Family,Willow Tree Child Care,20233 82B Ave,,Langley,V2Y 0Y9,49.153627,-122.661033,778-869-3808,,,,,,,,,,,,,,,,,,,,,,,,,,,,,,,,,,,Y,N,N,Willow Tree Child Care<br>Licensed Family<br>778-869-3808<br><br>Vacancy:<br>&nbsp;&nbsp;&nbsp;&nbsp;<36 months: None<br>&nbsp;&nbsp;&nbsp;&nbsp;30 months -- 5 years: None<br>&nbsp;&nbsp;&nbsp;&nbsp;Preschool: None<br>&nbsp;&nbsp;&nbsp;&nbsp;Grade 1 - Age 12: None<br>
4086,Licensed Family,Creative Care Montessori,12897 67A Ave,,Surrey,V3W 8Y3,49.124955,-122.865314,604-818-5453,,,,,,,,,,,,,,,,,,,,,,,,,,,,,,,,,,,Y,N,N,Creative Care Montessori<br>Licensed Family<br>604-818-5453<br><br>Vacancy:<br>&nbsp;&nbsp;&nbsp;&nbsp;<36 months: None<br>&nbsp;&nbsp;&nbsp;&nbsp;30 months -- 5 years: None<br>&nbsp;&nbsp;&nbsp;&nbsp;Preschool: None<br>&nbsp;&nbsp;&nbsp;&nbsp;Grade 1 - Age 12: None<br>
4087,Licensed Group,Kidzone Afterschool Daycare,2201 Robert Lang Dr,,Courtenay,V9N 1A4,49.685444,-125.027479,250-703-6320,,,,,,,,,,,,,,,,,,,,,,,,,,,,,,,,,,,Y,N,N,Kidzone Afterschool Daycare<br>Licensed Group<br>250-703-6320<br><br>Vacancy:<br>&nbsp;&nbsp;&nbsp;&nbsp;<36 months: None<br>&nbsp;&nbsp;&nbsp;&nbsp;30 months -- 5 years: None<br>&nbsp;&nbsp;&nbsp;&nbsp;Preschool: None<br>&nbsp;&nbsp;&nbsp;&nbsp;Grade 1 - Age 12: None<br>
4088,Licensed Group,Willow Day Care,595 Harmston Ave,,Courtenay,V9N 2X4,49.688492,-125.003432,250-703-1172,,,,,,,,,,,,,,,,,,,,,,,,,,,,,,,,,,,Y,N,N,Willow Day Care<br>Licensed Group<br>250-703-1172<br><br>Vacancy:<br>&nbsp;&nbsp;&nbsp;&nbsp;<36 months: None<br>&nbsp;&nbsp;&nbsp;&nbsp;30 months -- 5 years: None<br>&nbsp;&nbsp;&nbsp;&nbsp;Preschool: None<br>&nbsp;&nbsp;&nbsp;&nbsp;Grade 1 - Age 12: None<br>
4089,Licensed Family,Montessori Village Child Care,15969 110 Ave,,Surrey,V4N 4Y2,49.202545,-122.779597,604-588-5250,,,,,,,,,,,,,,,,,,,,,,,,,,,,,,,,,,,Y,N,N,Montessori Village Child Care<br>Licensed Family<br>604-588-5250<br><br>Vacancy:<br>&nbsp;&nbsp;&nbsp;&nbsp;<36 months: None<br>&nbsp;&nbsp;&nbsp;&nbsp;30 months -- 5 years: None<br>&nbsp;&nbsp;&nbsp;&nbsp;Preschool: None<br>&nbsp;&nbsp;&nbsp;&nbsp;Grade 1 - Age 12: None<br>
4090,Licensed Group,Eagle's Nest Aboriginal Head Start Preschool,618 Hastings St E,,Vancouver,V6A 1R1,49.280859,-123.09102,604-913-9128,,,,,,,,,,,,,,,,,,,,,,,,,,,,,,,,,,,Y,N,N,Eagle's Nest Aboriginal Head Start Preschool<br>Licensed Group<br>604-913-9128<br><br>Vacancy:<br>&nbsp;&nbsp;&nbsp;&nbsp;<36 months: None<br>&nbsp;&nbsp;&nbsp;&nbsp;30 months -- 5 years: None<br>&nbsp;&nbsp;&nbsp;&nbsp;Preschool: None<br>&nbsp;&nbsp;&nbsp;&nbsp;Grade 1 - Age 12: None<br>
4091,Licensed Group,Rainbows And Dreams,4184 Keewatin Pl,,Victoria,V8X 4L1,48.481213,-123.379182,250-479-1966,,,N,N,N,N,N,N,N,N,N,N,N,N,N,N,N,N,N,,,N,N,N,N,N,N,N,N,N,N,N,2026-05-12,https://www.healthspace.ca/clients/viha/viha_website.nsf/CCFL-Main?OpenView,N,Y,N,Rainbows And Dreams<br>Licensed Group<br>250-479-1966<br><br>Vacancy:<br>&nbsp;&nbsp;&nbsp;&nbsp;<36 months: N<br>&nbsp;&nbsp;&nbsp;&nbsp;30 months -- 5 years: N<br>&nbsp;&nbsp;&nbsp;&nbsp;Preschool: N<br>&nbsp;&nbsp;&nbsp;&nbsp;Grade 1 - Age 12: N<br>
4092,Licensed Group,Small Wonders Early Childhood Centre,6054 Montgomery Way,,Nanaimo,V9V 1T6,49.236204,-124.027287,250-756-9777,,,N,N,N,N,N,N,N,N,N,N,N,N,N,N,N,N,N,,,N,N,N,N,N,N,N,N,N,N,N,2026-05-17,https://www.healthspace.ca/clients/viha/viha_website.nsf/CCFL-Main?OpenView,N,N,N,Small Wonders Early Childhood Centre<br>Licensed Group<br>250-756-9777<br><br>Vacancy:<br>&nbsp;&nbsp;&nbsp;&nbsp;<36 months: N<br>&nbsp;&nbsp;&nbsp;&nbsp;30 months -- 5 years: N<br>&nbsp;&nbsp;&nbsp;&nbsp;Preschool: N<br>&nbsp;&nbsp;&nbsp;&nbsp;Grade 1 - Age 12: N<br>
4093,Licensed Group,Revelstoke Community Centre,600 Campbell Ave,,Revelstoke,V0E 2S0,50.997251,-118.2004,250-837-9351,,,N,N,N,N,N,N,N,N,N,N,N,N,N,N,N,N,N,,,N,N,N,N,N,N,N,N,N,Y,N,2026-05-06,https://hedgehogportal.interiorhealth.ca/ChildCare/Map,N,Y,N,Revelstoke Community Centre<br>Licensed Group<br>250-837-9351<br><br>Vacancy:<br>&nbsp;&nbsp;&nbsp;&nbsp;<36 months: N<br>&nbsp;&nbsp;&nbsp;&nbsp;30 months -- 5 years: N<br>&nbsp;&nbsp;&nbsp;&nbsp;Preschool: Y<br>&nbsp;&nbsp;&nbsp;&nbsp;Grade 1 - Age 12: N<br>
4094,Licensed Group,"Somewhere To ""Grow"" Montessori Childcare Centre",1320 Seventh Ave,,New Westminster,V3M 2K1,49.207427,-122.934961,778-578-0329,,,N,N,N,N,N,N,N,N,N,N,N,N,N,N,N,N,N,,,N,N,N,N,N,N,N,Y,Y,N,N,2026-05-15,http://www.healthspace.ca/fha/childcare,N,Y,N,"Somewhere To ""Grow"" Montessori Childcare Centre<br>Licensed Group<br>778-578-0329<br><br>Vacancy:<br>&nbsp;&nbsp;&nbsp;&nbsp;<36 months: Y<br>&nbsp;&nbsp;&nbsp;&nbsp;30 months -- 5 years: Y<br>&nbsp;&nbsp;&nbsp;&nbsp;Preschool: N<br>&nbsp;&nbsp;&nbsp;&nbsp;Grade 1 - Age 12: N<br>"
4095,Licensed Group,A To Z Playhouse Inc.,1636 Princess St,,Smithers,V0J 2N0,54.77961,-127.159458,250-877-7711,,,N,N,N,N,N,N,N,N,N,N,N,N,N,N,N,N,N,,,N,N,N,N,N,N,N,N,N,N,N,2026-04-09,https://www.healthspace.ca/Clients/NHA/NHA_Website.nsf/CCFL-Frameset,N,Y,N,A To Z Playhouse Inc.<br>Licensed Group<br>250-877-7711<br><br>Vacancy:<br>&nbsp;&nbsp;&nbsp;&nbsp;<36 months: N<br>&nbsp;&nbsp;&nbsp;&nbsp;30 months -- 5 years: N<br>&nbsp;&nbsp;&nbsp;&nbsp;Preschool: N<br>&nbsp;&nbsp;&nbsp;&nbsp;Grade 1 - Age 12: N<br>
4096,Licensed Group,Fraser Heights Out Of School Care/Tiny Tots Day School Prog,15783 106 Ave,,Surrey,V4N 1K5,49.195365,-122.784787,604-582-1335,,,N,N,N,N,N,N,N,N,N,N,N,N,N,N,N,N,N,,,N,N,N,N,N,N,N,N,Y,N,N,2026-05-01,http://www.healthspace.ca/fha/childcare,N,Y,N,Fraser Heights Out Of School Care/Tiny Tots Day School Prog<br>Licensed Group<br>604-582-1335<br><br>Vacancy:<br>&nbsp;&nbsp;&nbsp;&nbsp;<36 months: N<br>&nbsp;&nbsp;&nbsp;&nbsp;30 months -- 5 years: Y<br>&nbsp;&nbsp;&nbsp;&nbsp;Preschool: N<br>&nbsp;&nbsp;&nbsp;&nbsp;Grade 1 - Age 12: N<br>
4097,Licensed Family,Ant Family Child Care,5468 Inverness St,,Vancouver,V5W 3P1,49.235128,-123.079349,604-322-9269,,,,,,,,,,,,,,,,,,,,,,,,,,,,,,,,,,,Y,Y,N,Ant Family Child Care<br>Licensed Family<br>604-322-9269<br><br>Vacancy:<br>&nbsp;&nbsp;&nbsp;&nbsp;<36 months: None<br>&nbsp;&nbsp;&nbsp;&nbsp;30 months -- 5 years: None<br>&nbsp;&nbsp;&nbsp;&nbsp;Preschool: None<br>&nbsp;&nbsp;&nbsp;&nbsp;Grade 1 - Age 12: None<br>
4098,Licensed Family,Tj's Family Daycare,2731 Arden Rd,,Courtenay,V9N 9J9,49.664559,-125.003065,250-338-3053,,,N,N,N,N,N,N,N,N,N,N,N,N,N,N,N,N,N,,,N,N,N,N,N,N,N,N,N,N,N,2026-05-14,https://www.healthspace.ca/clients/viha/viha_website.nsf/CCFL-Main?OpenView,N,Y,N,Tj's Family Daycare<br>Licensed Family<br>250-338-3053<br><br>Vacancy:<br>&nbsp;&nbsp;&nbsp;&nbsp;<36 months: N<br>&nbsp;&nbsp;&nbsp;&nbsp;30 months -- 5 years: N<br>&nbsp;&nbsp;&nbsp;&nbsp;Preschool: N<br>&nbsp;&nbsp;&nbsp;&nbsp;Grade 1 - Age 12: N<br>
4099,Licensed Family,Wee Bairns,1030 52A St,,Delta,V4M 3A5,49.021699,-123.078694,604-943-4786,,,N,N,N,N,N,N,N,N,N,N,N,N,N,N,N,N,N,,,N,N,N,N,N,N,N,N,N,N,N,2026-05-15,http://www.healthspace.ca/fha/childcare,N,Y,N,Wee Bairns<br>Licensed Family<br>604-943-4786<br><br>Vacancy:<br>&nbsp;&nbsp;&nbsp;&nbsp;<36 months: N<br>&nbsp;&nbsp;&nbsp;&nbsp;30 months -- 5 years: N<br>&nbsp;&nbsp;&nbsp;&nbsp;Preschool: N<br>&nbsp;&nbsp;&nbsp;&nbsp;Grade 1 - Age 12: N<br>
4100,Licensed Family,Keekoz Daycare,4290 Venables St,,Burnaby,V5C 2Z9,49.276263,-123.008941,604-294-9969,,,N,N,N,N,N,N,N,N,N,N,N,N,N,N,N,N,N,,,N,N,N,N,N,N,N,N,N,N,N,2026-04-27,http://www.healthspace.ca/fha/childcare,N,Y,N,Keekoz Daycare<br>Licensed Family<br>604-294-9969<br><br>Vacancy:<br>&nbsp;&nbsp;&nbsp;&nbsp;<36 months: N<br>&nbsp;&nbsp;&nbsp;&nbsp;30 months -- 5 years: N<br>&nbsp;&nbsp;&nbsp;&nbsp;Preschool: N<br>&nbsp;&nbsp;&nbsp;&nbsp;Grade 1 - Age 12: N<br>
4101,Licensed Group,Gordon Neighbourhood House Out Of School Care,1019 Broughton St,,Vancouver,V6G 2A7,49.285668,-123.133699,604-875-9111,,,N,N,N,N,N,N,N,N,N,N,N,N,N,N,N,N,N,Not offered,Not offered,N,N,N,N,N,N,N,N,N,N,N,2026-04-08,https://inspections.vcha.ca/ChildCare/Table,N,Y,N,Gordon Neighbourhood House Out Of School Care<br>Licensed Group<br>604-875-9111<br><br>Vacancy:<br>&nbsp;&nbsp;&nbsp;&nbsp;<36 months: N<br>&nbsp;&nbsp;&nbsp;&nbsp;30 months -- 5 years: N<br>&nbsp;&nbsp;&nbsp;&nbsp;Preschool: N<br>&nbsp;&nbsp;&nbsp;&nbsp;Grade 1 - Age 12: N<br>
4102,Licensed Group,Mount Pleasant Neighbourhood House Group Day Care,800 Broadway E,,Vancouver,V5T 1Y1,49.262145,-123.08677,604-875-9111,,,N,N,N,N,N,N,N,N,N,N,N,N,N,N,N,N,N,Not offered,Not offered,N,N,N,N,N,N,N,N,N,N,N,2026-04-08,https://inspections.vcha.ca/ChildCare/Table,N,Y,N,Mount Pleasant Neighbourhood House Group Day Care<br>Licensed Group<br>604-875-9111<br><br>Vacancy:<br>&nbsp;&nbsp;&nbsp;&nbsp;<36 months: N<br>&nbsp;&nbsp;&nbsp;&nbsp;30 months -- 5 years: N<br>&nbsp;&nbsp;&nbsp;&nbsp;Preschool: N<br>&nbsp;&nbsp;&nbsp;&nbsp;Grade 1 - Age 12: N<br>
4103,Licensed Group,Mount Pleasant Neighbourhood House Preschool,800 Broadway E,,Vancouver,V5T 1Y1,49.262145,-123.08677,604-879-8208,,,N,N,N,N,N,N,N,N,N,N,N,N,N,N,N,N,N,Not offered,Not offered,N,N,N,N,N,N,N,N,N,N,N,2026-04-08,https://inspections.vcha.ca/ChildCare/Table,N,Y,N,Mount Pleasant Neighbourhood House Preschool<br>Licensed Group<br>604-879-8208<br><br>Vacancy:<br>&nbsp;&nbsp;&nbsp;&nbsp;<36 months: N<br>&nbsp;&nbsp;&nbsp;&nbsp;30 months -- 5 years: N<br>&nbsp;&nbsp;&nbsp;&nbsp;Preschool: N<br>&nbsp;&nbsp;&nbsp;&nbsp;Grade 1 - Age 12: N<br>
4104,Licensed Family,Tender Hearts Child Care,3615 Doncaster Dr,,Victoria,V8P 3W5,48.45938,-123.34036,250-595-3240,,,N,N,N,N,N,N,N,N,N,N,N,N,N,N,N,N,N,,,N,N,N,N,N,N,N,N,N,N,N,2026-03-17,https://www.healthspace.ca/clients/viha/viha_website.nsf/CCFL-Main?OpenView,N,Y,N,Tender Hearts Child Care<br>Licensed Family<br>250-595-3240<br><br>Vacancy:<br>&nbsp;&nbsp;&nbsp;&nbsp;<36 months: N<br>&nbsp;&nbsp;&nbsp;&nbsp;30 months -- 5 years: N<br>&nbsp;&nbsp;&nbsp;&nbsp;Preschool: N<br>&nbsp;&nbsp;&nbsp;&nbsp;Grade 1 - Age 12: N<br>
4105,Licensed Group,Frog Hollow  Neighbourhood House's Kids World,2131 Renfrew St,,Vancouver,V5M 4M5,49.265435,-123.04477,604-875-9111,,,N,N,N,N,N,N,N,N,N,N,N,N,N,N,N,N,N,Not offered,Not offered,N,N,N,N,N,N,N,N,N,N,N,2026-04-08,https://inspections.vcha.ca/ChildCare/Table,N,Y,N,Frog Hollow  Neighbourhood House's Kids World<br>Licensed Group<br>604-875-9111<br><br>Vacancy:<br>&nbsp;&nbsp;&nbsp;&nbsp;<36 months: N<br>&nbsp;&nbsp;&nbsp;&nbsp;30 months -- 5 years: N<br>&nbsp;&nbsp;&nbsp;&nbsp;Preschool: N<br>&nbsp;&nbsp;&nbsp;&nbsp;Grade 1 - Age 12: N<br>
4106,Licensed Group,Frog Hollow Neighbourhood House’S Nootka Group Child Care,3375 Nootka St,,Vancouver,V5M 3N2,49.253792,-123.042942,604-875-9111,,,N,N,N,N,N,N,N,N,N,N,N,N,N,N,N,N,N,Not offered,Not offered,N,N,N,N,N,N,N,N,N,N,N,2026-04-08,https://inspections.vcha.ca/ChildCare/Table,N,Y,N,Frog Hollow Neighbourhood House’S Nootka Group Child Care<br>Licensed Group<br>604-875-9111<br><br>Vacancy:<br>&nbsp;&nbsp;&nbsp;&nbsp;<36 months: N<br>&nbsp;&nbsp;&nbsp;&nbsp;30 months -- 5 years: N<br>&nbsp;&nbsp;&nbsp;&nbsp;Preschool: N<br>&nbsp;&nbsp;&nbsp;&nbsp;Grade 1 - Age 12: N<br>
4107,Licensed Group,Carnarvon Community Preschool,3350 Balaclava St,,Vancouver,V6L 2S6,49.256071,-123.173671,604-731-7007,,,,,,,,,,,,,,,,,,,,,,,,,,,,,,,,,,,Y,Y,N,Carnarvon Community Preschool<br>Licensed Group<br>604-731-7007<br><br>Vacancy:<br>&nbsp;&nbsp;&nbsp;&nbsp;<36 months: None<br>&nbsp;&nbsp;&nbsp;&nbsp;30 months -- 5 years: None<br>&nbsp;&nbsp;&nbsp;&nbsp;Preschool: None<br>&nbsp;&nbsp;&nbsp;&nbsp;Grade 1 - Age 12: None<br>
4108,Licensed Group,Rainbow's Nest Child Care,11331 Twigg Pl,,Richmond,V6V 3C9,49.2028,-123.104129,604-324-6030,,,N,N,N,N,N,N,N,N,N,N,N,N,N,N,N,N,N,,,N,N,N,N,N,N,N,N,Y,N,N,2026-05-01,https://inspections.vcha.ca/ChildCare/Table,N,Y,Y,Rainbow's Nest Child Care<br>Licensed Group<br>604-324-6030<br><br>Vacancy:<br>&nbsp;&nbsp;&nbsp;&nbsp;<36 months: N<br>&nbsp;&nbsp;&nbsp;&nbsp;30 months -- 5 years: Y<br>&nbsp;&nbsp;&nbsp;&nbsp;Preschool: N<br>&nbsp;&nbsp;&nbsp;&nbsp;Grade 1 - Age 12: N<br>
4109,Licensed Group,Jellybean Park Junior Campus,2110 4700 Kingsway,,Burnaby,V5H 4M1,49.22683,-123.001017,604-539-9898,,,N,N,N,N,N,N,N,N,N,N,N,N,N,N,N,N,N,,,N,N,N,N,N,N,N,N,N,N,N,2026-05-05,http://www.healthspace.ca/fha/childcare,N,Y,N,Jellybean Park Junior Campus<br>Licensed Group<br>604-539-9898<br><br>Vacancy:<br>&nbsp;&nbsp;&nbsp;&nbsp;<36 months: N<br>&nbsp;&nbsp;&nbsp;&nbsp;30 months -- 5 years: N<br>&nbsp;&nbsp;&nbsp;&nbsp;Preschool: N<br>&nbsp;&nbsp;&nbsp;&nbsp;Grade 1 - Age 12: N<br>
4110,Licensed Family,Wanda's Kids & Care,116 North Shore Rd,,Lake Cowichan,V0R 2G0,48.8272,-124.059824,250-749-7288,,,N,N,N,N,N,N,N,N,N,N,N,N,N,N,N,N,N,,,N,N,N,N,N,N,N,N,N,N,N,2026-04-24,https://www.healthspace.ca/clients/viha/viha_website.nsf/CCFL-Main?OpenView,N,Y,N,Wanda's Kids & Care<br>Licensed Family<br>250-749-7288<br><br>Vacancy:<br>&nbsp;&nbsp;&nbsp;&nbsp;<36 months: N<br>&nbsp;&nbsp;&nbsp;&nbsp;30 months -- 5 years: N<br>&nbsp;&nbsp;&nbsp;&nbsp;Preschool: N<br>&nbsp;&nbsp;&nbsp;&nbsp;Grade 1 - Age 12: N<br>
4111,Licensed Group,Cariboo Memorial Recreation Complex,525 Proctor St,,Williams Lake,V2G 4J1,52.131397,-122.138374,250-392-1799,,,,,,,,,,,,,,,,,,,,,,,,,,,,,,,,,,,Y,N,N,Cariboo Memorial Recreation Complex<br>Licensed Group<br>250-392-1799<br><br>Vacancy:<br>&nbsp;&nbsp;&nbsp;&nbsp;<36 months: None<br>&nbsp;&nbsp;&nbsp;&nbsp;30 months -- 5 years: None<br>&nbsp;&nbsp;&nbsp;&nbsp;Preschool: None<br>&nbsp;&nbsp;&nbsp;&nbsp;Grade 1 - Age 12: None<br>
4112,Licensed Group,Martha Currie Out Of School Care,5811 184 St,,Surrey,V3S 4N2,49.107815,-122.712947,604-598-7967,,,N,N,N,N,N,N,N,N,N,N,N,N,N,N,N,N,N,,,N,N,N,N,N,N,N,N,N,N,Y,2026-04-30,http://www.healthspace.ca/fha/childcare,N,Y,N,Martha Currie Out Of School Care<br>Licensed Group<br>604-598-7967<br><br>Vacancy:<br>&nbsp;&nbsp;&nbsp;&nbsp;<36 months: N<br>&nbsp;&nbsp;&nbsp;&nbsp;30 months -- 5 years: N<br>&nbsp;&nbsp;&nbsp;&nbsp;Preschool: N<br>&nbsp;&nbsp;&nbsp;&nbsp;Grade 1 - Age 12: Y<br>
4113,Licensed Group,Graham Bruce School Age Child Care Centre,3633 Tanner St,,Vancouver,V5R 5P7,49.242313,-123.025409,604-435-0323,,,N,N,N,N,N,N,N,N,N,N,N,N,N,N,N,N,N,,,N,N,N,N,N,N,N,N,N,N,N,2026-05-05,https://inspections.vcha.ca/ChildCare/Table,N,Y,N,Graham Bruce School Age Child Care Centre<br>Licensed Group<br>604-435-0323<br><br>Vacancy:<br>&nbsp;&nbsp;&nbsp;&nbsp;<36 months: N<br>&nbsp;&nbsp;&nbsp;&nbsp;30 months -- 5 years: N<br>&nbsp;&nbsp;&nbsp;&nbsp;Preschool: N<br>&nbsp;&nbsp;&nbsp;&nbsp;Grade 1 - Age 12: N<br>
4114,Licensed Group,Aberdeen Hills Montessori Early Learning Center,2191 Van Horne Dr,,Kamloops,V1S 1L9,50.64208,-120.359824,604-338-6787,,,N,N,N,N,N,N,N,N,N,N,N,N,N,N,N,N,N,,,N,N,N,N,N,N,N,Y,Y,N,Y,2026-04-28,https://hedgehogportal.interiorhealth.ca/ChildCare/Map,N,Y,N,Aberdeen Hills Montessori Early Learning Center<br>Licensed Group<br>604-338-6787<br><br>Vacancy:<br>&nbsp;&nbsp;&nbsp;&nbsp;<36 months: Y<br>&nbsp;&nbsp;&nbsp;&nbsp;30 months -- 5 years: Y<br>&nbsp;&nbsp;&nbsp;&nbsp;Preschool: N<br>&nbsp;&nbsp;&nbsp;&nbsp;Grade 1 - Age 12: Y<br>
4115,Licensed Group,Douglas Park School Age Care,801 22Nd Ave W,,Vancouver,V5Z 1Z8,49.25292,-123.121274,604-257-8134,,,N,N,N,N,N,N,N,N,N,N,N,N,N,N,N,N,N,,,N,N,N,N,N,N,N,N,N,N,N,2026-04-23,https://inspections.vcha.ca/ChildCare/Table,N,Y,N,Douglas Park School Age Care<br>Licensed Group<br>604-257-8134<br><br>Vacancy:<br>&nbsp;&nbsp;&nbsp;&nbsp;<36 months: N<br>&nbsp;&nbsp;&nbsp;&nbsp;30 months -- 5 years: N<br>&nbsp;&nbsp;&nbsp;&nbsp;Preschool: N<br>&nbsp;&nbsp;&nbsp;&nbsp;Grade 1 - Age 12: N<br>
4116,Licensed Group,Club K.I.D.S. Esr,33419 Cherry Ave,,Mission,V2V 2V5,49.155474,-122.298451,604-820-5360,,,N,N,N,N,N,N,N,N,N,N,N,N,N,N,N,N,N,,,N,N,N,N,N,N,N,N,Y,N,Y,2026-05-07,http://www.healthspace.ca/fha/childcare,N,Y,N,Club K.I.D.S. Esr<br>Licensed Group<br>604-820-5360<br><br>Vacancy:<br>&nbsp;&nbsp;&nbsp;&nbsp;<36 months: N<br>&nbsp;&nbsp;&nbsp;&nbsp;30 months -- 5 years: Y<br>&nbsp;&nbsp;&nbsp;&nbsp;Preschool: N<br>&nbsp;&nbsp;&nbsp;&nbsp;Grade 1 - Age 12: Y<br>
4117,Licensed Group,Jcc Shalom Yeladim Daycare,950 41 Ave W,,Vancouver,V5Z 2N7,49.233444,-123.125991,604-257-5162,,,N,N,N,N,N,N,N,N,N,N,N,N,N,N,N,N,N,,,N,N,N,N,N,N,N,N,N,N,N,2026-05-19,https://inspections.vcha.ca/ChildCare/Table,N,Y,N,Jcc Shalom Yeladim Daycare<br>Licensed Group<br>604-257-5162<br><br>Vacancy:<br>&nbsp;&nbsp;&nbsp;&nbsp;<36 months: N<br>&nbsp;&nbsp;&nbsp;&nbsp;30 months -- 5 years: N<br>&nbsp;&nbsp;&nbsp;&nbsp;Preschool: N<br>&nbsp;&nbsp;&nbsp;&nbsp;Grade 1 - Age 12: N<br>
4118,Licensed Group,Sportsplex Daycare,100 20165 91A Ave,,Langley,V1M 3A2,49.169449,-122.66408,604-882-1611,,,N,N,N,N,N,N,N,N,N,N,N,N,N,N,N,N,N,,,N,N,N,N,N,N,N,N,N,N,N,2026-05-01,http://www.healthspace.ca/fha/childcare,N,Y,N,Sportsplex Daycare<br>Licensed Group<br>604-882-1611<br><br>Vacancy:<br>&nbsp;&nbsp;&nbsp;&nbsp;<36 months: N<br>&nbsp;&nbsp;&nbsp;&nbsp;30 months -- 5 years: N<br>&nbsp;&nbsp;&nbsp;&nbsp;Preschool: N<br>&nbsp;&nbsp;&nbsp;&nbsp;Grade 1 - Age 12: N<br>
4119,Licensed Group,Wind And Tide - 140Th,1657 140 St,,Surrey,V4A 4H1,49.032569,-122.835157,604-575-0549,,,N,N,N,N,N,N,N,N,N,N,N,N,N,N,N,N,N,,,N,N,N,N,N,N,N,N,Y,N,N,2026-05-15,http://www.healthspace.ca/fha/childcare,N,Y,N,Wind And Tide - 140Th<br>Licensed Group<br>604-575-0549<br><br>Vacancy:<br>&nbsp;&nbsp;&nbsp;&nbsp;<36 months: N<br>&nbsp;&nbsp;&nbsp;&nbsp;30 months -- 5 years: Y<br>&nbsp;&nbsp;&nbsp;&nbsp;Preschool: N<br>&nbsp;&nbsp;&nbsp;&nbsp;Grade 1 - Age 12: N<br>
4120,Licensed Group,Wind And Tide - Sunnyside,15639 24 Ave,,Surrey,V4A 2J6,49.045738,-122.788817,604-575-0549,,,N,N,N,N,N,N,N,N,N,N,N,N,N,N,N,N,N,,,N,N,N,N,N,N,N,N,Y,N,N,2026-05-15,http://www.healthspace.ca/fha/childcare,N,Y,N,Wind And Tide - Sunnyside<br>Licensed Group<br>604-575-0549<br><br>Vacancy:<br>&nbsp;&nbsp;&nbsp;&nbsp;<36 months: N<br>&nbsp;&nbsp;&nbsp;&nbsp;30 months -- 5 years: Y<br>&nbsp;&nbsp;&nbsp;&nbsp;Preschool: N<br>&nbsp;&nbsp;&nbsp;&nbsp;Grade 1 - Age 12: N<br>
4121,Licensed Group,Wind And Tide - Walnut Grove,21015 96 Ave,,Langley,V1M 2Z3,49.177855,-122.640048,604-575-0549,,,N,N,N,N,N,N,N,N,N,N,N,N,N,N,N,N,N,,,N,N,N,N,N,N,N,N,N,N,N,2026-05-15,http://www.healthspace.ca/fha/childcare,N,Y,N,Wind And Tide - Walnut Grove<br>Licensed Group<br>604-575-0549<br><br>Vacancy:<br>&nbsp;&nbsp;&nbsp;&nbsp;<36 months: N<br>&nbsp;&nbsp;&nbsp;&nbsp;30 months -- 5 years: N<br>&nbsp;&nbsp;&nbsp;&nbsp;Preschool: N<br>&nbsp;&nbsp;&nbsp;&nbsp;Grade 1 - Age 12: N<br>
4122,Licensed Group,Wind And Tide Preschool - Fort Langley,8870 Glover Rd,,Langley,V1M 2R9,49.163507,-122.583588,604-575-0549,,,N,N,N,N,N,N,N,N,N,N,N,N,N,N,N,N,N,,,N,N,N,N,N,N,N,N,N,Y,N,2026-05-15,http://www.healthspace.ca/fha/childcare,N,Y,N,Wind And Tide Preschool - Fort Langley<br>Licensed Group<br>604-575-0549<br><br>Vacancy:<br>&nbsp;&nbsp;&nbsp;&nbsp;<36 months: N<br>&nbsp;&nbsp;&nbsp;&nbsp;30 months -- 5 years: N<br>&nbsp;&nbsp;&nbsp;&nbsp;Preschool: Y<br>&nbsp;&nbsp;&nbsp;&nbsp;Grade 1 - Age 12: N<br>
4123,Licensed Family,Caring Family Child Care,5889 Commercial St,,Vancouver,V5P 3N8,49.23076,-123.069207,604-566-4467,,,N,N,N,N,N,N,N,N,N,N,N,N,N,N,N,N,N,,,N,N,N,N,N,N,N,N,N,N,N,2026-05-15,https://inspections.vcha.ca/ChildCare/Table,N,Y,N,Caring Family Child Care<br>Licensed Family<br>604-566-4467<br><br>Vacancy:<br>&nbsp;&nbsp;&nbsp;&nbsp;<36 months: N<br>&nbsp;&nbsp;&nbsp;&nbsp;30 months -- 5 years: N<br>&nbsp;&nbsp;&nbsp;&nbsp;Preschool: N<br>&nbsp;&nbsp;&nbsp;&nbsp;Grade 1 - Age 12: N<br>
4124,Licensed Group,Killarney Community Centre School Age Care,6260 Killarney St,,Vancouver,V5S 2X7,49.22741,-123.044391,604-718-8204,,,N,N,N,N,N,N,N,N,N,N,N,N,N,N,N,N,N,,,N,N,N,N,N,N,N,N,N,N,N,2026-05-04,https://inspections.vcha.ca/ChildCare/Table,N,Y,N,Killarney Community Centre School Age Care<br>Licensed Group<br>604-718-8204<br><br>Vacancy:<br>&nbsp;&nbsp;&nbsp;&nbsp;<36 months: N<br>&nbsp;&nbsp;&nbsp;&nbsp;30 months -- 5 years: N<br>&nbsp;&nbsp;&nbsp;&nbsp;Preschool: N<br>&nbsp;&nbsp;&nbsp;&nbsp;Grade 1 - Age 12: N<br>
4125,Licensed Group,Little Mountain Child Development Centre,425 29 Ave E,,Vancouver,V5V 2R8,49.245181,-123.096433,604-879-7104,,,N,N,N,N,N,N,N,N,N,N,N,N,N,N,N,N,N,,,N,N,N,N,N,N,N,N,N,N,N,2026-04-29,https://inspections.vcha.ca/ChildCare/Table,N,Y,N,Little Mountain Child Development Centre<br>Licensed Group<br>604-879-7104<br><br>Vacancy:<br>&nbsp;&nbsp;&nbsp;&nbsp;<36 months: N<br>&nbsp;&nbsp;&nbsp;&nbsp;30 months -- 5 years: N<br>&nbsp;&nbsp;&nbsp;&nbsp;Preschool: N<br>&nbsp;&nbsp;&nbsp;&nbsp;Grade 1 - Age 12: N<br>
4126,Licensed Group,Bonnycastle Montessori Daycare,14630 107A Ave,,Surrey,V3R 1V1,49.197686,-122.817003,604-339-7052,,,N,N,N,N,N,N,N,N,N,N,N,N,N,N,N,N,N,,,N,N,N,N,N,N,N,N,N,N,N,2026-03-20,http://www.healthspace.ca/fha/childcare,N,Y,N,Bonnycastle Montessori Daycare<br>Licensed Group<br>604-339-7052<br><br>Vacancy:<br>&nbsp;&nbsp;&nbsp;&nbsp;<36 months: N<br>&nbsp;&nbsp;&nbsp;&nbsp;30 months -- 5 years: N<br>&nbsp;&nbsp;&nbsp;&nbsp;Preschool: N<br>&nbsp;&nbsp;&nbsp;&nbsp;Grade 1 - Age 12: N<br>
4127,Licensed Group,Bonnycastle Multi-Age,14642 107A Ave,,Surrey,V3R 1V1,49.197684,-122.816501,604-339-7052,,,N,N,N,N,N,N,N,N,N,N,N,N,N,N,N,N,N,,,N,N,N,N,N,N,N,N,N,N,N,2026-03-20,http://www.healthspace.ca/fha/childcare,N,Y,N,Bonnycastle Multi-Age<br>Licensed Group<br>604-339-7052<br><br>Vacancy:<br>&nbsp;&nbsp;&nbsp;&nbsp;<36 months: N<br>&nbsp;&nbsp;&nbsp;&nbsp;30 months -- 5 years: N<br>&nbsp;&nbsp;&nbsp;&nbsp;Preschool: N<br>&nbsp;&nbsp;&nbsp;&nbsp;Grade 1 - Age 12: N<br>
4128,Licensed Group,Rise & Shine Montessori,3440 Moresby Dr,,Richmond,V7C 4G5,49.160704,-123.187141,604-275-7655,,,N,N,N,N,N,N,N,N,N,N,N,N,N,N,N,N,N,,,N,N,N,N,N,N,N,N,N,N,N,2026-05-15,https://inspections.vcha.ca/ChildCare/Table,N,Y,N,Rise & Shine Montessori<br>Licensed Group<br>604-275-7655<br><br>Vacancy:<br>&nbsp;&nbsp;&nbsp;&nbsp;<36 months: N<br>&nbsp;&nbsp;&nbsp;&nbsp;30 months -- 5 years: N<br>&nbsp;&nbsp;&nbsp;&nbsp;Preschool: N<br>&nbsp;&nbsp;&nbsp;&nbsp;Grade 1 - Age 12: N<br>
4129,Licensed Group,Li'l Acorn Childcare,2527 Gladwin Rd,,Abbotsford,V2T 3N8,49.047948,-122.316749,604-853-9376,,,N,N,N,N,N,N,N,N,N,N,N,N,N,N,N,N,N,,,N,N,N,N,N,N,N,N,N,N,N,2026-05-15,http://www.healthspace.ca/fha/childcare,N,Y,N,Li'l Acorn Childcare<br>Licensed Group<br>604-853-9376<br><br>Vacancy:<br>&nbsp;&nbsp;&nbsp;&nbsp;<36 months: N<br>&nbsp;&nbsp;&nbsp;&nbsp;30 months -- 5 years: N<br>&nbsp;&nbsp;&nbsp;&nbsp;Preschool: N<br>&nbsp;&nbsp;&nbsp;&nbsp;Grade 1 - Age 12: N<br>
4130,Licensed Group,Fraser Heights Montessori Children's Centre,103-16814 104 Ave,,Surrey,V4N 4L8,49.191476,-122.756054,604-588-3455,,,Y,N,N,N,N,N,N,Y,N,N,N,N,N,Y,N,N,N,Not offered,Include in fee,N,N,N,N,N,Y,Y,N,N,N,N,2026-05-18,http://www.healthspace.ca/fha/childcare,N,Y,N,Fraser Heights Montessori Children's Centre<br>Licensed Group<br>604-588-3455<br><br>Vacancy:<br>&nbsp;&nbsp;&nbsp;&nbsp;<36 months: N<br>&nbsp;&nbsp;&nbsp;&nbsp;30 months -- 5 years: N<br>&nbsp;&nbsp;&nbsp;&nbsp;Preschool: N<br>&nbsp;&nbsp;&nbsp;&nbsp;Grade 1 - Age 12: N<br>
4131,Licensed Group,Military Family Resource Centre Out Of School Care,720 Galiano Cres,,Victoria,V9A 1E7,48.435955,-123.455795,250-363-3590,,,N,N,N,N,N,N,N,N,N,N,N,N,N,N,N,N,N,,,N,N,N,N,N,N,N,N,N,N,N,2026-05-21,https://www.healthspace.ca/clients/viha/viha_website.nsf/CCFL-Main?OpenView,N,Y,N,Military Family Resource Centre Out Of School Care<br>Licensed Group<br>250-363-3590<br><br>Vacancy:<br>&nbsp;&nbsp;&nbsp;&nbsp;<36 months: N<br>&nbsp;&nbsp;&nbsp;&nbsp;30 months -- 5 years: N<br>&nbsp;&nbsp;&nbsp;&nbsp;Preschool: N<br>&nbsp;&nbsp;&nbsp;&nbsp;Grade 1 - Age 12: N<br>
4132,Licensed Group,Military Family Resource Centre Daycare,2610 Rosebank Rd,,Victoria,V9C 4J7,48.441598,-123.464064,250-363-8628,,,N,N,N,N,N,N,N,N,N,N,N,N,N,N,N,N,N,,,N,N,N,N,N,N,N,N,N,N,N,2026-05-21,https://www.healthspace.ca/clients/viha/viha_website.nsf/CCFL-Main?OpenView,N,Y,N,Military Family Resource Centre Daycare<br>Licensed Group<br>250-363-8628<br><br>Vacancy:<br>&nbsp;&nbsp;&nbsp;&nbsp;<36 months: N<br>&nbsp;&nbsp;&nbsp;&nbsp;30 months -- 5 years: N<br>&nbsp;&nbsp;&nbsp;&nbsp;Preschool: N<br>&nbsp;&nbsp;&nbsp;&nbsp;Grade 1 - Age 12: N<br>
4133,Licensed Group,Bankhead Out Of School Care Program,1280 Wilson Ave,,Kelowna,V1Y 6Y6,49.891621,-119.471606,250-762-0766,,,N,N,N,N,N,N,N,N,N,N,N,N,N,N,N,N,N,,,N,N,N,N,N,N,N,N,N,Y,Y,2026-04-24,https://hedgehogportal.interiorhealth.ca/ChildCare/Map,N,Y,N,Bankhead Out Of School Care Program<br>Licensed Group<br>250-762-0766<br><br>Vacancy:<br>&nbsp;&nbsp;&nbsp;&nbsp;<36 months: N<br>&nbsp;&nbsp;&nbsp;&nbsp;30 months -- 5 years: N<br>&nbsp;&nbsp;&nbsp;&nbsp;Preschool: Y<br>&nbsp;&nbsp;&nbsp;&nbsp;Grade 1 - Age 12: Y<br>
4134,Licensed Group,Ladner Animal Crackers,5160 Central Ave,,Delta,V4K 2H2,49.096445,-123.071431,604-940-0327,,,N,N,N,N,N,N,N,N,N,N,N,N,N,N,N,N,N,,,N,N,N,N,N,N,N,N,N,N,N,2026-05-15,http://www.healthspace.ca/fha/childcare,N,Y,N,Ladner Animal Crackers<br>Licensed Group<br>604-940-0327<br><br>Vacancy:<br>&nbsp;&nbsp;&nbsp;&nbsp;<36 months: N<br>&nbsp;&nbsp;&nbsp;&nbsp;30 months -- 5 years: N<br>&nbsp;&nbsp;&nbsp;&nbsp;Preschool: N<br>&nbsp;&nbsp;&nbsp;&nbsp;Grade 1 - Age 12: N<br>
4135,Licensed Group,North Creek Montessori Preschool,#108-1500 Howe St,,Vancouver,V6Z 2N1,49.274198,-123.131888,604-385-5808,,,N,N,N,N,N,N,N,N,N,N,N,N,N,N,N,N,N,,,N,N,N,N,N,N,N,N,N,Y,N,2026-04-22,https://inspections.vcha.ca/ChildCare/Table,N,Y,N,North Creek Montessori Preschool<br>Licensed Group<br>604-385-5808<br><br>Vacancy:<br>&nbsp;&nbsp;&nbsp;&nbsp;<36 months: N<br>&nbsp;&nbsp;&nbsp;&nbsp;30 months -- 5 years: N<br>&nbsp;&nbsp;&nbsp;&nbsp;Preschool: Y<br>&nbsp;&nbsp;&nbsp;&nbsp;Grade 1 - Age 12: N<br>
4136,Licensed Group,Mosaic Child Care Centre,2710 Commercial Dr,,Vancouver,V5N 5P4,49.260203,-123.069386,604-684-8825,,,N,N,N,N,N,N,N,N,N,N,N,N,N,N,N,N,N,,,N,N,N,N,N,N,N,Y,N,N,N,2026-05-05,https://inspections.vcha.ca/ChildCare/Table,N,N,Y,Mosaic Child Care Centre<br>Licensed Group<br>604-684-8825<br><br>Vacancy:<br>&nbsp;&nbsp;&nbsp;&nbsp;<36 months: Y<br>&nbsp;&nbsp;&nbsp;&nbsp;30 months -- 5 years: N<br>&nbsp;&nbsp;&nbsp;&nbsp;Preschool: N<br>&nbsp;&nbsp;&nbsp;&nbsp;Grade 1 - Age 12: N<br>
4137,Licensed Group,Lesco Montessori Daycare,12720 Cameron Dr,,Richmond,V6V 2T6,49.181202,-123.086235,604-279-4228,,,N,N,N,N,N,N,N,N,N,N,N,N,N,N,N,N,N,,,N,N,N,N,N,N,N,N,Y,N,N,2026-05-01,https://inspections.vcha.ca/ChildCare/Table,N,Y,N,Lesco Montessori Daycare<br>Licensed Group<br>604-279-4228<br><br>Vacancy:<br>&nbsp;&nbsp;&nbsp;&nbsp;<36 months: N<br>&nbsp;&nbsp;&nbsp;&nbsp;30 months -- 5 years: Y<br>&nbsp;&nbsp;&nbsp;&nbsp;Preschool: N<br>&nbsp;&nbsp;&nbsp;&nbsp;Grade 1 - Age 12: N<br>
4138,Licensed Group,mcgregor Child Care Centre (3 - 5 Gdc),1155 Broadway E,,Vancouver,V5T 4V5,49.263354,-123.080381,778-783-5147,,,N,N,N,N,N,N,N,N,N,N,N,N,N,N,N,N,N,,,N,N,N,N,N,N,N,N,N,N,N,2026-05-11,https://inspections.vcha.ca/ChildCare/Table,N,Y,N,mcgregor Child Care Centre (3 - 5 Gdc)<br>Licensed Group<br>778-783-5147<br><br>Vacancy:<br>&nbsp;&nbsp;&nbsp;&nbsp;<36 months: N<br>&nbsp;&nbsp;&nbsp;&nbsp;30 months -- 5 years: N<br>&nbsp;&nbsp;&nbsp;&nbsp;Preschool: N<br>&nbsp;&nbsp;&nbsp;&nbsp;Grade 1 - Age 12: N<br>
4139,Licensed Group,Shannon Day Care,290 1200 West 73Rd Ave,,Vancouver,V6P 6G5,49.203996,-123.133619,604-263-3421,,,N,N,N,N,N,N,N,N,N,N,N,N,N,N,N,N,N,,,N,N,N,N,N,N,N,N,N,N,N,2026-05-15,https://inspections.vcha.ca/ChildCare/Table,N,Y,N,Shannon Day Care<br>Licensed Group<br>604-263-3421<br><br>Vacancy:<br>&nbsp;&nbsp;&nbsp;&nbsp;<36 months: N<br>&nbsp;&nbsp;&nbsp;&nbsp;30 months -- 5 years: N<br>&nbsp;&nbsp;&nbsp;&nbsp;Preschool: N<br>&nbsp;&nbsp;&nbsp;&nbsp;Grade 1 - Age 12: N<br>
4140,Licensed Group,Pooh Corner Daycare,975 Lagoon Dr,,Vancouver,V6G 2S1,49.293589,-123.139299,604-684-9734,,,N,N,N,N,N,N,N,N,N,N,N,N,N,N,N,N,N,,,N,N,N,N,N,N,N,N,N,N,N,2026-05-06,https://inspections.vcha.ca/ChildCare/Table,N,Y,Y,Pooh Corner Daycare<br>Licensed Group<br>604-684-9734<br><br>Vacancy:<br>&nbsp;&nbsp;&nbsp;&nbsp;<36 months: N<br>&nbsp;&nbsp;&nbsp;&nbsp;30 months -- 5 years: N<br>&nbsp;&nbsp;&nbsp;&nbsp;Preschool: N<br>&nbsp;&nbsp;&nbsp;&nbsp;Grade 1 - Age 12: N<br>
4141,Licensed Group,Khalsa Childcare Centre Kps,6962 124 St,,Surrey,V3W 3W7,49.129611,-122.878775,604-594-0553,,,N,N,N,N,N,N,N,N,N,N,N,N,N,N,N,N,N,,,N,N,N,N,N,N,N,N,N,N,Y,2026-05-07,http://www.healthspace.ca/fha/childcare,N,Y,N,Khalsa Childcare Centre Kps<br>Licensed Group<br>604-594-0553<br><br>Vacancy:<br>&nbsp;&nbsp;&nbsp;&nbsp;<36 months: N<br>&nbsp;&nbsp;&nbsp;&nbsp;30 months -- 5 years: N<br>&nbsp;&nbsp;&nbsp;&nbsp;Preschool: N<br>&nbsp;&nbsp;&nbsp;&nbsp;Grade 1 - Age 12: Y<br>
4142,Licensed Group,Douglas College Ece Center (New Westminster),Room 2814 - 700 Royal Ave,,New Westminster,V3L 5B2,49.203116,-122.914494,604-527-5632,,,N,N,N,N,N,N,N,N,N,N,N,N,N,N,N,N,N,,,N,N,N,N,N,N,N,N,N,N,N,2026-04-22,http://www.healthspace.ca/fha/childcare,N,Y,N,Douglas College Ece Center (New Westminster)<br>Licensed Group<br>604-527-5632<br><br>Vacancy:<br>&nbsp;&nbsp;&nbsp;&nbsp;<36 months: N<br>&nbsp;&nbsp;&nbsp;&nbsp;30 months -- 5 years: N<br>&nbsp;&nbsp;&nbsp;&nbsp;Preschool: N<br>&nbsp;&nbsp;&nbsp;&nbsp;Grade 1 - Age 12: N<br>
4143,Licensed Group,T'it'q'et Preschool,42 Retasket Dr,,Lillooet,V0K 1V0,50.681161,-121.942973,250-256-0033,,,N,N,N,N,N,N,N,N,N,N,N,N,N,N,N,N,N,,,N,N,N,N,N,N,N,N,N,N,N,2026-05-12,https://hedgehogportal.interiorhealth.ca/ChildCare/Map,N,Y,N,T'it'q'et Preschool<br>Licensed Group<br>250-256-0033<br><br>Vacancy:<br>&nbsp;&nbsp;&nbsp;&nbsp;<36 months: N<br>&nbsp;&nbsp;&nbsp;&nbsp;30 months -- 5 years: N<br>&nbsp;&nbsp;&nbsp;&nbsp;Preschool: N<br>&nbsp;&nbsp;&nbsp;&nbsp;Grade 1 - Age 12: N<br>
4144,Licensed Group,Shaughnessy Heights Out Of School Care,1550 33Rd Ave W,,Vancouver,V6M 1A7,49.241585,-123.14108,604-261-6711,,,N,N,N,N,N,N,N,N,N,N,N,N,N,N,N,N,N,,,N,N,N,N,N,N,N,N,N,N,N,2026-04-30,https://inspections.vcha.ca/ChildCare/Table,N,Y,N,Shaughnessy Heights Out Of School Care<br>Licensed Group<br>604-261-6711<br><br>Vacancy:<br>&nbsp;&nbsp;&nbsp;&nbsp;<36 months: N<br>&nbsp;&nbsp;&nbsp;&nbsp;30 months -- 5 years: N<br>&nbsp;&nbsp;&nbsp;&nbsp;Preschool: N<br>&nbsp;&nbsp;&nbsp;&nbsp;Grade 1 - Age 12: N<br>
4145,Licensed Group,The Open Door,2390 mcmillan Rd,,Abbotsford,V2S 7R3,49.045177,-122.259054,604-859-8406,,,N,N,N,N,N,N,N,N,N,N,N,N,N,N,N,N,N,,,N,N,N,N,N,N,N,N,Y,N,Y,2026-04-14,http://www.healthspace.ca/fha/childcare,N,Y,N,The Open Door<br>Licensed Group<br>604-859-8406<br><br>Vacancy:<br>&nbsp;&nbsp;&nbsp;&nbsp;<36 months: N<br>&nbsp;&nbsp;&nbsp;&nbsp;30 months -- 5 years: Y<br>&nbsp;&nbsp;&nbsp;&nbsp;Preschool: N<br>&nbsp;&nbsp;&nbsp;&nbsp;Grade 1 - Age 12: Y<br>
4146,Licensed Group,Jericho Kids' Club 3 (Southlands),5351 Camosun St,,Vancouver,V6N 2C4,49.237542,-123.19781,604-736-4080,,,N,N,N,N,N,N,N,N,N,N,N,N,N,N,N,N,N,,,N,N,N,N,N,N,N,N,N,N,N,2026-05-21,https://inspections.vcha.ca/ChildCare/Table,N,Y,N,Jericho Kids' Club 3 (Southlands)<br>Licensed Group<br>604-736-4080<br><br>Vacancy:<br>&nbsp;&nbsp;&nbsp;&nbsp;<36 months: N<br>&nbsp;&nbsp;&nbsp;&nbsp;30 months -- 5 years: N<br>&nbsp;&nbsp;&nbsp;&nbsp;Preschool: N<br>&nbsp;&nbsp;&nbsp;&nbsp;Grade 1 - Age 12: N<br>
4147,Licensed Group,Wind And Tide Child Development Centre - Broadway,2700 Broadway E,,Vancouver,V5M 1Y8,49.261135,-123.048931,604-575-0549,,,N,N,N,N,N,N,N,N,N,N,N,N,N,N,N,N,N,,,N,N,N,N,N,N,N,N,N,N,N,2026-05-18,https://inspections.vcha.ca/ChildCare/Table,N,Y,N,Wind And Tide Child Development Centre - Broadway<br>Licensed Group<br>604-575-0549<br><br>Vacancy:<br>&nbsp;&nbsp;&nbsp;&nbsp;<36 months: N<br>&nbsp;&nbsp;&nbsp;&nbsp;30 months -- 5 years: N<br>&nbsp;&nbsp;&nbsp;&nbsp;Preschool: N<br>&nbsp;&nbsp;&nbsp;&nbsp;Grade 1 - Age 12: N<br>
4148,Licensed Family,Oakridge Family Care Centre,4163 Oakridge Cres,,Victoria,V8Z 4X8,48.479394,-123.398162,778-533-1713,,,N,N,N,N,N,N,N,N,N,N,N,N,N,N,N,N,N,,,N,N,N,N,N,N,N,N,N,N,N,2026-05-15,https://www.healthspace.ca/clients/viha/viha_website.nsf/CCFL-Main?OpenView,N,Y,N,Oakridge Family Care Centre<br>Licensed Family<br>778-533-1713<br><br>Vacancy:<br>&nbsp;&nbsp;&nbsp;&nbsp;<36 months: N<br>&nbsp;&nbsp;&nbsp;&nbsp;30 months -- 5 years: N<br>&nbsp;&nbsp;&nbsp;&nbsp;Preschool: N<br>&nbsp;&nbsp;&nbsp;&nbsp;Grade 1 - Age 12: N<br>
4149,Licensed Group,Nancy's House,3525 Fairmont Rd,,North Vancouver,V7R 2W8,49.341695,-123.092009,604-980-4244,,,N,N,N,N,N,N,N,N,N,N,N,N,N,N,N,N,N,,,N,N,N,N,N,N,N,N,N,N,N,2026-05-21,https://inspections.vcha.ca/ChildCare/Table,N,Y,N,Nancy's House<br>Licensed Group<br>604-980-4244<br><br>Vacancy:<br>&nbsp;&nbsp;&nbsp;&nbsp;<36 months: N<br>&nbsp;&nbsp;&nbsp;&nbsp;30 months -- 5 years: N<br>&nbsp;&nbsp;&nbsp;&nbsp;Preschool: N<br>&nbsp;&nbsp;&nbsp;&nbsp;Grade 1 - Age 12: N<br>
4150,Licensed Group,Jumpstart Preschool,6350 Marine Dr,,West Vancouver,V7W 2S5,49.368558,-123.27747,604-787-4588,,,N,N,N,N,N,N,N,N,N,N,N,N,N,N,N,N,N,,,N,N,N,N,N,N,N,N,N,N,N,2026-05-15,https://inspections.vcha.ca/ChildCare/Table,N,Y,N,Jumpstart Preschool<br>Licensed Group<br>604-787-4588<br><br>Vacancy:<br>&nbsp;&nbsp;&nbsp;&nbsp;<36 months: N<br>&nbsp;&nbsp;&nbsp;&nbsp;30 months -- 5 years: N<br>&nbsp;&nbsp;&nbsp;&nbsp;Preschool: N<br>&nbsp;&nbsp;&nbsp;&nbsp;Grade 1 - Age 12: N<br>
4151,Licensed Family,Cherry's Montessori Daycare,849 16Th Ave E,,Vancouver,V5T 2V7,49.256561,-123.086183,604-876-5476,,,N,N,N,N,N,N,N,N,N,N,N,N,N,N,N,N,N,,,N,N,N,N,N,N,N,N,N,N,N,2026-05-16,https://inspections.vcha.ca/ChildCare/Table,N,Y,N,Cherry's Montessori Daycare<br>Licensed Family<br>604-876-5476<br><br>Vacancy:<br>&nbsp;&nbsp;&nbsp;&nbsp;<36 months: N<br>&nbsp;&nbsp;&nbsp;&nbsp;30 months -- 5 years: N<br>&nbsp;&nbsp;&nbsp;&nbsp;Preschool: N<br>&nbsp;&nbsp;&nbsp;&nbsp;Grade 1 - Age 12: N<br>
4152,Licensed Family,Little Children Family Daycare,5655 Cedarwood St,,Burnaby,V5G 2K7,49.241105,-122.981082,604-431-1918,,,N,N,N,N,N,N,N,N,N,N,N,N,N,N,N,N,N,,,N,N,N,N,N,N,N,Y,Y,N,N,2026-05-20,http://www.healthspace.ca/fha/childcare,N,Y,N,Little Children Family Daycare<br>Licensed Family<br>604-431-1918<br><br>Vacancy:<br>&nbsp;&nbsp;&nbsp;&nbsp;<36 months: Y<br>&nbsp;&nbsp;&nbsp;&nbsp;30 months -- 5 years: Y<br>&nbsp;&nbsp;&nbsp;&nbsp;Preschool: N<br>&nbsp;&nbsp;&nbsp;&nbsp;Grade 1 - Age 12: N<br>
4153,Licensed Family,Kids First Family Child Care,6295 Quebec St,,Vancouver,V5W 3W8,49.227861,-123.10391,778-822-1079,,,N,N,N,N,N,N,N,N,N,N,N,N,N,N,N,N,N,,,N,N,N,N,N,N,N,Y,Y,N,N,2026-05-04,https://inspections.vcha.ca/ChildCare/Table,N,Y,N,Kids First Family Child Care<br>Licensed Family<br>778-822-1079<br><br>Vacancy:<br>&nbsp;&nbsp;&nbsp;&nbsp;<36 months: Y<br>&nbsp;&nbsp;&nbsp;&nbsp;30 months -- 5 years: Y<br>&nbsp;&nbsp;&nbsp;&nbsp;Preschool: N<br>&nbsp;&nbsp;&nbsp;&nbsp;Grade 1 - Age 12: N<br>
4154,Licensed Group,Roberts Creek Child Care Centre,1150 Timberland Rd,,Roberts Creek,V0N 2W0,49.424068,-123.64441,604-885-0163,,,N,N,N,N,N,N,N,N,N,N,N,N,N,N,N,N,N,,,N,N,N,N,N,N,N,N,N,N,N,2026-05-01,https://inspections.vcha.ca/ChildCare/Table,N,Y,N,Roberts Creek Child Care Centre<br>Licensed Group<br>604-885-0163<br><br>Vacancy:<br>&nbsp;&nbsp;&nbsp;&nbsp;<36 months: N<br>&nbsp;&nbsp;&nbsp;&nbsp;30 months -- 5 years: N<br>&nbsp;&nbsp;&nbsp;&nbsp;Preschool: N<br>&nbsp;&nbsp;&nbsp;&nbsp;Grade 1 - Age 12: N<br>
4155,Licensed Group,Four Seasons Montessori,4960 Hammond Bay Rd,,Nanaimo,V9T 5B4,49.232285,-123.988999,250-758-8979,,,N,N,N,N,N,N,N,N,N,N,N,N,N,N,N,N,N,,,N,N,N,N,N,N,N,N,Y,Y,Y,2026-04-29,https://www.healthspace.ca/clients/viha/viha_website.nsf/CCFL-Main?OpenView,N,Y,N,Four Seasons Montessori<br>Licensed Group<br>250-758-8979<br><br>Vacancy:<br>&nbsp;&nbsp;&nbsp;&nbsp;<36 months: N<br>&nbsp;&nbsp;&nbsp;&nbsp;30 months -- 5 years: Y<br>&nbsp;&nbsp;&nbsp;&nbsp;Preschool: Y<br>&nbsp;&nbsp;&nbsp;&nbsp;Grade 1 - Age 12: Y<br>
4156,Licensed Group,Abc Infant Care,2700 Scott St,,Victoria,V8R 4J2,48.43822,-123.335303,250-598-9700,,,N,N,N,N,N,N,N,N,N,N,N,N,N,N,N,N,N,,,N,N,N,N,N,N,N,Y,N,N,N,2026-04-16,https://www.healthspace.ca/clients/viha/viha_website.nsf/CCFL-Main?OpenView,N,Y,N,Abc Infant Care<br>Licensed Group<br>250-598-9700<br><br>Vacancy:<br>&nbsp;&nbsp;&nbsp;&nbsp;<36 months: Y<br>&nbsp;&nbsp;&nbsp;&nbsp;30 months -- 5 years: N<br>&nbsp;&nbsp;&nbsp;&nbsp;Preschool: N<br>&nbsp;&nbsp;&nbsp;&nbsp;Grade 1 - Age 12: N<br>
4157,Licensed Family,Playhouse,4242 Carrier Ave,,Prince George,V2M 5M9,53.922118,-122.805025,250-614-2303,,,N,N,N,N,N,N,N,N,N,N,N,N,N,N,N,N,N,,,N,N,N,N,N,N,N,N,N,N,N,2026-04-28,https://www.healthspace.ca/Clients/NHA/NHA_Website.nsf/CCFL-Frameset,N,Y,N,Playhouse<br>Licensed Family<br>250-614-2303<br><br>Vacancy:<br>&nbsp;&nbsp;&nbsp;&nbsp;<36 months: N<br>&nbsp;&nbsp;&nbsp;&nbsp;30 months -- 5 years: N<br>&nbsp;&nbsp;&nbsp;&nbsp;Preschool: N<br>&nbsp;&nbsp;&nbsp;&nbsp;Grade 1 - Age 12: N<br>
4158,Licensed Group,True Light Montessori Children's Centre,5120 Blundell Rd,,Richmond,V7C 1H4,49.155313,-123.167928,604-271-7131,,,N,N,N,N,N,N,N,N,N,N,N,N,N,N,N,N,N,,,N,N,N,N,N,N,N,Y,Y,N,N,2026-05-13,https://inspections.vcha.ca/ChildCare/Table,N,Y,N,True Light Montessori Children's Centre<br>Licensed Group<br>604-271-7131<br><br>Vacancy:<br>&nbsp;&nbsp;&nbsp;&nbsp;<36 months: Y<br>&nbsp;&nbsp;&nbsp;&nbsp;30 months -- 5 years: Y<br>&nbsp;&nbsp;&nbsp;&nbsp;Preschool: N<br>&nbsp;&nbsp;&nbsp;&nbsp;Grade 1 - Age 12: N<br>
4159,Licensed Group,Tomorrows Topkids mckinney Clubhouse,10451 Lassam Rd,,Richmond,V7E 2C2,49.13658,-123.16529,604-437-4744,,,N,N,N,N,N,N,N,N,N,N,N,N,N,N,N,N,N,,,N,N,N,N,N,N,N,N,N,N,N,2026-04-28,https://inspections.vcha.ca/ChildCare/Table,N,Y,N,Tomorrows Topkids mckinney Clubhouse<br>Licensed Group<br>604-437-4744<br><br>Vacancy:<br>&nbsp;&nbsp;&nbsp;&nbsp;<36 months: N<br>&nbsp;&nbsp;&nbsp;&nbsp;30 months -- 5 years: N<br>&nbsp;&nbsp;&nbsp;&nbsp;Preschool: N<br>&nbsp;&nbsp;&nbsp;&nbsp;Grade 1 - Age 12: N<br>
4160,Licensed Group,Juan De Fuca Childcare Centre,1767 Island Hwy,,Victoria,V9B 1J1,48.446246,-123.462197,250-478-8384,,,N,N,N,N,N,N,N,N,N,N,N,N,N,N,N,N,N,,,N,N,N,N,N,N,N,N,Y,N,Y,2026-04-24,https://www.healthspace.ca/clients/viha/viha_website.nsf/CCFL-Main?OpenView,N,Y,N,Juan De Fuca Childcare Centre<br>Licensed Group<br>250-478-8384<br><br>Vacancy:<br>&nbsp;&nbsp;&nbsp;&nbsp;<36 months: N<br>&nbsp;&nbsp;&nbsp;&nbsp;30 months -- 5 years: Y<br>&nbsp;&nbsp;&nbsp;&nbsp;Preschool: N<br>&nbsp;&nbsp;&nbsp;&nbsp;Grade 1 - Age 12: Y<br>
4161,Licensed Group,Good Shepherd Daycare,7416 Victoria Dr,,Vancouver,V5P 3Z3,49.217027,-123.065532,604-325-8299,,,N,N,N,N,N,N,N,N,N,N,N,N,N,N,N,N,N,,,N,N,N,N,N,N,N,N,Y,N,N,2026-05-11,https://inspections.vcha.ca/ChildCare/Table,N,Y,N,Good Shepherd Daycare<br>Licensed Group<br>604-325-8299<br><br>Vacancy:<br>&nbsp;&nbsp;&nbsp;&nbsp;<36 months: N<br>&nbsp;&nbsp;&nbsp;&nbsp;30 months -- 5 years: Y<br>&nbsp;&nbsp;&nbsp;&nbsp;Preschool: N<br>&nbsp;&nbsp;&nbsp;&nbsp;Grade 1 - Age 12: N<br>
4162,Licensed Group,Tong Louie ymca Kids Club,14988 57 Ave,,Surrey,V3S 7S6,49.105563,-122.806533,604-562-2151,,,N,N,N,N,N,N,N,N,N,N,N,N,N,N,N,N,N,,,N,N,N,N,N,N,N,N,N,N,N,2026-05-14,http://www.healthspace.ca/fha/childcare,N,Y,N,Tong Louie ymca Kids Club<br>Licensed Group<br>604-562-2151<br><br>Vacancy:<br>&nbsp;&nbsp;&nbsp;&nbsp;<36 months: N<br>&nbsp;&nbsp;&nbsp;&nbsp;30 months -- 5 years: N<br>&nbsp;&nbsp;&nbsp;&nbsp;Preschool: N<br>&nbsp;&nbsp;&nbsp;&nbsp;Grade 1 - Age 12: N<br>
4163,Licensed Family,Departure Bay Children's Centre,2725 Departure Bay Rd,,Nanaimo,V9S 3W9,49.203399,-123.971276,250-667-6384,www.departurebaychildrenscentre.com,,N,N,N,N,N,N,N,N,N,N,N,N,N,N,N,N,N,,,N,N,N,N,N,N,N,N,N,N,N,2026-05-14,https://www.healthspace.ca/clients/viha/viha_website.nsf/CCFL-Main?OpenView,N,Y,N,Departure Bay Children's Centre<br>Licensed Family<br>250-667-6384<br><br>Vacancy:<br>&nbsp;&nbsp;&nbsp;&nbsp;<36 months: N<br>&nbsp;&nbsp;&nbsp;&nbsp;30 months -- 5 years: N<br>&nbsp;&nbsp;&nbsp;&nbsp;Preschool: N<br>&nbsp;&nbsp;&nbsp;&nbsp;Grade 1 - Age 12: N<br>
4164,Licensed Group,Over The Rainbow - Regan / Cavalry Baptist Church,1636 Regan Ave,,Coquitlam,V3J 3B8,49.261337,-122.848739,604-939-2726,,,N,N,N,N,N,N,N,N,N,N,N,N,N,N,N,N,N,,,N,N,N,N,N,N,N,Y,Y,N,Y,2026-05-14,http://www.healthspace.ca/fha/childcare,N,Y,N,Over The Rainbow - Regan / Cavalry Baptist Church<br>Licensed Group<br>604-939-2726<br><br>Vacancy:<br>&nbsp;&nbsp;&nbsp;&nbsp;<36 months: Y<br>&nbsp;&nbsp;&nbsp;&nbsp;30 months -- 5 years: Y<br>&nbsp;&nbsp;&nbsp;&nbsp;Preschool: N<br>&nbsp;&nbsp;&nbsp;&nbsp;Grade 1 - Age 12: Y<br>
4165,Licensed Group,Froggy Pad Group Day Care,4367 Ruth Cres,,North Vancouver,V7K 2N1,49.349939,-123.031987,604-985-3324,,,N,N,N,N,N,N,N,N,N,N,N,N,N,N,N,N,N,,,N,N,N,N,N,N,N,N,N,N,N,2026-04-27,https://inspections.vcha.ca/ChildCare/Table,N,Y,Y,Froggy Pad Group Day Care<br>Licensed Group<br>604-985-3324<br><br>Vacancy:<br>&nbsp;&nbsp;&nbsp;&nbsp;<36 months: N<br>&nbsp;&nbsp;&nbsp;&nbsp;30 months -- 5 years: N<br>&nbsp;&nbsp;&nbsp;&nbsp;Preschool: N<br>&nbsp;&nbsp;&nbsp;&nbsp;Grade 1 - Age 12: N<br>
4166,Licensed Family,Zigwids Family Child Care,2230 Highland Blvd,,Nanaimo,V9S 3N5,49.192483,-123.971309,250-751-8681,,,N,N,N,N,N,N,N,N,N,N,N,N,N,N,N,N,N,,,N,N,N,N,N,N,N,N,Y,N,N,2026-05-15,https://www.healthspace.ca/clients/viha/viha_website.nsf/CCFL-Main?OpenView,N,Y,N,Zigwids Family Child Care<br>Licensed Family<br>250-751-8681<br><br>Vacancy:<br>&nbsp;&nbsp;&nbsp;&nbsp;<36 months: N<br>&nbsp;&nbsp;&nbsp;&nbsp;30 months -- 5 years: Y<br>&nbsp;&nbsp;&nbsp;&nbsp;Preschool: N<br>&nbsp;&nbsp;&nbsp;&nbsp;Grade 1 - Age 12: N<br>
4167,Licensed Group,Rpc Out Of School Care,9300 Westminster Hwy,,Richmond,V6X 1B1,49.169392,-123.121314,604-278-3264,,,N,N,N,N,N,N,N,N,N,N,N,N,N,N,N,N,N,,,N,N,N,N,N,N,N,N,N,N,N,2026-05-12,https://inspections.vcha.ca/ChildCare/Table,N,Y,N,Rpc Out Of School Care<br>Licensed Group<br>604-278-3264<br><br>Vacancy:<br>&nbsp;&nbsp;&nbsp;&nbsp;<36 months: N<br>&nbsp;&nbsp;&nbsp;&nbsp;30 months -- 5 years: N<br>&nbsp;&nbsp;&nbsp;&nbsp;Preschool: N<br>&nbsp;&nbsp;&nbsp;&nbsp;Grade 1 - Age 12: N<br>
4168,Licensed Group,Summerland Early Learning Centre,10317 Prairie Valley Rd,,Summerland,V0H 1Z0,49.597142,-119.683727,250-494-7266,,,N,N,N,N,N,N,N,N,N,N,N,N,N,N,N,N,N,,,N,N,N,N,N,N,N,N,N,N,N,2026-05-01,https://hedgehogportal.interiorhealth.ca/ChildCare/Map,N,Y,N,Summerland Early Learning Centre<br>Licensed Group<br>250-494-7266<br><br>Vacancy:<br>&nbsp;&nbsp;&nbsp;&nbsp;<36 months: N<br>&nbsp;&nbsp;&nbsp;&nbsp;30 months -- 5 years: N<br>&nbsp;&nbsp;&nbsp;&nbsp;Preschool: N<br>&nbsp;&nbsp;&nbsp;&nbsp;Grade 1 - Age 12: N<br>
4169,Licensed Group,Renaissance Kids,1 12491 No 2 Rd,,Richmond,V7E 2G3,49.122614,-123.160446,604-241-0141,,,N,N,N,N,N,N,N,N,N,N,N,N,N,N,N,N,N,,,N,N,N,N,N,N,N,N,Y,N,N,2026-05-15,https://inspections.vcha.ca/ChildCare/Table,N,Y,N,Renaissance Kids<br>Licensed Group<br>604-241-0141<br><br>Vacancy:<br>&nbsp;&nbsp;&nbsp;&nbsp;<36 months: N<br>&nbsp;&nbsp;&nbsp;&nbsp;30 months -- 5 years: Y<br>&nbsp;&nbsp;&nbsp;&nbsp;Preschool: N<br>&nbsp;&nbsp;&nbsp;&nbsp;Grade 1 - Age 12: N<br>
4170,Licensed Group,Kid'n Around Childrens Centre,20997 40 Ave,,Langley,V3A 8N9,49.075221,-122.641978,604-533-3757,,,N,N,N,N,N,N,N,N,N,N,N,N,N,N,N,N,N,,,N,N,N,N,N,N,N,N,Y,N,N,2026-04-27,http://www.healthspace.ca/fha/childcare,N,Y,N,Kid'n Around Childrens Centre<br>Licensed Group<br>604-533-3757<br><br>Vacancy:<br>&nbsp;&nbsp;&nbsp;&nbsp;<36 months: N<br>&nbsp;&nbsp;&nbsp;&nbsp;30 months -- 5 years: Y<br>&nbsp;&nbsp;&nbsp;&nbsp;Preschool: N<br>&nbsp;&nbsp;&nbsp;&nbsp;Grade 1 - Age 12: N<br>
4171,Licensed Family,Julie & Friends Family Child Care,755 Adiron Ave,,Coquitlam,V3J 4K1,49.267639,-122.878963,604-328-5257,,,N,N,N,N,N,N,N,N,N,N,N,N,N,N,N,N,N,,,N,N,N,N,N,N,N,N,N,N,N,2026-05-15,http://www.healthspace.ca/fha/childcare,N,Y,N,Julie & Friends Family Child Care<br>Licensed Family<br>604-328-5257<br><br>Vacancy:<br>&nbsp;&nbsp;&nbsp;&nbsp;<36 months: N<br>&nbsp;&nbsp;&nbsp;&nbsp;30 months -- 5 years: N<br>&nbsp;&nbsp;&nbsp;&nbsp;Preschool: N<br>&nbsp;&nbsp;&nbsp;&nbsp;Grade 1 - Age 12: N<br>
4172,Licensed Group,Nelson Park ymca Kids Club,1155 Thurlow St,,Vancouver,V6E 1X2,49.280788,-123.130655,604-294-9622,,,N,N,N,N,N,N,N,N,N,N,N,N,N,N,N,N,N,,,N,N,N,N,N,N,N,N,N,N,N,2026-05-14,https://inspections.vcha.ca/ChildCare/Table,N,Y,N,Nelson Park ymca Kids Club<br>Licensed Group<br>604-294-9622<br><br>Vacancy:<br>&nbsp;&nbsp;&nbsp;&nbsp;<36 months: N<br>&nbsp;&nbsp;&nbsp;&nbsp;30 months -- 5 years: N<br>&nbsp;&nbsp;&nbsp;&nbsp;Preschool: N<br>&nbsp;&nbsp;&nbsp;&nbsp;Grade 1 - Age 12: N<br>
4173,Licensed Group,Brightpath Port Coquitlam North,3610 Hastings St,,Port Coquitlam,V3B 4N6,49.277514,-122.780866,604-785-9439,,,N,N,N,N,N,N,N,N,N,N,N,N,N,N,N,N,N,,,N,N,N,N,N,N,N,N,N,N,N,2026-05-05,http://www.healthspace.ca/fha/childcare,N,Y,N,Brightpath Port Coquitlam North<br>Licensed Group<br>604-785-9439<br><br>Vacancy:<br>&nbsp;&nbsp;&nbsp;&nbsp;<36 months: N<br>&nbsp;&nbsp;&nbsp;&nbsp;30 months -- 5 years: N<br>&nbsp;&nbsp;&nbsp;&nbsp;Preschool: N<br>&nbsp;&nbsp;&nbsp;&nbsp;Grade 1 - Age 12: N<br>
4174,Licensed Group,Sugar Fountain Day Care,7846 143 St,,Surrey,V3W 9W3,49.144747,-122.827113,604-502-7846,,,N,N,N,N,N,N,N,N,N,N,N,N,N,N,N,N,N,,,N,N,N,N,N,N,N,N,N,N,N,2026-05-15,http://www.healthspace.ca/fha/childcare,N,Y,N,Sugar Fountain Day Care<br>Licensed Group<br>604-502-7846<br><br>Vacancy:<br>&nbsp;&nbsp;&nbsp;&nbsp;<36 months: N<br>&nbsp;&nbsp;&nbsp;&nbsp;30 months -- 5 years: N<br>&nbsp;&nbsp;&nbsp;&nbsp;Preschool: N<br>&nbsp;&nbsp;&nbsp;&nbsp;Grade 1 - Age 12: N<br>
4175,Licensed Group,Bella Balloon Childcare Center (Under 36 Months),515 Windsor Rd W,,North Vancouver,V7N 2N7,49.338087,-123.082873,604-354-2019,,,N,N,N,N,N,N,N,N,N,N,N,N,N,N,N,N,N,,,N,N,N,N,N,N,N,N,N,N,N,2026-05-08,https://inspections.vcha.ca/ChildCare/Table,N,Y,N,Bella Balloon Childcare Center (Under 36 Months)<br>Licensed Group<br>604-354-2019<br><br>Vacancy:<br>&nbsp;&nbsp;&nbsp;&nbsp;<36 months: N<br>&nbsp;&nbsp;&nbsp;&nbsp;30 months -- 5 years: N<br>&nbsp;&nbsp;&nbsp;&nbsp;Preschool: N<br>&nbsp;&nbsp;&nbsp;&nbsp;Grade 1 - Age 12: N<br>
4176,Licensed Family,Little Roos Family Daycare,6392 Oldfield Rd,,Saanichton,V8M 1X8,48.555825,-123.417736,250-213-7067,,,N,N,N,N,N,N,N,N,N,N,N,N,N,N,N,N,N,,,N,N,N,N,N,N,N,N,N,N,N,2026-05-14,https://www.healthspace.ca/clients/viha/viha_website.nsf/CCFL-Main?OpenView,N,Y,N,Little Roos Family Daycare<br>Licensed Family<br>250-213-7067<br><br>Vacancy:<br>&nbsp;&nbsp;&nbsp;&nbsp;<36 months: N<br>&nbsp;&nbsp;&nbsp;&nbsp;30 months -- 5 years: N<br>&nbsp;&nbsp;&nbsp;&nbsp;Preschool: N<br>&nbsp;&nbsp;&nbsp;&nbsp;Grade 1 - Age 12: N<br>
4177,Licensed Group,Chaoyin Bilingual Academy,10111 Bird Rd,,Richmond,V6X 1N4,49.190178,-123.111458,778-883-6138,,,N,N,N,N,N,N,N,N,N,N,N,N,N,N,N,N,N,Not offered,Not offered,N,N,N,N,N,N,N,N,Y,N,N,2026-04-17,https://inspections.vcha.ca/ChildCare/Table,N,Y,N,Chaoyin Bilingual Academy<br>Licensed Group<br>778-883-6138<br><br>Vacancy:<br>&nbsp;&nbsp;&nbsp;&nbsp;<36 months: N<br>&nbsp;&nbsp;&nbsp;&nbsp;30 months -- 5 years: Y<br>&nbsp;&nbsp;&nbsp;&nbsp;Preschool: N<br>&nbsp;&nbsp;&nbsp;&nbsp;Grade 1 - Age 12: N<br>
4178,Licensed Family,Kiwi Kare Family Daycare,3763 Mountain Hwy,,North Vancouver,V7K 2H9,49.343979,-123.038378,604-986-6891,,,N,N,N,N,N,N,N,N,N,N,N,N,N,N,N,N,N,,,N,N,N,N,N,N,N,N,N,N,N,2026-05-15,https://inspections.vcha.ca/ChildCare/Table,N,Y,N,Kiwi Kare Family Daycare<br>Licensed Family<br>604-986-6891<br><br>Vacancy:<br>&nbsp;&nbsp;&nbsp;&nbsp;<36 months: N<br>&nbsp;&nbsp;&nbsp;&nbsp;30 months -- 5 years: N<br>&nbsp;&nbsp;&nbsp;&nbsp;Preschool: N<br>&nbsp;&nbsp;&nbsp;&nbsp;Grade 1 - Age 12: N<br>
4179,Licensed Group,Quadra Out Of School Care Program,3031 Quadra St,,Victoria,V8T 4G2,48.445981,-123.360381,250-388-5251,,,N,N,N,N,N,N,N,N,N,N,N,N,N,N,N,N,N,,,N,N,N,N,N,N,N,N,N,N,Y,2026-05-05,https://www.healthspace.ca/clients/viha/viha_website.nsf/CCFL-Main?OpenView,N,Y,N,Quadra Out Of School Care Program<br>Licensed Group<br>250-388-5251<br><br>Vacancy:<br>&nbsp;&nbsp;&nbsp;&nbsp;<36 months: N<br>&nbsp;&nbsp;&nbsp;&nbsp;30 months -- 5 years: N<br>&nbsp;&nbsp;&nbsp;&nbsp;Preschool: N<br>&nbsp;&nbsp;&nbsp;&nbsp;Grade 1 - Age 12: Y<br>
4180,Licensed Family,L'il Monsters Daycare,921 Ochakwin Cres,,Prince George,V2M 5P5,53.916121,-122.815843,250-561-9409,,,N,N,N,N,N,N,N,N,N,N,N,N,N,N,N,N,N,,,N,N,N,N,N,N,N,N,N,N,N,2026-05-15,https://www.healthspace.ca/Clients/NHA/NHA_Website.nsf/CCFL-Frameset,N,Y,N,L'il Monsters Daycare<br>Licensed Family<br>250-561-9409<br><br>Vacancy:<br>&nbsp;&nbsp;&nbsp;&nbsp;<36 months: N<br>&nbsp;&nbsp;&nbsp;&nbsp;30 months -- 5 years: N<br>&nbsp;&nbsp;&nbsp;&nbsp;Preschool: N<br>&nbsp;&nbsp;&nbsp;&nbsp;Grade 1 - Age 12: N<br>
4181,Licensed Family,Always Sunshine,3219 Embree Pl,,Prince George,V2N 0A4,53.855196,-122.800401,250-961-0540,,,N,N,N,N,N,N,N,N,N,N,N,N,N,N,N,N,N,,,N,N,N,N,N,N,N,N,N,N,N,2026-05-20,https://www.healthspace.ca/Clients/NHA/NHA_Website.nsf/CCFL-Frameset,N,Y,N,Always Sunshine<br>Licensed Family<br>250-961-0540<br><br>Vacancy:<br>&nbsp;&nbsp;&nbsp;&nbsp;<36 months: N<br>&nbsp;&nbsp;&nbsp;&nbsp;30 months -- 5 years: N<br>&nbsp;&nbsp;&nbsp;&nbsp;Preschool: N<br>&nbsp;&nbsp;&nbsp;&nbsp;Grade 1 - Age 12: N<br>
4182,Licensed Group,Marzanna's Montessori Preschool,4824 Commercial St,,Vancouver,V5N 4H1,49.241043,-123.067579,604-871-0620,,,N,N,N,N,N,N,N,N,N,N,N,N,N,N,N,N,N,,,N,N,N,N,N,N,N,N,N,Y,N,2026-05-02,https://inspections.vcha.ca/ChildCare/Table,N,Y,N,Marzanna's Montessori Preschool<br>Licensed Group<br>604-871-0620<br><br>Vacancy:<br>&nbsp;&nbsp;&nbsp;&nbsp;<36 months: N<br>&nbsp;&nbsp;&nbsp;&nbsp;30 months -- 5 years: N<br>&nbsp;&nbsp;&nbsp;&nbsp;Preschool: Y<br>&nbsp;&nbsp;&nbsp;&nbsp;Grade 1 - Age 12: N<br>
4183,Licensed Group,Maison Montessori Child Care,13444 Amblewood Dr,,Surrey,V4A 6M3,49.034449,-122.850045,604-531-2124,,,N,N,N,N,N,N,N,N,N,N,N,N,N,N,N,N,N,,,N,N,N,N,N,N,N,N,N,N,N,2026-05-20,http://www.healthspace.ca/fha/childcare,N,Y,N,Maison Montessori Child Care<br>Licensed Group<br>604-531-2124<br><br>Vacancy:<br>&nbsp;&nbsp;&nbsp;&nbsp;<36 months: N<br>&nbsp;&nbsp;&nbsp;&nbsp;30 months -- 5 years: N<br>&nbsp;&nbsp;&nbsp;&nbsp;Preschool: N<br>&nbsp;&nbsp;&nbsp;&nbsp;Grade 1 - Age 12: N<br>
4184,Licensed Group,Societe De La Garderie V'la L'bon Vent,5445 Baillie St,,Vancouver,V5Z 3M6,49.23656,-123.123005,604-261-4243,,,N,N,N,N,N,N,N,N,N,N,N,N,N,N,N,N,N,Not offered,Not offered,N,N,N,N,N,N,N,N,N,N,N,2026-04-27,https://inspections.vcha.ca/ChildCare/Table,N,Y,N,Societe De La Garderie V'la L'bon Vent<br>Licensed Group<br>604-261-4243<br><br>Vacancy:<br>&nbsp;&nbsp;&nbsp;&nbsp;<36 months: N<br>&nbsp;&nbsp;&nbsp;&nbsp;30 months -- 5 years: N<br>&nbsp;&nbsp;&nbsp;&nbsp;Preschool: N<br>&nbsp;&nbsp;&nbsp;&nbsp;Grade 1 - Age 12: N<br>
4185,Licensed Family,Huggabug,5570 Heyer Rd,,Prince George,V2N 6P7,53.84766,-122.81863,250-964-1971,,,N,N,N,N,N,N,N,N,N,N,N,N,N,N,N,N,N,,,N,N,N,N,N,N,N,N,N,N,N,2026-04-28,https://www.healthspace.ca/Clients/NHA/NHA_Website.nsf/CCFL-Frameset,N,Y,N,Huggabug<br>Licensed Family<br>250-964-1971<br><br>Vacancy:<br>&nbsp;&nbsp;&nbsp;&nbsp;<36 months: N<br>&nbsp;&nbsp;&nbsp;&nbsp;30 months -- 5 years: N<br>&nbsp;&nbsp;&nbsp;&nbsp;Preschool: N<br>&nbsp;&nbsp;&nbsp;&nbsp;Grade 1 - Age 12: N<br>
4186,Licensed Group,St. Margaret's School,1080 Lucas Ave,,Victoria,V8X 3P7,48.4806,-123.363799,250-479-7171,,,,,,,,,,,,,,,,,,,,,,,,,,,,,,,,,,,Y,N,N,St. Margaret's School<br>Licensed Group<br>250-479-7171<br><br>Vacancy:<br>&nbsp;&nbsp;&nbsp;&nbsp;<36 months: None<br>&nbsp;&nbsp;&nbsp;&nbsp;30 months -- 5 years: None<br>&nbsp;&nbsp;&nbsp;&nbsp;Preschool: None<br>&nbsp;&nbsp;&nbsp;&nbsp;Grade 1 - Age 12: None<br>
4187,Licensed Family,Agape Daycare,2100 4Th St N,,Cranbrook,V1C 4X9,49.515895,-115.752014,250-489-4071,,,N,N,N,N,N,N,N,N,N,N,N,N,N,N,N,N,N,,,N,N,N,N,N,N,N,N,N,N,N,2026-04-27,https://hedgehogportal.interiorhealth.ca/ChildCare/Map,N,Y,N,Agape Daycare<br>Licensed Family<br>250-489-4071<br><br>Vacancy:<br>&nbsp;&nbsp;&nbsp;&nbsp;<36 months: N<br>&nbsp;&nbsp;&nbsp;&nbsp;30 months -- 5 years: N<br>&nbsp;&nbsp;&nbsp;&nbsp;Preschool: N<br>&nbsp;&nbsp;&nbsp;&nbsp;Grade 1 - Age 12: N<br>
4188,Licensed Group,Little Friends Children's Center #1,10808 157 St,,Surrey,V4N 1C4,49.199009,-122.786731,778-385-4120,,,N,N,N,N,N,N,N,N,N,N,N,N,N,N,N,N,N,,,N,N,N,N,N,N,N,N,N,N,N,2026-04-29,http://www.healthspace.ca/fha/childcare,N,Y,N,Little Friends Children's Center #1<br>Licensed Group<br>778-385-4120<br><br>Vacancy:<br>&nbsp;&nbsp;&nbsp;&nbsp;<36 months: N<br>&nbsp;&nbsp;&nbsp;&nbsp;30 months -- 5 years: N<br>&nbsp;&nbsp;&nbsp;&nbsp;Preschool: N<br>&nbsp;&nbsp;&nbsp;&nbsp;Grade 1 - Age 12: N<br>
4189,Licensed Group,Meadow Ridge Centre For Child Care,5-21409 Lougheed Hwy,,Maple Ridge,V2X 2R8,49.217604,-122.627699,604-466-1045,,,N,N,N,N,N,N,N,N,N,N,N,N,N,N,N,N,N,,,N,N,N,N,N,N,N,N,N,N,N,2026-05-17,http://www.healthspace.ca/fha/childcare,N,Y,N,Meadow Ridge Centre For Child Care<br>Licensed Group<br>604-466-1045<br><br>Vacancy:<br>&nbsp;&nbsp;&nbsp;&nbsp;<36 months: N<br>&nbsp;&nbsp;&nbsp;&nbsp;30 months -- 5 years: N<br>&nbsp;&nbsp;&nbsp;&nbsp;Preschool: N<br>&nbsp;&nbsp;&nbsp;&nbsp;Grade 1 - Age 12: N<br>
4190,Licensed Group,Child Development Centre,9001 10 St,,Dawson Creek,V1G 4T1,55.773693,-120.230549,250-782-1161,,,N,N,N,N,N,N,N,N,N,N,N,N,N,N,N,N,N,,,N,N,N,N,N,N,N,N,N,N,N,2026-05-05,https://www.healthspace.ca/Clients/NHA/NHA_Website.nsf/CCFL-Frameset,N,Y,N,Child Development Centre<br>Licensed Group<br>250-782-1161<br><br>Vacancy:<br>&nbsp;&nbsp;&nbsp;&nbsp;<36 months: N<br>&nbsp;&nbsp;&nbsp;&nbsp;30 months -- 5 years: N<br>&nbsp;&nbsp;&nbsp;&nbsp;Preschool: N<br>&nbsp;&nbsp;&nbsp;&nbsp;Grade 1 - Age 12: N<br>
4191,Licensed Family,Lady Bug Family Childcare,100-1250 Nicola St,,Vancouver,V6G 2E6,49.283794,-123.138066,604-681-2967,,,N,N,N,N,N,N,N,N,N,N,N,N,N,N,N,N,N,,,N,N,N,N,N,N,N,N,N,N,N,2026-05-19,https://inspections.vcha.ca/ChildCare/Table,N,Y,N,Lady Bug Family Childcare<br>Licensed Family<br>604-681-2967<br><br>Vacancy:<br>&nbsp;&nbsp;&nbsp;&nbsp;<36 months: N<br>&nbsp;&nbsp;&nbsp;&nbsp;30 months -- 5 years: N<br>&nbsp;&nbsp;&nbsp;&nbsp;Preschool: N<br>&nbsp;&nbsp;&nbsp;&nbsp;Grade 1 - Age 12: N<br>
4192,Licensed Group,Nelson Waldorf Childcare,3648 Silver King Ski Hill Rd,,Nelson,V1L 5P9,49.460263,-117.284787,250-352-6919,,,N,N,N,N,N,N,N,N,N,N,N,N,N,N,N,N,N,,,N,N,N,N,N,N,N,Y,Y,N,N,2026-05-14,https://hedgehogportal.interiorhealth.ca/ChildCare/Map,N,Y,N,Nelson Waldorf Childcare<br>Licensed Group<br>250-352-6919<br><br>Vacancy:<br>&nbsp;&nbsp;&nbsp;&nbsp;<36 months: Y<br>&nbsp;&nbsp;&nbsp;&nbsp;30 months -- 5 years: Y<br>&nbsp;&nbsp;&nbsp;&nbsp;Preschool: N<br>&nbsp;&nbsp;&nbsp;&nbsp;Grade 1 - Age 12: N<br>
4193,Licensed Group,S.P.I.C.E. Of Life Child Care Centre,10851 Shell Rd,,Richmond,V7A 3W6,49.135611,-123.104407,604-272-4040,,,N,N,N,N,N,N,N,N,N,N,N,N,N,N,N,N,N,,,N,N,N,N,N,N,N,N,N,N,N,2026-05-15,https://inspections.vcha.ca/ChildCare/Table,N,Y,Y,S.P.I.C.E. Of Life Child Care Centre<br>Licensed Group<br>604-272-4040<br><br>Vacancy:<br>&nbsp;&nbsp;&nbsp;&nbsp;<36 months: N<br>&nbsp;&nbsp;&nbsp;&nbsp;30 months -- 5 years: N<br>&nbsp;&nbsp;&nbsp;&nbsp;Preschool: N<br>&nbsp;&nbsp;&nbsp;&nbsp;Grade 1 - Age 12: N<br>
4194,Licensed Group,Happy Campers Childcare,3424 Metchosin Rd,,Victoria,V9C 2A9,48.415441,-123.483697,250-391-0909,,,N,N,N,N,N,N,N,N,N,N,N,N,N,N,N,N,N,,,N,N,N,N,N,N,N,N,N,N,N,2026-05-15,https://www.healthspace.ca/clients/viha/viha_website.nsf/CCFL-Main?OpenView,N,Y,N,Happy Campers Childcare<br>Licensed Group<br>250-391-0909<br><br>Vacancy:<br>&nbsp;&nbsp;&nbsp;&nbsp;<36 months: N<br>&nbsp;&nbsp;&nbsp;&nbsp;30 months -- 5 years: N<br>&nbsp;&nbsp;&nbsp;&nbsp;Preschool: N<br>&nbsp;&nbsp;&nbsp;&nbsp;Grade 1 - Age 12: N<br>
4195,Licensed Family,Jane's Happy Family Daycare,1 2865 Glen Dr,,Coquitlam,V3B 6R9,49.282931,-122.804336,604-307-9219,,,N,N,N,N,N,N,N,N,N,N,N,N,N,N,N,N,N,,,N,N,N,N,N,N,N,N,Y,N,N,2026-04-30,http://www.healthspace.ca/fha/childcare,N,Y,N,Jane's Happy Family Daycare<br>Licensed Family<br>604-307-9219<br><br>Vacancy:<br>&nbsp;&nbsp;&nbsp;&nbsp;<36 months: N<br>&nbsp;&nbsp;&nbsp;&nbsp;30 months -- 5 years: Y<br>&nbsp;&nbsp;&nbsp;&nbsp;Preschool: N<br>&nbsp;&nbsp;&nbsp;&nbsp;Grade 1 - Age 12: N<br>
4196,Licensed Group,Our Lady Of Sorrows Pre-School,575 Slocan St,,Vancouver,V5K 3X5,49.279362,-123.049394,604-253-2434,,,N,N,N,N,N,N,N,N,N,N,N,N,N,N,N,N,N,,,N,N,N,N,N,N,N,N,N,Y,N,2026-04-14,https://inspections.vcha.ca/ChildCare/Table,N,Y,N,Our Lady Of Sorrows Pre-School<br>Licensed Group<br>604-253-2434<br><br>Vacancy:<br>&nbsp;&nbsp;&nbsp;&nbsp;<36 months: N<br>&nbsp;&nbsp;&nbsp;&nbsp;30 months -- 5 years: N<br>&nbsp;&nbsp;&nbsp;&nbsp;Preschool: Y<br>&nbsp;&nbsp;&nbsp;&nbsp;Grade 1 - Age 12: N<br>
4197,Licensed Group,Aird's Kidzone Learning Centre Ltd,5025 12 Ave,,Delta,V4M 2A7,49.025687,-123.084461,604-943-9179,,,N,N,N,N,N,N,N,N,N,N,N,N,N,N,N,N,N,,,N,N,N,N,N,N,N,N,N,N,N,2026-04-21,http://www.healthspace.ca/fha/childcare,N,Y,N,Aird's Kidzone Learning Centre Ltd<br>Licensed Group<br>604-943-9179<br><br>Vacancy:<br>&nbsp;&nbsp;&nbsp;&nbsp;<36 months: N<br>&nbsp;&nbsp;&nbsp;&nbsp;30 months -- 5 years: N<br>&nbsp;&nbsp;&nbsp;&nbsp;Preschool: N<br>&nbsp;&nbsp;&nbsp;&nbsp;Grade 1 - Age 12: N<br>
4198,Licensed Group,Country Care Child Care Centre (School Age),9500 Kilby Dr,,Richmond,V6X 3N1,49.187904,-123.118258,604-721-5672,,,N,N,N,N,N,N,N,N,N,N,N,N,N,N,N,N,N,,,N,N,N,N,N,N,N,N,N,N,N,2026-04-20,https://inspections.vcha.ca/ChildCare/Table,N,Y,N,Country Care Child Care Centre (School Age)<br>Licensed Group<br>604-721-5672<br><br>Vacancy:<br>&nbsp;&nbsp;&nbsp;&nbsp;<36 months: N<br>&nbsp;&nbsp;&nbsp;&nbsp;30 months -- 5 years: N<br>&nbsp;&nbsp;&nbsp;&nbsp;Preschool: N<br>&nbsp;&nbsp;&nbsp;&nbsp;Grade 1 - Age 12: N<br>
4199,Licensed Group,Bgccvi - Forest Park Club,2050 Latimer Rd,,Nanaimo,V9S 2W5,49.190137,-123.987856,250-751-8937,,,N,N,N,N,N,N,N,N,N,N,N,N,N,N,N,N,N,Not offered,Not offered,N,N,N,N,N,N,N,N,Y,N,Y,2026-05-15,https://www.healthspace.ca/clients/viha/viha_website.nsf/CCFL-Main?OpenView,N,Y,N,Bgccvi - Forest Park Club<br>Licensed Group<br>250-751-8937<br><br>Vacancy:<br>&nbsp;&nbsp;&nbsp;&nbsp;<36 months: N<br>&nbsp;&nbsp;&nbsp;&nbsp;30 months -- 5 years: Y<br>&nbsp;&nbsp;&nbsp;&nbsp;Preschool: N<br>&nbsp;&nbsp;&nbsp;&nbsp;Grade 1 - Age 12: Y<br>
4200,Licensed Family,Building Blocks,2621 Davies Ave,,Port Coquitlam,V3C 2K1,49.268168,-122.786442,604-771-1324,,,N,N,N,N,N,N,N,N,N,N,N,N,N,N,N,N,N,,,N,N,N,N,N,N,N,Y,Y,N,Y,2026-05-04,http://www.healthspace.ca/fha/childcare,N,Y,N,Building Blocks<br>Licensed Family<br>604-771-1324<br><br>Vacancy:<br>&nbsp;&nbsp;&nbsp;&nbsp;<36 months: Y<br>&nbsp;&nbsp;&nbsp;&nbsp;30 months -- 5 years: Y<br>&nbsp;&nbsp;&nbsp;&nbsp;Preschool: N<br>&nbsp;&nbsp;&nbsp;&nbsp;Grade 1 - Age 12: Y<br>
4201,Licensed Group,Foxglove School Age Care,20011 44 Ave,,Langley,V3A 6L8,49.083093,-122.66804,604-786-6985,,,N,N,N,N,N,N,N,N,N,N,N,N,N,N,N,N,N,,,N,N,N,N,N,N,N,N,N,N,N,2026-05-05,http://www.healthspace.ca/fha/childcare,N,Y,N,Foxglove School Age Care<br>Licensed Group<br>604-786-6985<br><br>Vacancy:<br>&nbsp;&nbsp;&nbsp;&nbsp;<36 months: N<br>&nbsp;&nbsp;&nbsp;&nbsp;30 months -- 5 years: N<br>&nbsp;&nbsp;&nbsp;&nbsp;Preschool: N<br>&nbsp;&nbsp;&nbsp;&nbsp;Grade 1 - Age 12: N<br>
4202,Licensed Family,Piccolo's Childcare Centre,4143 Auldfarm Lane,,Victoria,V8Z 7X7,48.479978,-123.416488,250-882-3802,,,N,N,N,N,N,N,N,N,N,N,N,N,N,N,N,N,N,,,N,N,N,N,N,N,N,N,N,N,N,2026-05-15,https://www.healthspace.ca/clients/viha/viha_website.nsf/CCFL-Main?OpenView,N,Y,N,Piccolo's Childcare Centre<br>Licensed Family<br>250-882-3802<br><br>Vacancy:<br>&nbsp;&nbsp;&nbsp;&nbsp;<36 months: N<br>&nbsp;&nbsp;&nbsp;&nbsp;30 months -- 5 years: N<br>&nbsp;&nbsp;&nbsp;&nbsp;Preschool: N<br>&nbsp;&nbsp;&nbsp;&nbsp;Grade 1 - Age 12: N<br>
4203,Licensed Group,The Grove Out Of School Childcare Program,8525 Forest Grove Dr,Rm 11 & 7,Burnaby,V5A 4H5,49.264737,-122.925824,604-420-5001,,,Y,N,N,N,N,N,N,N,N,Y,Y,N,N,N,Y,N,N,Not offered,Include in fee,N,N,N,N,Y,N,N,N,N,N,N,2026-05-20,http://www.healthspace.ca/fha/childcare,N,Y,N,The Grove Out Of School Childcare Program<br>Licensed Group<br>604-420-5001<br><br>Vacancy:<br>&nbsp;&nbsp;&nbsp;&nbsp;<36 months: N<br>&nbsp;&nbsp;&nbsp;&nbsp;30 months -- 5 years: N<br>&nbsp;&nbsp;&nbsp;&nbsp;Preschool: N<br>&nbsp;&nbsp;&nbsp;&nbsp;Grade 1 - Age 12: N<br>
4204,Licensed Group,South Vancouver Neighbourhood House Out Of School Care,6470 Victoria Dr,,Vancouver,V5P 3X7,49.225542,-123.065332,604-875-9111,,,N,N,N,N,N,N,N,N,N,N,N,N,N,N,N,N,N,Not offered,Not offered,N,N,N,N,N,N,N,N,N,N,Y,2026-04-08,https://inspections.vcha.ca/ChildCare/Table,N,Y,N,South Vancouver Neighbourhood House Out Of School Care<br>Licensed Group<br>604-875-9111<br><br>Vacancy:<br>&nbsp;&nbsp;&nbsp;&nbsp;<36 months: N<br>&nbsp;&nbsp;&nbsp;&nbsp;30 months -- 5 years: N<br>&nbsp;&nbsp;&nbsp;&nbsp;Preschool: N<br>&nbsp;&nbsp;&nbsp;&nbsp;Grade 1 - Age 12: Y<br>
4205,Licensed Group,Discovery Station Preschool,20097 72 Ave,,Langley,V2Y 1S7,49.134265,-122.666307,604-533-5881,,,N,N,N,N,N,N,N,N,N,N,N,N,N,N,N,N,N,,,N,N,N,N,N,N,N,N,N,Y,N,2026-05-15,http://www.healthspace.ca/fha/childcare,N,Y,N,Discovery Station Preschool<br>Licensed Group<br>604-533-5881<br><br>Vacancy:<br>&nbsp;&nbsp;&nbsp;&nbsp;<36 months: N<br>&nbsp;&nbsp;&nbsp;&nbsp;30 months -- 5 years: N<br>&nbsp;&nbsp;&nbsp;&nbsp;Preschool: Y<br>&nbsp;&nbsp;&nbsp;&nbsp;Grade 1 - Age 12: N<br>
4206,Licensed Group,Kaien Island Daycare Services & Family Resource Centre,1200 Hays Cove Ave,,Prince Rupert,V8J 2H2,54.321502,-130.297971,250-627-1717,,,N,N,N,N,N,N,N,N,N,N,N,N,N,N,N,N,N,,,N,N,N,N,N,N,N,Y,Y,N,Y,2026-05-15,https://www.healthspace.ca/Clients/NHA/NHA_Website.nsf/CCFL-Frameset,N,Y,N,Kaien Island Daycare Services & Family Resource Centre<br>Licensed Group<br>250-627-1717<br><br>Vacancy:<br>&nbsp;&nbsp;&nbsp;&nbsp;<36 months: Y<br>&nbsp;&nbsp;&nbsp;&nbsp;30 months -- 5 years: Y<br>&nbsp;&nbsp;&nbsp;&nbsp;Preschool: N<br>&nbsp;&nbsp;&nbsp;&nbsp;Grade 1 - Age 12: Y<br>
4207,Licensed Group,Kinder Kampus - Pleasantside Elementary School,195 Barber St,,Port Moody,V3H 3A8,49.295098,-122.854151,604-417-9109,,,N,N,N,N,N,N,N,N,N,N,N,N,N,N,N,N,N,,,N,N,N,N,N,N,N,N,Y,N,Y,2026-05-15,http://www.healthspace.ca/fha/childcare,N,Y,N,Kinder Kampus - Pleasantside Elementary School<br>Licensed Group<br>604-417-9109<br><br>Vacancy:<br>&nbsp;&nbsp;&nbsp;&nbsp;<36 months: N<br>&nbsp;&nbsp;&nbsp;&nbsp;30 months -- 5 years: Y<br>&nbsp;&nbsp;&nbsp;&nbsp;Preschool: N<br>&nbsp;&nbsp;&nbsp;&nbsp;Grade 1 - Age 12: Y<br>
4208,Licensed Group,Discovery Montessori Day Care,6211 Forsythe Cres,,Richmond,V7C 2C4,49.168888,-123.178104,604-807-9796,,,N,N,N,N,N,N,N,N,N,N,N,N,N,N,N,N,N,,,N,N,N,N,N,N,N,N,Y,Y,N,2026-05-22,https://inspections.vcha.ca/ChildCare/Table,N,Y,N,Discovery Montessori Day Care<br>Licensed Group<br>604-807-9796<br><br>Vacancy:<br>&nbsp;&nbsp;&nbsp;&nbsp;<36 months: N<br>&nbsp;&nbsp;&nbsp;&nbsp;30 months -- 5 years: Y<br>&nbsp;&nbsp;&nbsp;&nbsp;Preschool: Y<br>&nbsp;&nbsp;&nbsp;&nbsp;Grade 1 - Age 12: N<br>
4209,Licensed Group,The Childrens House (Under 36 Months),6735 Salish Dr,,Vancouver,V6N 4C4,49.224757,-123.198521,604-269-3302,,,,,,,,,,,,,,,,,,,,,,,,,,,,,,,,,,,Y,Y,N,The Childrens House (Under 36 Months)<br>Licensed Group<br>604-269-3302<br><br>Vacancy:<br>&nbsp;&nbsp;&nbsp;&nbsp;<36 months: None<br>&nbsp;&nbsp;&nbsp;&nbsp;30 months -- 5 years: None<br>&nbsp;&nbsp;&nbsp;&nbsp;Preschool: None<br>&nbsp;&nbsp;&nbsp;&nbsp;Grade 1 - Age 12: None<br>
4210,Licensed Group,The Childrens House (3-5 Years),6735 Salish Dr,,Vancouver,V6N 4C4,49.224757,-123.198521,604-269-3302,,,,,,,,,,,,,,,,,,,,,,,,,,,,,,,,,,,Y,Y,N,The Childrens House (3-5 Years)<br>Licensed Group<br>604-269-3302<br><br>Vacancy:<br>&nbsp;&nbsp;&nbsp;&nbsp;<36 months: None<br>&nbsp;&nbsp;&nbsp;&nbsp;30 months -- 5 years: None<br>&nbsp;&nbsp;&nbsp;&nbsp;Preschool: None<br>&nbsp;&nbsp;&nbsp;&nbsp;Grade 1 - Age 12: None<br>
4211,Licensed Group,Coquitlam River Out Of School Care,4250 Shaughnessy St,,Port Coquitlam,V3E 3E5,49.288452,-122.766073,604-764-0287,,,N,N,N,N,N,N,N,N,N,N,N,N,N,N,N,N,N,,,N,N,N,N,N,N,N,N,N,N,N,2026-05-13,http://www.healthspace.ca/fha/childcare,N,Y,N,Coquitlam River Out Of School Care<br>Licensed Group<br>604-764-0287<br><br>Vacancy:<br>&nbsp;&nbsp;&nbsp;&nbsp;<36 months: N<br>&nbsp;&nbsp;&nbsp;&nbsp;30 months -- 5 years: N<br>&nbsp;&nbsp;&nbsp;&nbsp;Preschool: N<br>&nbsp;&nbsp;&nbsp;&nbsp;Grade 1 - Age 12: N<br>
4212,Licensed Group,Forget-Me-Not Montessori School,6184 Ash St,,Vancouver,V5Z 3G9,49.228911,-123.117586,604-324-1035,,,N,N,N,N,N,N,N,N,N,N,N,N,N,N,N,N,N,,,N,N,N,N,N,N,N,N,N,Y,N,2026-05-06,https://inspections.vcha.ca/ChildCare/Table,N,N,N,Forget-Me-Not Montessori School<br>Licensed Group<br>604-324-1035<br><br>Vacancy:<br>&nbsp;&nbsp;&nbsp;&nbsp;<36 months: N<br>&nbsp;&nbsp;&nbsp;&nbsp;30 months -- 5 years: N<br>&nbsp;&nbsp;&nbsp;&nbsp;Preschool: Y<br>&nbsp;&nbsp;&nbsp;&nbsp;Grade 1 - Age 12: N<br>
4213,Licensed Group,Ladybug Landing Child Care Centre,140 27 St Se,,Salmon Arm,V1E 1K7,50.699543,-119.253687,250-832-5553,,,N,N,N,N,N,N,N,N,N,N,N,N,N,N,N,N,N,,,N,N,N,N,N,N,N,N,N,Y,Y,2026-05-15,https://hedgehogportal.interiorhealth.ca/ChildCare/Map,N,Y,N,Ladybug Landing Child Care Centre<br>Licensed Group<br>250-832-5553<br><br>Vacancy:<br>&nbsp;&nbsp;&nbsp;&nbsp;<36 months: N<br>&nbsp;&nbsp;&nbsp;&nbsp;30 months -- 5 years: N<br>&nbsp;&nbsp;&nbsp;&nbsp;Preschool: Y<br>&nbsp;&nbsp;&nbsp;&nbsp;Grade 1 - Age 12: Y<br>
4214,Licensed Family,Early World Family Childcare,2845 Dundas St,,Vancouver,V5K 1R5,49.285032,-123.045637,778-238-0116,,,N,N,N,N,N,N,N,N,N,N,N,N,N,N,N,N,N,,,N,N,N,N,N,N,N,Y,Y,N,N,2026-05-16,,N,Y,N,Early World Family Childcare<br>Licensed Family<br>778-238-0116<br><br>Vacancy:<br>&nbsp;&nbsp;&nbsp;&nbsp;<36 months: Y<br>&nbsp;&nbsp;&nbsp;&nbsp;30 months -- 5 years: Y<br>&nbsp;&nbsp;&nbsp;&nbsp;Preschool: N<br>&nbsp;&nbsp;&nbsp;&nbsp;Grade 1 - Age 12: N<br>
4215,Licensed Group,Edge Meadows Preschool,3555 5Th Ave,,Prince George,V2M 1K8,53.920396,-122.786204,250-649-9681,,,N,N,N,N,N,N,N,N,N,N,N,N,N,N,N,N,N,,,N,N,N,N,N,N,N,N,N,N,N,2026-05-18,https://www.healthspace.ca/Clients/NHA/NHA_Website.nsf/CCFL-Frameset,N,Y,N,Edge Meadows Preschool<br>Licensed Group<br>250-649-9681<br><br>Vacancy:<br>&nbsp;&nbsp;&nbsp;&nbsp;<36 months: N<br>&nbsp;&nbsp;&nbsp;&nbsp;30 months -- 5 years: N<br>&nbsp;&nbsp;&nbsp;&nbsp;Preschool: N<br>&nbsp;&nbsp;&nbsp;&nbsp;Grade 1 - Age 12: N<br>
4216,Licensed Group,Nsnh - Cleveland Kids' Club,1255 Eldon Rd,,North Vancouver,V7R 1T5,49.346179,-123.108451,604-987-8138,,,N,N,N,N,N,N,N,N,N,N,N,N,N,N,N,N,N,,,N,N,N,N,N,N,N,N,N,N,N,2026-05-11,https://inspections.vcha.ca/ChildCare/Table,N,Y,N,Nsnh - Cleveland Kids' Club<br>Licensed Group<br>604-987-8138<br><br>Vacancy:<br>&nbsp;&nbsp;&nbsp;&nbsp;<36 months: N<br>&nbsp;&nbsp;&nbsp;&nbsp;30 months -- 5 years: N<br>&nbsp;&nbsp;&nbsp;&nbsp;Preschool: N<br>&nbsp;&nbsp;&nbsp;&nbsp;Grade 1 - Age 12: N<br>
4217,Licensed Group,Maranatha Kids Care,3580 Clearbrook Rd,,Abbotsford,V2T 5C1,49.066948,-122.337322,604-859-8405,,,N,N,N,N,N,N,N,N,N,N,N,N,N,N,N,N,N,,,N,N,N,N,N,N,N,N,N,N,N,2026-05-04,http://www.healthspace.ca/fha/childcare,N,Y,N,Maranatha Kids Care<br>Licensed Group<br>604-859-8405<br><br>Vacancy:<br>&nbsp;&nbsp;&nbsp;&nbsp;<36 months: N<br>&nbsp;&nbsp;&nbsp;&nbsp;30 months -- 5 years: N<br>&nbsp;&nbsp;&nbsp;&nbsp;Preschool: N<br>&nbsp;&nbsp;&nbsp;&nbsp;Grade 1 - Age 12: N<br>
4218,Licensed Family,Shelley's Family Daycare,1926 Suffolk Ave,,Port Coquitlam,V3B 1H2,49.266202,-122.767885,604-942-3777,,,Y,N,N,N,N,N,Y,Y,N,Y,Y,N,N,N,N,N,N,Not offered,Include in fee,N,N,N,N,N,N,N,N,N,N,N,2026-05-15,http://www.healthspace.ca/fha/childcare,N,Y,N,Shelley's Family Daycare<br>Licensed Family<br>604-942-3777<br><br>Vacancy:<br>&nbsp;&nbsp;&nbsp;&nbsp;<36 months: N<br>&nbsp;&nbsp;&nbsp;&nbsp;30 months -- 5 years: N<br>&nbsp;&nbsp;&nbsp;&nbsp;Preschool: N<br>&nbsp;&nbsp;&nbsp;&nbsp;Grade 1 - Age 12: N<br>
4219,Licensed Group,Kamp Sonshine,2262 Read Cres,,Squamish,V8B 0L1,49.7355,-123.123716,604-898-3737,,,N,N,N,N,N,N,N,N,N,N,N,N,N,N,N,N,N,,,N,N,N,N,N,N,N,N,N,N,N,2026-05-05,https://inspections.vcha.ca/ChildCare/Table,N,Y,N,Kamp Sonshine<br>Licensed Group<br>604-898-3737<br><br>Vacancy:<br>&nbsp;&nbsp;&nbsp;&nbsp;<36 months: N<br>&nbsp;&nbsp;&nbsp;&nbsp;30 months -- 5 years: N<br>&nbsp;&nbsp;&nbsp;&nbsp;Preschool: N<br>&nbsp;&nbsp;&nbsp;&nbsp;Grade 1 - Age 12: N<br>
4220,Licensed Group,Little Rascals Daycare Ltd.,3111 Stanley Ave,,North Vancouver,V7N 4N6,49.337539,-123.08535,604-987-3168,,,N,N,N,N,N,N,N,N,N,N,N,N,N,N,N,N,N,,,N,N,N,N,N,N,N,Y,Y,N,N,2026-05-17,https://inspections.vcha.ca/ChildCare/Table,N,Y,Y,Little Rascals Daycare Ltd.<br>Licensed Group<br>604-987-3168<br><br>Vacancy:<br>&nbsp;&nbsp;&nbsp;&nbsp;<36 months: Y<br>&nbsp;&nbsp;&nbsp;&nbsp;30 months -- 5 years: Y<br>&nbsp;&nbsp;&nbsp;&nbsp;Preschool: N<br>&nbsp;&nbsp;&nbsp;&nbsp;Grade 1 - Age 12: N<br>
4221,Licensed Group,Wind And Tide - North Brookswood,20719 48 Ave,,Langley,V3A 3L7,49.090042,-122.647794,604-575-0549,,,N,N,N,N,N,N,N,N,N,N,N,N,N,N,N,N,N,,,N,N,N,N,N,N,N,N,N,N,N,2026-05-15,http://www.healthspace.ca/fha/childcare,N,Y,N,Wind And Tide - North Brookswood<br>Licensed Group<br>604-575-0549<br><br>Vacancy:<br>&nbsp;&nbsp;&nbsp;&nbsp;<36 months: N<br>&nbsp;&nbsp;&nbsp;&nbsp;30 months -- 5 years: N<br>&nbsp;&nbsp;&nbsp;&nbsp;Preschool: N<br>&nbsp;&nbsp;&nbsp;&nbsp;Grade 1 - Age 12: N<br>
4222,Licensed Group,Noah's Ark School,11371 No.3 Rd,,Richmond,V7A 1X3,49.130042,-123.138188,778-990-3520,,,N,N,N,N,N,N,N,N,N,N,N,N,N,N,N,N,N,,,N,N,N,N,N,N,N,N,N,N,N,2026-04-30,https://inspections.vcha.ca/ChildCare/Table,N,Y,N,Noah's Ark School<br>Licensed Group<br>778-990-3520<br><br>Vacancy:<br>&nbsp;&nbsp;&nbsp;&nbsp;<36 months: N<br>&nbsp;&nbsp;&nbsp;&nbsp;30 months -- 5 years: N<br>&nbsp;&nbsp;&nbsp;&nbsp;Preschool: N<br>&nbsp;&nbsp;&nbsp;&nbsp;Grade 1 - Age 12: N<br>
4223,Licensed Group,Terrace Sunflower Child Care Centre,2803 Cramer St,,Terrace,V8G 2K8,54.511064,-128.584148,250-635-1512,,,N,N,N,N,N,N,N,N,N,N,N,N,N,N,N,N,N,,,N,N,N,N,N,N,N,N,Y,N,Y,2026-04-17,https://www.healthspace.ca/Clients/NHA/NHA_Website.nsf/CCFL-Frameset,N,Y,N,Terrace Sunflower Child Care Centre<br>Licensed Group<br>250-635-1512<br><br>Vacancy:<br>&nbsp;&nbsp;&nbsp;&nbsp;<36 months: N<br>&nbsp;&nbsp;&nbsp;&nbsp;30 months -- 5 years: Y<br>&nbsp;&nbsp;&nbsp;&nbsp;Preschool: N<br>&nbsp;&nbsp;&nbsp;&nbsp;Grade 1 - Age 12: Y<br>
4224,Licensed Family,Janey Baby Family Daycare,975 Bute St,,Vancouver,V6E 1Y6,49.284298,-123.129929,604-314-7573,,,N,N,N,N,N,N,N,N,N,N,N,N,N,N,N,N,N,,,N,N,N,N,N,N,N,N,N,N,N,2026-05-15,https://inspections.vcha.ca/ChildCare/Table,N,N,N,Janey Baby Family Daycare<br>Licensed Family<br>604-314-7573<br><br>Vacancy:<br>&nbsp;&nbsp;&nbsp;&nbsp;<36 months: N<br>&nbsp;&nbsp;&nbsp;&nbsp;30 months -- 5 years: N<br>&nbsp;&nbsp;&nbsp;&nbsp;Preschool: N<br>&nbsp;&nbsp;&nbsp;&nbsp;Grade 1 - Age 12: N<br>
4225,Licensed Family,Kool Kids Child Care,15479 93Rd Ave,,Surrey,V3R 9B6,49.17247,-122.793699,604-583-5333,,,N,N,N,N,N,N,N,N,N,N,N,N,N,N,N,N,N,,,N,N,N,N,N,N,N,Y,Y,N,N,2026-05-20,http://www.healthspace.ca/fha/childcare,N,Y,N,Kool Kids Child Care<br>Licensed Family<br>604-583-5333<br><br>Vacancy:<br>&nbsp;&nbsp;&nbsp;&nbsp;<36 months: Y<br>&nbsp;&nbsp;&nbsp;&nbsp;30 months -- 5 years: Y<br>&nbsp;&nbsp;&nbsp;&nbsp;Preschool: N<br>&nbsp;&nbsp;&nbsp;&nbsp;Grade 1 - Age 12: N<br>
4226,Licensed Family,Langara Stars Multi-Age Daycare,7430 Cambie St,,Vancouver,V6P 3H5,49.217516,-123.116295,604-324-4842,,,N,N,N,N,N,N,N,N,N,N,N,N,N,N,N,N,N,,,N,N,N,N,N,N,N,N,N,N,N,2026-03-25,https://inspections.vcha.ca/ChildCare/Table,N,Y,N,Langara Stars Multi-Age Daycare<br>Licensed Family<br>604-324-4842<br><br>Vacancy:<br>&nbsp;&nbsp;&nbsp;&nbsp;<36 months: N<br>&nbsp;&nbsp;&nbsp;&nbsp;30 months -- 5 years: N<br>&nbsp;&nbsp;&nbsp;&nbsp;Preschool: N<br>&nbsp;&nbsp;&nbsp;&nbsp;Grade 1 - Age 12: N<br>
4227,Licensed Group,A:Lmelhawtxw Early Education Centre,9-7201 Vedder Rd,,Chilliwack,V2R 4G5,49.135923,-121.964377,604-824-6505,,,N,N,N,N,N,N,N,N,N,N,N,N,N,N,N,N,N,,,N,N,N,N,N,N,N,N,N,N,N,2026-05-07,http://www.healthspace.ca/fha/childcare,N,Y,N,A:Lmelhawtxw Early Education Centre<br>Licensed Group<br>604-824-6505<br><br>Vacancy:<br>&nbsp;&nbsp;&nbsp;&nbsp;<36 months: N<br>&nbsp;&nbsp;&nbsp;&nbsp;30 months -- 5 years: N<br>&nbsp;&nbsp;&nbsp;&nbsp;Preschool: N<br>&nbsp;&nbsp;&nbsp;&nbsp;Grade 1 - Age 12: N<br>
4228,Licensed Group,Little Twinkle Preschool/Out Of School Care (Mount Lehman),3551 Crestview Ave,,Abbotsford,V2T 6Y5,49.066994,-122.379707,604-614-5562,,,N,N,N,N,N,N,N,N,N,N,N,N,N,N,N,N,N,,,N,N,N,N,N,N,N,N,Y,Y,Y,2026-05-09,http://www.healthspace.ca/fha/childcare,N,Y,N,Little Twinkle Preschool/Out Of School Care (Mount Lehman)<br>Licensed Group<br>604-614-5562<br><br>Vacancy:<br>&nbsp;&nbsp;&nbsp;&nbsp;<36 months: N<br>&nbsp;&nbsp;&nbsp;&nbsp;30 months -- 5 years: Y<br>&nbsp;&nbsp;&nbsp;&nbsp;Preschool: Y<br>&nbsp;&nbsp;&nbsp;&nbsp;Grade 1 - Age 12: Y<br>
4229,Licensed Family,Little Hearts Daycare,14052 86A Ave,,Surrey,V3W 0V9,49.160328,-122.833262,604-339-9601,,,N,N,N,N,N,N,N,N,N,N,N,N,N,N,N,N,N,,,N,N,N,N,N,N,N,N,Y,N,N,2026-05-11,http://www.healthspace.ca/fha/childcare,N,Y,N,Little Hearts Daycare<br>Licensed Family<br>604-339-9601<br><br>Vacancy:<br>&nbsp;&nbsp;&nbsp;&nbsp;<36 months: N<br>&nbsp;&nbsp;&nbsp;&nbsp;30 months -- 5 years: Y<br>&nbsp;&nbsp;&nbsp;&nbsp;Preschool: N<br>&nbsp;&nbsp;&nbsp;&nbsp;Grade 1 - Age 12: N<br>
4230,Licensed Group,Montessori And More Learning Centre,2475 Franklin St,,Vancouver,V5K 1X3,49.282326,-123.055046,604-312-0365,,,N,N,N,N,N,N,N,N,N,N,N,N,N,N,N,N,N,,,N,N,N,N,N,N,N,N,N,N,N,2026-04-15,https://inspections.vcha.ca/ChildCare/Table,N,Y,N,Montessori And More Learning Centre<br>Licensed Group<br>604-312-0365<br><br>Vacancy:<br>&nbsp;&nbsp;&nbsp;&nbsp;<36 months: N<br>&nbsp;&nbsp;&nbsp;&nbsp;30 months -- 5 years: N<br>&nbsp;&nbsp;&nbsp;&nbsp;Preschool: N<br>&nbsp;&nbsp;&nbsp;&nbsp;Grade 1 - Age 12: N<br>
4231,Licensed Family,Head Starts Child Care Center,9850 150 St,,Surrey,V3R 8H2,49.181224,-122.806148,604-446-3660,http://headstartschildcare.com/,,N,N,N,N,N,N,N,N,N,N,N,N,N,N,N,N,N,,,N,N,N,N,N,N,N,N,N,N,N,2026-05-01,http://www.healthspace.ca/fha/childcare,N,Y,N,Head Starts Child Care Center<br>Licensed Family<br>604-446-3660<br><br>Vacancy:<br>&nbsp;&nbsp;&nbsp;&nbsp;<36 months: N<br>&nbsp;&nbsp;&nbsp;&nbsp;30 months -- 5 years: N<br>&nbsp;&nbsp;&nbsp;&nbsp;Preschool: N<br>&nbsp;&nbsp;&nbsp;&nbsp;Grade 1 - Age 12: N<br>
4232,Licensed Group,Connections Kids Club - Caulfeild,4685 Keith Rd,,West Vancouver,V7W 2M8,49.344693,-123.251104,604-271-7600,,,N,N,N,N,N,N,N,N,N,N,N,N,N,N,N,N,N,,,N,N,N,N,N,N,N,N,Y,N,Y,2026-05-11,https://inspections.vcha.ca/ChildCare/Table,N,Y,N,Connections Kids Club - Caulfeild<br>Licensed Group<br>604-271-7600<br><br>Vacancy:<br>&nbsp;&nbsp;&nbsp;&nbsp;<36 months: N<br>&nbsp;&nbsp;&nbsp;&nbsp;30 months -- 5 years: Y<br>&nbsp;&nbsp;&nbsp;&nbsp;Preschool: N<br>&nbsp;&nbsp;&nbsp;&nbsp;Grade 1 - Age 12: Y<br>
4233,Licensed Family,Ladybird Group Daycare,6424 109 St,,Delta,V4E 1H3,49.119714,-122.920761,604-572-1983,,,N,N,N,N,N,N,N,N,N,N,N,N,N,N,N,N,N,,,N,N,N,N,N,N,N,N,N,N,N,2026-04-16,http://www.healthspace.ca/fha/childcare,N,Y,N,Ladybird Group Daycare<br>Licensed Family<br>604-572-1983<br><br>Vacancy:<br>&nbsp;&nbsp;&nbsp;&nbsp;<36 months: N<br>&nbsp;&nbsp;&nbsp;&nbsp;30 months -- 5 years: N<br>&nbsp;&nbsp;&nbsp;&nbsp;Preschool: N<br>&nbsp;&nbsp;&nbsp;&nbsp;Grade 1 - Age 12: N<br>
4234,Licensed Group,Rutland Community School Children's Centre,620 Webster Rd,,Kelowna,V1X 4V5,49.898641,-119.375501,250-765-4052,,,N,N,N,N,N,N,N,N,N,N,N,N,N,N,N,N,N,,,N,N,N,N,N,N,N,N,N,N,Y,2026-04-29,https://hedgehogportal.interiorhealth.ca/ChildCare/Map,N,Y,N,Rutland Community School Children's Centre<br>Licensed Group<br>250-765-4052<br><br>Vacancy:<br>&nbsp;&nbsp;&nbsp;&nbsp;<36 months: N<br>&nbsp;&nbsp;&nbsp;&nbsp;30 months -- 5 years: N<br>&nbsp;&nbsp;&nbsp;&nbsp;Preschool: N<br>&nbsp;&nbsp;&nbsp;&nbsp;Grade 1 - Age 12: Y<br>
4235,Licensed Group,Okanagan Boys And Girls Clubs - Chief Tomat Preschool,3365 East Boundary Rd,,West Kelowna,V4T 2R8,49.84237,-119.588594,250-762-3914,,,N,N,N,N,N,N,N,N,N,N,N,N,N,N,N,N,N,,,N,N,N,N,N,N,N,N,Y,N,N,2026-05-15,https://hedgehogportal.interiorhealth.ca/ChildCare/Map,N,Y,N,Okanagan Boys And Girls Clubs - Chief Tomat Preschool<br>Licensed Group<br>250-762-3914<br><br>Vacancy:<br>&nbsp;&nbsp;&nbsp;&nbsp;<36 months: N<br>&nbsp;&nbsp;&nbsp;&nbsp;30 months -- 5 years: Y<br>&nbsp;&nbsp;&nbsp;&nbsp;Preschool: N<br>&nbsp;&nbsp;&nbsp;&nbsp;Grade 1 - Age 12: N<br>
4236,Licensed Group,Sum-Sha-Thut-Lellum,2155 Lazzar Rd,,Sooke,V0S 1N0,48.386645,-123.696846,250-642-3957,,,N,N,N,N,N,N,N,N,N,N,N,N,N,N,N,N,N,,,N,N,N,N,N,N,N,N,N,N,N,2026-05-08,https://www.healthspace.ca/clients/viha/viha_website.nsf/CCFL-Main?OpenView,N,Y,N,Sum-Sha-Thut-Lellum<br>Licensed Group<br>250-642-3957<br><br>Vacancy:<br>&nbsp;&nbsp;&nbsp;&nbsp;<36 months: N<br>&nbsp;&nbsp;&nbsp;&nbsp;30 months -- 5 years: N<br>&nbsp;&nbsp;&nbsp;&nbsp;Preschool: N<br>&nbsp;&nbsp;&nbsp;&nbsp;Grade 1 - Age 12: N<br>
4237,Licensed Family,"""My Friends"" Family Daycare",10376 Sherman Dr,,Lake Country,V4V 2N2,50.032816,-119.389744,250-878-5555,,,N,N,N,N,N,N,N,N,N,N,N,N,N,N,N,N,N,,,N,N,N,N,N,N,N,N,Y,N,N,2026-05-15,https://hedgehogportal.interiorhealth.ca/ChildCare/Map,N,Y,N,"""My Friends"" Family Daycare<br>Licensed Family<br>250-878-5555<br><br>Vacancy:<br>&nbsp;&nbsp;&nbsp;&nbsp;<36 months: N<br>&nbsp;&nbsp;&nbsp;&nbsp;30 months -- 5 years: Y<br>&nbsp;&nbsp;&nbsp;&nbsp;Preschool: N<br>&nbsp;&nbsp;&nbsp;&nbsp;Grade 1 - Age 12: N<br>"
4238,Licensed Family,Little Skipper Daycare,2402 Coutlee Ave,,Merritt,V1K 1B8,50.10685,-120.781077,250-378-4849,,,N,N,N,N,N,N,N,N,N,N,N,N,N,N,N,N,N,,,N,N,N,N,N,N,N,N,N,N,N,2026-05-16,https://hedgehogportal.interiorhealth.ca/ChildCare/Map,N,Y,N,Little Skipper Daycare<br>Licensed Family<br>250-378-4849<br><br>Vacancy:<br>&nbsp;&nbsp;&nbsp;&nbsp;<36 months: N<br>&nbsp;&nbsp;&nbsp;&nbsp;30 months -- 5 years: N<br>&nbsp;&nbsp;&nbsp;&nbsp;Preschool: N<br>&nbsp;&nbsp;&nbsp;&nbsp;Grade 1 - Age 12: N<br>
4239,Licensed Family,Seeds Family Day Care,4378 Sardis St,,Burnaby,V5H 1K7,49.233973,-123.006843,604-435-0846,,,N,N,N,N,N,N,N,N,N,N,N,N,N,N,N,N,N,,,N,N,N,N,N,N,N,N,N,N,N,2026-04-25,http://www.healthspace.ca/fha/childcare,N,Y,N,Seeds Family Day Care<br>Licensed Family<br>604-435-0846<br><br>Vacancy:<br>&nbsp;&nbsp;&nbsp;&nbsp;<36 months: N<br>&nbsp;&nbsp;&nbsp;&nbsp;30 months -- 5 years: N<br>&nbsp;&nbsp;&nbsp;&nbsp;Preschool: N<br>&nbsp;&nbsp;&nbsp;&nbsp;Grade 1 - Age 12: N<br>
4240,Licensed Group,Harvest Montessori School,120-8740 Alexandra Rd,,Richmond,V6X 1C4,49.177807,-123.125857,604-278-6228,,,N,N,N,N,N,N,N,N,N,N,N,N,N,N,N,N,N,,,N,N,N,N,N,N,N,Y,Y,N,N,2026-04-23,https://inspections.vcha.ca/ChildCare/Table,N,Y,N,Harvest Montessori School<br>Licensed Group<br>604-278-6228<br><br>Vacancy:<br>&nbsp;&nbsp;&nbsp;&nbsp;<36 months: Y<br>&nbsp;&nbsp;&nbsp;&nbsp;30 months -- 5 years: Y<br>&nbsp;&nbsp;&nbsp;&nbsp;Preschool: N<br>&nbsp;&nbsp;&nbsp;&nbsp;Grade 1 - Age 12: N<br>
4241,Licensed Group,Blue Whale Children's Learning Centre,8060  No.1 Rd,,Richmond,V7C 1T9,49.155214,-123.180619,604-754-7666,,,N,N,N,N,N,N,N,Y,N,N,N,Y,N,Y,N,N,N,Extra fee,Not offered,N,N,N,N,N,Y,Y,N,Y,N,N,2026-05-18,https://inspections.vcha.ca/ChildCare/Table,N,Y,N,Blue Whale Children's Learning Centre<br>Licensed Group<br>604-754-7666<br><br>Vacancy:<br>&nbsp;&nbsp;&nbsp;&nbsp;<36 months: N<br>&nbsp;&nbsp;&nbsp;&nbsp;30 months -- 5 years: Y<br>&nbsp;&nbsp;&nbsp;&nbsp;Preschool: N<br>&nbsp;&nbsp;&nbsp;&nbsp;Grade 1 - Age 12: N<br>
4242,Licensed Group,White Bear Daycare,3191 Nicola Ave,,Merritt,V1K 1M8,50.105131,-120.763444,250-378-0151,,,N,N,N,N,N,N,N,N,N,N,N,N,N,N,N,N,N,,,N,N,N,N,N,N,N,N,Y,Y,Y,2026-05-09,https://hedgehogportal.interiorhealth.ca/ChildCare/Map,N,Y,N,White Bear Daycare<br>Licensed Group<br>250-378-0151<br><br>Vacancy:<br>&nbsp;&nbsp;&nbsp;&nbsp;<36 months: N<br>&nbsp;&nbsp;&nbsp;&nbsp;30 months -- 5 years: Y<br>&nbsp;&nbsp;&nbsp;&nbsp;Preschool: Y<br>&nbsp;&nbsp;&nbsp;&nbsp;Grade 1 - Age 12: Y<br>
4243,Licensed Group,Blueridge Childcare,3459 Goldfinch St,,Abbotsford,V2T 6Y5,49.064925,-122.377313,604-870-8878,,,N,N,N,N,N,N,N,N,N,N,N,N,N,N,N,N,N,,,N,N,N,N,N,N,N,N,Y,N,N,2026-05-15,http://www.healthspace.ca/fha/childcare,N,Y,N,Blueridge Childcare<br>Licensed Group<br>604-870-8878<br><br>Vacancy:<br>&nbsp;&nbsp;&nbsp;&nbsp;<36 months: N<br>&nbsp;&nbsp;&nbsp;&nbsp;30 months -- 5 years: Y<br>&nbsp;&nbsp;&nbsp;&nbsp;Preschool: N<br>&nbsp;&nbsp;&nbsp;&nbsp;Grade 1 - Age 12: N<br>
4244,Licensed Group,Mountain Child Early Learning & Care Centre,1000 14 Ave S,,Golden,V0A 1H0,51.295178,-116.952956,250-439-9324,,,N,N,N,N,N,N,N,N,N,N,N,N,N,N,N,N,N,,,N,N,N,N,N,N,N,N,N,N,Y,2026-04-02,https://hedgehogportal.interiorhealth.ca/ChildCare/Map,N,Y,N,Mountain Child Early Learning & Care Centre<br>Licensed Group<br>250-439-9324<br><br>Vacancy:<br>&nbsp;&nbsp;&nbsp;&nbsp;<36 months: N<br>&nbsp;&nbsp;&nbsp;&nbsp;30 months -- 5 years: N<br>&nbsp;&nbsp;&nbsp;&nbsp;Preschool: N<br>&nbsp;&nbsp;&nbsp;&nbsp;Grade 1 - Age 12: Y<br>
4245,Licensed Family,Rainbow Kids Daycare,4521 Stauble Rd,,Prince George,V2K 4W9,53.981993,-122.805178,250-962-9719,,,N,N,N,N,N,N,N,N,N,N,N,N,N,N,N,N,N,,,N,N,N,N,N,N,N,N,Y,N,N,2026-05-15,https://www.healthspace.ca/Clients/NHA/NHA_Website.nsf/CCFL-Frameset,N,Y,N,Rainbow Kids Daycare<br>Licensed Family<br>250-962-9719<br><br>Vacancy:<br>&nbsp;&nbsp;&nbsp;&nbsp;<36 months: N<br>&nbsp;&nbsp;&nbsp;&nbsp;30 months -- 5 years: Y<br>&nbsp;&nbsp;&nbsp;&nbsp;Preschool: N<br>&nbsp;&nbsp;&nbsp;&nbsp;Grade 1 - Age 12: N<br>
4246,Licensed Group,Blueberry Creek Early Learning & Care Centre,200 Centre Ave,,Castlegar,V1N 3B9,49.244718,-117.657489,250-365-7201,,,Y,N,N,N,N,N,Y,Y,Y,N,N,N,N,N,N,N,N,Not offered,Not offered,Y,N,N,N,Y,Y,Y,N,N,N,N,2026-05-04,https://hedgehogportal.interiorhealth.ca/ChildCare/Map,N,Y,N,Blueberry Creek Early Learning & Care Centre<br>Licensed Group<br>250-365-7201<br><br>Vacancy:<br>&nbsp;&nbsp;&nbsp;&nbsp;<36 months: N<br>&nbsp;&nbsp;&nbsp;&nbsp;30 months -- 5 years: N<br>&nbsp;&nbsp;&nbsp;&nbsp;Preschool: N<br>&nbsp;&nbsp;&nbsp;&nbsp;Grade 1 - Age 12: N<br>
4247,Licensed Family,Merryland Daycare,776 Donegal Pl,,North Vancouver,V7N 2X7,49.341396,-123.088861,604-984-4096,,,N,N,N,N,N,N,N,N,N,N,N,N,N,N,N,N,N,,,N,N,N,N,N,N,N,N,N,N,N,2026-05-18,https://inspections.vcha.ca/ChildCare/Table,N,Y,N,Merryland Daycare<br>Licensed Family<br>604-984-4096<br><br>Vacancy:<br>&nbsp;&nbsp;&nbsp;&nbsp;<36 months: N<br>&nbsp;&nbsp;&nbsp;&nbsp;30 months -- 5 years: N<br>&nbsp;&nbsp;&nbsp;&nbsp;Preschool: N<br>&nbsp;&nbsp;&nbsp;&nbsp;Grade 1 - Age 12: N<br>
4248,Licensed Group,Singing Frog Aboriginal Head Start,2150 mclean Dr,,Vancouver,V5N 5X9,49.266113,-123.074609,604-913-9128,,,N,N,N,N,N,N,N,N,N,N,N,N,N,N,N,N,N,,,N,N,N,N,N,N,N,N,N,Y,N,2026-05-19,https://inspections.vcha.ca/ChildCare/Table,N,N,N,Singing Frog Aboriginal Head Start<br>Licensed Group<br>604-913-9128<br><br>Vacancy:<br>&nbsp;&nbsp;&nbsp;&nbsp;<36 months: N<br>&nbsp;&nbsp;&nbsp;&nbsp;30 months -- 5 years: N<br>&nbsp;&nbsp;&nbsp;&nbsp;Preschool: Y<br>&nbsp;&nbsp;&nbsp;&nbsp;Grade 1 - Age 12: N<br>
4249,Licensed Family,Mrs Dolling's Family Daycare,6050 Halifax St,,Burnaby,V5B 2P5,49.267741,-122.976548,604-299-7111,,,N,N,N,N,N,N,N,N,N,N,N,N,N,N,N,N,N,,,N,N,N,N,N,N,N,N,N,N,N,2026-05-18,http://www.healthspace.ca/fha/childcare,N,Y,N,Mrs Dolling's Family Daycare<br>Licensed Family<br>604-299-7111<br><br>Vacancy:<br>&nbsp;&nbsp;&nbsp;&nbsp;<36 months: N<br>&nbsp;&nbsp;&nbsp;&nbsp;30 months -- 5 years: N<br>&nbsp;&nbsp;&nbsp;&nbsp;Preschool: N<br>&nbsp;&nbsp;&nbsp;&nbsp;Grade 1 - Age 12: N<br>
4250,Licensed Family,Wiggles N' Giggles,4400 Viewmont Ave,,Victoria,V8Z 5K9,48.492645,-123.390531,250-595-6929,,,N,N,N,N,N,N,N,N,N,N,N,N,N,N,N,N,N,,,N,N,N,N,N,N,N,N,N,N,N,2026-04-28,https://www.healthspace.ca/clients/viha/viha_website.nsf/CCFL-Main?OpenView,N,Y,N,Wiggles N' Giggles<br>Licensed Family<br>250-595-6929<br><br>Vacancy:<br>&nbsp;&nbsp;&nbsp;&nbsp;<36 months: N<br>&nbsp;&nbsp;&nbsp;&nbsp;30 months -- 5 years: N<br>&nbsp;&nbsp;&nbsp;&nbsp;Preschool: N<br>&nbsp;&nbsp;&nbsp;&nbsp;Grade 1 - Age 12: N<br>
4251,Licensed Group,Highland Meadows Day Care,8286  197Th St,,Langley,V2Y 1Z1,49.153485,-122.675375,604-888-1030,,,N,N,N,N,N,N,N,N,N,N,N,N,N,N,N,N,N,,,N,N,N,N,N,N,N,N,N,N,N,2026-05-04,http://www.healthspace.ca/fha/childcare,N,Y,N,Highland Meadows Day Care<br>Licensed Group<br>604-888-1030<br><br>Vacancy:<br>&nbsp;&nbsp;&nbsp;&nbsp;<36 months: N<br>&nbsp;&nbsp;&nbsp;&nbsp;30 months -- 5 years: N<br>&nbsp;&nbsp;&nbsp;&nbsp;Preschool: N<br>&nbsp;&nbsp;&nbsp;&nbsp;Grade 1 - Age 12: N<br>
4252,Licensed Group,Evergreen Child Care Centre,1185 Centre St,,White Rock,V4B 4C8,49.023358,-122.796811,604-531-8045,,,N,N,N,N,N,N,N,N,N,N,N,N,N,N,N,N,N,,,N,N,N,N,N,N,N,N,N,N,N,2026-04-28,http://www.healthspace.ca/fha/childcare,N,Y,N,Evergreen Child Care Centre<br>Licensed Group<br>604-531-8045<br><br>Vacancy:<br>&nbsp;&nbsp;&nbsp;&nbsp;<36 months: N<br>&nbsp;&nbsp;&nbsp;&nbsp;30 months -- 5 years: N<br>&nbsp;&nbsp;&nbsp;&nbsp;Preschool: N<br>&nbsp;&nbsp;&nbsp;&nbsp;Grade 1 - Age 12: N<br>
4253,Licensed Group,Fleetwood Place Children's Centre,16011 83 Ave,,Surrey,V4N 0N2,49.153785,-122.777989,604-598-5437,,,N,N,N,N,N,N,N,N,N,N,N,N,N,N,N,N,N,,,N,N,N,N,N,N,N,N,N,N,N,2026-04-16,http://www.healthspace.ca/fha/childcare,N,Y,N,Fleetwood Place Children's Centre<br>Licensed Group<br>604-598-5437<br><br>Vacancy:<br>&nbsp;&nbsp;&nbsp;&nbsp;<36 months: N<br>&nbsp;&nbsp;&nbsp;&nbsp;30 months -- 5 years: N<br>&nbsp;&nbsp;&nbsp;&nbsp;Preschool: N<br>&nbsp;&nbsp;&nbsp;&nbsp;Grade 1 - Age 12: N<br>
4254,Licensed Group,Burquitlam Childcare,9847 Lyndhurst St,,Burnaby,V3J 1E9,49.259382,-122.895434,604-421-2919,,,N,N,N,N,N,N,N,N,N,N,N,N,N,N,N,N,N,,,N,N,N,N,N,N,N,N,N,N,N,2026-04-22,http://www.healthspace.ca/fha/childcare,N,Y,N,Burquitlam Childcare<br>Licensed Group<br>604-421-2919<br><br>Vacancy:<br>&nbsp;&nbsp;&nbsp;&nbsp;<36 months: N<br>&nbsp;&nbsp;&nbsp;&nbsp;30 months -- 5 years: N<br>&nbsp;&nbsp;&nbsp;&nbsp;Preschool: N<br>&nbsp;&nbsp;&nbsp;&nbsp;Grade 1 - Age 12: N<br>
4255,Licensed Family,Run And Have Fun Daycare,9536 215A St,,Langley,V1M 2C6,49.17609,-122.626145,604-888-9046,,,N,N,N,N,N,N,N,N,N,N,N,N,N,N,N,N,N,,,N,N,N,N,N,N,N,N,Y,N,Y,2026-05-19,http://www.healthspace.ca/fha/childcare,N,Y,N,Run And Have Fun Daycare<br>Licensed Family<br>604-888-9046<br><br>Vacancy:<br>&nbsp;&nbsp;&nbsp;&nbsp;<36 months: N<br>&nbsp;&nbsp;&nbsp;&nbsp;30 months -- 5 years: Y<br>&nbsp;&nbsp;&nbsp;&nbsp;Preschool: N<br>&nbsp;&nbsp;&nbsp;&nbsp;Grade 1 - Age 12: Y<br>
4256,Licensed Family,Garden Bunny Child Care,2501 Larson Rd,,North Vancouver,V7N 3W4,49.332602,-123.084749,604-985-3522,,,N,N,N,N,N,N,N,N,N,N,N,N,N,N,N,N,N,Extra fee,Extra fee,N,N,N,N,N,N,N,N,N,N,N,2026-05-15,https://inspections.vcha.ca/ChildCare/Table,N,Y,N,Garden Bunny Child Care<br>Licensed Family<br>604-985-3522<br><br>Vacancy:<br>&nbsp;&nbsp;&nbsp;&nbsp;<36 months: N<br>&nbsp;&nbsp;&nbsp;&nbsp;30 months -- 5 years: N<br>&nbsp;&nbsp;&nbsp;&nbsp;Preschool: N<br>&nbsp;&nbsp;&nbsp;&nbsp;Grade 1 - Age 12: N<br>
4257,Licensed Group,Kids In The Grove Daycare (Topham),21555 91 Ave,,Langley,V1M 3Z3,49.168313,-122.625694,604-888-2713,,,N,N,N,N,N,N,N,N,N,N,N,N,N,N,N,N,N,,,N,N,N,N,N,N,N,N,N,N,N,2026-05-05,http://www.healthspace.ca/fha/childcare,N,Y,N,Kids In The Grove Daycare (Topham)<br>Licensed Group<br>604-888-2713<br><br>Vacancy:<br>&nbsp;&nbsp;&nbsp;&nbsp;<36 months: N<br>&nbsp;&nbsp;&nbsp;&nbsp;30 months -- 5 years: N<br>&nbsp;&nbsp;&nbsp;&nbsp;Preschool: N<br>&nbsp;&nbsp;&nbsp;&nbsp;Grade 1 - Age 12: N<br>
4258,Licensed Family,Pam's Family Daycare,164 Wyles Cres,,Penticton,V2A 8M3,49.4758,-119.588483,250-492-0113,,,N,N,N,N,N,N,N,N,N,N,N,N,N,N,N,N,N,,,N,N,N,N,N,N,N,Y,Y,N,N,2026-05-14,https://hedgehogportal.interiorhealth.ca/ChildCare/Map,N,Y,N,Pam's Family Daycare<br>Licensed Family<br>250-492-0113<br><br>Vacancy:<br>&nbsp;&nbsp;&nbsp;&nbsp;<36 months: Y<br>&nbsp;&nbsp;&nbsp;&nbsp;30 months -- 5 years: Y<br>&nbsp;&nbsp;&nbsp;&nbsp;Preschool: N<br>&nbsp;&nbsp;&nbsp;&nbsp;Grade 1 - Age 12: N<br>
4259,Licensed Group,Evergreen Montessori Preschool,3860 Trafalgar St,,Vancouver,V6L 2M4,49.252127,-123.164683,604-736-8373,,,N,N,N,N,N,N,N,N,N,N,N,N,N,N,N,N,N,,,N,N,N,N,N,N,N,N,N,N,N,2026-04-20,https://inspections.vcha.ca/ChildCare/Table,N,N,N,Evergreen Montessori Preschool<br>Licensed Group<br>604-736-8373<br><br>Vacancy:<br>&nbsp;&nbsp;&nbsp;&nbsp;<36 months: N<br>&nbsp;&nbsp;&nbsp;&nbsp;30 months -- 5 years: N<br>&nbsp;&nbsp;&nbsp;&nbsp;Preschool: N<br>&nbsp;&nbsp;&nbsp;&nbsp;Grade 1 - Age 12: N<br>
4260,Licensed Group,Cottonwoods Child Care Centre,23588 Jim Robson Way,,Maple Ridge,V2W 1B8,49.193119,-122.568326,604-463-4003,,,N,N,N,N,N,N,N,N,N,N,N,N,N,N,N,N,N,,,N,N,N,N,N,N,N,N,N,N,N,2026-04-24,http://www.healthspace.ca/fha/childcare,N,Y,N,Cottonwoods Child Care Centre<br>Licensed Group<br>604-463-4003<br><br>Vacancy:<br>&nbsp;&nbsp;&nbsp;&nbsp;<36 months: N<br>&nbsp;&nbsp;&nbsp;&nbsp;30 months -- 5 years: N<br>&nbsp;&nbsp;&nbsp;&nbsp;Preschool: N<br>&nbsp;&nbsp;&nbsp;&nbsp;Grade 1 - Age 12: N<br>
4261,Licensed Group,Creative Art Montessori School,12551 Jensen Dr,,Richmond,V6V 2R9,49.178379,-123.086968,604-270-6996,,,N,N,N,N,N,N,N,N,N,N,N,N,N,N,N,N,N,,,N,N,N,N,N,N,N,Y,Y,N,N,2026-05-01,https://inspections.vcha.ca/ChildCare/Table,N,Y,N,Creative Art Montessori School<br>Licensed Group<br>604-270-6996<br><br>Vacancy:<br>&nbsp;&nbsp;&nbsp;&nbsp;<36 months: Y<br>&nbsp;&nbsp;&nbsp;&nbsp;30 months -- 5 years: Y<br>&nbsp;&nbsp;&nbsp;&nbsp;Preschool: N<br>&nbsp;&nbsp;&nbsp;&nbsp;Grade 1 - Age 12: N<br>
4262,Licensed Group,Treasure Island Out Of School Care Ii,4550 Kitchener St,,Burnaby,V5C 3M7,49.271695,-123.002322,604-723-1837,,,N,N,N,N,N,N,N,N,N,N,N,N,N,N,N,N,N,,,N,N,N,N,N,N,N,N,Y,N,Y,2026-05-05,http://www.healthspace.ca/fha/childcare,N,Y,N,Treasure Island Out Of School Care Ii<br>Licensed Group<br>604-723-1837<br><br>Vacancy:<br>&nbsp;&nbsp;&nbsp;&nbsp;<36 months: N<br>&nbsp;&nbsp;&nbsp;&nbsp;30 months -- 5 years: Y<br>&nbsp;&nbsp;&nbsp;&nbsp;Preschool: N<br>&nbsp;&nbsp;&nbsp;&nbsp;Grade 1 - Age 12: Y<br>
4263,Licensed Group,Brent Kennedy Learning Centre,1092A Hwy 6,,South Slocan,V0G 2G0,49.441853,-117.535617,250-551-5011,,,N,N,N,N,N,N,N,N,N,N,N,N,N,N,N,N,N,,,N,N,N,N,N,N,N,Y,Y,Y,N,2026-05-15,https://hedgehogportal.interiorhealth.ca/ChildCare/Map,N,Y,N,Brent Kennedy Learning Centre<br>Licensed Group<br>250-551-5011<br><br>Vacancy:<br>&nbsp;&nbsp;&nbsp;&nbsp;<36 months: Y<br>&nbsp;&nbsp;&nbsp;&nbsp;30 months -- 5 years: Y<br>&nbsp;&nbsp;&nbsp;&nbsp;Preschool: Y<br>&nbsp;&nbsp;&nbsp;&nbsp;Grade 1 - Age 12: N<br>
4264,Licensed Group,Service De Garde Les Copains,Service De Garde V'la L'bon Vent,5445 Baillie Street,Vancouver,V5Z 3M6,49.236197,-123.122479,778-239-9027,,,N,N,N,N,N,N,N,N,N,N,N,N,N,N,N,N,N,,,N,N,N,N,N,N,N,N,N,N,N,2026-05-04,https://inspections.vcha.ca/ChildCare/Table,N,Y,N,Service De Garde Les Copains<br>Licensed Group<br>778-239-9027<br><br>Vacancy:<br>&nbsp;&nbsp;&nbsp;&nbsp;<36 months: N<br>&nbsp;&nbsp;&nbsp;&nbsp;30 months -- 5 years: N<br>&nbsp;&nbsp;&nbsp;&nbsp;Preschool: N<br>&nbsp;&nbsp;&nbsp;&nbsp;Grade 1 - Age 12: N<br>
4265,Licensed Family,Edgemont Village Daycare,3902 Ruby Ave,,North Vancouver,V7R 4B2,49.344425,-123.103868,604-780-8035,,,N,N,N,N,N,N,N,N,N,N,N,N,N,N,N,N,N,,,N,N,N,N,N,N,N,N,N,N,N,2026-05-16,https://inspections.vcha.ca/ChildCare/Table,N,Y,N,Edgemont Village Daycare<br>Licensed Family<br>604-780-8035<br><br>Vacancy:<br>&nbsp;&nbsp;&nbsp;&nbsp;<36 months: N<br>&nbsp;&nbsp;&nbsp;&nbsp;30 months -- 5 years: N<br>&nbsp;&nbsp;&nbsp;&nbsp;Preschool: N<br>&nbsp;&nbsp;&nbsp;&nbsp;Grade 1 - Age 12: N<br>
4266,Licensed Group,West End Kids Care,870 Denman St,,Vancouver,V6G 2L8,49.289913,-123.136242,604-257-8464,,,N,N,N,N,N,N,N,N,N,N,N,N,N,N,N,N,N,,,N,N,N,N,N,N,N,N,N,N,Y,2026-04-11,https://inspections.vcha.ca/ChildCare/Table,N,Y,N,West End Kids Care<br>Licensed Group<br>604-257-8464<br><br>Vacancy:<br>&nbsp;&nbsp;&nbsp;&nbsp;<36 months: N<br>&nbsp;&nbsp;&nbsp;&nbsp;30 months -- 5 years: N<br>&nbsp;&nbsp;&nbsp;&nbsp;Preschool: N<br>&nbsp;&nbsp;&nbsp;&nbsp;Grade 1 - Age 12: Y<br>
4267,Licensed Group,Sas Natsadle (Little Bear) Aboriginal Head Start,10328 101 Ave,,Fort St. John,V1J 2B5,56.247684,-120.853013,250-785-0887,,,N,N,N,N,N,N,N,N,N,N,N,N,N,N,N,N,N,,,N,N,N,N,N,N,N,N,N,Y,N,2026-05-05,https://www.healthspace.ca/Clients/NHA/NHA_Website.nsf/CCFL-Frameset,N,N,N,Sas Natsadle (Little Bear) Aboriginal Head Start<br>Licensed Group<br>250-785-0887<br><br>Vacancy:<br>&nbsp;&nbsp;&nbsp;&nbsp;<36 months: N<br>&nbsp;&nbsp;&nbsp;&nbsp;30 months -- 5 years: N<br>&nbsp;&nbsp;&nbsp;&nbsp;Preschool: Y<br>&nbsp;&nbsp;&nbsp;&nbsp;Grade 1 - Age 12: N<br>
4268,Licensed Group,Sunrise Discovery Centre,18690 60 Ave,,Surrey,V3S 8L8,49.111168,-122.704388,604-575-4727,,,N,N,N,N,N,N,N,N,N,N,N,N,N,N,N,N,N,,,N,N,N,N,N,N,N,N,N,N,N,2026-05-15,http://www.healthspace.ca/fha/childcare,N,Y,N,Sunrise Discovery Centre<br>Licensed Group<br>604-575-4727<br><br>Vacancy:<br>&nbsp;&nbsp;&nbsp;&nbsp;<36 months: N<br>&nbsp;&nbsp;&nbsp;&nbsp;30 months -- 5 years: N<br>&nbsp;&nbsp;&nbsp;&nbsp;Preschool: N<br>&nbsp;&nbsp;&nbsp;&nbsp;Grade 1 - Age 12: N<br>
4269,Licensed Group,Inspiring Minds Preschool (Guildford),15670  104 Ave,,Surrey,V4N 2J3,49.191401,-122.787701,604-968-3888,,,N,N,N,N,N,N,N,N,N,N,N,N,N,N,N,N,N,,,N,N,N,N,N,N,N,N,N,Y,N,2026-05-19,http://www.healthspace.ca/fha/childcare,N,Y,N,Inspiring Minds Preschool (Guildford)<br>Licensed Group<br>604-968-3888<br><br>Vacancy:<br>&nbsp;&nbsp;&nbsp;&nbsp;<36 months: N<br>&nbsp;&nbsp;&nbsp;&nbsp;30 months -- 5 years: N<br>&nbsp;&nbsp;&nbsp;&nbsp;Preschool: Y<br>&nbsp;&nbsp;&nbsp;&nbsp;Grade 1 - Age 12: N<br>
4270,Licensed Family,Pitter Patter Daycare,1317 Sitka St,,Kamloops,V2B 2V8,50.709234,-120.359959,250-554-1064,,,N,N,N,N,N,N,N,N,N,N,N,N,N,N,N,N,N,,,N,N,N,N,N,N,N,N,N,N,N,2026-05-14,https://hedgehogportal.interiorhealth.ca/ChildCare/Map,N,Y,N,Pitter Patter Daycare<br>Licensed Family<br>250-554-1064<br><br>Vacancy:<br>&nbsp;&nbsp;&nbsp;&nbsp;<36 months: N<br>&nbsp;&nbsp;&nbsp;&nbsp;30 months -- 5 years: N<br>&nbsp;&nbsp;&nbsp;&nbsp;Preschool: N<br>&nbsp;&nbsp;&nbsp;&nbsp;Grade 1 - Age 12: N<br>
4271,Licensed Group,"Service De Garde ""Le Parasol""",7051 Killarney St,,Vancouver,V5S 2Y5,49.219264,-123.046392,778-222-8670,,,N,N,N,N,N,N,N,N,N,N,N,N,N,N,N,N,N,,,N,N,N,N,N,N,N,N,N,N,Y,2026-05-01,https://inspections.vcha.ca/ChildCare/Table,N,Y,N,"Service De Garde ""Le Parasol""<br>Licensed Group<br>778-222-8670<br><br>Vacancy:<br>&nbsp;&nbsp;&nbsp;&nbsp;<36 months: N<br>&nbsp;&nbsp;&nbsp;&nbsp;30 months -- 5 years: N<br>&nbsp;&nbsp;&nbsp;&nbsp;Preschool: N<br>&nbsp;&nbsp;&nbsp;&nbsp;Grade 1 - Age 12: Y<br>"
4272,Licensed Family,Patsy's Family Day Care,3560 Hospital Rd,,Vanderhoof,V0J 3A2,54.032202,-124.005947,250-567-3949,,,N,N,N,N,N,N,N,N,N,N,N,N,N,N,N,N,N,,,N,N,N,N,N,N,N,N,N,N,N,2026-05-04,https://www.healthspace.ca/Clients/NHA/NHA_Website.nsf/CCFL-Frameset,N,Y,N,Patsy's Family Day Care<br>Licensed Family<br>250-567-3949<br><br>Vacancy:<br>&nbsp;&nbsp;&nbsp;&nbsp;<36 months: N<br>&nbsp;&nbsp;&nbsp;&nbsp;30 months -- 5 years: N<br>&nbsp;&nbsp;&nbsp;&nbsp;Preschool: N<br>&nbsp;&nbsp;&nbsp;&nbsp;Grade 1 - Age 12: N<br>
4273,Licensed Group,Green Gables Glenmore,228 Valley Rd,,Kelowna,V1V 2G2,49.919014,-119.435495,250-863-8931,,,N,N,N,N,N,N,N,N,N,N,N,N,N,N,N,N,N,,,N,N,N,N,N,N,N,N,N,N,N,2026-05-19,https://hedgehogportal.interiorhealth.ca/ChildCare/Map,N,Y,N,Green Gables Glenmore<br>Licensed Group<br>250-863-8931<br><br>Vacancy:<br>&nbsp;&nbsp;&nbsp;&nbsp;<36 months: N<br>&nbsp;&nbsp;&nbsp;&nbsp;30 months -- 5 years: N<br>&nbsp;&nbsp;&nbsp;&nbsp;Preschool: N<br>&nbsp;&nbsp;&nbsp;&nbsp;Grade 1 - Age 12: N<br>
4274,Licensed Family,Lea's Cuddly Corner,1598 Elinor Cres,,Port Coquitlam,V3C 2Y9,49.244687,-122.781436,604-773-3344,,,N,N,N,N,N,N,N,N,N,N,N,N,N,N,N,N,N,,,N,N,N,N,N,N,N,N,N,N,N,2026-05-15,http://www.healthspace.ca/fha/childcare,N,Y,N,Lea's Cuddly Corner<br>Licensed Family<br>604-773-3344<br><br>Vacancy:<br>&nbsp;&nbsp;&nbsp;&nbsp;<36 months: N<br>&nbsp;&nbsp;&nbsp;&nbsp;30 months -- 5 years: N<br>&nbsp;&nbsp;&nbsp;&nbsp;Preschool: N<br>&nbsp;&nbsp;&nbsp;&nbsp;Grade 1 - Age 12: N<br>
4275,Licensed Group,Little Friends Childcare Center Inc.,40 High St,,Victoria,V8Z 5C7,48.467015,-123.422081,250-479-8423,,,N,N,N,N,N,N,N,N,N,N,N,N,N,N,N,N,N,,,N,N,N,N,N,N,N,N,N,N,N,2026-05-15,https://www.healthspace.ca/clients/viha/viha_website.nsf/CCFL-Main?OpenView,N,Y,N,Little Friends Childcare Center Inc.<br>Licensed Group<br>250-479-8423<br><br>Vacancy:<br>&nbsp;&nbsp;&nbsp;&nbsp;<36 months: N<br>&nbsp;&nbsp;&nbsp;&nbsp;30 months -- 5 years: N<br>&nbsp;&nbsp;&nbsp;&nbsp;Preschool: N<br>&nbsp;&nbsp;&nbsp;&nbsp;Grade 1 - Age 12: N<br>
4276,Licensed Group,Prematernelle La Coccinelle,6887 132 St,,Surrey,V3W 4L9,49.128389,-122.856909,604-599-6880,,,N,N,N,N,N,N,N,N,N,N,N,N,N,N,N,N,N,,,N,N,N,N,N,N,N,Y,Y,N,N,2026-05-19,http://www.healthspace.ca/fha/childcare,N,Y,N,Prematernelle La Coccinelle<br>Licensed Group<br>604-599-6880<br><br>Vacancy:<br>&nbsp;&nbsp;&nbsp;&nbsp;<36 months: Y<br>&nbsp;&nbsp;&nbsp;&nbsp;30 months -- 5 years: Y<br>&nbsp;&nbsp;&nbsp;&nbsp;Preschool: N<br>&nbsp;&nbsp;&nbsp;&nbsp;Grade 1 - Age 12: N<br>
4277,Licensed Group,His Kids Early Education And Child Care Centre,1289 Parkdale Dr,,Victoria,V9B 4G9,48.438116,-123.533199,250-744-8700,,,N,N,N,N,N,N,N,N,N,N,N,N,N,N,N,N,N,Not offered,Not offered,N,N,N,N,N,N,N,N,N,N,N,2026-05-21,https://www.healthspace.ca/clients/viha/viha_website.nsf/CCFL-Main?OpenView,N,Y,N,His Kids Early Education And Child Care Centre<br>Licensed Group<br>250-744-8700<br><br>Vacancy:<br>&nbsp;&nbsp;&nbsp;&nbsp;<36 months: N<br>&nbsp;&nbsp;&nbsp;&nbsp;30 months -- 5 years: N<br>&nbsp;&nbsp;&nbsp;&nbsp;Preschool: N<br>&nbsp;&nbsp;&nbsp;&nbsp;Grade 1 - Age 12: N<br>
4278,Licensed Group,Douglas Road Neighbourhood Care,4861 Canada Way,,Burnaby,V5G 1L7,49.248941,-122.981936,604-298-7094,,,N,N,N,N,N,N,N,N,N,N,N,N,N,N,N,N,N,,,N,N,N,N,N,N,N,N,N,N,Y,2026-05-14,http://www.healthspace.ca/fha/childcare,N,Y,N,Douglas Road Neighbourhood Care<br>Licensed Group<br>604-298-7094<br><br>Vacancy:<br>&nbsp;&nbsp;&nbsp;&nbsp;<36 months: N<br>&nbsp;&nbsp;&nbsp;&nbsp;30 months -- 5 years: N<br>&nbsp;&nbsp;&nbsp;&nbsp;Preschool: N<br>&nbsp;&nbsp;&nbsp;&nbsp;Grade 1 - Age 12: Y<br>
4279,Licensed Family,Kinder Time Daycare,7993 Dunsmuir St,,Mission,V2V 4S2,49.147334,-122.298987,604-826-2608,kindertimedaycare.com,,N,N,N,N,N,N,N,N,N,N,N,N,N,N,N,N,N,,,N,N,N,N,N,N,N,Y,Y,N,N,2026-05-19,http://www.healthspace.ca/fha/childcare,N,Y,N,Kinder Time Daycare<br>Licensed Family<br>604-826-2608<br><br>Vacancy:<br>&nbsp;&nbsp;&nbsp;&nbsp;<36 months: Y<br>&nbsp;&nbsp;&nbsp;&nbsp;30 months -- 5 years: Y<br>&nbsp;&nbsp;&nbsp;&nbsp;Preschool: N<br>&nbsp;&nbsp;&nbsp;&nbsp;Grade 1 - Age 12: N<br>
4280,Licensed Group,Learn & Play Preschool,1237 Beedie Dr,,Coquitlam,V3E 1C3,49.290621,-122.766955,604-464-9656,,,N,N,N,N,N,N,N,N,N,N,N,N,N,N,N,N,N,,,N,N,N,N,N,N,N,N,N,Y,N,2026-05-06,http://www.healthspace.ca/fha/childcare,N,Y,N,Learn & Play Preschool<br>Licensed Group<br>604-464-9656<br><br>Vacancy:<br>&nbsp;&nbsp;&nbsp;&nbsp;<36 months: N<br>&nbsp;&nbsp;&nbsp;&nbsp;30 months -- 5 years: N<br>&nbsp;&nbsp;&nbsp;&nbsp;Preschool: Y<br>&nbsp;&nbsp;&nbsp;&nbsp;Grade 1 - Age 12: N<br>
4281,Licensed Family,Kids Club Daycare,1743 Sloan Ave,,Prince Rupert,V8J 4B8,54.29784,-130.335769,250-600-2228,,,N,N,N,N,N,N,N,N,N,N,N,N,N,N,N,N,N,,,N,N,N,N,N,N,N,N,N,N,N,2026-05-15,https://www.healthspace.ca/Clients/NHA/NHA_Website.nsf/CCFL-Frameset,N,Y,N,Kids Club Daycare<br>Licensed Family<br>250-600-2228<br><br>Vacancy:<br>&nbsp;&nbsp;&nbsp;&nbsp;<36 months: N<br>&nbsp;&nbsp;&nbsp;&nbsp;30 months -- 5 years: N<br>&nbsp;&nbsp;&nbsp;&nbsp;Preschool: N<br>&nbsp;&nbsp;&nbsp;&nbsp;Grade 1 - Age 12: N<br>
4282,Licensed Group,La Prematernelle Francophone Trottin-Trottinette,380 Kings Rd W,,North Vancouver,V7N 2L9,49.33795,-123.078135,778-340-1034,,,N,N,N,N,N,N,N,N,N,N,N,N,N,N,N,N,N,,,N,N,N,N,N,N,N,N,N,N,N,2026-05-12,https://inspections.vcha.ca/ChildCare/Table,N,Y,N,La Prematernelle Francophone Trottin-Trottinette<br>Licensed Group<br>778-340-1034<br><br>Vacancy:<br>&nbsp;&nbsp;&nbsp;&nbsp;<36 months: N<br>&nbsp;&nbsp;&nbsp;&nbsp;30 months -- 5 years: N<br>&nbsp;&nbsp;&nbsp;&nbsp;Preschool: N<br>&nbsp;&nbsp;&nbsp;&nbsp;Grade 1 - Age 12: N<br>
4283,Licensed Group,First Choice Montessori Pre-School,201 15225 98Th Ave,,Surrey,V3R 1J2,49.180764,-122.799459,604-828-4451,,,N,N,N,N,N,N,N,N,N,N,N,N,N,N,N,N,N,,,N,N,N,N,N,N,N,N,N,Y,N,2026-05-19,http://www.healthspace.ca/fha/childcare,N,Y,N,First Choice Montessori Pre-School<br>Licensed Group<br>604-828-4451<br><br>Vacancy:<br>&nbsp;&nbsp;&nbsp;&nbsp;<36 months: N<br>&nbsp;&nbsp;&nbsp;&nbsp;30 months -- 5 years: N<br>&nbsp;&nbsp;&nbsp;&nbsp;Preschool: Y<br>&nbsp;&nbsp;&nbsp;&nbsp;Grade 1 - Age 12: N<br>
4284,Licensed Group,Curious Minds Learning Centre - Eric Langton,12138 Edge St,,Maple Ridge,V2X 6G8,49.223658,-122.595858,604-690-2273,,,,,,,,,,,,,,,,,,,,,,,,,,,,,,,,,,,Y,Y,N,Curious Minds Learning Centre - Eric Langton<br>Licensed Group<br>604-690-2273<br><br>Vacancy:<br>&nbsp;&nbsp;&nbsp;&nbsp;<36 months: None<br>&nbsp;&nbsp;&nbsp;&nbsp;30 months -- 5 years: None<br>&nbsp;&nbsp;&nbsp;&nbsp;Preschool: None<br>&nbsp;&nbsp;&nbsp;&nbsp;Grade 1 - Age 12: None<br>
4285,Licensed Group,Westwood Montessori Out Of School Care,1420 Pinetree Way,,Coquitlam,V3E 2T6,49.30043,-122.786799,604-765-0966,,,N,N,N,N,N,N,N,N,N,N,N,N,N,N,N,N,N,,,N,N,N,N,N,N,N,N,N,N,N,2026-05-08,http://www.healthspace.ca/fha/childcare,N,Y,N,Westwood Montessori Out Of School Care<br>Licensed Group<br>604-765-0966<br><br>Vacancy:<br>&nbsp;&nbsp;&nbsp;&nbsp;<36 months: N<br>&nbsp;&nbsp;&nbsp;&nbsp;30 months -- 5 years: N<br>&nbsp;&nbsp;&nbsp;&nbsp;Preschool: N<br>&nbsp;&nbsp;&nbsp;&nbsp;Grade 1 - Age 12: N<br>
4286,Licensed Group,Katies Korner After School Program,510 Millstone Ave,,Nanaimo,V9S 5A9,49.177599,-123.954863,250-714-4555,,,N,N,N,N,N,N,N,N,N,N,N,N,N,N,N,N,N,,,N,N,N,N,N,N,N,N,N,N,N,2026-05-15,https://www.healthspace.ca/clients/viha/viha_website.nsf/CCFL-Main?OpenView,N,Y,N,Katies Korner After School Program<br>Licensed Group<br>250-714-4555<br><br>Vacancy:<br>&nbsp;&nbsp;&nbsp;&nbsp;<36 months: N<br>&nbsp;&nbsp;&nbsp;&nbsp;30 months -- 5 years: N<br>&nbsp;&nbsp;&nbsp;&nbsp;Preschool: N<br>&nbsp;&nbsp;&nbsp;&nbsp;Grade 1 - Age 12: N<br>
4287,Licensed Group,South Slope Out Of School Care,4446 Watling St,,Burnaby,V5J 5H3,49.216172,-123.003405,604-419-0806,,,N,N,N,N,N,N,N,N,N,N,N,N,N,N,N,N,N,,,N,N,N,N,N,N,N,N,N,N,N,2026-05-04,http://www.healthspace.ca/fha/childcare,N,Y,N,South Slope Out Of School Care<br>Licensed Group<br>604-419-0806<br><br>Vacancy:<br>&nbsp;&nbsp;&nbsp;&nbsp;<36 months: N<br>&nbsp;&nbsp;&nbsp;&nbsp;30 months -- 5 years: N<br>&nbsp;&nbsp;&nbsp;&nbsp;Preschool: N<br>&nbsp;&nbsp;&nbsp;&nbsp;Grade 1 - Age 12: N<br>
4288,Licensed Group,The Hope Centre,790 North Rd,,Gabriola,V0R 1X3,49.175974,-123.833042,250-247-8730,,,N,N,N,N,N,N,N,N,N,N,N,N,N,N,N,N,N,,,N,N,N,N,N,N,N,Y,Y,N,N,2026-05-11,https://www.healthspace.ca/clients/viha/viha_website.nsf/CCFL-Main?OpenView,N,Y,N,The Hope Centre<br>Licensed Group<br>250-247-8730<br><br>Vacancy:<br>&nbsp;&nbsp;&nbsp;&nbsp;<36 months: Y<br>&nbsp;&nbsp;&nbsp;&nbsp;30 months -- 5 years: Y<br>&nbsp;&nbsp;&nbsp;&nbsp;Preschool: N<br>&nbsp;&nbsp;&nbsp;&nbsp;Grade 1 - Age 12: N<br>
4289,Licensed Group,Montessori World Daycare,75 43Rd Ave E,,Vancouver,V5W 1S7,49.231128,-123.104353,604-325-3301,,,N,N,N,N,N,N,N,N,N,N,N,N,N,N,N,N,N,,,N,N,N,N,N,N,N,N,Y,N,N,2026-03-29,https://inspections.vcha.ca/ChildCare/Table,N,Y,N,Montessori World Daycare<br>Licensed Group<br>604-325-3301<br><br>Vacancy:<br>&nbsp;&nbsp;&nbsp;&nbsp;<36 months: N<br>&nbsp;&nbsp;&nbsp;&nbsp;30 months -- 5 years: Y<br>&nbsp;&nbsp;&nbsp;&nbsp;Preschool: N<br>&nbsp;&nbsp;&nbsp;&nbsp;Grade 1 - Age 12: N<br>
4290,Licensed Group,Playcare Early Childhood Centre,1590 Okanagan Ave,,Salmon Arm,V1E 4J4,50.699566,-119.267503,250-832-3050,,,N,N,N,N,N,N,N,N,N,N,N,N,N,N,N,N,N,,,N,N,N,N,N,N,N,Y,N,N,N,2026-05-05,https://hedgehogportal.interiorhealth.ca/ChildCare/Map,N,Y,N,Playcare Early Childhood Centre<br>Licensed Group<br>250-832-3050<br><br>Vacancy:<br>&nbsp;&nbsp;&nbsp;&nbsp;<36 months: Y<br>&nbsp;&nbsp;&nbsp;&nbsp;30 months -- 5 years: N<br>&nbsp;&nbsp;&nbsp;&nbsp;Preschool: N<br>&nbsp;&nbsp;&nbsp;&nbsp;Grade 1 - Age 12: N<br>
4291,Licensed Group,Meadowbrook Players,900 Sharpe St,,Coquitlam,V3C 3M3,49.266256,-122.800539,604-338-8943,,,N,N,N,N,N,N,N,N,N,N,N,N,N,N,N,N,N,,,N,N,N,N,N,N,N,N,Y,N,Y,2026-05-03,http://www.healthspace.ca/fha/childcare,N,Y,N,Meadowbrook Players<br>Licensed Group<br>604-338-8943<br><br>Vacancy:<br>&nbsp;&nbsp;&nbsp;&nbsp;<36 months: N<br>&nbsp;&nbsp;&nbsp;&nbsp;30 months -- 5 years: Y<br>&nbsp;&nbsp;&nbsp;&nbsp;Preschool: N<br>&nbsp;&nbsp;&nbsp;&nbsp;Grade 1 - Age 12: Y<br>
4292,Licensed Family,Mis Amiguitos Family Child Care,9-3550 Adanac St,,Vancouver,V5K 4Y6,49.276396,-123.028115,604-732-6663,,,N,N,N,N,N,N,N,N,N,N,N,N,N,N,N,N,N,,,N,N,N,N,N,N,N,N,N,N,N,2026-04-29,https://inspections.vcha.ca/ChildCare/Table,N,Y,N,Mis Amiguitos Family Child Care<br>Licensed Family<br>604-732-6663<br><br>Vacancy:<br>&nbsp;&nbsp;&nbsp;&nbsp;<36 months: N<br>&nbsp;&nbsp;&nbsp;&nbsp;30 months -- 5 years: N<br>&nbsp;&nbsp;&nbsp;&nbsp;Preschool: N<br>&nbsp;&nbsp;&nbsp;&nbsp;Grade 1 - Age 12: N<br>
4293,Licensed Group,Back To Basics Daycare,209 13Th St W,,North Vancouver,V7M 3K8,49.319729,-123.076145,604-980-0456,,,N,N,N,N,N,N,N,N,N,N,N,N,N,N,N,N,N,,,N,N,N,N,N,N,N,N,N,N,N,2026-04-23,https://inspections.vcha.ca/ChildCare/Table,N,Y,Y,Back To Basics Daycare<br>Licensed Group<br>604-980-0456<br><br>Vacancy:<br>&nbsp;&nbsp;&nbsp;&nbsp;<36 months: N<br>&nbsp;&nbsp;&nbsp;&nbsp;30 months -- 5 years: N<br>&nbsp;&nbsp;&nbsp;&nbsp;Preschool: N<br>&nbsp;&nbsp;&nbsp;&nbsp;Grade 1 - Age 12: N<br>
4294,Licensed Group,Back To Basics Daycare,209 13Th St W,,North Vancouver,V7M 3K8,49.319729,-123.076145,604-980-0456,,,N,N,N,N,N,N,N,N,N,N,N,N,N,N,N,N,N,,,N,N,N,N,N,N,N,N,N,N,N,2026-04-21,https://inspections.vcha.ca/ChildCare/Table,N,Y,Y,Back To Basics Daycare<br>Licensed Group<br>604-980-0456<br><br>Vacancy:<br>&nbsp;&nbsp;&nbsp;&nbsp;<36 months: N<br>&nbsp;&nbsp;&nbsp;&nbsp;30 months -- 5 years: N<br>&nbsp;&nbsp;&nbsp;&nbsp;Preschool: N<br>&nbsp;&nbsp;&nbsp;&nbsp;Grade 1 - Age 12: N<br>
4295,Licensed Group,Imac - International Montessori Academies Of Canada Inc.,2375 Koksilah Rd,,Duncan,V9L 6M5,48.729879,-123.663044,949-233-0858,,,N,N,N,N,N,N,N,Y,N,Y,Y,N,N,N,Y,N,N,Not offered,Not offered,N,N,N,Y,Y,Y,Y,N,N,N,N,2026-05-04,https://www.healthspace.ca/clients/viha/viha_website.nsf/CCFL-Main?OpenView,N,Y,N,Imac - International Montessori Academies Of Canada Inc.<br>Licensed Group<br>949-233-0858<br><br>Vacancy:<br>&nbsp;&nbsp;&nbsp;&nbsp;<36 months: N<br>&nbsp;&nbsp;&nbsp;&nbsp;30 months -- 5 years: N<br>&nbsp;&nbsp;&nbsp;&nbsp;Preschool: N<br>&nbsp;&nbsp;&nbsp;&nbsp;Grade 1 - Age 12: N<br>
4296,Licensed Group,Cinnabar Kids Childcare,1818 Richardson Rd,,Nanaimo,V9X 1C5,49.111159,-123.927992,250-753-7152,,,N,N,N,N,N,N,N,N,N,N,N,N,N,N,N,N,N,,,N,N,N,N,N,N,N,N,N,N,N,2026-05-20,https://www.healthspace.ca/clients/viha/viha_website.nsf/CCFL-Main?OpenView,N,Y,N,Cinnabar Kids Childcare<br>Licensed Group<br>250-753-7152<br><br>Vacancy:<br>&nbsp;&nbsp;&nbsp;&nbsp;<36 months: N<br>&nbsp;&nbsp;&nbsp;&nbsp;30 months -- 5 years: N<br>&nbsp;&nbsp;&nbsp;&nbsp;Preschool: N<br>&nbsp;&nbsp;&nbsp;&nbsp;Grade 1 - Age 12: N<br>
4297,Licensed Group,Queen's Park Daycare,131 Third St,,New Westminster,V3L 2R1,49.209305,-122.908153,604-521-5680,,,N,N,N,N,N,N,N,N,N,N,N,N,N,N,N,N,N,,,N,N,N,N,N,N,N,N,N,N,N,2026-05-15,http://www.healthspace.ca/fha/childcare,N,Y,N,Queen's Park Daycare<br>Licensed Group<br>604-521-5680<br><br>Vacancy:<br>&nbsp;&nbsp;&nbsp;&nbsp;<36 months: N<br>&nbsp;&nbsp;&nbsp;&nbsp;30 months -- 5 years: N<br>&nbsp;&nbsp;&nbsp;&nbsp;Preschool: N<br>&nbsp;&nbsp;&nbsp;&nbsp;Grade 1 - Age 12: N<br>
4298,Licensed Family,Dd's Playhouse,440 14Th St,,New Westminster,V3M 4N9,49.204382,-122.931725,778-384-3133,,,N,N,N,N,N,N,N,N,N,N,N,N,N,N,N,N,N,,,N,N,N,N,N,N,N,N,N,N,N,2026-05-21,http://www.healthspace.ca/fha/childcare,N,Y,N,Dd's Playhouse<br>Licensed Family<br>778-384-3133<br><br>Vacancy:<br>&nbsp;&nbsp;&nbsp;&nbsp;<36 months: N<br>&nbsp;&nbsp;&nbsp;&nbsp;30 months -- 5 years: N<br>&nbsp;&nbsp;&nbsp;&nbsp;Preschool: N<br>&nbsp;&nbsp;&nbsp;&nbsp;Grade 1 - Age 12: N<br>
4299,Licensed Group,Our Lady Of Good Counsel Child Care Facility,10504 139 St,,Surrey,V3T 4L5,49.193496,-122.836064,604-581-3154,,,N,N,N,N,N,N,N,N,N,N,N,N,N,N,N,N,N,,,N,N,N,N,N,N,N,N,N,Y,Y,2026-05-04,http://www.healthspace.ca/fha/childcare,N,Y,N,Our Lady Of Good Counsel Child Care Facility<br>Licensed Group<br>604-581-3154<br><br>Vacancy:<br>&nbsp;&nbsp;&nbsp;&nbsp;<36 months: N<br>&nbsp;&nbsp;&nbsp;&nbsp;30 months -- 5 years: N<br>&nbsp;&nbsp;&nbsp;&nbsp;Preschool: Y<br>&nbsp;&nbsp;&nbsp;&nbsp;Grade 1 - Age 12: Y<br>
4300,Licensed Group,Strawberry Vale Out Of School Care,4109 Rosedale Ave,,Victoria,V8Z 5J5,48.477896,-123.417178,250-889-4792,,,N,N,N,N,N,N,N,N,N,N,N,N,N,N,N,N,N,,,N,N,N,N,N,N,N,N,N,N,N,2026-05-21,https://www.healthspace.ca/clients/viha/viha_website.nsf/CCFL-Main?OpenView,N,Y,N,Strawberry Vale Out Of School Care<br>Licensed Group<br>250-889-4792<br><br>Vacancy:<br>&nbsp;&nbsp;&nbsp;&nbsp;<36 months: N<br>&nbsp;&nbsp;&nbsp;&nbsp;30 months -- 5 years: N<br>&nbsp;&nbsp;&nbsp;&nbsp;Preschool: N<br>&nbsp;&nbsp;&nbsp;&nbsp;Grade 1 - Age 12: N<br>
4301,Licensed Family,Ants In Your Pants,752 4Th St E,,North Vancouver,V7L 1K2,49.309751,-123.054874,604-985-1138,,,N,N,N,N,N,N,N,N,N,N,N,N,N,N,N,N,N,,,N,N,N,N,N,N,N,N,N,N,N,2026-05-07,https://inspections.vcha.ca/ChildCare/Table,N,Y,N,Ants In Your Pants<br>Licensed Family<br>604-985-1138<br><br>Vacancy:<br>&nbsp;&nbsp;&nbsp;&nbsp;<36 months: N<br>&nbsp;&nbsp;&nbsp;&nbsp;30 months -- 5 years: N<br>&nbsp;&nbsp;&nbsp;&nbsp;Preschool: N<br>&nbsp;&nbsp;&nbsp;&nbsp;Grade 1 - Age 12: N<br>
4302,Licensed Group,Prince George Cornerstone Learning Centre,511 South Tabor Blvd,,Prince George,V2M 6W7,53.920246,-122.807946,250-552-1098,,,N,N,N,N,N,N,N,N,N,N,N,N,N,N,N,N,N,,,N,N,N,N,N,N,N,N,N,Y,N,2026-05-07,https://www.healthspace.ca/Clients/NHA/NHA_Website.nsf/CCFL-Frameset,N,N,N,Prince George Cornerstone Learning Centre<br>Licensed Group<br>250-552-1098<br><br>Vacancy:<br>&nbsp;&nbsp;&nbsp;&nbsp;<36 months: N<br>&nbsp;&nbsp;&nbsp;&nbsp;30 months -- 5 years: N<br>&nbsp;&nbsp;&nbsp;&nbsp;Preschool: Y<br>&nbsp;&nbsp;&nbsp;&nbsp;Grade 1 - Age 12: N<br>
4303,Licensed Family,School House Daycare,2273 Sorrento Dr,,Coquitlam,V3K 6P4,49.240472,-122.827807,604-939-5189,,,N,N,N,N,N,N,N,N,N,N,N,N,N,N,N,N,N,,,N,N,N,N,N,N,N,N,N,N,N,2026-05-14,http://www.healthspace.ca/fha/childcare,N,Y,N,School House Daycare<br>Licensed Family<br>604-939-5189<br><br>Vacancy:<br>&nbsp;&nbsp;&nbsp;&nbsp;<36 months: N<br>&nbsp;&nbsp;&nbsp;&nbsp;30 months -- 5 years: N<br>&nbsp;&nbsp;&nbsp;&nbsp;Preschool: N<br>&nbsp;&nbsp;&nbsp;&nbsp;Grade 1 - Age 12: N<br>
4304,Licensed Group,Ross Bay Preschool Ltd,1620 Earle St,,Victoria,V8S 1N5,48.414127,-123.336542,250-383-7445,,,N,N,N,N,N,N,N,N,N,N,N,N,N,N,N,N,N,,,N,N,N,N,N,N,N,Y,Y,N,N,2026-05-04,https://www.healthspace.ca/clients/viha/viha_website.nsf/CCFL-Main?OpenView,N,Y,N,Ross Bay Preschool Ltd<br>Licensed Group<br>250-383-7445<br><br>Vacancy:<br>&nbsp;&nbsp;&nbsp;&nbsp;<36 months: Y<br>&nbsp;&nbsp;&nbsp;&nbsp;30 months -- 5 years: Y<br>&nbsp;&nbsp;&nbsp;&nbsp;Preschool: N<br>&nbsp;&nbsp;&nbsp;&nbsp;Grade 1 - Age 12: N<br>
4305,Licensed Group,Lakeside Kinderhaus,429 Collett Rd,,Kelowna,V1W 1K6,49.817186,-119.499192,250-764-4130,,,N,N,N,N,N,N,N,N,N,N,N,N,N,N,N,N,N,,,N,N,N,N,N,N,N,N,Y,Y,Y,2026-05-07,https://hedgehogportal.interiorhealth.ca/ChildCare/Map,N,Y,N,Lakeside Kinderhaus<br>Licensed Group<br>250-764-4130<br><br>Vacancy:<br>&nbsp;&nbsp;&nbsp;&nbsp;<36 months: N<br>&nbsp;&nbsp;&nbsp;&nbsp;30 months -- 5 years: Y<br>&nbsp;&nbsp;&nbsp;&nbsp;Preschool: Y<br>&nbsp;&nbsp;&nbsp;&nbsp;Grade 1 - Age 12: Y<br>
4306,Licensed Family,House Of Angels,7610 Dow Ave,,Burnaby,V5J 3X6,49.214565,-123.002436,778-881-2693,,,N,N,N,N,N,N,N,N,N,N,N,N,N,N,N,N,N,,,N,N,N,N,N,N,N,N,N,N,N,2026-05-20,http://www.healthspace.ca/fha/childcare,N,Y,N,House Of Angels<br>Licensed Family<br>778-881-2693<br><br>Vacancy:<br>&nbsp;&nbsp;&nbsp;&nbsp;<36 months: N<br>&nbsp;&nbsp;&nbsp;&nbsp;30 months -- 5 years: N<br>&nbsp;&nbsp;&nbsp;&nbsp;Preschool: N<br>&nbsp;&nbsp;&nbsp;&nbsp;Grade 1 - Age 12: N<br>
4307,Licensed Group,Core Education & Fine Arts,4970 Canada Way,,Burnaby,V5G 1M4,49.243949,-122.971155,604-299-2373,,,N,N,N,N,N,N,N,N,N,N,N,N,N,N,N,N,N,,,N,N,N,N,N,N,N,N,Y,N,N,2026-05-14,http://www.healthspace.ca/fha/childcare,N,Y,N,Core Education & Fine Arts<br>Licensed Group<br>604-299-2373<br><br>Vacancy:<br>&nbsp;&nbsp;&nbsp;&nbsp;<36 months: N<br>&nbsp;&nbsp;&nbsp;&nbsp;30 months -- 5 years: Y<br>&nbsp;&nbsp;&nbsp;&nbsp;Preschool: N<br>&nbsp;&nbsp;&nbsp;&nbsp;Grade 1 - Age 12: N<br>
4308,Licensed Group,Rainbows And Unicorns Preschool,5140 Smith Dr,,Richmond,V6V 2W5,49.176678,-122.965695,604-204-8655,,,N,N,N,N,N,N,N,N,N,N,N,N,N,N,N,N,N,,,N,N,N,N,N,N,N,N,N,Y,N,2026-03-24,https://inspections.vcha.ca/ChildCare/Table,N,Y,N,Rainbows And Unicorns Preschool<br>Licensed Group<br>604-204-8655<br><br>Vacancy:<br>&nbsp;&nbsp;&nbsp;&nbsp;<36 months: N<br>&nbsp;&nbsp;&nbsp;&nbsp;30 months -- 5 years: N<br>&nbsp;&nbsp;&nbsp;&nbsp;Preschool: Y<br>&nbsp;&nbsp;&nbsp;&nbsp;Grade 1 - Age 12: N<br>
4309,Licensed Group,St. Francis Xavier Montessori Preschool,428 Great Northern Way,,Vancouver,V5T 4S5,49.266462,-123.094521,604-254-2714,,,N,N,N,N,N,N,N,N,N,N,N,N,N,N,N,N,N,,,N,N,N,N,N,N,N,N,N,Y,N,2026-05-04,https://inspections.vcha.ca/ChildCare/Table,N,N,N,St. Francis Xavier Montessori Preschool<br>Licensed Group<br>604-254-2714<br><br>Vacancy:<br>&nbsp;&nbsp;&nbsp;&nbsp;<36 months: N<br>&nbsp;&nbsp;&nbsp;&nbsp;30 months -- 5 years: N<br>&nbsp;&nbsp;&nbsp;&nbsp;Preschool: Y<br>&nbsp;&nbsp;&nbsp;&nbsp;Grade 1 - Age 12: N<br>
4310,Licensed Group,Bgco - Helen Gorman,3230 Salmon Road,,Westbank,V4T 1A7,49.846659,-119.672079,250-762-3914,,,N,N,N,N,N,N,N,N,N,N,N,N,N,N,N,N,N,,,N,N,N,N,N,N,N,N,N,N,N,2026-05-15,https://hedgehogportal.interiorhealth.ca/ChildCare/Map,N,Y,N,Bgco - Helen Gorman<br>Licensed Group<br>250-762-3914<br><br>Vacancy:<br>&nbsp;&nbsp;&nbsp;&nbsp;<36 months: N<br>&nbsp;&nbsp;&nbsp;&nbsp;30 months -- 5 years: N<br>&nbsp;&nbsp;&nbsp;&nbsp;Preschool: N<br>&nbsp;&nbsp;&nbsp;&nbsp;Grade 1 - Age 12: N<br>
4311,Licensed Group,Esquimalt Recreation Centre Osc,527 Fraser St,,Esquimalt,V9A 6H6,48.428845,-123.412557,250-412-8506,,,N,N,N,N,N,N,N,N,N,N,N,N,N,N,N,N,N,,,N,N,N,N,N,N,N,N,N,N,N,2026-05-06,https://www.healthspace.ca/clients/viha/viha_website.nsf/CCFL-Main?OpenView,N,Y,N,Esquimalt Recreation Centre Osc<br>Licensed Group<br>250-412-8506<br><br>Vacancy:<br>&nbsp;&nbsp;&nbsp;&nbsp;<36 months: N<br>&nbsp;&nbsp;&nbsp;&nbsp;30 months -- 5 years: N<br>&nbsp;&nbsp;&nbsp;&nbsp;Preschool: N<br>&nbsp;&nbsp;&nbsp;&nbsp;Grade 1 - Age 12: N<br>
4312,Licensed Group,Club K.I.D.S. Albert mcmahon,32865 Cherry Ave,,Mission,V2V 2V1,49.155602,-122.314526,604-820-5360,,,N,N,N,N,N,N,N,N,N,N,N,N,N,N,N,N,N,,,N,N,N,N,N,N,N,N,Y,N,Y,2026-05-07,http://www.healthspace.ca/fha/childcare,N,Y,N,Club K.I.D.S. Albert mcmahon<br>Licensed Group<br>604-820-5360<br><br>Vacancy:<br>&nbsp;&nbsp;&nbsp;&nbsp;<36 months: N<br>&nbsp;&nbsp;&nbsp;&nbsp;30 months -- 5 years: Y<br>&nbsp;&nbsp;&nbsp;&nbsp;Preschool: N<br>&nbsp;&nbsp;&nbsp;&nbsp;Grade 1 - Age 12: Y<br>
4313,Licensed Group,Trillium Montessori,495 Howard Ave,,Nanaimo,V9R 3S2,49.156439,-123.95576,250-716-7844,,,N,N,N,N,N,N,N,N,N,N,N,N,N,N,N,N,N,,,N,N,N,N,N,N,N,N,N,N,N,2026-05-18,https://www.healthspace.ca/clients/viha/viha_website.nsf/CCFL-Main?OpenView,N,Y,N,Trillium Montessori<br>Licensed Group<br>250-716-7844<br><br>Vacancy:<br>&nbsp;&nbsp;&nbsp;&nbsp;<36 months: N<br>&nbsp;&nbsp;&nbsp;&nbsp;30 months -- 5 years: N<br>&nbsp;&nbsp;&nbsp;&nbsp;Preschool: N<br>&nbsp;&nbsp;&nbsp;&nbsp;Grade 1 - Age 12: N<br>
4314,Licensed Group,Once Upon A Time Child Care Centre Inc,7268 Richardson Ave,,Chilliwack,V2R 1H2,49.134245,-121.971309,604-847-3017,,,N,N,N,N,N,N,N,N,N,N,N,N,N,N,N,N,N,,,N,N,N,N,N,N,N,N,N,N,N,2026-05-15,http://www.healthspace.ca/fha/childcare,N,Y,N,Once Upon A Time Child Care Centre Inc<br>Licensed Group<br>604-847-3017<br><br>Vacancy:<br>&nbsp;&nbsp;&nbsp;&nbsp;<36 months: N<br>&nbsp;&nbsp;&nbsp;&nbsp;30 months -- 5 years: N<br>&nbsp;&nbsp;&nbsp;&nbsp;Preschool: N<br>&nbsp;&nbsp;&nbsp;&nbsp;Grade 1 - Age 12: N<br>
4315,Licensed Group,Little Wonders Montessori Childcare Centre & Preschool Ltd,2884 Gladys Ave,,Abbotsford,V2S 3Y2,49.055156,-122.284832,604-853-9998,,,N,N,N,N,N,N,N,N,N,N,N,N,N,N,N,N,N,,,N,N,N,N,N,N,N,Y,N,Y,Y,2026-04-27,http://www.healthspace.ca/fha/childcare,N,Y,N,Little Wonders Montessori Childcare Centre & Preschool Ltd<br>Licensed Group<br>604-853-9998<br><br>Vacancy:<br>&nbsp;&nbsp;&nbsp;&nbsp;<36 months: Y<br>&nbsp;&nbsp;&nbsp;&nbsp;30 months -- 5 years: N<br>&nbsp;&nbsp;&nbsp;&nbsp;Preschool: Y<br>&nbsp;&nbsp;&nbsp;&nbsp;Grade 1 - Age 12: Y<br>
4316,Licensed Group,Big Dreamers Daycare Limited,1370 Rutland Rd North,,Kelowna,V1X 4Z3,49.906724,-119.387558,250-765-5777,,,N,N,N,N,N,N,N,N,N,N,N,N,N,N,N,N,N,,,N,N,N,N,N,N,N,Y,N,N,N,2026-05-08,https://hedgehogportal.interiorhealth.ca/ChildCare/Map,N,Y,N,Big Dreamers Daycare Limited<br>Licensed Group<br>250-765-5777<br><br>Vacancy:<br>&nbsp;&nbsp;&nbsp;&nbsp;<36 months: Y<br>&nbsp;&nbsp;&nbsp;&nbsp;30 months -- 5 years: N<br>&nbsp;&nbsp;&nbsp;&nbsp;Preschool: N<br>&nbsp;&nbsp;&nbsp;&nbsp;Grade 1 - Age 12: N<br>
4317,Licensed Group,ymca - Quigley,705 Kitch Rd,,Kelowna,V1X 5V8,49.880756,-119.400019,250-764-9621,,,N,N,N,N,N,N,N,N,N,N,N,N,N,N,N,N,N,,,N,N,N,N,N,N,N,N,N,N,N,2026-04-28,https://hedgehogportal.interiorhealth.ca/ChildCare/Map,N,N,N,ymca - Quigley<br>Licensed Group<br>250-764-9621<br><br>Vacancy:<br>&nbsp;&nbsp;&nbsp;&nbsp;<36 months: N<br>&nbsp;&nbsp;&nbsp;&nbsp;30 months -- 5 years: N<br>&nbsp;&nbsp;&nbsp;&nbsp;Preschool: N<br>&nbsp;&nbsp;&nbsp;&nbsp;Grade 1 - Age 12: N<br>
4318,Licensed Group,Young Buddies Club,13751 112 Ave,,Surrey,V3R 2G4,49.206609,-122.841112,604-644-1216,,,N,N,N,N,N,N,N,N,N,N,N,N,N,N,N,N,N,,,N,N,N,N,N,N,N,N,N,N,Y,2026-04-23,http://www.healthspace.ca/fha/childcare,N,Y,N,Young Buddies Club<br>Licensed Group<br>604-644-1216<br><br>Vacancy:<br>&nbsp;&nbsp;&nbsp;&nbsp;<36 months: N<br>&nbsp;&nbsp;&nbsp;&nbsp;30 months -- 5 years: N<br>&nbsp;&nbsp;&nbsp;&nbsp;Preschool: N<br>&nbsp;&nbsp;&nbsp;&nbsp;Grade 1 - Age 12: Y<br>
4319,Licensed Family,Kidd'n About Child Day Care,210 7Th Ave E,,Prince Rupert,V8J 2H6,54.313452,-130.31483,250-627-8579,,,N,N,N,N,N,N,N,N,N,N,N,N,N,N,N,N,N,,,N,N,N,N,N,N,N,N,N,N,N,2026-05-15,https://www.healthspace.ca/Clients/NHA/NHA_Website.nsf/CCFL-Frameset,N,Y,N,Kidd'n About Child Day Care<br>Licensed Family<br>250-627-8579<br><br>Vacancy:<br>&nbsp;&nbsp;&nbsp;&nbsp;<36 months: N<br>&nbsp;&nbsp;&nbsp;&nbsp;30 months -- 5 years: N<br>&nbsp;&nbsp;&nbsp;&nbsp;Preschool: N<br>&nbsp;&nbsp;&nbsp;&nbsp;Grade 1 - Age 12: N<br>
4320,Licensed Family,Rhiannon's Family Child Care,1511 Anchor Rd,,Crofton,V0R 1R0,48.860885,-123.640145,250-701-2623,,,N,N,N,N,N,N,N,N,N,N,N,N,N,N,N,N,N,,,N,N,N,N,N,N,N,N,N,N,N,2026-05-13,https://www.healthspace.ca/clients/viha/viha_website.nsf/CCFL-Main?OpenView,N,Y,N,Rhiannon's Family Child Care<br>Licensed Family<br>250-701-2623<br><br>Vacancy:<br>&nbsp;&nbsp;&nbsp;&nbsp;<36 months: N<br>&nbsp;&nbsp;&nbsp;&nbsp;30 months -- 5 years: N<br>&nbsp;&nbsp;&nbsp;&nbsp;Preschool: N<br>&nbsp;&nbsp;&nbsp;&nbsp;Grade 1 - Age 12: N<br>
4321,Licensed Group,Little Adventurer Preschool,3091 Century St,,Terrace,V8G 1S6,54.514155,-128.535356,250-638-7945,,,N,N,N,N,N,N,N,N,N,N,N,N,N,N,N,N,N,,,N,N,N,N,N,N,N,N,Y,N,N,2026-05-20,https://www.healthspace.ca/Clients/NHA/NHA_Website.nsf/CCFL-Frameset,N,Y,N,Little Adventurer Preschool<br>Licensed Group<br>250-638-7945<br><br>Vacancy:<br>&nbsp;&nbsp;&nbsp;&nbsp;<36 months: N<br>&nbsp;&nbsp;&nbsp;&nbsp;30 months -- 5 years: Y<br>&nbsp;&nbsp;&nbsp;&nbsp;Preschool: N<br>&nbsp;&nbsp;&nbsp;&nbsp;Grade 1 - Age 12: N<br>
4322,Licensed Group,Skidegate Early Childhood Development Centers,426 Skidegate Hts,,Skidegate,V0T 1S0,53.276516,-131.98067,250-559-2386,,,N,N,N,N,N,N,N,N,N,N,N,N,N,N,N,N,N,,,N,N,N,N,N,N,N,N,N,N,N,2026-04-15,https://www.healthspace.ca/Clients/NHA/NHA_Website.nsf/CCFL-Frameset,N,Y,N,Skidegate Early Childhood Development Centers<br>Licensed Group<br>250-559-2386<br><br>Vacancy:<br>&nbsp;&nbsp;&nbsp;&nbsp;<36 months: N<br>&nbsp;&nbsp;&nbsp;&nbsp;30 months -- 5 years: N<br>&nbsp;&nbsp;&nbsp;&nbsp;Preschool: N<br>&nbsp;&nbsp;&nbsp;&nbsp;Grade 1 - Age 12: N<br>
4323,Licensed Group,Harbourside Children's Centre,101 38 Fell Ave,,North Vancouver,V7P 3S2,49.315559,-123.094256,604-986-2388,,,N,N,N,N,N,N,N,N,N,N,N,N,N,N,N,N,N,,,N,N,N,N,N,N,N,Y,Y,N,N,2026-05-15,https://inspections.vcha.ca/ChildCare/Table,N,Y,Y,Harbourside Children's Centre<br>Licensed Group<br>604-986-2388<br><br>Vacancy:<br>&nbsp;&nbsp;&nbsp;&nbsp;<36 months: Y<br>&nbsp;&nbsp;&nbsp;&nbsp;30 months -- 5 years: Y<br>&nbsp;&nbsp;&nbsp;&nbsp;Preschool: N<br>&nbsp;&nbsp;&nbsp;&nbsp;Grade 1 - Age 12: N<br>
4324,Licensed Group,Harbourside Children's Centre,101 38 Fell Ave,,North Vancouver,V7P 3S2,49.315559,-123.094256,604-986-2388,,,N,N,N,N,N,N,N,N,N,N,N,N,N,N,N,N,N,,,N,N,N,N,N,N,N,Y,Y,N,N,2026-05-15,https://inspections.vcha.ca/ChildCare/Table,N,Y,Y,Harbourside Children's Centre<br>Licensed Group<br>604-986-2388<br><br>Vacancy:<br>&nbsp;&nbsp;&nbsp;&nbsp;<36 months: Y<br>&nbsp;&nbsp;&nbsp;&nbsp;30 months -- 5 years: Y<br>&nbsp;&nbsp;&nbsp;&nbsp;Preschool: N<br>&nbsp;&nbsp;&nbsp;&nbsp;Grade 1 - Age 12: N<br>
4325,Licensed Family,Abc Daycare,11633 232A St,,Maple Ridge,V2X 2K5,49.213345,-122.578891,604-466-2866,,,N,N,N,N,N,N,N,N,N,N,N,N,N,N,N,N,N,,,N,N,N,N,N,N,N,N,N,N,N,2026-05-14,http://www.healthspace.ca/fha/childcare,N,Y,N,Abc Daycare<br>Licensed Family<br>604-466-2866<br><br>Vacancy:<br>&nbsp;&nbsp;&nbsp;&nbsp;<36 months: N<br>&nbsp;&nbsp;&nbsp;&nbsp;30 months -- 5 years: N<br>&nbsp;&nbsp;&nbsp;&nbsp;Preschool: N<br>&nbsp;&nbsp;&nbsp;&nbsp;Grade 1 - Age 12: N<br>
4326,Licensed Group,Pj Kids Club,1150 22Nd St,,West Vancouver,V7V 4C4,49.334635,-123.169496,604-926-5972,,,N,N,N,N,N,N,N,N,N,N,N,N,N,N,N,N,N,,,N,N,N,N,N,N,N,N,Y,N,N,2026-05-04,https://inspections.vcha.ca/ChildCare/Table,N,Y,Y,Pj Kids Club<br>Licensed Group<br>604-926-5972<br><br>Vacancy:<br>&nbsp;&nbsp;&nbsp;&nbsp;<36 months: N<br>&nbsp;&nbsp;&nbsp;&nbsp;30 months -- 5 years: Y<br>&nbsp;&nbsp;&nbsp;&nbsp;Preschool: N<br>&nbsp;&nbsp;&nbsp;&nbsp;Grade 1 - Age 12: N<br>
4327,Licensed Group,Kids Zone Pre-Kindergarten-Childcare-Out Of School,11601 Laity St,,Maple Ridge,V2X 5A2,49.213478,-122.632541,604-466-5704,,,N,N,N,N,N,N,N,N,N,N,N,N,N,N,N,N,N,,,N,N,N,N,N,N,N,N,N,N,N,2026-05-16,http://www.healthspace.ca/fha/childcare,N,Y,N,Kids Zone Pre-Kindergarten-Childcare-Out Of School<br>Licensed Group<br>604-466-5704<br><br>Vacancy:<br>&nbsp;&nbsp;&nbsp;&nbsp;<36 months: N<br>&nbsp;&nbsp;&nbsp;&nbsp;30 months -- 5 years: N<br>&nbsp;&nbsp;&nbsp;&nbsp;Preschool: N<br>&nbsp;&nbsp;&nbsp;&nbsp;Grade 1 - Age 12: N<br>
4328,Licensed Group,Little Moccasins Learning Centre,228 5 Ave N,,Williams Lake,V2G 2L7,52.132967,-122.140017,250-398-6831,,,N,N,N,N,N,N,N,N,N,N,N,N,N,N,N,N,N,,,N,N,N,N,N,N,N,N,N,Y,N,2026-05-11,https://hedgehogportal.interiorhealth.ca/ChildCare/Map,N,N,N,Little Moccasins Learning Centre<br>Licensed Group<br>250-398-6831<br><br>Vacancy:<br>&nbsp;&nbsp;&nbsp;&nbsp;<36 months: N<br>&nbsp;&nbsp;&nbsp;&nbsp;30 months -- 5 years: N<br>&nbsp;&nbsp;&nbsp;&nbsp;Preschool: Y<br>&nbsp;&nbsp;&nbsp;&nbsp;Grade 1 - Age 12: N<br>
4329,Licensed Group,Dakii Yadze Out Of School Care Centre,Moberly Lake First Nations,Lots 263 & 259,Moberly Lake,V0C 1X0,55.817853,-121.786849,250-788-9447,,,Y,N,N,N,N,N,Y,Y,N,N,Y,N,N,N,N,N,Y,Included in fee,Not offered,N,N,N,N,N,Y,Y,N,N,N,N,2026-04-30,https://www.healthspace.ca/Clients/NHA/NHA_Website.nsf/CCFL-Frameset,N,Y,N,Dakii Yadze Out Of School Care Centre<br>Licensed Group<br>250-788-9447<br><br>Vacancy:<br>&nbsp;&nbsp;&nbsp;&nbsp;<36 months: N<br>&nbsp;&nbsp;&nbsp;&nbsp;30 months -- 5 years: N<br>&nbsp;&nbsp;&nbsp;&nbsp;Preschool: N<br>&nbsp;&nbsp;&nbsp;&nbsp;Grade 1 - Age 12: N<br>
4330,Licensed Group,Guru Nanak Child Care Centre,206-7938 128 St,,Surrey,V3W 4G2,49.147316,-122.866164,780-200-9242,,,Y,N,N,N,N,N,N,N,N,N,N,N,N,N,N,N,N,Extra fee,Extra fee,N,N,N,N,N,N,N,N,N,Y,Y,2026-05-02,http://www.healthspace.ca/fha/childcare,N,Y,N,Guru Nanak Child Care Centre<br>Licensed Group<br>780-200-9242<br><br>Vacancy:<br>&nbsp;&nbsp;&nbsp;&nbsp;<36 months: N<br>&nbsp;&nbsp;&nbsp;&nbsp;30 months -- 5 years: N<br>&nbsp;&nbsp;&nbsp;&nbsp;Preschool: Y<br>&nbsp;&nbsp;&nbsp;&nbsp;Grade 1 - Age 12: Y<br>
4331,Licensed Family,Creative Daycare,7271 Francis Rd,,Richmond,V6Y 1A1,49.148591,-123.144094,604-278-1675,,,N,N,N,N,N,N,N,N,N,N,N,N,N,N,N,N,N,,,N,N,N,N,N,N,N,Y,Y,N,Y,2026-04-11,https://inspections.vcha.ca/ChildCare/Table,N,Y,N,Creative Daycare<br>Licensed Family<br>604-278-1675<br><br>Vacancy:<br>&nbsp;&nbsp;&nbsp;&nbsp;<36 months: Y<br>&nbsp;&nbsp;&nbsp;&nbsp;30 months -- 5 years: Y<br>&nbsp;&nbsp;&nbsp;&nbsp;Preschool: N<br>&nbsp;&nbsp;&nbsp;&nbsp;Grade 1 - Age 12: Y<br>
4332,Licensed Family,Toy Castle Family Daycare,7280 138Th St,,Surrey,V3W 5H2,49.13516,-122.838417,778-836-3271,,,N,N,N,N,N,N,N,N,N,N,N,N,N,N,N,N,N,,,N,N,N,N,N,N,N,N,N,N,N,2026-05-15,http://www.healthspace.ca/fha/childcare,N,Y,N,Toy Castle Family Daycare<br>Licensed Family<br>778-836-3271<br><br>Vacancy:<br>&nbsp;&nbsp;&nbsp;&nbsp;<36 months: N<br>&nbsp;&nbsp;&nbsp;&nbsp;30 months -- 5 years: N<br>&nbsp;&nbsp;&nbsp;&nbsp;Preschool: N<br>&nbsp;&nbsp;&nbsp;&nbsp;Grade 1 - Age 12: N<br>
4333,Licensed Group,New Horizon Montessori School Ltd.,1415 Noons Creek Dr,,Coquitlam,V3E 2T7,49.295975,-122.817636,604-552-7542,,,N,N,N,N,N,N,N,N,N,N,N,N,N,N,N,N,N,,,N,N,N,N,N,N,N,Y,Y,N,Y,2026-05-01,http://www.healthspace.ca/fha/childcare,N,Y,N,New Horizon Montessori School Ltd.<br>Licensed Group<br>604-552-7542<br><br>Vacancy:<br>&nbsp;&nbsp;&nbsp;&nbsp;<36 months: Y<br>&nbsp;&nbsp;&nbsp;&nbsp;30 months -- 5 years: Y<br>&nbsp;&nbsp;&nbsp;&nbsp;Preschool: N<br>&nbsp;&nbsp;&nbsp;&nbsp;Grade 1 - Age 12: Y<br>
4334,Licensed Family,Perla's Child Care,9231 Laka Dr,,Richmond,V7E 5X4,49.146494,-123.16056,604-274-4708,,,N,N,N,N,N,N,N,N,N,N,N,N,N,N,N,N,N,,,N,N,N,N,N,N,N,Y,Y,N,N,2026-05-18,https://inspections.vcha.ca/ChildCare/Table,N,Y,N,Perla's Child Care<br>Licensed Family<br>604-274-4708<br><br>Vacancy:<br>&nbsp;&nbsp;&nbsp;&nbsp;<36 months: Y<br>&nbsp;&nbsp;&nbsp;&nbsp;30 months -- 5 years: Y<br>&nbsp;&nbsp;&nbsp;&nbsp;Preschool: N<br>&nbsp;&nbsp;&nbsp;&nbsp;Grade 1 - Age 12: N<br>
4335,Licensed Family,Nadi's Family Child Care,201-990 Broughton St,,Vancouver,V6G 2A5,49.285786,-123.132548,604-689-1066,,,N,N,N,N,N,N,N,N,N,N,N,N,N,N,N,N,N,,,N,N,N,N,N,N,N,Y,Y,N,N,2026-05-15,https://inspections.vcha.ca/ChildCare/Table,N,Y,N,Nadi's Family Child Care<br>Licensed Family<br>604-689-1066<br><br>Vacancy:<br>&nbsp;&nbsp;&nbsp;&nbsp;<36 months: Y<br>&nbsp;&nbsp;&nbsp;&nbsp;30 months -- 5 years: Y<br>&nbsp;&nbsp;&nbsp;&nbsp;Preschool: N<br>&nbsp;&nbsp;&nbsp;&nbsp;Grade 1 - Age 12: N<br>
4336,Licensed Family,Wee Care Day Care,3111 Austin Rd E,,Prince George,V2K 2K6,53.989421,-122.779001,250-962-2217,,,N,N,N,N,N,N,N,N,N,N,N,N,N,N,N,N,N,,,N,N,N,N,N,N,N,N,N,N,N,2026-05-13,https://www.healthspace.ca/Clients/NHA/NHA_Website.nsf/CCFL-Frameset,N,Y,N,Wee Care Day Care<br>Licensed Family<br>250-962-2217<br><br>Vacancy:<br>&nbsp;&nbsp;&nbsp;&nbsp;<36 months: N<br>&nbsp;&nbsp;&nbsp;&nbsp;30 months -- 5 years: N<br>&nbsp;&nbsp;&nbsp;&nbsp;Preschool: N<br>&nbsp;&nbsp;&nbsp;&nbsp;Grade 1 - Age 12: N<br>
4337,Licensed Family,The Friendship Garden Family Day Care,4150 Morgan Cres,,Prince George,V2N 3E6,53.898049,-122.800309,250-564-9350,,,N,N,N,N,N,N,N,N,N,N,N,N,N,N,N,N,N,,,N,N,N,N,N,N,N,N,N,N,N,2026-05-17,https://www.healthspace.ca/Clients/NHA/NHA_Website.nsf/CCFL-Frameset,N,Y,N,The Friendship Garden Family Day Care<br>Licensed Family<br>250-564-9350<br><br>Vacancy:<br>&nbsp;&nbsp;&nbsp;&nbsp;<36 months: N<br>&nbsp;&nbsp;&nbsp;&nbsp;30 months -- 5 years: N<br>&nbsp;&nbsp;&nbsp;&nbsp;Preschool: N<br>&nbsp;&nbsp;&nbsp;&nbsp;Grade 1 - Age 12: N<br>
4338,Licensed Family,Kelli's Little Angels,4652 Brentlawn Dr,,Burnaby,V5C 3V2,49.26862,-122.99817,604-551-6093,,,N,N,N,N,N,N,N,N,N,N,N,N,N,N,N,N,N,,,N,N,N,N,N,N,N,Y,Y,N,Y,2026-04-22,http://www.healthspace.ca/fha/childcare,N,Y,N,Kelli's Little Angels<br>Licensed Family<br>604-551-6093<br><br>Vacancy:<br>&nbsp;&nbsp;&nbsp;&nbsp;<36 months: Y<br>&nbsp;&nbsp;&nbsp;&nbsp;30 months -- 5 years: Y<br>&nbsp;&nbsp;&nbsp;&nbsp;Preschool: N<br>&nbsp;&nbsp;&nbsp;&nbsp;Grade 1 - Age 12: Y<br>
4339,Licensed Group,Lynnmour Creative Childcare Centre,1251 Lillooet Rd,,North Vancouver,V7J 3H7,49.318693,-123.024317,604-980-1212,,,N,N,N,N,N,N,N,N,N,N,N,N,N,N,N,N,N,,,N,N,N,N,N,N,N,N,N,N,N,2026-05-15,https://inspections.vcha.ca/ChildCare/Table,N,Y,N,Lynnmour Creative Childcare Centre<br>Licensed Group<br>604-980-1212<br><br>Vacancy:<br>&nbsp;&nbsp;&nbsp;&nbsp;<36 months: N<br>&nbsp;&nbsp;&nbsp;&nbsp;30 months -- 5 years: N<br>&nbsp;&nbsp;&nbsp;&nbsp;Preschool: N<br>&nbsp;&nbsp;&nbsp;&nbsp;Grade 1 - Age 12: N<br>
4340,Licensed Group,Froggy Pad Group Day Care,4367 Ruth Cres,,North Vancouver,V7K 2N1,49.349941,-123.031984,604-985-3324,,,N,N,N,N,N,N,N,N,N,N,N,N,N,N,N,N,N,,,N,N,N,N,N,N,N,N,N,N,N,2026-04-27,https://inspections.vcha.ca/ChildCare/Table,N,Y,Y,Froggy Pad Group Day Care<br>Licensed Group<br>604-985-3324<br><br>Vacancy:<br>&nbsp;&nbsp;&nbsp;&nbsp;<36 months: N<br>&nbsp;&nbsp;&nbsp;&nbsp;30 months -- 5 years: N<br>&nbsp;&nbsp;&nbsp;&nbsp;Preschool: N<br>&nbsp;&nbsp;&nbsp;&nbsp;Grade 1 - Age 12: N<br>
4341,Licensed Family,Little Star Family Child Care,409 Ioco Rd,,Port Moody,V3H 2W1,49.287887,-122.836185,604-469-3657,,,N,N,N,N,N,N,N,N,N,N,N,N,N,N,N,N,N,,,N,N,N,N,N,N,N,N,N,N,N,2026-04-28,http://www.healthspace.ca/fha/childcare,N,Y,N,Little Star Family Child Care<br>Licensed Family<br>604-469-3657<br><br>Vacancy:<br>&nbsp;&nbsp;&nbsp;&nbsp;<36 months: N<br>&nbsp;&nbsp;&nbsp;&nbsp;30 months -- 5 years: N<br>&nbsp;&nbsp;&nbsp;&nbsp;Preschool: N<br>&nbsp;&nbsp;&nbsp;&nbsp;Grade 1 - Age 12: N<br>
4342,Licensed Group,Creative Corner,1953 Embleton Cres,,Courtenay,V9N 8K1,49.683275,-125.019213,250-338-3847,,,N,N,N,N,N,N,N,N,N,N,N,N,N,N,N,N,N,,,N,N,N,N,N,N,N,N,Y,N,N,2026-04-28,https://www.healthspace.ca/clients/viha/viha_website.nsf/CCFL-Main?OpenView,N,Y,N,Creative Corner<br>Licensed Group<br>250-338-3847<br><br>Vacancy:<br>&nbsp;&nbsp;&nbsp;&nbsp;<36 months: N<br>&nbsp;&nbsp;&nbsp;&nbsp;30 months -- 5 years: Y<br>&nbsp;&nbsp;&nbsp;&nbsp;Preschool: N<br>&nbsp;&nbsp;&nbsp;&nbsp;Grade 1 - Age 12: N<br>
4343,Licensed Family,Grizzly Den Daycare,4118 Guest Cres,,Prince George,V2N 3G4,53.898498,-122.797945,250-617-6494,,,N,N,N,N,N,N,N,N,N,N,N,N,N,N,N,N,N,,,N,N,N,N,N,N,N,N,Y,N,N,2026-05-16,https://www.healthspace.ca/Clients/NHA/NHA_Website.nsf/CCFL-Frameset,N,Y,N,Grizzly Den Daycare<br>Licensed Family<br>250-617-6494<br><br>Vacancy:<br>&nbsp;&nbsp;&nbsp;&nbsp;<36 months: N<br>&nbsp;&nbsp;&nbsp;&nbsp;30 months -- 5 years: Y<br>&nbsp;&nbsp;&nbsp;&nbsp;Preschool: N<br>&nbsp;&nbsp;&nbsp;&nbsp;Grade 1 - Age 12: N<br>
4344,Licensed Group,Panda Bear's Daycare,2874 Shannon Place,,Westbank,V4T 1T5,49.855082,-119.61679,250-979-8269,,,N,N,N,N,N,N,N,N,N,N,N,N,N,N,N,N,N,,,N,N,N,N,N,N,N,N,N,N,N,2026-05-15,https://hedgehogportal.interiorhealth.ca/ChildCare/Map,N,Y,N,Panda Bear's Daycare<br>Licensed Group<br>250-979-8269<br><br>Vacancy:<br>&nbsp;&nbsp;&nbsp;&nbsp;<36 months: N<br>&nbsp;&nbsp;&nbsp;&nbsp;30 months -- 5 years: N<br>&nbsp;&nbsp;&nbsp;&nbsp;Preschool: N<br>&nbsp;&nbsp;&nbsp;&nbsp;Grade 1 - Age 12: N<br>
4345,Licensed Family,True Colours Family Daycare,1579 Pitt River Rd,,Port Coquitlam,V3C 1P3,49.243916,-122.772999,604-942-9279,,,N,N,N,N,N,N,N,N,N,N,N,N,N,N,N,N,N,,,N,N,N,N,N,N,N,N,N,N,N,2026-05-15,http://www.healthspace.ca/fha/childcare,N,Y,N,True Colours Family Daycare<br>Licensed Family<br>604-942-9279<br><br>Vacancy:<br>&nbsp;&nbsp;&nbsp;&nbsp;<36 months: N<br>&nbsp;&nbsp;&nbsp;&nbsp;30 months -- 5 years: N<br>&nbsp;&nbsp;&nbsp;&nbsp;Preschool: N<br>&nbsp;&nbsp;&nbsp;&nbsp;Grade 1 - Age 12: N<br>
4346,Licensed Family,Ladybug Child Care,2665 Asquith St,,Victoria,V8R 3Y4,48.437966,-123.34052,250-516-6418,,,N,N,N,N,N,N,N,N,N,N,N,N,N,N,N,N,N,,,N,N,N,N,N,N,N,N,N,N,N,2026-05-15,https://www.healthspace.ca/clients/viha/viha_website.nsf/CCFL-Main?OpenView,N,Y,N,Ladybug Child Care<br>Licensed Family<br>250-516-6418<br><br>Vacancy:<br>&nbsp;&nbsp;&nbsp;&nbsp;<36 months: N<br>&nbsp;&nbsp;&nbsp;&nbsp;30 months -- 5 years: N<br>&nbsp;&nbsp;&nbsp;&nbsp;Preschool: N<br>&nbsp;&nbsp;&nbsp;&nbsp;Grade 1 - Age 12: N<br>
4347,Licensed Group,Langley Meadows Community Association Out Of School Program,2244 Willoughby Way,,Langley,V2Y 1C1,49.121102,-122.672128,604-644-0882,,,N,N,N,N,N,N,N,N,N,N,N,N,N,N,N,N,N,Not offered,Not offered,N,N,N,N,N,N,N,N,N,N,N,2026-05-13,http://www.healthspace.ca/fha/childcare,N,Y,N,Langley Meadows Community Association Out Of School Program<br>Licensed Group<br>604-644-0882<br><br>Vacancy:<br>&nbsp;&nbsp;&nbsp;&nbsp;<36 months: N<br>&nbsp;&nbsp;&nbsp;&nbsp;30 months -- 5 years: N<br>&nbsp;&nbsp;&nbsp;&nbsp;Preschool: N<br>&nbsp;&nbsp;&nbsp;&nbsp;Grade 1 - Age 12: N<br>
4348,Licensed Group,Okanagan Montessori East Kelowna,3439 Kelowna Rd E,,Kelowna,V1W 4H1,49.866742,-119.405507,250-860-1165,,,N,N,N,N,N,N,N,N,N,N,N,N,N,N,N,N,N,,,N,N,N,N,N,N,N,N,Y,Y,N,2026-04-23,https://hedgehogportal.interiorhealth.ca/ChildCare/Map,N,Y,N,Okanagan Montessori East Kelowna<br>Licensed Group<br>250-860-1165<br><br>Vacancy:<br>&nbsp;&nbsp;&nbsp;&nbsp;<36 months: N<br>&nbsp;&nbsp;&nbsp;&nbsp;30 months -- 5 years: Y<br>&nbsp;&nbsp;&nbsp;&nbsp;Preschool: Y<br>&nbsp;&nbsp;&nbsp;&nbsp;Grade 1 - Age 12: N<br>
4349,Licensed Group,Wind & Tide-Cedar,32860 Cherry Ave,,Mission,V2V 2T9,49.153141,-122.315196,604-617-3246,,,N,N,N,N,N,N,N,N,N,N,N,N,N,N,N,N,N,,,N,N,N,N,N,N,N,N,N,Y,N,2026-05-15,http://www.healthspace.ca/fha/childcare,N,Y,N,Wind & Tide-Cedar<br>Licensed Group<br>604-617-3246<br><br>Vacancy:<br>&nbsp;&nbsp;&nbsp;&nbsp;<36 months: N<br>&nbsp;&nbsp;&nbsp;&nbsp;30 months -- 5 years: N<br>&nbsp;&nbsp;&nbsp;&nbsp;Preschool: Y<br>&nbsp;&nbsp;&nbsp;&nbsp;Grade 1 - Age 12: N<br>
4350,Licensed Family,Sunshine Childcare,1111-550 Cottonwood Ave,,Coquitlam,V3J 2S1,49.258071,-122.88948,604-937-3578,,,N,N,N,N,N,N,N,N,N,N,N,N,N,N,N,N,N,,,N,N,N,N,N,N,N,N,N,N,N,2026-05-15,http://www.healthspace.ca/fha/childcare,N,Y,N,Sunshine Childcare<br>Licensed Family<br>604-937-3578<br><br>Vacancy:<br>&nbsp;&nbsp;&nbsp;&nbsp;<36 months: N<br>&nbsp;&nbsp;&nbsp;&nbsp;30 months -- 5 years: N<br>&nbsp;&nbsp;&nbsp;&nbsp;Preschool: N<br>&nbsp;&nbsp;&nbsp;&nbsp;Grade 1 - Age 12: N<br>
4351,Licensed Group,Morning Glory Montessori Children's Centre,9491 Ash St,,Richmond,V7A 2T7,49.145369,-123.120544,604-272-2821,,,N,N,N,N,N,N,N,N,N,N,N,N,N,N,N,N,N,,,N,N,N,N,N,N,N,N,N,N,N,2026-05-02,https://inspections.vcha.ca/ChildCare/Table,N,Y,N,Morning Glory Montessori Children's Centre<br>Licensed Group<br>604-272-2821<br><br>Vacancy:<br>&nbsp;&nbsp;&nbsp;&nbsp;<36 months: N<br>&nbsp;&nbsp;&nbsp;&nbsp;30 months -- 5 years: N<br>&nbsp;&nbsp;&nbsp;&nbsp;Preschool: N<br>&nbsp;&nbsp;&nbsp;&nbsp;Grade 1 - Age 12: N<br>
4352,Licensed Group,Bright Star Montessori School Inc,7591 Gray Ave,,Burnaby,V5J 3Z4,49.215099,-122.999828,778-861-8876,,,N,N,N,N,N,N,N,N,N,N,N,N,N,N,N,N,N,,,N,N,N,N,N,N,N,N,Y,N,N,2026-05-21,http://www.healthspace.ca/fha/childcare,N,Y,N,Bright Star Montessori School Inc<br>Licensed Group<br>778-861-8876<br><br>Vacancy:<br>&nbsp;&nbsp;&nbsp;&nbsp;<36 months: N<br>&nbsp;&nbsp;&nbsp;&nbsp;30 months -- 5 years: Y<br>&nbsp;&nbsp;&nbsp;&nbsp;Preschool: N<br>&nbsp;&nbsp;&nbsp;&nbsp;Grade 1 - Age 12: N<br>
4353,Licensed Family,Stepping Stone Daycare,23924 115A Ave,,Maple Ridge,V2W 1Y4,49.211634,-122.558692,604-916-3230,,,N,N,N,N,N,N,N,N,N,N,N,N,N,N,N,N,N,,,N,N,N,N,N,N,N,N,Y,N,N,2026-04-25,http://www.healthspace.ca/fha/childcare,N,Y,N,Stepping Stone Daycare<br>Licensed Family<br>604-916-3230<br><br>Vacancy:<br>&nbsp;&nbsp;&nbsp;&nbsp;<36 months: N<br>&nbsp;&nbsp;&nbsp;&nbsp;30 months -- 5 years: Y<br>&nbsp;&nbsp;&nbsp;&nbsp;Preschool: N<br>&nbsp;&nbsp;&nbsp;&nbsp;Grade 1 - Age 12: N<br>
4354,Licensed Family,Castle Childcare Centre,45619 Princess Ave,,Chilliwack,V2P 2B9,49.17332,-121.961998,604-795-4904,,,N,N,N,N,N,N,N,N,N,N,N,N,N,N,N,N,N,,,N,N,N,N,N,N,N,Y,Y,N,N,2026-05-01,http://www.healthspace.ca/fha/childcare,N,Y,N,Castle Childcare Centre<br>Licensed Family<br>604-795-4904<br><br>Vacancy:<br>&nbsp;&nbsp;&nbsp;&nbsp;<36 months: Y<br>&nbsp;&nbsp;&nbsp;&nbsp;30 months -- 5 years: Y<br>&nbsp;&nbsp;&nbsp;&nbsp;Preschool: N<br>&nbsp;&nbsp;&nbsp;&nbsp;Grade 1 - Age 12: N<br>
4355,Licensed Group,5 Stars Day Care Centre,14443 58 Ave,,Surrey,V3S 1Y3,49.108345,-122.82194,604-543-8972,,,N,N,N,N,N,N,N,N,N,N,N,N,N,N,N,N,N,,,N,N,N,N,N,N,N,N,N,N,N,2026-05-16,http://www.healthspace.ca/fha/childcare,N,Y,N,5 Stars Day Care Centre<br>Licensed Group<br>604-543-8972<br><br>Vacancy:<br>&nbsp;&nbsp;&nbsp;&nbsp;<36 months: N<br>&nbsp;&nbsp;&nbsp;&nbsp;30 months -- 5 years: N<br>&nbsp;&nbsp;&nbsp;&nbsp;Preschool: N<br>&nbsp;&nbsp;&nbsp;&nbsp;Grade 1 - Age 12: N<br>
4356,Licensed Group,Tomorrow's Topkids Deifenbaker Clubhouse,4511 Hermitage Dr,,Richmond,V7E 4T1,49.137988,-123.176935,604-307-4759,,,N,N,N,N,N,N,N,N,N,N,N,N,N,N,N,N,N,,,N,N,N,N,N,N,N,N,N,N,N,2026-04-28,https://inspections.vcha.ca/ChildCare/Table,N,Y,N,Tomorrow's Topkids Deifenbaker Clubhouse<br>Licensed Group<br>604-307-4759<br><br>Vacancy:<br>&nbsp;&nbsp;&nbsp;&nbsp;<36 months: N<br>&nbsp;&nbsp;&nbsp;&nbsp;30 months -- 5 years: N<br>&nbsp;&nbsp;&nbsp;&nbsp;Preschool: N<br>&nbsp;&nbsp;&nbsp;&nbsp;Grade 1 - Age 12: N<br>
4357,Licensed Group,Arrowview Kids Club,650 Bennett Rd,,Qualicum Beach,V9K 1N1,49.348772,-124.400753,250-752-6620,,,N,N,N,N,N,N,N,N,N,N,N,N,N,N,N,N,N,,,N,N,N,N,N,N,N,N,N,N,N,2026-05-07,https://www.healthspace.ca/clients/viha/viha_website.nsf/CCFL-Main?OpenView,N,Y,N,Arrowview Kids Club<br>Licensed Group<br>250-752-6620<br><br>Vacancy:<br>&nbsp;&nbsp;&nbsp;&nbsp;<36 months: N<br>&nbsp;&nbsp;&nbsp;&nbsp;30 months -- 5 years: N<br>&nbsp;&nbsp;&nbsp;&nbsp;Preschool: N<br>&nbsp;&nbsp;&nbsp;&nbsp;Grade 1 - Age 12: N<br>
4358,Licensed Group,La Garderie/Prematernelle Les Moussaillons,8580 Kilgour Pl,,Richmond,V7C 3R1,49.151139,-123.163639,604-488-4235,,,N,N,N,N,N,N,N,N,N,N,N,N,N,N,N,N,N,,,N,N,N,N,N,N,N,Y,Y,N,N,2026-05-19,https://inspections.vcha.ca/ChildCare/Table,N,Y,N,La Garderie/Prematernelle Les Moussaillons<br>Licensed Group<br>604-488-4235<br><br>Vacancy:<br>&nbsp;&nbsp;&nbsp;&nbsp;<36 months: Y<br>&nbsp;&nbsp;&nbsp;&nbsp;30 months -- 5 years: Y<br>&nbsp;&nbsp;&nbsp;&nbsp;Preschool: N<br>&nbsp;&nbsp;&nbsp;&nbsp;Grade 1 - Age 12: N<br>
4359,Licensed Group,Glenlyon Norfolk School Daycare,1701 Beach Dr,,Victoria,V8R 6H9,48.428695,-123.307321,250-370-6854,,,N,N,N,N,N,N,N,N,N,N,N,N,N,N,N,N,N,,,N,N,N,N,N,N,N,N,N,N,N,2026-03-31,https://www.healthspace.ca/clients/viha/viha_website.nsf/CCFL-Main?OpenView,N,N,N,Glenlyon Norfolk School Daycare<br>Licensed Group<br>250-370-6854<br><br>Vacancy:<br>&nbsp;&nbsp;&nbsp;&nbsp;<36 months: N<br>&nbsp;&nbsp;&nbsp;&nbsp;30 months -- 5 years: N<br>&nbsp;&nbsp;&nbsp;&nbsp;Preschool: N<br>&nbsp;&nbsp;&nbsp;&nbsp;Grade 1 - Age 12: N<br>
4360,Licensed Group,Tiddlycove Montessori School,4773 Picadilly South,,West Vancouver,V7W 1J8,49.33946,-123.254188,604-204-7472,,,N,N,N,N,N,N,N,N,N,N,N,N,N,N,N,N,N,,,N,N,N,N,N,N,N,N,N,Y,N,2026-04-28,https://inspections.vcha.ca/ChildCare/Table,N,N,N,Tiddlycove Montessori School<br>Licensed Group<br>604-204-7472<br><br>Vacancy:<br>&nbsp;&nbsp;&nbsp;&nbsp;<36 months: N<br>&nbsp;&nbsp;&nbsp;&nbsp;30 months -- 5 years: N<br>&nbsp;&nbsp;&nbsp;&nbsp;Preschool: Y<br>&nbsp;&nbsp;&nbsp;&nbsp;Grade 1 - Age 12: N<br>
4361,Licensed Family,Soul Stars Child Care,14730 St. Andrews Dr,,Surrey,V3R 5V4,49.210629,-122.814164,604-512-7644,,,N,N,N,N,N,N,N,N,N,N,N,N,N,N,N,N,N,,,N,N,N,N,N,N,N,Y,Y,N,Y,2026-04-29,http://www.healthspace.ca/fha/childcare,N,Y,N,Soul Stars Child Care<br>Licensed Family<br>604-512-7644<br><br>Vacancy:<br>&nbsp;&nbsp;&nbsp;&nbsp;<36 months: Y<br>&nbsp;&nbsp;&nbsp;&nbsp;30 months -- 5 years: Y<br>&nbsp;&nbsp;&nbsp;&nbsp;Preschool: N<br>&nbsp;&nbsp;&nbsp;&nbsp;Grade 1 - Age 12: Y<br>
4362,Licensed Group,Watson Elementary - Just B4 Preschool,45305 Watson Rd,,Chilliwack,V2R 2H5,49.112552,-121.970378,604-614-6263,,,N,N,N,N,N,N,N,N,N,N,N,N,N,N,N,N,N,,,N,N,N,N,N,N,N,N,N,N,N,2026-05-06,http://www.healthspace.ca/fha/childcare,N,Y,N,Watson Elementary - Just B4 Preschool<br>Licensed Group<br>604-614-6263<br><br>Vacancy:<br>&nbsp;&nbsp;&nbsp;&nbsp;<36 months: N<br>&nbsp;&nbsp;&nbsp;&nbsp;30 months -- 5 years: N<br>&nbsp;&nbsp;&nbsp;&nbsp;Preschool: N<br>&nbsp;&nbsp;&nbsp;&nbsp;Grade 1 - Age 12: N<br>
4363,Licensed Group,Poet’S Corner Academy Montessori Preschool,1356 Frederick Rd,,North Vancouver,V7K 1J4,49.341868,-123.036384,604-727-9445,,,N,N,N,N,N,N,N,N,N,N,N,N,N,N,N,N,N,,,N,N,N,N,N,N,N,N,N,N,N,2026-05-18,https://inspections.vcha.ca/ChildCare/Table,N,Y,N,Poet’S Corner Academy Montessori Preschool<br>Licensed Group<br>604-727-9445<br><br>Vacancy:<br>&nbsp;&nbsp;&nbsp;&nbsp;<36 months: N<br>&nbsp;&nbsp;&nbsp;&nbsp;30 months -- 5 years: N<br>&nbsp;&nbsp;&nbsp;&nbsp;Preschool: N<br>&nbsp;&nbsp;&nbsp;&nbsp;Grade 1 - Age 12: N<br>
4364,Licensed Group,Wise Owl Early Learning,4471 207A St,,Langley,V3A 5V8,49.083396,-122.650285,780-504-7860,,,N,N,N,N,N,N,N,N,N,N,N,N,N,N,N,N,N,,,N,N,N,N,N,N,N,N,N,N,N,2026-05-04,http://www.healthspace.ca/fha/childcare,N,Y,N,Wise Owl Early Learning<br>Licensed Group<br>780-504-7860<br><br>Vacancy:<br>&nbsp;&nbsp;&nbsp;&nbsp;<36 months: N<br>&nbsp;&nbsp;&nbsp;&nbsp;30 months -- 5 years: N<br>&nbsp;&nbsp;&nbsp;&nbsp;Preschool: N<br>&nbsp;&nbsp;&nbsp;&nbsp;Grade 1 - Age 12: N<br>
4365,Licensed Group,Blueberry Patch,202B Beresford,,Castlegar,V1N 4H2,49.245735,-117.660404,250-365-7201,,,Y,N,N,N,N,N,N,N,N,Y,Y,N,N,N,N,N,N,Not offered,Not offered,N,N,N,Y,Y,Y,Y,N,N,N,N,2026-05-04,https://hedgehogportal.interiorhealth.ca/ChildCare/Map,N,Y,N,Blueberry Patch<br>Licensed Group<br>250-365-7201<br><br>Vacancy:<br>&nbsp;&nbsp;&nbsp;&nbsp;<36 months: N<br>&nbsp;&nbsp;&nbsp;&nbsp;30 months -- 5 years: N<br>&nbsp;&nbsp;&nbsp;&nbsp;Preschool: N<br>&nbsp;&nbsp;&nbsp;&nbsp;Grade 1 - Age 12: N<br>
4366,Licensed Group,Carousel Child Care Centre,301 Richmond Ave,,Victoria,V8S 3Y2,48.413397,-123.330135,250-598-2313,,,N,N,N,N,N,N,N,N,N,N,N,N,N,N,N,N,N,,,N,N,N,N,N,N,N,N,Y,N,N,2026-05-19,https://www.healthspace.ca/clients/viha/viha_website.nsf/CCFL-Main?OpenView,N,Y,N,Carousel Child Care Centre<br>Licensed Group<br>250-598-2313<br><br>Vacancy:<br>&nbsp;&nbsp;&nbsp;&nbsp;<36 months: N<br>&nbsp;&nbsp;&nbsp;&nbsp;30 months -- 5 years: Y<br>&nbsp;&nbsp;&nbsp;&nbsp;Preschool: N<br>&nbsp;&nbsp;&nbsp;&nbsp;Grade 1 - Age 12: N<br>
4367,Licensed Family,Jelly Beans Family Child Care,515 Second St,,Nanaimo,V9R 1X5,49.166191,-123.954117,250-754-2299,,,N,N,N,N,N,N,N,N,N,N,N,N,N,N,N,N,N,,,N,N,N,N,N,N,N,N,N,N,N,2026-05-15,https://www.healthspace.ca/clients/viha/viha_website.nsf/CCFL-Main?OpenView,N,Y,N,Jelly Beans Family Child Care<br>Licensed Family<br>250-754-2299<br><br>Vacancy:<br>&nbsp;&nbsp;&nbsp;&nbsp;<36 months: N<br>&nbsp;&nbsp;&nbsp;&nbsp;30 months -- 5 years: N<br>&nbsp;&nbsp;&nbsp;&nbsp;Preschool: N<br>&nbsp;&nbsp;&nbsp;&nbsp;Grade 1 - Age 12: N<br>
4368,Licensed Group,La Garde Scolaire Les Matelots,8580 Kilgour Pl,,Richmond,V7C 3R1,49.151139,-123.163639,604-488-4235,,,N,N,N,N,N,N,N,N,N,N,N,N,N,N,N,N,N,,,N,N,N,N,N,N,N,N,N,N,Y,2026-05-19,https://inspections.vcha.ca/ChildCare/Table,N,Y,N,La Garde Scolaire Les Matelots<br>Licensed Group<br>604-488-4235<br><br>Vacancy:<br>&nbsp;&nbsp;&nbsp;&nbsp;<36 months: N<br>&nbsp;&nbsp;&nbsp;&nbsp;30 months -- 5 years: N<br>&nbsp;&nbsp;&nbsp;&nbsp;Preschool: N<br>&nbsp;&nbsp;&nbsp;&nbsp;Grade 1 - Age 12: Y<br>
4369,Licensed Group,Sonshine Place Preschool,6550 Sumas Prairie Rd,,Chilliwack,V2R 4K1,49.120621,-122.045149,604-823-6364,,,N,N,N,N,N,N,N,N,N,N,N,N,N,N,N,N,N,,,N,N,N,N,N,N,N,N,N,N,N,2026-04-24,http://www.healthspace.ca/fha/childcare,N,Y,N,Sonshine Place Preschool<br>Licensed Group<br>604-823-6364<br><br>Vacancy:<br>&nbsp;&nbsp;&nbsp;&nbsp;<36 months: N<br>&nbsp;&nbsp;&nbsp;&nbsp;30 months -- 5 years: N<br>&nbsp;&nbsp;&nbsp;&nbsp;Preschool: N<br>&nbsp;&nbsp;&nbsp;&nbsp;Grade 1 - Age 12: N<br>
4370,Licensed Group,Daycare Plus Child Development Centre,2062 Esquimalt Ave,,West Vancouver,V7V 1S4,49.330433,-123.167249,604-913-1095,,,N,N,N,N,N,N,N,N,N,N,N,N,N,N,N,N,N,,,N,N,N,N,N,N,N,N,N,N,N,2026-05-13,https://inspections.vcha.ca/ChildCare/Table,N,N,N,Daycare Plus Child Development Centre<br>Licensed Group<br>604-913-1095<br><br>Vacancy:<br>&nbsp;&nbsp;&nbsp;&nbsp;<36 months: N<br>&nbsp;&nbsp;&nbsp;&nbsp;30 months -- 5 years: N<br>&nbsp;&nbsp;&nbsp;&nbsp;Preschool: N<br>&nbsp;&nbsp;&nbsp;&nbsp;Grade 1 - Age 12: N<br>
4371,Licensed Group,Blossom Progressive Montessori,10300 Sherman Dr,,Lake Country,V4V 1Y8,50.031804,-119.389871,250-808-4769,,,N,N,N,N,N,N,N,N,N,N,N,N,N,N,N,N,N,,,N,N,N,N,N,N,N,N,N,N,N,2026-05-01,https://hedgehogportal.interiorhealth.ca/ChildCare/Map,N,Y,N,Blossom Progressive Montessori<br>Licensed Group<br>250-808-4769<br><br>Vacancy:<br>&nbsp;&nbsp;&nbsp;&nbsp;<36 months: N<br>&nbsp;&nbsp;&nbsp;&nbsp;30 months -- 5 years: N<br>&nbsp;&nbsp;&nbsp;&nbsp;Preschool: N<br>&nbsp;&nbsp;&nbsp;&nbsp;Grade 1 - Age 12: N<br>
4372,Licensed Group,Little Rascals Daycare Ltd.,3111 Stanley Ave,,North Vancouver,V7N 4N6,49.337539,-123.08535,604-987-3168,,,N,N,N,N,N,N,N,N,N,N,N,N,N,N,N,N,N,,,N,N,N,N,N,N,N,N,Y,N,Y,2026-05-17,https://inspections.vcha.ca/ChildCare/Table,N,Y,Y,Little Rascals Daycare Ltd.<br>Licensed Group<br>604-987-3168<br><br>Vacancy:<br>&nbsp;&nbsp;&nbsp;&nbsp;<36 months: N<br>&nbsp;&nbsp;&nbsp;&nbsp;30 months -- 5 years: Y<br>&nbsp;&nbsp;&nbsp;&nbsp;Preschool: N<br>&nbsp;&nbsp;&nbsp;&nbsp;Grade 1 - Age 12: Y<br>
4373,Licensed Group,Learning Tree Preschool,2250 Sooke Rd,,Victoria,V9B 1X1,48.434437,-123.493464,250-478-7113,,,N,N,N,N,N,N,N,N,N,N,N,N,N,N,N,N,N,,,N,N,N,N,N,N,N,N,N,N,N,2026-04-08,https://www.healthspace.ca/clients/viha/viha_website.nsf/CCFL-Main?OpenView,N,Y,N,Learning Tree Preschool<br>Licensed Group<br>250-478-7113<br><br>Vacancy:<br>&nbsp;&nbsp;&nbsp;&nbsp;<36 months: N<br>&nbsp;&nbsp;&nbsp;&nbsp;30 months -- 5 years: N<br>&nbsp;&nbsp;&nbsp;&nbsp;Preschool: N<br>&nbsp;&nbsp;&nbsp;&nbsp;Grade 1 - Age 12: N<br>
4374,Licensed Family,Conin's Family Daycare,502 6Th St E,,Revelstoke,V0E 2S0,50.992956,-118.194017,250-814-1900,,,Y,N,N,N,N,N,Y,Y,N,Y,Y,N,N,N,N,N,N,Extra fee,Extra fee,N,N,N,N,N,N,N,N,N,N,N,2026-05-15,https://hedgehogportal.interiorhealth.ca/ChildCare/Map,N,Y,N,Conin's Family Daycare<br>Licensed Family<br>250-814-1900<br><br>Vacancy:<br>&nbsp;&nbsp;&nbsp;&nbsp;<36 months: N<br>&nbsp;&nbsp;&nbsp;&nbsp;30 months -- 5 years: N<br>&nbsp;&nbsp;&nbsp;&nbsp;Preschool: N<br>&nbsp;&nbsp;&nbsp;&nbsp;Grade 1 - Age 12: N<br>
4375,Licensed Group,Strawberry Patch Child Care Centre Inc.,23422  47 Ave,,Langley,V2Z 2S3,49.086052,-122.574616,604-514-3150,,,Y,N,N,N,N,N,N,Y,N,Y,Y,N,N,N,N,N,N,Extra fee,Not offered,N,N,N,N,Y,Y,Y,Y,Y,N,N,2026-04-22,http://www.healthspace.ca/fha/childcare,N,Y,N,Strawberry Patch Child Care Centre Inc.<br>Licensed Group<br>604-514-3150<br><br>Vacancy:<br>&nbsp;&nbsp;&nbsp;&nbsp;<36 months: Y<br>&nbsp;&nbsp;&nbsp;&nbsp;30 months -- 5 years: Y<br>&nbsp;&nbsp;&nbsp;&nbsp;Preschool: N<br>&nbsp;&nbsp;&nbsp;&nbsp;Grade 1 - Age 12: N<br>
4376,Licensed Group,Cornerstone Junior Kindergarten,32860 Downes Rd,,Abbotsford,V2S 5Z5,49.074573,-122.31304,604-859-7867,,,N,N,N,N,N,N,N,N,N,N,N,N,N,N,N,N,N,,,N,N,N,N,N,N,N,N,N,Y,N,2026-05-04,http://www.healthspace.ca/fha/childcare,N,Y,N,Cornerstone Junior Kindergarten<br>Licensed Group<br>604-859-7867<br><br>Vacancy:<br>&nbsp;&nbsp;&nbsp;&nbsp;<36 months: N<br>&nbsp;&nbsp;&nbsp;&nbsp;30 months -- 5 years: N<br>&nbsp;&nbsp;&nbsp;&nbsp;Preschool: Y<br>&nbsp;&nbsp;&nbsp;&nbsp;Grade 1 - Age 12: N<br>
4377,Licensed Group,Central Montessori Child Care - Site B,8191 St. Albans Rd,,Richmond,V6Y 2L2,49.153818,-123.131418,604-618-2880,,,N,N,N,N,N,N,N,N,N,N,N,N,N,N,N,N,N,,,N,N,N,N,N,N,N,Y,Y,N,N,2026-05-06,https://inspections.vcha.ca/ChildCare/Table,N,Y,N,Central Montessori Child Care - Site B<br>Licensed Group<br>604-618-2880<br><br>Vacancy:<br>&nbsp;&nbsp;&nbsp;&nbsp;<36 months: Y<br>&nbsp;&nbsp;&nbsp;&nbsp;30 months -- 5 years: Y<br>&nbsp;&nbsp;&nbsp;&nbsp;Preschool: N<br>&nbsp;&nbsp;&nbsp;&nbsp;Grade 1 - Age 12: N<br>
4378,Licensed Group,Central Montessori Child Care - Site C,8191 St. Albans Rd,,Richmond,V6Y 2L2,49.153818,-123.131418,604-618-2880,,,N,N,N,N,N,N,N,N,N,N,N,N,N,N,N,N,N,,,N,N,N,N,N,N,N,Y,N,N,N,2026-05-06,https://inspections.vcha.ca/ChildCare/Table,N,Y,N,Central Montessori Child Care - Site C<br>Licensed Group<br>604-618-2880<br><br>Vacancy:<br>&nbsp;&nbsp;&nbsp;&nbsp;<36 months: Y<br>&nbsp;&nbsp;&nbsp;&nbsp;30 months -- 5 years: N<br>&nbsp;&nbsp;&nbsp;&nbsp;Preschool: N<br>&nbsp;&nbsp;&nbsp;&nbsp;Grade 1 - Age 12: N<br>
4379,Licensed Group,My Little School Daycare (1991) Inc.,1890 Deep Cove Rd,,North Vancouver,V7G 1S6,49.323896,-122.953094,604-728-7597,,,N,N,N,N,N,N,N,N,N,N,N,N,N,N,N,N,N,,,N,N,N,N,N,N,N,N,N,Y,N,2026-05-16,https://inspections.vcha.ca/ChildCare/Table,N,Y,Y,My Little School Daycare (1991) Inc.<br>Licensed Group<br>604-728-7597<br><br>Vacancy:<br>&nbsp;&nbsp;&nbsp;&nbsp;<36 months: N<br>&nbsp;&nbsp;&nbsp;&nbsp;30 months -- 5 years: N<br>&nbsp;&nbsp;&nbsp;&nbsp;Preschool: Y<br>&nbsp;&nbsp;&nbsp;&nbsp;Grade 1 - Age 12: N<br>
4380,Licensed Group,My Little School Daycare (1991) Inc.,1890 Deep Cove Rd,,North Vancouver,V7G 1S6,49.323896,-122.953094,604-728-7597,,,N,N,N,N,N,N,N,N,N,N,N,N,N,N,N,N,N,,,N,N,N,N,N,N,N,N,N,Y,N,2026-05-16,https://inspections.vcha.ca/ChildCare/Table,N,Y,Y,My Little School Daycare (1991) Inc.<br>Licensed Group<br>604-728-7597<br><br>Vacancy:<br>&nbsp;&nbsp;&nbsp;&nbsp;<36 months: N<br>&nbsp;&nbsp;&nbsp;&nbsp;30 months -- 5 years: N<br>&nbsp;&nbsp;&nbsp;&nbsp;Preschool: Y<br>&nbsp;&nbsp;&nbsp;&nbsp;Grade 1 - Age 12: N<br>
4381,Licensed Group,My Little School Daycare (1991) Inc.,1890 Deep Cove Rd,,North Vancouver,V7G 1S6,49.323896,-122.953094,604-728-7597,,,N,N,N,N,N,N,N,N,N,N,N,N,N,N,N,N,N,,,N,N,N,N,N,N,N,N,N,Y,N,2026-05-16,https://inspections.vcha.ca/ChildCare/Table,N,Y,Y,My Little School Daycare (1991) Inc.<br>Licensed Group<br>604-728-7597<br><br>Vacancy:<br>&nbsp;&nbsp;&nbsp;&nbsp;<36 months: N<br>&nbsp;&nbsp;&nbsp;&nbsp;30 months -- 5 years: N<br>&nbsp;&nbsp;&nbsp;&nbsp;Preschool: Y<br>&nbsp;&nbsp;&nbsp;&nbsp;Grade 1 - Age 12: N<br>
4382,Licensed Group,Hampton Park Bilingual Montessori Inc.,1760 Paddock Dr,,Coquitlam,V3E 3N8,49.310734,-122.788556,604-468-9934,,,N,N,N,N,N,N,N,N,N,N,N,N,N,N,N,N,N,,,N,N,N,N,N,N,N,N,N,N,N,2026-05-11,http://www.healthspace.ca/fha/childcare,N,Y,N,Hampton Park Bilingual Montessori Inc.<br>Licensed Group<br>604-468-9934<br><br>Vacancy:<br>&nbsp;&nbsp;&nbsp;&nbsp;<36 months: N<br>&nbsp;&nbsp;&nbsp;&nbsp;30 months -- 5 years: N<br>&nbsp;&nbsp;&nbsp;&nbsp;Preschool: N<br>&nbsp;&nbsp;&nbsp;&nbsp;Grade 1 - Age 12: N<br>
4383,Licensed Group,Dunbar Kids Club,3776 28Th Ave W,,Vancouver,V6S 1S6,49.247105,-123.188003,604-875-9111,,,N,N,N,N,N,N,N,N,N,N,N,N,N,N,N,N,N,Not offered,Not offered,N,N,N,N,N,N,N,N,N,N,N,2026-04-08,https://inspections.vcha.ca/ChildCare/Table,N,Y,N,Dunbar Kids Club<br>Licensed Group<br>604-875-9111<br><br>Vacancy:<br>&nbsp;&nbsp;&nbsp;&nbsp;<36 months: N<br>&nbsp;&nbsp;&nbsp;&nbsp;30 months -- 5 years: N<br>&nbsp;&nbsp;&nbsp;&nbsp;Preschool: N<br>&nbsp;&nbsp;&nbsp;&nbsp;Grade 1 - Age 12: N<br>
4384,Licensed Group,Okanagan Boys And Girls Club Of Penticton,1295 Manitoba St,,Penticton,V2A 4Z9,49.485745,-119.582472,250-762-3914,,,N,N,N,N,N,N,N,N,N,N,N,N,N,N,N,N,N,,,N,N,N,N,N,N,N,N,N,N,Y,2026-05-15,https://hedgehogportal.interiorhealth.ca/ChildCare/Map,N,Y,N,Okanagan Boys And Girls Club Of Penticton<br>Licensed Group<br>250-762-3914<br><br>Vacancy:<br>&nbsp;&nbsp;&nbsp;&nbsp;<36 months: N<br>&nbsp;&nbsp;&nbsp;&nbsp;30 months -- 5 years: N<br>&nbsp;&nbsp;&nbsp;&nbsp;Preschool: N<br>&nbsp;&nbsp;&nbsp;&nbsp;Grade 1 - Age 12: Y<br>
4385,Licensed Group,Nsnh - Capilano Kids' Club,1230 20Th St W,,North Vancouver,V7P 2B9,49.328023,-123.108889,604-987-8138,,,N,N,N,N,N,N,N,N,N,N,N,N,N,N,N,N,N,,,N,N,N,N,N,N,N,N,N,N,Y,2026-05-11,https://inspections.vcha.ca/ChildCare/Table,N,Y,N,Nsnh - Capilano Kids' Club<br>Licensed Group<br>604-987-8138<br><br>Vacancy:<br>&nbsp;&nbsp;&nbsp;&nbsp;<36 months: N<br>&nbsp;&nbsp;&nbsp;&nbsp;30 months -- 5 years: N<br>&nbsp;&nbsp;&nbsp;&nbsp;Preschool: N<br>&nbsp;&nbsp;&nbsp;&nbsp;Grade 1 - Age 12: Y<br>
4386,Licensed Group,The Lilyput Centre For Kids,2081 mcdougal Rd,Room 104,Kelowna,V1Z 4A2,49.876864,-119.572731,250-878-4852,,,Y,N,N,N,N,N,N,Y,N,N,N,N,N,N,N,N,N,Not offered,Not offered,N,N,N,N,Y,Y,N,Y,Y,N,N,2026-05-18,https://hedgehogportal.interiorhealth.ca/ChildCare/Map,N,Y,N,The Lilyput Centre For Kids<br>Licensed Group<br>250-878-4852<br><br>Vacancy:<br>&nbsp;&nbsp;&nbsp;&nbsp;<36 months: Y<br>&nbsp;&nbsp;&nbsp;&nbsp;30 months -- 5 years: Y<br>&nbsp;&nbsp;&nbsp;&nbsp;Preschool: N<br>&nbsp;&nbsp;&nbsp;&nbsp;Grade 1 - Age 12: N<br>
4387,Licensed Group,B & D Montessori Learning Academy Ltd. (Coq),1187 Eagleridge Dr,,Coquitlam,V3E 1J8,49.280017,-122.813513,604-464-6447,,,N,N,N,N,N,N,N,N,N,N,N,N,N,N,N,N,N,,,N,N,N,N,N,N,N,N,N,N,N,2026-04-24,http://www.healthspace.ca/fha/childcare,N,Y,N,B & D Montessori Learning Academy Ltd. (Coq)<br>Licensed Group<br>604-464-6447<br><br>Vacancy:<br>&nbsp;&nbsp;&nbsp;&nbsp;<36 months: N<br>&nbsp;&nbsp;&nbsp;&nbsp;30 months -- 5 years: N<br>&nbsp;&nbsp;&nbsp;&nbsp;Preschool: N<br>&nbsp;&nbsp;&nbsp;&nbsp;Grade 1 - Age 12: N<br>
4388,Licensed Family,Smiles N' Hugs Family Child Care,12294 Hillside St,,Maple Ridge,V2X 5X1,49.225724,-122.605323,604-466-7393,,,Y,N,N,N,N,N,Y,Y,N,N,N,N,N,N,N,N,N,Not offered,Not offered,N,N,N,N,N,N,N,Y,Y,N,N,2026-05-15,http://www.healthspace.ca/fha/childcare,N,Y,N,Smiles N' Hugs Family Child Care<br>Licensed Family<br>604-466-7393<br><br>Vacancy:<br>&nbsp;&nbsp;&nbsp;&nbsp;<36 months: Y<br>&nbsp;&nbsp;&nbsp;&nbsp;30 months -- 5 years: Y<br>&nbsp;&nbsp;&nbsp;&nbsp;Preschool: N<br>&nbsp;&nbsp;&nbsp;&nbsp;Grade 1 - Age 12: N<br>
4389,Licensed Group,Richmond Christian School Early Learning,5240 Woodwards Rd,,Richmond,V7E 1H1,49.143027,-123.166487,604-272-5720,,,N,N,N,N,N,N,N,N,N,N,N,N,N,N,N,N,N,,,N,N,N,N,N,N,N,N,N,N,N,2026-05-16,https://inspections.vcha.ca/ChildCare/Table,N,Y,N,Richmond Christian School Early Learning<br>Licensed Group<br>604-272-5720<br><br>Vacancy:<br>&nbsp;&nbsp;&nbsp;&nbsp;<36 months: N<br>&nbsp;&nbsp;&nbsp;&nbsp;30 months -- 5 years: N<br>&nbsp;&nbsp;&nbsp;&nbsp;Preschool: N<br>&nbsp;&nbsp;&nbsp;&nbsp;Grade 1 - Age 12: N<br>
4390,Licensed Group,St. Joseph's Pre-K & After School Program,4039 Broadway Ave,,Smithers,V0J 2N0,54.782376,-127.177706,250-847-9414,,,N,N,N,N,N,N,N,N,N,N,N,N,N,N,N,N,N,,,N,N,N,N,N,N,N,N,N,Y,N,2026-05-12,https://www.healthspace.ca/Clients/NHA/NHA_Website.nsf/CCFL-Frameset,N,Y,N,St. Joseph's Pre-K & After School Program<br>Licensed Group<br>250-847-9414<br><br>Vacancy:<br>&nbsp;&nbsp;&nbsp;&nbsp;<36 months: N<br>&nbsp;&nbsp;&nbsp;&nbsp;30 months -- 5 years: N<br>&nbsp;&nbsp;&nbsp;&nbsp;Preschool: Y<br>&nbsp;&nbsp;&nbsp;&nbsp;Grade 1 - Age 12: N<br>
4391,Licensed Group,Keating Out Of School Care (Lions Hall),6994 East Saanich Rd,,Saanichton,V8Z 5Z2,48.572182,-123.403147,250-652-5546,,,N,N,N,N,N,N,N,N,N,N,N,N,N,N,N,N,N,,,N,N,N,N,N,N,N,N,N,N,N,2026-05-12,https://www.healthspace.ca/clients/viha/viha_website.nsf/CCFL-Main?OpenView,N,Y,N,Keating Out Of School Care (Lions Hall)<br>Licensed Group<br>250-652-5546<br><br>Vacancy:<br>&nbsp;&nbsp;&nbsp;&nbsp;<36 months: N<br>&nbsp;&nbsp;&nbsp;&nbsp;30 months -- 5 years: N<br>&nbsp;&nbsp;&nbsp;&nbsp;Preschool: N<br>&nbsp;&nbsp;&nbsp;&nbsp;Grade 1 - Age 12: N<br>
4392,Licensed Group,Pacific Christian Pre-School,671 Agnes St,,Victoria,V8Z 2E7,48.471876,-123.3842,250-479-4532,,,N,N,N,N,N,N,N,N,N,N,N,N,N,N,N,N,N,,,N,N,N,N,N,N,N,N,N,N,N,2026-05-15,https://www.healthspace.ca/clients/viha/viha_website.nsf/CCFL-Main?OpenView,N,Y,N,Pacific Christian Pre-School<br>Licensed Group<br>250-479-4532<br><br>Vacancy:<br>&nbsp;&nbsp;&nbsp;&nbsp;<36 months: N<br>&nbsp;&nbsp;&nbsp;&nbsp;30 months -- 5 years: N<br>&nbsp;&nbsp;&nbsp;&nbsp;Preschool: N<br>&nbsp;&nbsp;&nbsp;&nbsp;Grade 1 - Age 12: N<br>
4393,Licensed Group,New Beginnings Early Years Center (Lake Country) Ltd.,12008 Pretty Rd,,Lake Country,V4V 1H1,50.055443,-119.410821,250-766-3788,,,N,N,N,N,N,N,N,N,N,N,N,N,N,N,N,N,N,,,N,N,N,N,N,N,N,N,Y,N,N,2026-05-15,https://hedgehogportal.interiorhealth.ca/ChildCare/Map,N,Y,N,New Beginnings Early Years Center (Lake Country) Ltd.<br>Licensed Group<br>250-766-3788<br><br>Vacancy:<br>&nbsp;&nbsp;&nbsp;&nbsp;<36 months: N<br>&nbsp;&nbsp;&nbsp;&nbsp;30 months -- 5 years: Y<br>&nbsp;&nbsp;&nbsp;&nbsp;Preschool: N<br>&nbsp;&nbsp;&nbsp;&nbsp;Grade 1 - Age 12: N<br>
4394,Licensed Group,Abbotsford Christian School Childcare Preschool & Seamless D,3939 Old Clayburn Rd,,Abbotsford,V3G 1J9,49.073426,-122.251149,604-755-8106,,,N,N,N,N,N,N,N,N,N,N,N,N,N,N,N,N,N,,,N,N,N,N,N,N,N,N,N,Y,N,2026-05-12,http://www.healthspace.ca/fha/childcare,N,N,N,Abbotsford Christian School Childcare Preschool & Seamless D<br>Licensed Group<br>604-755-8106<br><br>Vacancy:<br>&nbsp;&nbsp;&nbsp;&nbsp;<36 months: N<br>&nbsp;&nbsp;&nbsp;&nbsp;30 months -- 5 years: N<br>&nbsp;&nbsp;&nbsp;&nbsp;Preschool: Y<br>&nbsp;&nbsp;&nbsp;&nbsp;Grade 1 - Age 12: N<br>
4395,Licensed Group,Sacred Heart Preschool & Daycare,455 Pigeon Ave,,Williams Lake,V2G 4R5,52.136793,-122.14716,250-398-5852,,,N,N,N,N,N,N,N,N,N,N,N,N,N,N,N,N,N,,,N,N,N,N,N,N,N,N,Y,Y,Y,2026-05-04,https://hedgehogportal.interiorhealth.ca/ChildCare/Map,N,Y,N,Sacred Heart Preschool & Daycare<br>Licensed Group<br>250-398-5852<br><br>Vacancy:<br>&nbsp;&nbsp;&nbsp;&nbsp;<36 months: N<br>&nbsp;&nbsp;&nbsp;&nbsp;30 months -- 5 years: Y<br>&nbsp;&nbsp;&nbsp;&nbsp;Preschool: Y<br>&nbsp;&nbsp;&nbsp;&nbsp;Grade 1 - Age 12: Y<br>
4396,Licensed Group,Delta Christian School,4789 53 St,,Delta,V4K 2Y9,49.089548,-123.07653,604-946-2514,,,N,N,N,N,N,N,N,N,N,N,N,N,N,N,N,N,N,,,N,N,N,N,N,N,N,N,N,N,N,2026-04-23,,N,N,N,Delta Christian School<br>Licensed Group<br>604-946-2514<br><br>Vacancy:<br>&nbsp;&nbsp;&nbsp;&nbsp;<36 months: N<br>&nbsp;&nbsp;&nbsp;&nbsp;30 months -- 5 years: N<br>&nbsp;&nbsp;&nbsp;&nbsp;Preschool: N<br>&nbsp;&nbsp;&nbsp;&nbsp;Grade 1 - Age 12: N<br>
4397,Licensed Group,Wind And Tide - Dorothy Peacock,20292 91A Ave,,Langley,V1M 2G2,49.167822,-122.660291,604-575-0549,,,N,N,N,N,N,N,N,N,N,N,N,N,N,N,N,N,N,,,N,N,N,N,N,N,N,N,N,N,N,2026-05-15,http://www.healthspace.ca/fha/childcare,N,Y,N,Wind And Tide - Dorothy Peacock<br>Licensed Group<br>604-575-0549<br><br>Vacancy:<br>&nbsp;&nbsp;&nbsp;&nbsp;<36 months: N<br>&nbsp;&nbsp;&nbsp;&nbsp;30 months -- 5 years: N<br>&nbsp;&nbsp;&nbsp;&nbsp;Preschool: N<br>&nbsp;&nbsp;&nbsp;&nbsp;Grade 1 - Age 12: N<br>
4398,Licensed Group,Wind And Tide Preschool - Uplands,4471 207A St,,Langley,V3A 6V8,49.083397,-122.650283,604-575-0549,,,N,N,N,N,N,N,N,N,N,N,N,N,N,N,N,N,N,,,N,N,N,N,N,N,N,N,N,Y,N,2026-05-15,http://www.healthspace.ca/fha/childcare,N,Y,N,Wind And Tide Preschool - Uplands<br>Licensed Group<br>604-575-0549<br><br>Vacancy:<br>&nbsp;&nbsp;&nbsp;&nbsp;<36 months: N<br>&nbsp;&nbsp;&nbsp;&nbsp;30 months -- 5 years: N<br>&nbsp;&nbsp;&nbsp;&nbsp;Preschool: Y<br>&nbsp;&nbsp;&nbsp;&nbsp;Grade 1 - Age 12: N<br>
4399,Licensed Group,Crystal Star Day Care,10631 Gilmore Cres,,Richmond,V6X 1X3,49.196274,-123.104683,604-276-9816,,,Y,N,N,N,N,N,Y,N,N,N,N,N,N,N,N,N,N,Not offered,Not offered,N,N,N,N,N,Y,Y,Y,N,N,N,2026-05-15,https://inspections.vcha.ca/ChildCare/Table,N,Y,N,Crystal Star Day Care<br>Licensed Group<br>604-276-9816<br><br>Vacancy:<br>&nbsp;&nbsp;&nbsp;&nbsp;<36 months: Y<br>&nbsp;&nbsp;&nbsp;&nbsp;30 months -- 5 years: N<br>&nbsp;&nbsp;&nbsp;&nbsp;Preschool: N<br>&nbsp;&nbsp;&nbsp;&nbsp;Grade 1 - Age 12: N<br>
4400,Licensed Family,Orchid Family Child Care,789 14Th Ave E,,Vancouver,V5T 2N3,49.257952,-123.087596,778-792-8180,,,N,N,N,N,N,N,N,N,N,N,N,N,N,N,N,N,N,,,N,N,N,N,N,N,N,N,N,N,N,2026-05-15,https://inspections.vcha.ca/ChildCare/Table,N,Y,N,Orchid Family Child Care<br>Licensed Family<br>778-792-8180<br><br>Vacancy:<br>&nbsp;&nbsp;&nbsp;&nbsp;<36 months: N<br>&nbsp;&nbsp;&nbsp;&nbsp;30 months -- 5 years: N<br>&nbsp;&nbsp;&nbsp;&nbsp;Preschool: N<br>&nbsp;&nbsp;&nbsp;&nbsp;Grade 1 - Age 12: N<br>
4401,Licensed Group,Little Bears Early Childhood Education Centre,623 Kelly Rd,,Victoria,V9B 2A6,48.435218,-123.494041,250-478-8999,,,N,N,N,N,N,N,N,N,N,N,N,N,N,N,N,N,N,,,N,N,N,N,N,N,N,N,N,N,N,2026-05-20,https://www.healthspace.ca/clients/viha/viha_website.nsf/CCFL-Main?OpenView,N,Y,N,Little Bears Early Childhood Education Centre<br>Licensed Group<br>250-478-8999<br><br>Vacancy:<br>&nbsp;&nbsp;&nbsp;&nbsp;<36 months: N<br>&nbsp;&nbsp;&nbsp;&nbsp;30 months -- 5 years: N<br>&nbsp;&nbsp;&nbsp;&nbsp;Preschool: N<br>&nbsp;&nbsp;&nbsp;&nbsp;Grade 1 - Age 12: N<br>
4402,Licensed Group,Little Cedar Montessori Children's Community,1530 22Nd Ave E,,Vancouver,V5N 2P1,49.250145,-123.072864,604-872-3303,,,N,N,N,N,N,N,N,N,N,N,N,N,N,N,N,N,N,,,N,N,N,N,N,N,N,N,Y,N,N,2026-05-05,https://inspections.vcha.ca/ChildCare/Table,N,Y,N,Little Cedar Montessori Children's Community<br>Licensed Group<br>604-872-3303<br><br>Vacancy:<br>&nbsp;&nbsp;&nbsp;&nbsp;<36 months: N<br>&nbsp;&nbsp;&nbsp;&nbsp;30 months -- 5 years: Y<br>&nbsp;&nbsp;&nbsp;&nbsp;Preschool: N<br>&nbsp;&nbsp;&nbsp;&nbsp;Grade 1 - Age 12: N<br>
4403,Licensed Group,La Prematernelle Francophone Trottin-Trottinette(School Age),380 Kings Rd W,,North Vancouver,V7N 2L9,49.337976,-123.078371,778-340-1034,,,N,N,N,N,N,N,N,N,N,N,N,N,N,N,N,N,N,,,N,N,N,N,N,N,N,N,N,N,N,2026-05-12,https://inspections.vcha.ca/ChildCare/Table,N,Y,N,La Prematernelle Francophone Trottin-Trottinette(School Age)<br>Licensed Group<br>778-340-1034<br><br>Vacancy:<br>&nbsp;&nbsp;&nbsp;&nbsp;<36 months: N<br>&nbsp;&nbsp;&nbsp;&nbsp;30 months -- 5 years: N<br>&nbsp;&nbsp;&nbsp;&nbsp;Preschool: N<br>&nbsp;&nbsp;&nbsp;&nbsp;Grade 1 - Age 12: N<br>
4404,Licensed Family,Arts And Music Daycare,4200 Annapolis Pl,,Richmond,V7E 5G4,49.135807,-123.179342,604-271-4769,,,N,N,N,N,N,N,N,N,N,N,N,N,N,N,N,N,N,,,N,N,N,N,N,N,N,Y,Y,N,Y,2026-05-18,https://inspections.vcha.ca/ChildCare/Table,N,Y,N,Arts And Music Daycare<br>Licensed Family<br>604-271-4769<br><br>Vacancy:<br>&nbsp;&nbsp;&nbsp;&nbsp;<36 months: Y<br>&nbsp;&nbsp;&nbsp;&nbsp;30 months -- 5 years: Y<br>&nbsp;&nbsp;&nbsp;&nbsp;Preschool: N<br>&nbsp;&nbsp;&nbsp;&nbsp;Grade 1 - Age 12: Y<br>
4405,Licensed Group,Kid's Castle Group Day Care,9422 156 St,,Surrey,V3R 5Z2,49.17394,-122.789771,604-580-0411,,,N,N,N,N,N,N,N,N,N,N,N,N,N,N,N,N,N,,,N,N,N,N,N,N,N,N,N,N,N,2026-05-10,http://www.healthspace.ca/fha/childcare,N,Y,N,Kid's Castle Group Day Care<br>Licensed Group<br>604-580-0411<br><br>Vacancy:<br>&nbsp;&nbsp;&nbsp;&nbsp;<36 months: N<br>&nbsp;&nbsp;&nbsp;&nbsp;30 months -- 5 years: N<br>&nbsp;&nbsp;&nbsp;&nbsp;Preschool: N<br>&nbsp;&nbsp;&nbsp;&nbsp;Grade 1 - Age 12: N<br>
4406,Licensed Family,Tina's Tiny Tots Daycare,6147 49 Ave,,Delta,V4K 4X2,49.091899,-123.052075,604-803-5020,,,N,N,N,N,N,N,N,N,N,N,N,N,N,N,N,N,N,,,N,N,N,N,N,N,N,N,N,N,N,2026-04-16,http://www.healthspace.ca/fha/childcare,N,Y,N,Tina's Tiny Tots Daycare<br>Licensed Family<br>604-803-5020<br><br>Vacancy:<br>&nbsp;&nbsp;&nbsp;&nbsp;<36 months: N<br>&nbsp;&nbsp;&nbsp;&nbsp;30 months -- 5 years: N<br>&nbsp;&nbsp;&nbsp;&nbsp;Preschool: N<br>&nbsp;&nbsp;&nbsp;&nbsp;Grade 1 - Age 12: N<br>
4407,Licensed Family,Kids' Kingdom Family Daycare,1869 Horizon Dr,,West Kelowna,V1Z 3E4,49.882714,-119.550279,778-363-5200,,,N,N,N,N,N,N,N,N,N,N,N,N,N,N,N,N,N,,,N,N,N,N,N,N,N,N,N,N,N,2026-05-15,https://hedgehogportal.interiorhealth.ca/ChildCare/Map,N,Y,N,Kids' Kingdom Family Daycare<br>Licensed Family<br>778-363-5200<br><br>Vacancy:<br>&nbsp;&nbsp;&nbsp;&nbsp;<36 months: N<br>&nbsp;&nbsp;&nbsp;&nbsp;30 months -- 5 years: N<br>&nbsp;&nbsp;&nbsp;&nbsp;Preschool: N<br>&nbsp;&nbsp;&nbsp;&nbsp;Grade 1 - Age 12: N<br>
4408,Licensed Family,Jolly World Family Child Care,619-1267 Marinaside Cres,,Vancouver,V6Z 2X5,49.272868,-123.120919,604-622-4180,,,N,N,N,N,N,N,N,N,N,N,N,N,N,N,N,N,N,,,N,N,N,N,N,N,N,N,N,N,N,2026-05-15,https://inspections.vcha.ca/ChildCare/Table,N,Y,N,Jolly World Family Child Care<br>Licensed Family<br>604-622-4180<br><br>Vacancy:<br>&nbsp;&nbsp;&nbsp;&nbsp;<36 months: N<br>&nbsp;&nbsp;&nbsp;&nbsp;30 months -- 5 years: N<br>&nbsp;&nbsp;&nbsp;&nbsp;Preschool: N<br>&nbsp;&nbsp;&nbsp;&nbsp;Grade 1 - Age 12: N<br>
4409,Licensed Family,Bubbles And Dreams Family Daycare,11982 Meadowlark Dr,,Maple Ridge,V2X 9M1,49.219537,-122.57134,604-466-9725,,,N,N,N,N,N,N,N,N,N,N,N,N,N,N,N,N,N,,,N,N,N,N,N,N,N,N,N,N,N,2026-05-15,http://www.healthspace.ca/fha/childcare,N,Y,N,Bubbles And Dreams Family Daycare<br>Licensed Family<br>604-466-9725<br><br>Vacancy:<br>&nbsp;&nbsp;&nbsp;&nbsp;<36 months: N<br>&nbsp;&nbsp;&nbsp;&nbsp;30 months -- 5 years: N<br>&nbsp;&nbsp;&nbsp;&nbsp;Preschool: N<br>&nbsp;&nbsp;&nbsp;&nbsp;Grade 1 - Age 12: N<br>
4410,Licensed Group,Child's View Childrens' Centre,1577 128 St,,Surrey,V4A 3V1,49.030784,-122.867721,778-888-0739,,,N,N,N,N,N,N,N,N,N,N,N,N,N,N,N,N,N,,,N,N,N,N,N,N,N,N,N,N,Y,2026-05-05,http://www.healthspace.ca/fha/childcare,N,Y,N,Child's View Childrens' Centre<br>Licensed Group<br>778-888-0739<br><br>Vacancy:<br>&nbsp;&nbsp;&nbsp;&nbsp;<36 months: N<br>&nbsp;&nbsp;&nbsp;&nbsp;30 months -- 5 years: N<br>&nbsp;&nbsp;&nbsp;&nbsp;Preschool: N<br>&nbsp;&nbsp;&nbsp;&nbsp;Grade 1 - Age 12: Y<br>
4411,Licensed Group,West Sechelt Seamless Day Before & After School Care,5609 Mason Rd,,Sechelt,V7Z 0N4,49.475612,-123.803204,604-885-6787,,,,,,,,,,,,,,,,,,,,,,,,,,,,,,,,,,,Y,N,N,West Sechelt Seamless Day Before & After School Care<br>Licensed Group<br>604-885-6787<br><br>Vacancy:<br>&nbsp;&nbsp;&nbsp;&nbsp;<36 months: None<br>&nbsp;&nbsp;&nbsp;&nbsp;30 months -- 5 years: None<br>&nbsp;&nbsp;&nbsp;&nbsp;Preschool: None<br>&nbsp;&nbsp;&nbsp;&nbsp;Grade 1 - Age 12: None<br>
4412,Licensed Group,Wee Saints Preschool & School Age Care,17511 59 Ave,,Surrey,V3S 1P3,49.109751,-122.737413,604-683-0281,,,N,N,N,N,N,N,N,N,N,N,N,N,N,N,N,N,N,,,N,N,N,N,N,N,N,N,N,N,N,2026-05-04,http://www.healthspace.ca/fha/childcare,N,Y,N,Wee Saints Preschool & School Age Care<br>Licensed Group<br>604-683-0281<br><br>Vacancy:<br>&nbsp;&nbsp;&nbsp;&nbsp;<36 months: N<br>&nbsp;&nbsp;&nbsp;&nbsp;30 months -- 5 years: N<br>&nbsp;&nbsp;&nbsp;&nbsp;Preschool: N<br>&nbsp;&nbsp;&nbsp;&nbsp;Grade 1 - Age 12: N<br>
4413,Licensed Group,Bluebird Daycare Centre (Capilano) Inc.,1434 Woods Dr,,North Vancouver,V7R 1A7,49.334924,-123.11365,604-988-8117,,,N,N,N,N,N,N,N,N,N,N,N,N,N,N,N,N,N,,,N,N,N,N,N,N,N,Y,Y,N,N,2026-04-23,https://inspections.vcha.ca/ChildCare/Table,N,Y,Y,Bluebird Daycare Centre (Capilano) Inc.<br>Licensed Group<br>604-988-8117<br><br>Vacancy:<br>&nbsp;&nbsp;&nbsp;&nbsp;<36 months: Y<br>&nbsp;&nbsp;&nbsp;&nbsp;30 months -- 5 years: Y<br>&nbsp;&nbsp;&nbsp;&nbsp;Preschool: N<br>&nbsp;&nbsp;&nbsp;&nbsp;Grade 1 - Age 12: N<br>
4414,Licensed Group,"Panda Bear Children's Place ""Panda Kids""",1215 Falcon Dr,,Coquitlam,V3E 1X9,49.285058,-122.817086,604-862-1302,,,N,N,N,N,N,N,N,N,N,N,N,N,N,N,N,N,N,,,N,N,N,N,N,N,N,N,N,N,N,2026-05-15,http://www.healthspace.ca/fha/childcare,N,Y,N,"Panda Bear Children's Place ""Panda Kids""<br>Licensed Group<br>604-862-1302<br><br>Vacancy:<br>&nbsp;&nbsp;&nbsp;&nbsp;<36 months: N<br>&nbsp;&nbsp;&nbsp;&nbsp;30 months -- 5 years: N<br>&nbsp;&nbsp;&nbsp;&nbsp;Preschool: N<br>&nbsp;&nbsp;&nbsp;&nbsp;Grade 1 - Age 12: N<br>"
4415,Licensed Family,The Cozy Cottage Family Daycare,3272 Royston Rd,,Courtenay,V9N 9R3,49.627032,-124.99038,250-336-2285,,,N,N,N,N,N,N,N,N,N,N,N,N,N,N,N,N,N,,,N,N,N,N,N,N,N,Y,Y,N,N,2026-05-18,https://www.healthspace.ca/clients/viha/viha_website.nsf/CCFL-Main?OpenView,N,Y,N,The Cozy Cottage Family Daycare<br>Licensed Family<br>250-336-2285<br><br>Vacancy:<br>&nbsp;&nbsp;&nbsp;&nbsp;<36 months: Y<br>&nbsp;&nbsp;&nbsp;&nbsp;30 months -- 5 years: Y<br>&nbsp;&nbsp;&nbsp;&nbsp;Preschool: N<br>&nbsp;&nbsp;&nbsp;&nbsp;Grade 1 - Age 12: N<br>
4416,Licensed Family,Explorers Corner Daycare,22552 122 Ave,,Maple Ridge,V2X 7H1,49.224476,-122.596957,604-463-7538,,,N,N,N,N,N,N,N,N,N,N,N,N,N,N,N,N,N,,,N,N,N,N,N,N,N,N,Y,N,N,2026-04-23,http://www.healthspace.ca/fha/childcare,N,Y,N,Explorers Corner Daycare<br>Licensed Family<br>604-463-7538<br><br>Vacancy:<br>&nbsp;&nbsp;&nbsp;&nbsp;<36 months: N<br>&nbsp;&nbsp;&nbsp;&nbsp;30 months -- 5 years: Y<br>&nbsp;&nbsp;&nbsp;&nbsp;Preschool: N<br>&nbsp;&nbsp;&nbsp;&nbsp;Grade 1 - Age 12: N<br>
4417,Licensed Group,Sowing Seeds Preschool,7086 124Th St,,Surrey,V3W 3W8,49.131915,-122.878767,604-594-4098,,,N,N,N,N,N,N,N,N,N,N,N,N,N,N,N,N,N,,,N,N,N,N,N,N,N,N,N,Y,Y,2026-05-01,http://www.healthspace.ca/fha/childcare,N,Y,N,Sowing Seeds Preschool<br>Licensed Group<br>604-594-4098<br><br>Vacancy:<br>&nbsp;&nbsp;&nbsp;&nbsp;<36 months: N<br>&nbsp;&nbsp;&nbsp;&nbsp;30 months -- 5 years: N<br>&nbsp;&nbsp;&nbsp;&nbsp;Preschool: Y<br>&nbsp;&nbsp;&nbsp;&nbsp;Grade 1 - Age 12: Y<br>
4418,Licensed Group,Reach For The Stars Montessori Ii,3606 Nanaimo St,,Vancouver,V5N 5H1,49.252177,-123.056167,604-688-7827,,,N,N,N,N,N,N,N,N,N,N,N,N,N,N,N,N,N,,,N,N,N,N,N,N,N,N,N,N,N,2026-04-28,https://inspections.vcha.ca/ChildCare/Table,N,Y,N,Reach For The Stars Montessori Ii<br>Licensed Group<br>604-688-7827<br><br>Vacancy:<br>&nbsp;&nbsp;&nbsp;&nbsp;<36 months: N<br>&nbsp;&nbsp;&nbsp;&nbsp;30 months -- 5 years: N<br>&nbsp;&nbsp;&nbsp;&nbsp;Preschool: N<br>&nbsp;&nbsp;&nbsp;&nbsp;Grade 1 - Age 12: N<br>
4419,Licensed Family,Mes Amis Childcare,45345 Westview Ave,,Chilliwack,V2P 1L8,49.166032,-121.969945,604-819-4979,,,N,N,N,N,N,N,N,N,N,N,N,N,N,N,N,N,N,,,N,N,N,N,N,N,N,Y,Y,N,N,2026-05-19,http://www.healthspace.ca/fha/childcare,N,Y,N,Mes Amis Childcare<br>Licensed Family<br>604-819-4979<br><br>Vacancy:<br>&nbsp;&nbsp;&nbsp;&nbsp;<36 months: Y<br>&nbsp;&nbsp;&nbsp;&nbsp;30 months -- 5 years: Y<br>&nbsp;&nbsp;&nbsp;&nbsp;Preschool: N<br>&nbsp;&nbsp;&nbsp;&nbsp;Grade 1 - Age 12: N<br>
4420,Licensed Family,Dandilions & Daisies Family Day Care,3473 Clearwood Cres,,Prince George,V2K 4R1,53.955812,-122.763427,250-962-6498,,,N,N,N,N,N,N,N,N,N,N,N,N,N,N,N,N,N,,,N,N,N,N,N,N,N,Y,N,N,N,2026-05-15,https://www.healthspace.ca/Clients/NHA/NHA_Website.nsf/CCFL-Frameset,N,Y,N,Dandilions & Daisies Family Day Care<br>Licensed Family<br>250-962-6498<br><br>Vacancy:<br>&nbsp;&nbsp;&nbsp;&nbsp;<36 months: Y<br>&nbsp;&nbsp;&nbsp;&nbsp;30 months -- 5 years: N<br>&nbsp;&nbsp;&nbsp;&nbsp;Preschool: N<br>&nbsp;&nbsp;&nbsp;&nbsp;Grade 1 - Age 12: N<br>
4421,Licensed Family,Wee Play And Learn Family Child Care,6170 Dover Rd,,Nanaimo,V9V 1C7,49.241718,-124.033669,250-751-0955,,,N,N,N,N,N,N,N,N,N,N,N,N,N,N,N,N,N,Not offered,Not offered,N,N,N,N,N,N,N,N,N,N,N,2026-05-05,https://www.healthspace.ca/clients/viha/viha_website.nsf/CCFL-Main?OpenView,N,Y,N,Wee Play And Learn Family Child Care<br>Licensed Family<br>250-751-0955<br><br>Vacancy:<br>&nbsp;&nbsp;&nbsp;&nbsp;<36 months: N<br>&nbsp;&nbsp;&nbsp;&nbsp;30 months -- 5 years: N<br>&nbsp;&nbsp;&nbsp;&nbsp;Preschool: N<br>&nbsp;&nbsp;&nbsp;&nbsp;Grade 1 - Age 12: N<br>
4422,Licensed Group,Boundary Bay Montessori House,3800 72 St,,Delta,V4K 3N2,49.071513,-123.019938,604-946-9814,,,,,,,,,,,,,,,,,,,,,,,,,,,,,,,,,,,Y,N,N,Boundary Bay Montessori House<br>Licensed Group<br>604-946-9814<br><br>Vacancy:<br>&nbsp;&nbsp;&nbsp;&nbsp;<36 months: None<br>&nbsp;&nbsp;&nbsp;&nbsp;30 months -- 5 years: None<br>&nbsp;&nbsp;&nbsp;&nbsp;Preschool: None<br>&nbsp;&nbsp;&nbsp;&nbsp;Grade 1 - Age 12: None<br>
4423,Licensed Group,N'quatqua Child & Family Development Centre (Gcc-30 Mos.-Sa),64 Casper Charlie Place,,D'arcy,V0N 1L0,50.550366,-122.483829,604-452-3584,,,N,N,N,N,N,N,N,N,N,N,N,N,N,N,N,N,N,,,N,N,N,N,N,N,N,N,N,N,N,2026-05-15,https://inspections.vcha.ca/ChildCare/Table,N,Y,N,N'quatqua Child & Family Development Centre (Gcc-30 Mos.-Sa)<br>Licensed Group<br>604-452-3584<br><br>Vacancy:<br>&nbsp;&nbsp;&nbsp;&nbsp;<36 months: N<br>&nbsp;&nbsp;&nbsp;&nbsp;30 months -- 5 years: N<br>&nbsp;&nbsp;&nbsp;&nbsp;Preschool: N<br>&nbsp;&nbsp;&nbsp;&nbsp;Grade 1 - Age 12: N<br>
4424,Licensed Family,Small Blessings Family Childcare,529 Collingwood Dr,,Kamloops,V2B 6B7,50.713924,-120.358035,250-320-8573,,,N,N,N,N,N,N,N,N,N,N,N,N,N,N,N,N,N,,,N,N,N,N,N,N,N,N,N,N,N,2026-04-24,https://hedgehogportal.interiorhealth.ca/ChildCare/Map,N,Y,N,Small Blessings Family Childcare<br>Licensed Family<br>250-320-8573<br><br>Vacancy:<br>&nbsp;&nbsp;&nbsp;&nbsp;<36 months: N<br>&nbsp;&nbsp;&nbsp;&nbsp;30 months -- 5 years: N<br>&nbsp;&nbsp;&nbsp;&nbsp;Preschool: N<br>&nbsp;&nbsp;&nbsp;&nbsp;Grade 1 - Age 12: N<br>
4425,Licensed Group,Comox Valley Aboriginal Head Start,956 Grieve Ave,,Courtenay,V9N 2T9,49.686824,-124.999984,250-331-5815,,,N,N,N,N,N,N,N,N,N,N,N,N,N,N,N,N,N,,,N,N,N,N,N,N,N,N,N,Y,N,2026-05-19,https://www.healthspace.ca/clients/viha/viha_website.nsf/CCFL-Main?OpenView,N,Y,N,Comox Valley Aboriginal Head Start<br>Licensed Group<br>250-331-5815<br><br>Vacancy:<br>&nbsp;&nbsp;&nbsp;&nbsp;<36 months: N<br>&nbsp;&nbsp;&nbsp;&nbsp;30 months -- 5 years: N<br>&nbsp;&nbsp;&nbsp;&nbsp;Preschool: Y<br>&nbsp;&nbsp;&nbsp;&nbsp;Grade 1 - Age 12: N<br>
4426,Licensed Family,Kiminy Kricket's Family Childcare,7193 Hagan Rd,,Brentwood Bay,V8M 1H9,48.577691,-123.458063,250-208-8545,,,N,N,N,N,N,N,N,N,N,N,N,N,N,N,N,N,N,,,N,N,N,N,N,N,N,N,N,N,N,2026-05-15,https://www.healthspace.ca/clients/viha/viha_website.nsf/CCFL-Main?OpenView,N,Y,N,Kiminy Kricket's Family Childcare<br>Licensed Family<br>250-208-8545<br><br>Vacancy:<br>&nbsp;&nbsp;&nbsp;&nbsp;<36 months: N<br>&nbsp;&nbsp;&nbsp;&nbsp;30 months -- 5 years: N<br>&nbsp;&nbsp;&nbsp;&nbsp;Preschool: N<br>&nbsp;&nbsp;&nbsp;&nbsp;Grade 1 - Age 12: N<br>
4427,Licensed Group,Bee Haven - West Lynn,1700 Mountain Hwy,,North Vancouver,V7J 3S2,49.324545,-123.037869,604-770-0051,,,N,N,N,N,N,N,N,N,N,N,N,N,N,N,N,N,N,,,N,N,N,N,N,N,N,N,N,N,N,2026-05-14,https://inspections.vcha.ca/ChildCare/Table,N,Y,N,Bee Haven - West Lynn<br>Licensed Group<br>604-770-0051<br><br>Vacancy:<br>&nbsp;&nbsp;&nbsp;&nbsp;<36 months: N<br>&nbsp;&nbsp;&nbsp;&nbsp;30 months -- 5 years: N<br>&nbsp;&nbsp;&nbsp;&nbsp;Preschool: N<br>&nbsp;&nbsp;&nbsp;&nbsp;Grade 1 - Age 12: N<br>
4428,Licensed Group,Bethany Child Care Centre,22680 Westminister Hwy,,Richmond,V6V 1B7,49.173134,-122.969502,604-519-0133,,,N,N,N,N,N,N,N,N,N,N,N,N,N,N,N,N,N,,,N,N,N,N,N,N,N,N,N,N,N,2026-04-30,https://inspections.vcha.ca/ChildCare/Table,N,Y,N,Bethany Child Care Centre<br>Licensed Group<br>604-519-0133<br><br>Vacancy:<br>&nbsp;&nbsp;&nbsp;&nbsp;<36 months: N<br>&nbsp;&nbsp;&nbsp;&nbsp;30 months -- 5 years: N<br>&nbsp;&nbsp;&nbsp;&nbsp;Preschool: N<br>&nbsp;&nbsp;&nbsp;&nbsp;Grade 1 - Age 12: N<br>
4429,Licensed Group,Sweet Peas Cottage Creekside,250 400 Brooksbank Ave,,North Vancouver,V7J 2C2,49.309596,-123.039729,604-988-9989,,,N,N,N,N,N,N,N,N,N,N,N,N,N,N,N,N,N,,,N,N,N,N,N,N,N,N,N,N,N,2026-05-14,https://inspections.vcha.ca/ChildCare/Table,N,Y,N,Sweet Peas Cottage Creekside<br>Licensed Group<br>604-988-9989<br><br>Vacancy:<br>&nbsp;&nbsp;&nbsp;&nbsp;<36 months: N<br>&nbsp;&nbsp;&nbsp;&nbsp;30 months -- 5 years: N<br>&nbsp;&nbsp;&nbsp;&nbsp;Preschool: N<br>&nbsp;&nbsp;&nbsp;&nbsp;Grade 1 - Age 12: N<br>
4430,Licensed Family,Busy Bee Family Child Care Centre,10760 Housman St,,Richmond,V7E 4A3,49.135355,-123.154781,604-721-0402,,,N,N,N,N,N,N,N,N,N,N,N,N,N,N,N,N,N,,,N,N,N,N,N,N,N,Y,Y,N,N,2026-05-15,https://inspections.vcha.ca/ChildCare/Table,N,Y,N,Busy Bee Family Child Care Centre<br>Licensed Family<br>604-721-0402<br><br>Vacancy:<br>&nbsp;&nbsp;&nbsp;&nbsp;<36 months: Y<br>&nbsp;&nbsp;&nbsp;&nbsp;30 months -- 5 years: Y<br>&nbsp;&nbsp;&nbsp;&nbsp;Preschool: N<br>&nbsp;&nbsp;&nbsp;&nbsp;Grade 1 - Age 12: N<br>
4431,Licensed Group,Bonnie Bairns Childcare Services Inc.,2260 Philip Ave,,North Vancouver,V7P 2W8,49.330395,-123.112745,604-983-2600,,,N,N,N,N,N,N,N,N,N,N,N,N,N,N,N,N,N,,,N,N,N,N,N,N,N,N,N,N,N,2026-04-29,https://inspections.vcha.ca/ChildCare/Table,N,Y,N,Bonnie Bairns Childcare Services Inc.<br>Licensed Group<br>604-983-2600<br><br>Vacancy:<br>&nbsp;&nbsp;&nbsp;&nbsp;<36 months: N<br>&nbsp;&nbsp;&nbsp;&nbsp;30 months -- 5 years: N<br>&nbsp;&nbsp;&nbsp;&nbsp;Preschool: N<br>&nbsp;&nbsp;&nbsp;&nbsp;Grade 1 - Age 12: N<br>
4432,Licensed Group,St. Edmund's Discovery Preschool & School Age Care,324 5Th St W,,North Vancouver,V7M 1K3,49.318389,-123.082202,604-988-3141,,,N,N,N,N,N,N,N,N,N,N,N,N,N,N,N,N,N,,,N,N,N,N,N,N,N,N,N,Y,Y,2026-05-10,https://inspections.vcha.ca/ChildCare/Table,N,Y,N,St. Edmund's Discovery Preschool & School Age Care<br>Licensed Group<br>604-988-3141<br><br>Vacancy:<br>&nbsp;&nbsp;&nbsp;&nbsp;<36 months: N<br>&nbsp;&nbsp;&nbsp;&nbsp;30 months -- 5 years: N<br>&nbsp;&nbsp;&nbsp;&nbsp;Preschool: Y<br>&nbsp;&nbsp;&nbsp;&nbsp;Grade 1 - Age 12: Y<br>
4433,Licensed Group,Our Lady Of Perpetual Help Childcare Centre,235 Poplar St,,Kamloops,V2B 4B9,50.694785,-120.361707,250-372-5452,,,N,N,N,N,N,N,N,N,N,N,N,N,N,N,N,N,N,,,N,N,N,N,N,N,N,Y,Y,N,Y,2026-05-08,https://hedgehogportal.interiorhealth.ca/ChildCare/Map,N,Y,N,Our Lady Of Perpetual Help Childcare Centre<br>Licensed Group<br>250-372-5452<br><br>Vacancy:<br>&nbsp;&nbsp;&nbsp;&nbsp;<36 months: Y<br>&nbsp;&nbsp;&nbsp;&nbsp;30 months -- 5 years: Y<br>&nbsp;&nbsp;&nbsp;&nbsp;Preschool: N<br>&nbsp;&nbsp;&nbsp;&nbsp;Grade 1 - Age 12: Y<br>
4434,Licensed Group,Little Paris Daycare,123 East 23Rd St,,North Vancouver,V7L 3E2,49.329915,-123.069731,604-418-0904,,,N,N,N,N,N,N,N,N,N,N,N,N,N,N,N,N,N,,,N,N,N,N,N,N,N,N,N,N,N,2026-05-19,https://inspections.vcha.ca/ChildCare/Table,N,Y,N,Little Paris Daycare<br>Licensed Group<br>604-418-0904<br><br>Vacancy:<br>&nbsp;&nbsp;&nbsp;&nbsp;<36 months: N<br>&nbsp;&nbsp;&nbsp;&nbsp;30 months -- 5 years: N<br>&nbsp;&nbsp;&nbsp;&nbsp;Preschool: N<br>&nbsp;&nbsp;&nbsp;&nbsp;Grade 1 - Age 12: N<br>
4435,Licensed Group,Bella Balloon Childcare Centre,515 Windsor Rd W,,North Vancouver,V7N 2N7,49.338087,-123.082873,604-354-2019,,,N,N,N,N,N,N,N,N,N,N,N,N,N,N,N,N,N,,,N,N,N,N,N,N,N,N,N,N,N,2026-05-08,https://inspections.vcha.ca/ChildCare/Table,N,Y,N,Bella Balloon Childcare Centre<br>Licensed Group<br>604-354-2019<br><br>Vacancy:<br>&nbsp;&nbsp;&nbsp;&nbsp;<36 months: N<br>&nbsp;&nbsp;&nbsp;&nbsp;30 months -- 5 years: N<br>&nbsp;&nbsp;&nbsp;&nbsp;Preschool: N<br>&nbsp;&nbsp;&nbsp;&nbsp;Grade 1 - Age 12: N<br>
4436,Licensed Group,Rec & Roll,260 Cameron St,,Williams Lake,V2G 1S8,52.134134,-122.14595,250-398-7665,,,N,N,N,N,N,N,N,N,N,N,N,N,N,N,N,N,N,Not offered,Not offered,N,N,N,N,N,N,N,N,N,N,Y,2026-05-11,https://hedgehogportal.interiorhealth.ca/ChildCare/Map,N,N,N,Rec & Roll<br>Licensed Group<br>250-398-7665<br><br>Vacancy:<br>&nbsp;&nbsp;&nbsp;&nbsp;<36 months: N<br>&nbsp;&nbsp;&nbsp;&nbsp;30 months -- 5 years: N<br>&nbsp;&nbsp;&nbsp;&nbsp;Preschool: N<br>&nbsp;&nbsp;&nbsp;&nbsp;Grade 1 - Age 12: Y<br>
4437,Licensed Group,Little Friends Children's Center #2,10752 157 St,,Surrey,V4N 1K6,49.198073,-122.786754,778-385-4120,,,N,N,N,N,N,N,N,N,N,N,N,N,N,N,N,N,N,,,N,N,N,N,N,N,N,N,N,N,N,2026-04-29,http://www.healthspace.ca/fha/childcare,N,Y,N,Little Friends Children's Center #2<br>Licensed Group<br>778-385-4120<br><br>Vacancy:<br>&nbsp;&nbsp;&nbsp;&nbsp;<36 months: N<br>&nbsp;&nbsp;&nbsp;&nbsp;30 months -- 5 years: N<br>&nbsp;&nbsp;&nbsp;&nbsp;Preschool: N<br>&nbsp;&nbsp;&nbsp;&nbsp;Grade 1 - Age 12: N<br>
4438,Licensed Group,Parkway Village Childcare Centre,3601 Garibaldi Dr,,North Vancouver,V7H 2W2,49.313264,-122.972553,604-929-5520,,,N,N,N,N,N,N,N,N,N,N,N,N,N,N,N,N,N,,,N,N,N,N,N,N,N,N,N,N,N,2026-04-28,https://inspections.vcha.ca/ChildCare/Table,N,Y,Y,Parkway Village Childcare Centre<br>Licensed Group<br>604-929-5520<br><br>Vacancy:<br>&nbsp;&nbsp;&nbsp;&nbsp;<36 months: N<br>&nbsp;&nbsp;&nbsp;&nbsp;30 months -- 5 years: N<br>&nbsp;&nbsp;&nbsp;&nbsp;Preschool: N<br>&nbsp;&nbsp;&nbsp;&nbsp;Grade 1 - Age 12: N<br>
4439,Licensed Group,Taking Shape Preschool,4685 Keith Rd,,West Vancouver,V7W 2M8,49.344693,-123.251104,778-839-1982,,,N,N,N,N,N,N,N,N,N,N,N,N,N,N,N,N,N,,,N,N,N,N,N,N,N,N,N,Y,N,2026-05-19,,N,Y,Y,Taking Shape Preschool<br>Licensed Group<br>778-839-1982<br><br>Vacancy:<br>&nbsp;&nbsp;&nbsp;&nbsp;<36 months: N<br>&nbsp;&nbsp;&nbsp;&nbsp;30 months -- 5 years: N<br>&nbsp;&nbsp;&nbsp;&nbsp;Preschool: Y<br>&nbsp;&nbsp;&nbsp;&nbsp;Grade 1 - Age 12: N<br>
4440,Licensed Group,Gatehouse Montessori School,1305 Taylor Way,,West Vancouver,V7T 2Y7,49.336752,-123.135759,604-925-1437,,,N,N,N,N,N,N,N,N,N,N,N,N,N,N,N,N,N,,,N,N,N,N,N,N,N,N,N,N,N,2026-05-15,https://inspections.vcha.ca/ChildCare/Table,N,Y,Y,Gatehouse Montessori School<br>Licensed Group<br>604-925-1437<br><br>Vacancy:<br>&nbsp;&nbsp;&nbsp;&nbsp;<36 months: N<br>&nbsp;&nbsp;&nbsp;&nbsp;30 months -- 5 years: N<br>&nbsp;&nbsp;&nbsp;&nbsp;Preschool: N<br>&nbsp;&nbsp;&nbsp;&nbsp;Grade 1 - Age 12: N<br>
4441,Licensed Group,Acorn Early Education Centre,1525 Taylor Way,,West Vancouver,V7S 1N5,49.338533,-123.135816,604-922-2933,,,N,N,N,N,N,N,N,N,N,N,N,N,N,N,N,N,N,,,N,N,N,N,N,N,N,N,Y,N,N,2026-05-21,https://inspections.vcha.ca/ChildCare/Table,N,Y,Y,Acorn Early Education Centre<br>Licensed Group<br>604-922-2933<br><br>Vacancy:<br>&nbsp;&nbsp;&nbsp;&nbsp;<36 months: N<br>&nbsp;&nbsp;&nbsp;&nbsp;30 months -- 5 years: Y<br>&nbsp;&nbsp;&nbsp;&nbsp;Preschool: N<br>&nbsp;&nbsp;&nbsp;&nbsp;Grade 1 - Age 12: N<br>
4442,Licensed Family,Backyardigans Licensed Family Daycare,1175 Caledonia Way,,West Kelowna,V1Z 3N6,49.874066,-119.562517,250-769-7902,,,N,N,N,N,N,N,N,N,N,N,N,N,N,N,N,N,N,,,N,N,N,N,N,N,N,N,N,N,N,2026-05-15,https://hedgehogportal.interiorhealth.ca/ChildCare/Map,N,Y,N,Backyardigans Licensed Family Daycare<br>Licensed Family<br>250-769-7902<br><br>Vacancy:<br>&nbsp;&nbsp;&nbsp;&nbsp;<36 months: N<br>&nbsp;&nbsp;&nbsp;&nbsp;30 months -- 5 years: N<br>&nbsp;&nbsp;&nbsp;&nbsp;Preschool: N<br>&nbsp;&nbsp;&nbsp;&nbsp;Grade 1 - Age 12: N<br>
4443,Licensed Group,Kids Klub Western #1,935 Goldstream Ave,,Victoria,V9B 2Y2,48.450303,-123.507131,250-478-7571,,,N,N,N,N,N,N,N,N,N,N,N,N,N,N,N,N,N,,,N,N,N,N,N,N,N,N,N,N,Y,2026-05-15,https://www.healthspace.ca/clients/viha/viha_website.nsf/CCFL-Main?OpenView,N,N,N,Kids Klub Western #1<br>Licensed Group<br>250-478-7571<br><br>Vacancy:<br>&nbsp;&nbsp;&nbsp;&nbsp;<36 months: N<br>&nbsp;&nbsp;&nbsp;&nbsp;30 months -- 5 years: N<br>&nbsp;&nbsp;&nbsp;&nbsp;Preschool: N<br>&nbsp;&nbsp;&nbsp;&nbsp;Grade 1 - Age 12: Y<br>
4444,Licensed Group,Kids Klub Beaver Lake School,4828 West Saanich Rd,,Victoria,V8Z 3H5,48.506428,-123.409495,250-479-5670,,,N,N,N,N,N,N,N,N,N,N,N,N,N,N,N,N,N,,,N,N,N,N,N,N,N,N,N,N,Y,2026-05-15,https://www.healthspace.ca/clients/viha/viha_website.nsf/CCFL-Main?OpenView,N,N,N,Kids Klub Beaver Lake School<br>Licensed Group<br>250-479-5670<br><br>Vacancy:<br>&nbsp;&nbsp;&nbsp;&nbsp;<36 months: N<br>&nbsp;&nbsp;&nbsp;&nbsp;30 months -- 5 years: N<br>&nbsp;&nbsp;&nbsp;&nbsp;Preschool: N<br>&nbsp;&nbsp;&nbsp;&nbsp;Grade 1 - Age 12: Y<br>
4445,Licensed Group,Kids Klub Mckenzie School,4005 Raymond St N,,Victoria,V8Z 6L4,48.467514,-123.390913,250-479-7622,,,N,N,N,N,N,N,N,N,N,N,N,N,N,N,N,N,N,,,N,N,N,N,N,N,N,N,Y,N,Y,2026-05-15,https://www.healthspace.ca/clients/viha/viha_website.nsf/CCFL-Main?OpenView,N,N,N,Kids Klub Mckenzie School<br>Licensed Group<br>250-479-7622<br><br>Vacancy:<br>&nbsp;&nbsp;&nbsp;&nbsp;<36 months: N<br>&nbsp;&nbsp;&nbsp;&nbsp;30 months -- 5 years: Y<br>&nbsp;&nbsp;&nbsp;&nbsp;Preschool: N<br>&nbsp;&nbsp;&nbsp;&nbsp;Grade 1 - Age 12: Y<br>
4446,Licensed Group,Kids Klub Northridge,4190 Carey Rd,,Victoria,V8Z 4G8,48.480629,-123.402076,250-812-7047,,,N,N,N,N,N,N,N,N,N,N,N,N,N,N,N,N,N,,,N,N,N,N,N,N,N,N,N,N,N,2026-05-15,https://www.healthspace.ca/clients/viha/viha_website.nsf/CCFL-Main?OpenView,N,N,N,Kids Klub Northridge<br>Licensed Group<br>250-812-7047<br><br>Vacancy:<br>&nbsp;&nbsp;&nbsp;&nbsp;<36 months: N<br>&nbsp;&nbsp;&nbsp;&nbsp;30 months -- 5 years: N<br>&nbsp;&nbsp;&nbsp;&nbsp;Preschool: N<br>&nbsp;&nbsp;&nbsp;&nbsp;Grade 1 - Age 12: N<br>
4447,Licensed Group,Kids Klub Braefoot Elementary School,1440 Harrop Rd,,Victoria,V8P 2S5,48.470169,-123.345321,250-477-7784,,,N,N,N,N,N,N,N,N,N,N,N,N,N,N,N,N,N,,,N,N,N,N,N,N,N,N,N,N,Y,2026-05-15,https://www.healthspace.ca/clients/viha/viha_website.nsf/CCFL-Main?OpenView,N,N,N,Kids Klub Braefoot Elementary School<br>Licensed Group<br>250-477-7784<br><br>Vacancy:<br>&nbsp;&nbsp;&nbsp;&nbsp;<36 months: N<br>&nbsp;&nbsp;&nbsp;&nbsp;30 months -- 5 years: N<br>&nbsp;&nbsp;&nbsp;&nbsp;Preschool: N<br>&nbsp;&nbsp;&nbsp;&nbsp;Grade 1 - Age 12: Y<br>
4448,Licensed Group,Happy Campers Osc - Mt View,510 Mount View Ave,,Victoria,V9B 2B1,48.437472,-123.487686,250-391-0909,,,N,N,N,N,N,N,N,N,N,N,N,N,N,N,N,N,N,,,N,N,N,N,N,N,N,N,N,N,N,2026-05-15,https://www.healthspace.ca/clients/viha/viha_website.nsf/CCFL-Main?OpenView,N,Y,N,Happy Campers Osc - Mt View<br>Licensed Group<br>250-391-0909<br><br>Vacancy:<br>&nbsp;&nbsp;&nbsp;&nbsp;<36 months: N<br>&nbsp;&nbsp;&nbsp;&nbsp;30 months -- 5 years: N<br>&nbsp;&nbsp;&nbsp;&nbsp;Preschool: N<br>&nbsp;&nbsp;&nbsp;&nbsp;Grade 1 - Age 12: N<br>
4449,Licensed Group,Kids Klub - Pearkes Recreation Centre,3100 Tillicum Rd,,Victoria,V9A 6T2,48.454331,-123.399012,250-475-5494,,,N,N,N,N,N,N,N,N,N,N,N,N,N,N,N,N,N,,,N,N,N,N,N,N,N,N,N,N,N,2026-05-15,https://www.healthspace.ca/clients/viha/viha_website.nsf/CCFL-Main?OpenView,N,N,N,Kids Klub - Pearkes Recreation Centre<br>Licensed Group<br>250-475-5494<br><br>Vacancy:<br>&nbsp;&nbsp;&nbsp;&nbsp;<36 months: N<br>&nbsp;&nbsp;&nbsp;&nbsp;30 months -- 5 years: N<br>&nbsp;&nbsp;&nbsp;&nbsp;Preschool: N<br>&nbsp;&nbsp;&nbsp;&nbsp;Grade 1 - Age 12: N<br>
4450,Licensed Group,Kids Klub - Lakewood Elementary,2363 Setchfield Ave,,Victoria,V9B 2W1,48.465823,-123.506838,250-478-1566,,,N,N,N,N,N,N,N,N,N,N,N,N,N,N,N,N,N,,,N,N,N,N,N,N,N,N,N,N,N,2026-05-15,https://www.healthspace.ca/clients/viha/viha_website.nsf/CCFL-Main?OpenView,N,N,N,Kids Klub - Lakewood Elementary<br>Licensed Group<br>250-478-1566<br><br>Vacancy:<br>&nbsp;&nbsp;&nbsp;&nbsp;<36 months: N<br>&nbsp;&nbsp;&nbsp;&nbsp;30 months -- 5 years: N<br>&nbsp;&nbsp;&nbsp;&nbsp;Preschool: N<br>&nbsp;&nbsp;&nbsp;&nbsp;Grade 1 - Age 12: N<br>
4451,Licensed Group,Kids Klub Centre Lakehill Site,1031 Lucas Ave,,Victoria,V8X 5L2,48.478368,-123.365635,250-479-0353,,,N,N,N,N,N,N,N,N,N,N,N,N,N,N,N,N,N,,,N,N,N,N,N,N,N,N,N,N,N,2026-05-15,https://www.healthspace.ca/clients/viha/viha_website.nsf/CCFL-Main?OpenView,N,N,N,Kids Klub Centre Lakehill Site<br>Licensed Group<br>250-479-0353<br><br>Vacancy:<br>&nbsp;&nbsp;&nbsp;&nbsp;<36 months: N<br>&nbsp;&nbsp;&nbsp;&nbsp;30 months -- 5 years: N<br>&nbsp;&nbsp;&nbsp;&nbsp;Preschool: N<br>&nbsp;&nbsp;&nbsp;&nbsp;Grade 1 - Age 12: N<br>
4452,Licensed Group,Marigold Kids Klub,505 Marigold Rd,,Victoria,V8Z 4R5,48.465168,-123.402601,250-479-9934,,,N,N,N,N,N,N,N,N,N,N,N,N,N,N,N,N,N,,,N,N,N,N,N,N,N,N,N,N,Y,2026-05-15,https://www.healthspace.ca/clients/viha/viha_website.nsf/CCFL-Main?OpenView,N,N,N,Marigold Kids Klub<br>Licensed Group<br>250-479-9934<br><br>Vacancy:<br>&nbsp;&nbsp;&nbsp;&nbsp;<36 months: N<br>&nbsp;&nbsp;&nbsp;&nbsp;30 months -- 5 years: N<br>&nbsp;&nbsp;&nbsp;&nbsp;Preschool: N<br>&nbsp;&nbsp;&nbsp;&nbsp;Grade 1 - Age 12: Y<br>
4453,Licensed Family,Busy Bird Child Care,6869 Toderick St,,Vancouver,V5S 3T7,49.221352,-123.031354,604-438-6130,https://sites.google.com/site/busyzzzbird/home,,N,N,N,N,N,N,N,N,N,N,N,N,N,N,N,N,N,,,N,N,N,N,N,N,N,N,Y,N,N,2026-05-20,https://inspections.vcha.ca/ChildCare/Table,N,Y,N,Busy Bird Child Care<br>Licensed Family<br>604-438-6130<br><br>Vacancy:<br>&nbsp;&nbsp;&nbsp;&nbsp;<36 months: N<br>&nbsp;&nbsp;&nbsp;&nbsp;30 months -- 5 years: Y<br>&nbsp;&nbsp;&nbsp;&nbsp;Preschool: N<br>&nbsp;&nbsp;&nbsp;&nbsp;Grade 1 - Age 12: N<br>
4454,Licensed Group,North Star Montessori,1325 East Keith Rd,,North Vancouver,V7J 1J3,49.311694,-123.037096,604-980-1205,,,N,N,N,N,N,N,N,N,N,N,N,N,N,N,N,N,N,,,N,N,N,N,N,N,N,N,N,N,N,2026-03-06,https://inspections.vcha.ca/ChildCare/Table,N,Y,Y,North Star Montessori<br>Licensed Group<br>604-980-1205<br><br>Vacancy:<br>&nbsp;&nbsp;&nbsp;&nbsp;<36 months: N<br>&nbsp;&nbsp;&nbsp;&nbsp;30 months -- 5 years: N<br>&nbsp;&nbsp;&nbsp;&nbsp;Preschool: N<br>&nbsp;&nbsp;&nbsp;&nbsp;Grade 1 - Age 12: N<br>
4455,Licensed Group,North Star Montessori,1325 East Keith Rd,,North Vancouver,V7J 1J3,49.311694,-123.037096,604-980-1205,,,N,N,N,N,N,N,N,N,N,N,N,N,N,N,N,N,N,,,N,N,N,N,N,N,N,N,N,N,N,2026-05-05,https://inspections.vcha.ca/ChildCare/Table,N,Y,Y,North Star Montessori<br>Licensed Group<br>604-980-1205<br><br>Vacancy:<br>&nbsp;&nbsp;&nbsp;&nbsp;<36 months: N<br>&nbsp;&nbsp;&nbsp;&nbsp;30 months -- 5 years: N<br>&nbsp;&nbsp;&nbsp;&nbsp;Preschool: N<br>&nbsp;&nbsp;&nbsp;&nbsp;Grade 1 - Age 12: N<br>
4456,Licensed Group,Yu's Montessori School In Burnaby,380 Hythe Ave S,,Burnaby,V5B 3H9,49.280704,-122.990156,604-866-2904,,,N,N,N,N,N,N,N,N,N,N,N,N,N,N,N,N,N,,,N,N,N,N,N,N,N,N,N,N,N,2026-05-04,http://www.healthspace.ca/fha/childcare,N,Y,N,Yu's Montessori School In Burnaby<br>Licensed Group<br>604-866-2904<br><br>Vacancy:<br>&nbsp;&nbsp;&nbsp;&nbsp;<36 months: N<br>&nbsp;&nbsp;&nbsp;&nbsp;30 months -- 5 years: N<br>&nbsp;&nbsp;&nbsp;&nbsp;Preschool: N<br>&nbsp;&nbsp;&nbsp;&nbsp;Grade 1 - Age 12: N<br>
4457,Licensed Family,Blue Sky,1382 Kenney St,,Coquitlam,V3E 2R1,49.298182,-122.779618,604-562-5989,,,N,N,N,N,N,N,N,N,N,N,N,N,N,N,N,N,N,,,N,N,N,N,N,N,N,Y,Y,N,N,2026-04-28,http://www.healthspace.ca/fha/childcare,N,Y,N,Blue Sky<br>Licensed Family<br>604-562-5989<br><br>Vacancy:<br>&nbsp;&nbsp;&nbsp;&nbsp;<36 months: Y<br>&nbsp;&nbsp;&nbsp;&nbsp;30 months -- 5 years: Y<br>&nbsp;&nbsp;&nbsp;&nbsp;Preschool: N<br>&nbsp;&nbsp;&nbsp;&nbsp;Grade 1 - Age 12: N<br>
4458,Licensed Family,Busy Bees In-Home Multi-Age Childcare,1005 Aspen Rd,,Squamish,V8B 0B6,49.727986,-123.154525,604-898-2536,,,N,N,N,N,N,N,N,N,N,N,N,N,N,N,N,N,N,,,N,N,N,N,N,N,N,N,N,N,N,2026-05-15,https://inspections.vcha.ca/ChildCare/Table,N,Y,N,Busy Bees In-Home Multi-Age Childcare<br>Licensed Family<br>604-898-2536<br><br>Vacancy:<br>&nbsp;&nbsp;&nbsp;&nbsp;<36 months: N<br>&nbsp;&nbsp;&nbsp;&nbsp;30 months -- 5 years: N<br>&nbsp;&nbsp;&nbsp;&nbsp;Preschool: N<br>&nbsp;&nbsp;&nbsp;&nbsp;Grade 1 - Age 12: N<br>
4459,Licensed Family,Tinkerbell Family Child Care,3831 Kilby Crt,,Richmond,V6X 3M9,49.186657,-123.115228,604-277-5403,,,N,N,N,N,N,N,N,N,N,N,N,N,N,N,N,N,N,,,N,N,N,N,N,N,N,N,N,N,N,2026-05-06,https://inspections.vcha.ca/ChildCare/Table,N,Y,N,Tinkerbell Family Child Care<br>Licensed Family<br>604-277-5403<br><br>Vacancy:<br>&nbsp;&nbsp;&nbsp;&nbsp;<36 months: N<br>&nbsp;&nbsp;&nbsp;&nbsp;30 months -- 5 years: N<br>&nbsp;&nbsp;&nbsp;&nbsp;Preschool: N<br>&nbsp;&nbsp;&nbsp;&nbsp;Grade 1 - Age 12: N<br>
4460,Licensed Family,Maple Tree Montessori,1922 Kells Bay,,Nanaimo,V9X 1H1,49.110601,-123.921639,250-668-5228,,,N,N,N,N,N,N,N,N,N,N,N,N,N,N,N,N,N,,,N,N,N,N,N,N,N,N,N,N,N,2026-04-25,https://www.healthspace.ca/clients/viha/viha_website.nsf/CCFL-Main?OpenView,N,Y,N,Maple Tree Montessori<br>Licensed Family<br>250-668-5228<br><br>Vacancy:<br>&nbsp;&nbsp;&nbsp;&nbsp;<36 months: N<br>&nbsp;&nbsp;&nbsp;&nbsp;30 months -- 5 years: N<br>&nbsp;&nbsp;&nbsp;&nbsp;Preschool: N<br>&nbsp;&nbsp;&nbsp;&nbsp;Grade 1 - Age 12: N<br>
4461,Licensed Family,Twins Fun Time Family Child Care,4774 Joyce St,,Vancouver,V5R 4G2,49.241861,-123.027919,604-436-9442,,,N,N,N,N,N,N,N,N,N,N,N,N,N,N,N,N,N,,,N,N,N,N,N,N,N,N,N,N,N,2026-05-15,https://inspections.vcha.ca/ChildCare/Table,N,Y,N,Twins Fun Time Family Child Care<br>Licensed Family<br>604-436-9442<br><br>Vacancy:<br>&nbsp;&nbsp;&nbsp;&nbsp;<36 months: N<br>&nbsp;&nbsp;&nbsp;&nbsp;30 months -- 5 years: N<br>&nbsp;&nbsp;&nbsp;&nbsp;Preschool: N<br>&nbsp;&nbsp;&nbsp;&nbsp;Grade 1 - Age 12: N<br>
4462,Licensed Family,Polka-Dot Playhouse Family Childcare,3497 Galloway Rd,,Westbank,V4T 1J1,49.836726,-119.651596,250-768-3413,,,N,N,N,N,N,N,N,N,N,N,N,N,N,N,N,N,N,,,N,N,N,N,N,N,N,N,Y,N,N,2026-05-15,https://hedgehogportal.interiorhealth.ca/ChildCare/Map,N,Y,N,Polka-Dot Playhouse Family Childcare<br>Licensed Family<br>250-768-3413<br><br>Vacancy:<br>&nbsp;&nbsp;&nbsp;&nbsp;<36 months: N<br>&nbsp;&nbsp;&nbsp;&nbsp;30 months -- 5 years: Y<br>&nbsp;&nbsp;&nbsp;&nbsp;Preschool: N<br>&nbsp;&nbsp;&nbsp;&nbsp;Grade 1 - Age 12: N<br>
4463,Licensed Family,Apple Tree Family Daycare,7924 Nursery St,,Burnaby,V5E 2B7,49.236829,-122.949072,604-515-7503,,,N,N,N,N,N,N,N,N,N,N,N,N,N,N,N,N,N,,,N,N,N,N,N,N,N,N,N,N,N,2026-05-05,http://www.healthspace.ca/fha/childcare,N,Y,N,Apple Tree Family Daycare<br>Licensed Family<br>604-515-7503<br><br>Vacancy:<br>&nbsp;&nbsp;&nbsp;&nbsp;<36 months: N<br>&nbsp;&nbsp;&nbsp;&nbsp;30 months -- 5 years: N<br>&nbsp;&nbsp;&nbsp;&nbsp;Preschool: N<br>&nbsp;&nbsp;&nbsp;&nbsp;Grade 1 - Age 12: N<br>
4464,Licensed Group,Okanagan Boys And Girls Clubs - Cedar Creek,5160 Chute Lake Rd,,Kelowna,V1W 4L6,49.795985,-119.50243,250-762-3914,,,N,N,N,N,N,N,N,N,N,N,N,N,N,N,N,N,N,,,N,N,N,N,N,N,N,N,N,N,N,2026-05-15,https://hedgehogportal.interiorhealth.ca/ChildCare/Map,N,Y,N,Okanagan Boys And Girls Clubs - Cedar Creek<br>Licensed Group<br>250-762-3914<br><br>Vacancy:<br>&nbsp;&nbsp;&nbsp;&nbsp;<36 months: N<br>&nbsp;&nbsp;&nbsp;&nbsp;30 months -- 5 years: N<br>&nbsp;&nbsp;&nbsp;&nbsp;Preschool: N<br>&nbsp;&nbsp;&nbsp;&nbsp;Grade 1 - Age 12: N<br>
4465,Licensed Group,Bonny Castle Children's Center - 3,10706 148 St,,Surrey,V3R 3X6,49.197069,-122.812111,778-889-8472,,,N,N,N,N,N,N,N,N,N,N,N,N,N,N,N,N,N,,,N,N,N,N,N,N,N,N,N,N,N,2026-03-20,http://www.healthspace.ca/fha/childcare,N,Y,N,Bonny Castle Children's Center - 3<br>Licensed Group<br>778-889-8472<br><br>Vacancy:<br>&nbsp;&nbsp;&nbsp;&nbsp;<36 months: N<br>&nbsp;&nbsp;&nbsp;&nbsp;30 months -- 5 years: N<br>&nbsp;&nbsp;&nbsp;&nbsp;Preschool: N<br>&nbsp;&nbsp;&nbsp;&nbsp;Grade 1 - Age 12: N<br>
4466,Licensed Group,Kidz Club Sechelt,5538 Shorncliffe,,Sechelt,V0N 3A0,49.473342,-123.763801,604-989-5365,,,N,N,N,N,N,N,N,N,N,N,N,N,N,N,N,N,N,,,N,N,N,N,N,N,N,N,Y,N,Y,2026-05-08,https://inspections.vcha.ca/ChildCare/Table,N,Y,N,Kidz Club Sechelt<br>Licensed Group<br>604-989-5365<br><br>Vacancy:<br>&nbsp;&nbsp;&nbsp;&nbsp;<36 months: N<br>&nbsp;&nbsp;&nbsp;&nbsp;30 months -- 5 years: Y<br>&nbsp;&nbsp;&nbsp;&nbsp;Preschool: N<br>&nbsp;&nbsp;&nbsp;&nbsp;Grade 1 - Age 12: Y<br>
4467,Licensed Group,Murrayville Academy Out Of School Care,21488 Old Yale Rd,,Langley,V3A 4M8,49.090614,-122.627873,604-533-5664,,,N,N,N,N,N,N,N,N,N,N,N,N,N,N,N,N,N,,,N,N,N,N,N,N,N,N,N,N,N,2026-05-19,,N,Y,N,Murrayville Academy Out Of School Care<br>Licensed Group<br>604-533-5664<br><br>Vacancy:<br>&nbsp;&nbsp;&nbsp;&nbsp;<36 months: N<br>&nbsp;&nbsp;&nbsp;&nbsp;30 months -- 5 years: N<br>&nbsp;&nbsp;&nbsp;&nbsp;Preschool: N<br>&nbsp;&nbsp;&nbsp;&nbsp;Grade 1 - Age 12: N<br>
4468,Licensed Group,Nagin's Daycare,450 Joyce St,,Coquitlam,V3K 4G4,49.247598,-122.874302,604-936-0777,,,N,N,N,N,N,N,N,N,N,N,N,N,N,N,N,N,N,,,N,N,N,N,N,N,N,N,N,N,Y,2026-05-15,http://www.healthspace.ca/fha/childcare,N,Y,N,Nagin's Daycare<br>Licensed Group<br>604-936-0777<br><br>Vacancy:<br>&nbsp;&nbsp;&nbsp;&nbsp;<36 months: N<br>&nbsp;&nbsp;&nbsp;&nbsp;30 months -- 5 years: N<br>&nbsp;&nbsp;&nbsp;&nbsp;Preschool: N<br>&nbsp;&nbsp;&nbsp;&nbsp;Grade 1 - Age 12: Y<br>
4469,Licensed Family,"""Ukkina"" Family Child Care",1749 Frances St,,Vancouver,V5L 1Z5,49.279624,-123.069467,604-605-1269,,,N,N,N,N,N,N,N,N,N,N,N,N,N,N,N,N,N,,,N,N,N,N,N,N,N,N,N,N,N,2026-05-19,https://inspections.vcha.ca/ChildCare/Table,N,Y,N,"""Ukkina"" Family Child Care<br>Licensed Family<br>604-605-1269<br><br>Vacancy:<br>&nbsp;&nbsp;&nbsp;&nbsp;<36 months: N<br>&nbsp;&nbsp;&nbsp;&nbsp;30 months -- 5 years: N<br>&nbsp;&nbsp;&nbsp;&nbsp;Preschool: N<br>&nbsp;&nbsp;&nbsp;&nbsp;Grade 1 - Age 12: N<br>"
4470,Licensed Group,South Arm Community Hall - Kindercare,9020 Williams Rd,,Richmond,V7A 1G9,49.138998,-123.123843,604-238-8078,,,N,N,N,N,N,N,N,N,N,N,N,N,N,N,N,N,N,,,N,N,N,N,N,N,N,N,N,N,N,2026-05-19,https://inspections.vcha.ca/ChildCare/Table,N,Y,N,South Arm Community Hall - Kindercare<br>Licensed Group<br>604-238-8078<br><br>Vacancy:<br>&nbsp;&nbsp;&nbsp;&nbsp;<36 months: N<br>&nbsp;&nbsp;&nbsp;&nbsp;30 months -- 5 years: N<br>&nbsp;&nbsp;&nbsp;&nbsp;Preschool: N<br>&nbsp;&nbsp;&nbsp;&nbsp;Grade 1 - Age 12: N<br>
4471,Licensed Group,First Choice  Montessori #2,101 8824 144 St,,Surrey,V3V 5Z7,49.163588,-122.823177,604-828-4451,,,N,N,N,N,N,N,N,N,N,N,N,N,N,N,N,N,N,,,N,N,N,N,N,N,N,N,N,Y,N,2026-05-19,http://www.healthspace.ca/fha/childcare,N,Y,N,First Choice  Montessori #2<br>Licensed Group<br>604-828-4451<br><br>Vacancy:<br>&nbsp;&nbsp;&nbsp;&nbsp;<36 months: N<br>&nbsp;&nbsp;&nbsp;&nbsp;30 months -- 5 years: N<br>&nbsp;&nbsp;&nbsp;&nbsp;Preschool: Y<br>&nbsp;&nbsp;&nbsp;&nbsp;Grade 1 - Age 12: N<br>
4472,Licensed Group,West Vancouver Playschool,1150 22Nd St,,West Vancouver,V7V 4C4,49.334635,-123.169496,604-922-4214,,,N,N,N,N,N,N,N,N,N,N,N,N,N,N,N,N,N,,,N,N,N,N,N,N,N,N,N,N,N,2026-05-17,https://inspections.vcha.ca/ChildCare/Table,N,Y,N,West Vancouver Playschool<br>Licensed Group<br>604-922-4214<br><br>Vacancy:<br>&nbsp;&nbsp;&nbsp;&nbsp;<36 months: N<br>&nbsp;&nbsp;&nbsp;&nbsp;30 months -- 5 years: N<br>&nbsp;&nbsp;&nbsp;&nbsp;Preschool: N<br>&nbsp;&nbsp;&nbsp;&nbsp;Grade 1 - Age 12: N<br>
4473,Licensed Group,Mei Elementary Preschool,31655 Downes Rd,,Abbotsford,V4X 2M8,49.075743,-122.347627,604-859-3700,,,Y,N,N,N,N,N,N,N,Y,N,N,N,N,N,N,N,N,Not offered,Not offered,Y,N,Y,N,Y,Y,Y,N,N,N,N,2026-04-03,http://www.healthspace.ca/fha/childcare,N,Y,N,Mei Elementary Preschool<br>Licensed Group<br>604-859-3700<br><br>Vacancy:<br>&nbsp;&nbsp;&nbsp;&nbsp;<36 months: N<br>&nbsp;&nbsp;&nbsp;&nbsp;30 months -- 5 years: N<br>&nbsp;&nbsp;&nbsp;&nbsp;Preschool: N<br>&nbsp;&nbsp;&nbsp;&nbsp;Grade 1 - Age 12: N<br>
4474,Licensed Group,Green Apple Daycare Coquitlam,1504 Sprice Ave,,Coquitlam,V3J 2P6,49.25713,-122.851824,604-931-5595,,,N,N,N,N,N,N,N,N,N,N,N,N,N,N,N,N,N,,,N,N,N,N,N,N,N,N,Y,N,N,2026-05-19,http://www.healthspace.ca/fha/childcare,N,Y,N,Green Apple Daycare Coquitlam<br>Licensed Group<br>604-931-5595<br><br>Vacancy:<br>&nbsp;&nbsp;&nbsp;&nbsp;<36 months: N<br>&nbsp;&nbsp;&nbsp;&nbsp;30 months -- 5 years: Y<br>&nbsp;&nbsp;&nbsp;&nbsp;Preschool: N<br>&nbsp;&nbsp;&nbsp;&nbsp;Grade 1 - Age 12: N<br>
4475,Licensed Family,Clarke's Candyland,4231 Carrier Ave,,Prince George,V2M 5T9,53.92179,-122.804689,250-614-9563,,,N,N,N,N,N,N,N,N,N,N,N,N,N,N,N,N,N,,,N,N,N,N,N,N,N,N,N,N,N,2026-04-27,https://www.healthspace.ca/Clients/NHA/NHA_Website.nsf/CCFL-Frameset,N,N,N,Clarke's Candyland<br>Licensed Family<br>250-614-9563<br><br>Vacancy:<br>&nbsp;&nbsp;&nbsp;&nbsp;<36 months: N<br>&nbsp;&nbsp;&nbsp;&nbsp;30 months -- 5 years: N<br>&nbsp;&nbsp;&nbsp;&nbsp;Preschool: N<br>&nbsp;&nbsp;&nbsp;&nbsp;Grade 1 - Age 12: N<br>
4476,Licensed Family,Blue Butterfly Childcare,9191 213Th St,,Langley,V1M 1L2,49.169286,-122.631281,778-233-9244,,,N,N,N,N,N,N,N,N,N,N,N,N,N,N,N,N,N,,,N,N,N,N,N,N,N,N,N,N,N,2026-05-18,http://www.healthspace.ca/fha/childcare,N,Y,N,Blue Butterfly Childcare<br>Licensed Family<br>778-233-9244<br><br>Vacancy:<br>&nbsp;&nbsp;&nbsp;&nbsp;<36 months: N<br>&nbsp;&nbsp;&nbsp;&nbsp;30 months -- 5 years: N<br>&nbsp;&nbsp;&nbsp;&nbsp;Preschool: N<br>&nbsp;&nbsp;&nbsp;&nbsp;Grade 1 - Age 12: N<br>
4477,Licensed Group,Tree House Children's Centre,5696 Unsworth Rd,,Chilliwack,V2R 5L1,49.105513,-121.997334,604-824-1234,,,N,N,N,N,N,N,N,N,N,N,N,N,N,N,N,N,N,,,N,N,N,N,N,N,N,N,N,Y,Y,2026-05-15,http://www.healthspace.ca/fha/childcare,N,Y,N,Tree House Children's Centre<br>Licensed Group<br>604-824-1234<br><br>Vacancy:<br>&nbsp;&nbsp;&nbsp;&nbsp;<36 months: N<br>&nbsp;&nbsp;&nbsp;&nbsp;30 months -- 5 years: N<br>&nbsp;&nbsp;&nbsp;&nbsp;Preschool: Y<br>&nbsp;&nbsp;&nbsp;&nbsp;Grade 1 - Age 12: Y<br>
4478,Licensed Group,Parachute Express Playschool Ltd.,9565B Hurricane Rd,,North Saanich,V8L 5V5,48.642763,-123.417811,250-655-4476,,,Y,N,N,N,N,N,Y,Y,N,N,N,Y,Y,Y,N,N,N,Not offered,Not offered,N,N,N,N,N,N,Y,N,N,N,N,2026-05-19,https://www.healthspace.ca/clients/viha/viha_website.nsf/CCFL-Main?OpenView,N,Y,N,Parachute Express Playschool Ltd.<br>Licensed Group<br>250-655-4476<br><br>Vacancy:<br>&nbsp;&nbsp;&nbsp;&nbsp;<36 months: N<br>&nbsp;&nbsp;&nbsp;&nbsp;30 months -- 5 years: N<br>&nbsp;&nbsp;&nbsp;&nbsp;Preschool: N<br>&nbsp;&nbsp;&nbsp;&nbsp;Grade 1 - Age 12: N<br>
4479,Licensed Group,Bright Eyes Academy Inc,4629 51 St,,Delta,V4K 2V8,49.086376,-123.084817,604-946-0896,,,N,N,N,N,N,N,N,N,N,N,N,N,N,N,N,N,N,,,N,N,N,N,N,N,N,N,N,N,N,2026-05-15,http://www.healthspace.ca/fha/childcare,N,Y,N,Bright Eyes Academy Inc<br>Licensed Group<br>604-946-0896<br><br>Vacancy:<br>&nbsp;&nbsp;&nbsp;&nbsp;<36 months: N<br>&nbsp;&nbsp;&nbsp;&nbsp;30 months -- 5 years: N<br>&nbsp;&nbsp;&nbsp;&nbsp;Preschool: N<br>&nbsp;&nbsp;&nbsp;&nbsp;Grade 1 - Age 12: N<br>
4480,Licensed Group,Poco Happy Times Preschool,1761 Westminster Ave,,Port Coquitlam,V3B 1E5,49.265682,-122.763259,604-941-8286,,,N,N,N,N,N,N,N,N,N,N,N,N,N,N,N,N,N,,,N,N,N,N,N,N,N,N,N,Y,N,2026-05-02,http://www.healthspace.ca/fha/childcare,N,Y,N,Poco Happy Times Preschool<br>Licensed Group<br>604-941-8286<br><br>Vacancy:<br>&nbsp;&nbsp;&nbsp;&nbsp;<36 months: N<br>&nbsp;&nbsp;&nbsp;&nbsp;30 months -- 5 years: N<br>&nbsp;&nbsp;&nbsp;&nbsp;Preschool: Y<br>&nbsp;&nbsp;&nbsp;&nbsp;Grade 1 - Age 12: N<br>
4481,Licensed Family,Building Block Daycare,3430 Douglas Rd,,Burnaby,V5G 3P4,49.253289,-122.981452,604-437-5985,,,Y,N,N,N,N,N,Y,Y,N,Y,N,N,N,N,N,N,N,Included in fee,Include in fee,N,N,N,N,N,Y,Y,N,N,N,N,2026-05-15,http://www.healthspace.ca/fha/childcare,N,Y,N,Building Block Daycare<br>Licensed Family<br>604-437-5985<br><br>Vacancy:<br>&nbsp;&nbsp;&nbsp;&nbsp;<36 months: N<br>&nbsp;&nbsp;&nbsp;&nbsp;30 months -- 5 years: N<br>&nbsp;&nbsp;&nbsp;&nbsp;Preschool: N<br>&nbsp;&nbsp;&nbsp;&nbsp;Grade 1 - Age 12: N<br>
4482,Licensed Family,Noah's Ark Family Childcare,1694 Ocean Beach Esp,Rr 5,Gibsons,V0N 1V5,49.394401,-123.558248,604-993-1694,,,N,N,N,N,N,N,N,N,N,N,N,N,N,N,N,N,N,,,N,N,N,N,N,N,N,N,Y,N,N,2026-04-27,https://inspections.vcha.ca/ChildCare/Table,N,Y,N,Noah's Ark Family Childcare<br>Licensed Family<br>604-993-1694<br><br>Vacancy:<br>&nbsp;&nbsp;&nbsp;&nbsp;<36 months: N<br>&nbsp;&nbsp;&nbsp;&nbsp;30 months -- 5 years: Y<br>&nbsp;&nbsp;&nbsp;&nbsp;Preschool: N<br>&nbsp;&nbsp;&nbsp;&nbsp;Grade 1 - Age 12: N<br>
4483,Licensed Group,Clinton Neighbourhood Care,5858 Clinton St,,Burnaby,V5J 2M3,49.212525,-122.979134,604-435-1222,,,N,N,N,N,N,N,N,N,N,N,N,N,N,N,N,N,N,,,N,N,N,N,N,N,N,N,Y,Y,Y,2026-05-14,http://www.healthspace.ca/fha/childcare,N,Y,N,Clinton Neighbourhood Care<br>Licensed Group<br>604-435-1222<br><br>Vacancy:<br>&nbsp;&nbsp;&nbsp;&nbsp;<36 months: N<br>&nbsp;&nbsp;&nbsp;&nbsp;30 months -- 5 years: Y<br>&nbsp;&nbsp;&nbsp;&nbsp;Preschool: Y<br>&nbsp;&nbsp;&nbsp;&nbsp;Grade 1 - Age 12: Y<br>
4484,Licensed Family,Starseed Kindercottage,419 Delbruck St,,Nelson,V1L 5L5,49.482132,-117.285791,250-509-0865,,,N,N,N,N,N,N,N,N,N,N,N,N,N,N,N,N,N,,,N,N,N,N,N,N,N,N,N,N,N,2026-04-28,https://hedgehogportal.interiorhealth.ca/ChildCare/Map,N,Y,N,Starseed Kindercottage<br>Licensed Family<br>250-509-0865<br><br>Vacancy:<br>&nbsp;&nbsp;&nbsp;&nbsp;<36 months: N<br>&nbsp;&nbsp;&nbsp;&nbsp;30 months -- 5 years: N<br>&nbsp;&nbsp;&nbsp;&nbsp;Preschool: N<br>&nbsp;&nbsp;&nbsp;&nbsp;Grade 1 - Age 12: N<br>
4485,Licensed Group,Parasol (Aberdeen),2090 Pacific Way,,Kamloops,V1S 1K7,50.64403,-120.368065,250-299-3682,,,N,N,N,N,N,N,N,N,N,N,N,N,N,N,N,N,N,,,N,N,N,N,N,N,N,N,N,N,N,2026-04-18,https://hedgehogportal.interiorhealth.ca/ChildCare/Map,N,Y,N,Parasol (Aberdeen)<br>Licensed Group<br>250-299-3682<br><br>Vacancy:<br>&nbsp;&nbsp;&nbsp;&nbsp;<36 months: N<br>&nbsp;&nbsp;&nbsp;&nbsp;30 months -- 5 years: N<br>&nbsp;&nbsp;&nbsp;&nbsp;Preschool: N<br>&nbsp;&nbsp;&nbsp;&nbsp;Grade 1 - Age 12: N<br>
4486,Licensed Family,Little Shooting Stars Family Day Care,3049 Poyner Cres,,Prince George,V2K 2B8,53.979349,-122.79671,250-613-5152,,,N,N,N,N,N,N,N,N,N,N,N,N,N,N,N,N,N,,,N,N,N,N,N,N,N,N,N,N,N,2026-05-15,https://www.healthspace.ca/Clients/NHA/NHA_Website.nsf/CCFL-Frameset,N,Y,N,Little Shooting Stars Family Day Care<br>Licensed Family<br>250-613-5152<br><br>Vacancy:<br>&nbsp;&nbsp;&nbsp;&nbsp;<36 months: N<br>&nbsp;&nbsp;&nbsp;&nbsp;30 months -- 5 years: N<br>&nbsp;&nbsp;&nbsp;&nbsp;Preschool: N<br>&nbsp;&nbsp;&nbsp;&nbsp;Grade 1 - Age 12: N<br>
4487,Licensed Family,Tammy's Childcare,3808 Fairwinds Dr,,Osoyoos,V0H 1V4,49.011617,-119.490576,250-689-0041,,,N,N,N,N,N,N,N,N,N,N,N,N,N,N,N,N,N,,,N,N,N,N,N,N,N,N,N,N,N,2026-05-04,https://hedgehogportal.interiorhealth.ca/ChildCare/Map,N,Y,N,Tammy's Childcare<br>Licensed Family<br>250-689-0041<br><br>Vacancy:<br>&nbsp;&nbsp;&nbsp;&nbsp;<36 months: N<br>&nbsp;&nbsp;&nbsp;&nbsp;30 months -- 5 years: N<br>&nbsp;&nbsp;&nbsp;&nbsp;Preschool: N<br>&nbsp;&nbsp;&nbsp;&nbsp;Grade 1 - Age 12: N<br>
4488,Licensed Group,Glenbrooke Daycare,320 8Th Ave,,New Westminster,V3L 1Y2,49.217664,-122.920786,604-522-0666,,,N,N,N,N,N,N,N,N,N,N,N,N,N,N,N,N,N,,,N,N,N,N,N,N,N,N,N,N,N,2026-05-14,http://www.healthspace.ca/fha/childcare,N,Y,N,Glenbrooke Daycare<br>Licensed Group<br>604-522-0666<br><br>Vacancy:<br>&nbsp;&nbsp;&nbsp;&nbsp;<36 months: N<br>&nbsp;&nbsp;&nbsp;&nbsp;30 months -- 5 years: N<br>&nbsp;&nbsp;&nbsp;&nbsp;Preschool: N<br>&nbsp;&nbsp;&nbsp;&nbsp;Grade 1 - Age 12: N<br>
4489,Licensed Group,Kidz Kompany - Hammond Bay,1025 Morningside Dr,,Nanaimo,V9T 1N5,49.231957,-123.966672,250-729-4142,,,N,N,N,N,N,N,N,N,N,N,N,N,N,N,N,N,N,,,N,N,N,N,N,N,N,N,N,N,N,2026-04-29,https://www.healthspace.ca/clients/viha/viha_website.nsf/CCFL-Main?OpenView,N,Y,N,Kidz Kompany - Hammond Bay<br>Licensed Group<br>250-729-4142<br><br>Vacancy:<br>&nbsp;&nbsp;&nbsp;&nbsp;<36 months: N<br>&nbsp;&nbsp;&nbsp;&nbsp;30 months -- 5 years: N<br>&nbsp;&nbsp;&nbsp;&nbsp;Preschool: N<br>&nbsp;&nbsp;&nbsp;&nbsp;Grade 1 - Age 12: N<br>
4490,Licensed Group,Kidz Kompany - Harbourside,2150 Departure Bay Rd,,Nanaimo,V9S 3V6,49.191388,-123.965938,250-729-4142,,,N,N,N,N,N,N,N,N,N,N,N,N,N,N,N,N,N,,,N,N,N,N,N,N,N,N,N,N,N,2026-04-29,https://www.healthspace.ca/clients/viha/viha_website.nsf/CCFL-Main?OpenView,N,Y,N,Kidz Kompany - Harbourside<br>Licensed Group<br>250-729-4142<br><br>Vacancy:<br>&nbsp;&nbsp;&nbsp;&nbsp;<36 months: N<br>&nbsp;&nbsp;&nbsp;&nbsp;30 months -- 5 years: N<br>&nbsp;&nbsp;&nbsp;&nbsp;Preschool: N<br>&nbsp;&nbsp;&nbsp;&nbsp;Grade 1 - Age 12: N<br>
4491,Licensed Family,Little Prince & Princess,11911 73 Ave,,Delta,V4C 1C3,49.135907,-122.892868,604-507-6890,,,N,N,N,N,N,N,N,N,N,N,N,N,N,N,N,N,N,,,N,N,N,N,N,N,N,N,N,N,N,2026-05-15,http://www.healthspace.ca/fha/childcare,N,Y,N,Little Prince & Princess<br>Licensed Family<br>604-507-6890<br><br>Vacancy:<br>&nbsp;&nbsp;&nbsp;&nbsp;<36 months: N<br>&nbsp;&nbsp;&nbsp;&nbsp;30 months -- 5 years: N<br>&nbsp;&nbsp;&nbsp;&nbsp;Preschool: N<br>&nbsp;&nbsp;&nbsp;&nbsp;Grade 1 - Age 12: N<br>
4492,Licensed Group,Nukko Lake Child Care,23955 Chief Lake Rd,,Prince George,V2K 5L1,54.085229,-122.988115,250-981-4886,,,N,N,N,N,N,N,N,N,N,N,N,N,N,N,N,N,N,,,N,N,N,N,N,N,N,N,Y,N,Y,2026-05-07,https://www.healthspace.ca/Clients/NHA/NHA_Website.nsf/CCFL-Frameset,N,N,N,Nukko Lake Child Care<br>Licensed Group<br>250-981-4886<br><br>Vacancy:<br>&nbsp;&nbsp;&nbsp;&nbsp;<36 months: N<br>&nbsp;&nbsp;&nbsp;&nbsp;30 months -- 5 years: Y<br>&nbsp;&nbsp;&nbsp;&nbsp;Preschool: N<br>&nbsp;&nbsp;&nbsp;&nbsp;Grade 1 - Age 12: Y<br>
4493,Licensed Group,Sa-Hali Early Care And Learning Center,720 Robson Dr,,Kamloops,V2E 2G8,50.645701,-120.353099,250-372-1637,,,N,N,N,N,N,N,N,N,N,N,N,N,N,N,N,N,N,,,N,N,N,N,N,N,N,N,N,N,N,2026-05-15,https://hedgehogportal.interiorhealth.ca/ChildCare/Map,N,Y,N,Sa-Hali Early Care And Learning Center<br>Licensed Group<br>250-372-1637<br><br>Vacancy:<br>&nbsp;&nbsp;&nbsp;&nbsp;<36 months: N<br>&nbsp;&nbsp;&nbsp;&nbsp;30 months -- 5 years: N<br>&nbsp;&nbsp;&nbsp;&nbsp;Preschool: N<br>&nbsp;&nbsp;&nbsp;&nbsp;Grade 1 - Age 12: N<br>
4494,Licensed Group,University Hill Preschool,5210 University Boulevard,,Vancouver,V6T 2H5,49.263149,-123.230468,604-228-8610,,,N,N,N,N,N,N,N,N,N,N,N,N,N,N,N,N,N,,,N,N,N,N,N,N,N,N,N,Y,N,2026-05-03,https://inspections.vcha.ca/ChildCare/Table,N,Y,N,University Hill Preschool<br>Licensed Group<br>604-228-8610<br><br>Vacancy:<br>&nbsp;&nbsp;&nbsp;&nbsp;<36 months: N<br>&nbsp;&nbsp;&nbsp;&nbsp;30 months -- 5 years: N<br>&nbsp;&nbsp;&nbsp;&nbsp;Preschool: Y<br>&nbsp;&nbsp;&nbsp;&nbsp;Grade 1 - Age 12: N<br>
4495,Licensed Group,Linda's After School Care,Green Annex 5120 Mottishaw Rd,,Courtenay,V9J 1L5,49.728534,-124.980304,250-792-0054,,,N,N,N,N,N,N,N,N,N,N,N,N,N,N,N,N,N,,,N,N,N,N,N,N,N,Y,Y,N,Y,2026-05-14,https://www.healthspace.ca/clients/viha/viha_website.nsf/CCFL-Main?OpenView,N,Y,N,Linda's After School Care<br>Licensed Group<br>250-792-0054<br><br>Vacancy:<br>&nbsp;&nbsp;&nbsp;&nbsp;<36 months: Y<br>&nbsp;&nbsp;&nbsp;&nbsp;30 months -- 5 years: Y<br>&nbsp;&nbsp;&nbsp;&nbsp;Preschool: N<br>&nbsp;&nbsp;&nbsp;&nbsp;Grade 1 - Age 12: Y<br>
4496,Licensed Group,Global Montessori Learning Center,19785 55 A Ave,,Langley,V3A 3X1,54.053818,-124.846315,604-534-1556,,,N,N,N,N,N,N,N,N,N,N,N,N,N,N,N,N,N,,,N,N,N,N,N,N,N,Y,Y,N,N,2026-05-19,http://www.healthspace.ca/fha/childcare,N,Y,N,Global Montessori Learning Center<br>Licensed Group<br>604-534-1556<br><br>Vacancy:<br>&nbsp;&nbsp;&nbsp;&nbsp;<36 months: Y<br>&nbsp;&nbsp;&nbsp;&nbsp;30 months -- 5 years: Y<br>&nbsp;&nbsp;&nbsp;&nbsp;Preschool: N<br>&nbsp;&nbsp;&nbsp;&nbsp;Grade 1 - Age 12: N<br>
4497,Licensed Group,Okanagan Boys And Girls Clubs - Summerland,9111 Peach Orchard Rd,,Summerland,V0H 1Z0,49.604411,-119.676105,250-762-3914,,,N,N,N,N,N,N,N,N,N,N,N,N,N,N,N,N,N,,,N,N,N,N,N,N,N,N,N,N,Y,2026-05-15,https://hedgehogportal.interiorhealth.ca/ChildCare/Map,N,Y,N,Okanagan Boys And Girls Clubs - Summerland<br>Licensed Group<br>250-762-3914<br><br>Vacancy:<br>&nbsp;&nbsp;&nbsp;&nbsp;<36 months: N<br>&nbsp;&nbsp;&nbsp;&nbsp;30 months -- 5 years: N<br>&nbsp;&nbsp;&nbsp;&nbsp;Preschool: N<br>&nbsp;&nbsp;&nbsp;&nbsp;Grade 1 - Age 12: Y<br>
4498,Licensed Group,Springvalley Elementary Out Of School Care,470 Ziprick Rd,,Kelowna,V1X 4H4,49.88381,-119.418344,250-762-3914,,,N,N,N,N,N,N,N,N,N,N,N,N,N,N,N,N,N,,,N,N,N,N,N,N,N,N,N,N,N,2026-05-15,https://hedgehogportal.interiorhealth.ca/ChildCare/Map,N,Y,N,Springvalley Elementary Out Of School Care<br>Licensed Group<br>250-762-3914<br><br>Vacancy:<br>&nbsp;&nbsp;&nbsp;&nbsp;<36 months: N<br>&nbsp;&nbsp;&nbsp;&nbsp;30 months -- 5 years: N<br>&nbsp;&nbsp;&nbsp;&nbsp;Preschool: N<br>&nbsp;&nbsp;&nbsp;&nbsp;Grade 1 - Age 12: N<br>
4499,Licensed Group,Noel Booth Child Care,20202 35Th Ave,,Langley,V2Z 1A2,49.065036,-122.661848,604-218-6506,,,N,N,N,N,N,N,N,N,N,N,N,N,N,N,N,N,N,,,N,N,N,N,N,N,N,N,N,Y,Y,2026-04-18,http://www.healthspace.ca/fha/childcare,N,Y,N,Noel Booth Child Care<br>Licensed Group<br>604-218-6506<br><br>Vacancy:<br>&nbsp;&nbsp;&nbsp;&nbsp;<36 months: N<br>&nbsp;&nbsp;&nbsp;&nbsp;30 months -- 5 years: N<br>&nbsp;&nbsp;&nbsp;&nbsp;Preschool: Y<br>&nbsp;&nbsp;&nbsp;&nbsp;Grade 1 - Age 12: Y<br>
4500,Licensed Group,Kidz Co. Learning Centre,2731 James St,,Duncan,V9L 2Y1,48.782281,-123.706243,250-746-4020,,,N,N,N,N,N,N,N,N,N,N,N,N,N,N,N,N,N,,,N,N,N,N,N,N,N,N,N,N,N,2026-05-16,https://www.healthspace.ca/clients/viha/viha_website.nsf/CCFL-Main?OpenView,N,Y,N,Kidz Co. Learning Centre<br>Licensed Group<br>250-746-4020<br><br>Vacancy:<br>&nbsp;&nbsp;&nbsp;&nbsp;<36 months: N<br>&nbsp;&nbsp;&nbsp;&nbsp;30 months -- 5 years: N<br>&nbsp;&nbsp;&nbsp;&nbsp;Preschool: N<br>&nbsp;&nbsp;&nbsp;&nbsp;Grade 1 - Age 12: N<br>
4501,Licensed Group,The Montessori Children's Community,4950 Heather St,,Vancouver,V5Z 3L9,49.240446,-123.119912,604-261-0864,,,Y,N,N,N,N,N,Y,Y,N,N,N,N,N,N,N,N,N,Not offered,Not offered,N,N,N,N,N,Y,Y,N,Y,N,N,2026-05-05,https://inspections.vcha.ca/ChildCare/Table,N,Y,N,The Montessori Children's Community<br>Licensed Group<br>604-261-0864<br><br>Vacancy:<br>&nbsp;&nbsp;&nbsp;&nbsp;<36 months: N<br>&nbsp;&nbsp;&nbsp;&nbsp;30 months -- 5 years: Y<br>&nbsp;&nbsp;&nbsp;&nbsp;Preschool: N<br>&nbsp;&nbsp;&nbsp;&nbsp;Grade 1 - Age 12: N<br>
4502,Licensed Group,Aspengrove Early Learning Centre,7660 Clark Dr,Rr 2,Lantzville,V0R 2H0,49.237929,-124.063154,250-933-2223,,,N,N,N,N,N,N,N,N,N,N,N,N,N,N,N,N,N,,,N,N,N,N,N,N,N,N,N,N,N,2026-05-01,https://www.healthspace.ca/clients/viha/viha_website.nsf/CCFL-Main?OpenView,N,Y,N,Aspengrove Early Learning Centre<br>Licensed Group<br>250-933-2223<br><br>Vacancy:<br>&nbsp;&nbsp;&nbsp;&nbsp;<36 months: N<br>&nbsp;&nbsp;&nbsp;&nbsp;30 months -- 5 years: N<br>&nbsp;&nbsp;&nbsp;&nbsp;Preschool: N<br>&nbsp;&nbsp;&nbsp;&nbsp;Grade 1 - Age 12: N<br>
4503,Licensed Group,Hand In Hand - Mountain Elementary,2299 Mountain Dr,,Abbotsford,V3G 1E6,49.042946,-122.234666,604-859-1843,,,N,N,N,N,N,N,N,N,N,N,N,N,N,N,N,N,N,,,N,N,N,N,N,N,N,N,N,Y,Y,2026-05-06,http://www.healthspace.ca/fha/childcare,N,Y,N,Hand In Hand - Mountain Elementary<br>Licensed Group<br>604-859-1843<br><br>Vacancy:<br>&nbsp;&nbsp;&nbsp;&nbsp;<36 months: N<br>&nbsp;&nbsp;&nbsp;&nbsp;30 months -- 5 years: N<br>&nbsp;&nbsp;&nbsp;&nbsp;Preschool: Y<br>&nbsp;&nbsp;&nbsp;&nbsp;Grade 1 - Age 12: Y<br>
4504,Licensed Group,Georgia Avenue Before & After School Care,625 Georgia Ave,,Nanaimo,V9R 3W3,49.1533,-123.953909,807-934-8448,,,N,N,N,N,N,N,N,N,N,N,N,N,N,N,N,N,N,,,N,N,N,N,N,N,N,N,Y,N,Y,2026-05-20,https://www.healthspace.ca/clients/viha/viha_website.nsf/CCFL-Main?OpenView,N,Y,N,Georgia Avenue Before & After School Care<br>Licensed Group<br>807-934-8448<br><br>Vacancy:<br>&nbsp;&nbsp;&nbsp;&nbsp;<36 months: N<br>&nbsp;&nbsp;&nbsp;&nbsp;30 months -- 5 years: Y<br>&nbsp;&nbsp;&nbsp;&nbsp;Preschool: N<br>&nbsp;&nbsp;&nbsp;&nbsp;Grade 1 - Age 12: Y<br>
4505,Licensed Group,David Brankin Pre-K,9160 128Th St,,Surrey,V3V 5M8,49.169553,-122.867719,604-598-7965,,,N,N,N,N,N,N,N,N,N,N,N,N,N,N,N,N,N,,,N,N,N,N,N,N,N,N,N,Y,N,2026-04-30,http://www.healthspace.ca/fha/childcare,N,Y,N,David Brankin Pre-K<br>Licensed Group<br>604-598-7965<br><br>Vacancy:<br>&nbsp;&nbsp;&nbsp;&nbsp;<36 months: N<br>&nbsp;&nbsp;&nbsp;&nbsp;30 months -- 5 years: N<br>&nbsp;&nbsp;&nbsp;&nbsp;Preschool: Y<br>&nbsp;&nbsp;&nbsp;&nbsp;Grade 1 - Age 12: N<br>
4506,Licensed Group,Vancouver Waldorf School,2725 St. Christophers Rd,,North Vancouver,V7K 2B6,49.333803,-123.046847,604-985-7435,,,N,N,N,N,N,N,N,N,N,N,N,N,N,N,N,N,N,,,N,N,N,N,N,N,N,N,N,N,N,2026-04-21,https://inspections.vcha.ca/ChildCare/Table,N,Y,Y,Vancouver Waldorf School<br>Licensed Group<br>604-985-7435<br><br>Vacancy:<br>&nbsp;&nbsp;&nbsp;&nbsp;<36 months: N<br>&nbsp;&nbsp;&nbsp;&nbsp;30 months -- 5 years: N<br>&nbsp;&nbsp;&nbsp;&nbsp;Preschool: N<br>&nbsp;&nbsp;&nbsp;&nbsp;Grade 1 - Age 12: N<br>
4507,Licensed Family,Huckleberry Family Child Care,106-1622 Frances St,,Vancouver,V5L 1Z4,49.279141,-123.07207,604-255-2360,,,N,N,N,N,N,N,N,N,N,N,N,N,N,N,N,N,N,,,N,N,N,N,N,N,N,N,N,N,N,2026-05-19,https://inspections.vcha.ca/ChildCare/Table,N,Y,N,Huckleberry Family Child Care<br>Licensed Family<br>604-255-2360<br><br>Vacancy:<br>&nbsp;&nbsp;&nbsp;&nbsp;<36 months: N<br>&nbsp;&nbsp;&nbsp;&nbsp;30 months -- 5 years: N<br>&nbsp;&nbsp;&nbsp;&nbsp;Preschool: N<br>&nbsp;&nbsp;&nbsp;&nbsp;Grade 1 - Age 12: N<br>
4508,Licensed Family,Tender Tot's Family Childcare,3100 Lashman Ave,,Duncan,V9L 1E2,48.781045,-123.726327,250-510-1759,,,N,N,N,N,N,N,N,N,N,N,N,N,N,N,N,N,N,,,N,N,N,N,N,N,N,N,N,N,N,2026-05-14,https://www.healthspace.ca/clients/viha/viha_website.nsf/CCFL-Main?OpenView,N,Y,N,Tender Tot's Family Childcare<br>Licensed Family<br>250-510-1759<br><br>Vacancy:<br>&nbsp;&nbsp;&nbsp;&nbsp;<36 months: N<br>&nbsp;&nbsp;&nbsp;&nbsp;30 months -- 5 years: N<br>&nbsp;&nbsp;&nbsp;&nbsp;Preschool: N<br>&nbsp;&nbsp;&nbsp;&nbsp;Grade 1 - Age 12: N<br>
4509,Licensed Group,Trout Creek Kids Club,5 5811 Nixon Rd,,Summerland,V0H 1Z0,49.571274,-119.624816,250-492-1194,,,N,N,N,N,N,N,N,N,N,N,N,N,N,N,N,N,N,,,N,N,N,N,N,N,N,N,Y,N,Y,2026-04-24,https://hedgehogportal.interiorhealth.ca/ChildCare/Map,N,Y,N,Trout Creek Kids Club<br>Licensed Group<br>250-492-1194<br><br>Vacancy:<br>&nbsp;&nbsp;&nbsp;&nbsp;<36 months: N<br>&nbsp;&nbsp;&nbsp;&nbsp;30 months -- 5 years: Y<br>&nbsp;&nbsp;&nbsp;&nbsp;Preschool: N<br>&nbsp;&nbsp;&nbsp;&nbsp;Grade 1 - Age 12: Y<br>
4510,Licensed Group,Pacific Academy Preschool And Childcare,Rm 8 - 10238 - 168Th St,,Surrey,V4N 1Z4,49.188919,-122.75624,604-581-0132,,,N,N,N,N,N,N,N,N,N,N,N,N,N,N,N,N,N,,,N,N,N,N,N,N,N,N,N,Y,N,2026-05-08,http://www.healthspace.ca/fha/childcare,N,N,N,Pacific Academy Preschool And Childcare<br>Licensed Group<br>604-581-0132<br><br>Vacancy:<br>&nbsp;&nbsp;&nbsp;&nbsp;<36 months: N<br>&nbsp;&nbsp;&nbsp;&nbsp;30 months -- 5 years: N<br>&nbsp;&nbsp;&nbsp;&nbsp;Preschool: Y<br>&nbsp;&nbsp;&nbsp;&nbsp;Grade 1 - Age 12: N<br>
4511,Licensed Group,Kids R Kool Childcare,9175 206Th St,,Langley,V1M 2X2,49.169185,-122.652757,604-318-0132,,,N,N,N,N,N,N,N,N,N,N,N,N,N,N,N,N,N,,,N,N,N,N,N,N,N,N,Y,N,Y,2026-05-05,http://www.healthspace.ca/fha/childcare,N,Y,N,Kids R Kool Childcare<br>Licensed Group<br>604-318-0132<br><br>Vacancy:<br>&nbsp;&nbsp;&nbsp;&nbsp;<36 months: N<br>&nbsp;&nbsp;&nbsp;&nbsp;30 months -- 5 years: Y<br>&nbsp;&nbsp;&nbsp;&nbsp;Preschool: N<br>&nbsp;&nbsp;&nbsp;&nbsp;Grade 1 - Age 12: Y<br>
4512,Licensed Group,Children Of Integrity Montessori Childcare Academy,2541 Quay Pl,,Coquitlam,V3H 3S7,49.274036,-122.821054,778-840-0764,,,,,,,,,,,,,,,,,,,,,,,,,,,,,,,,,,,Y,N,N,Children Of Integrity Montessori Childcare Academy<br>Licensed Group<br>778-840-0764<br><br>Vacancy:<br>&nbsp;&nbsp;&nbsp;&nbsp;<36 months: None<br>&nbsp;&nbsp;&nbsp;&nbsp;30 months -- 5 years: None<br>&nbsp;&nbsp;&nbsp;&nbsp;Preschool: None<br>&nbsp;&nbsp;&nbsp;&nbsp;Grade 1 - Age 12: None<br>
4513,Licensed Group,Quadra Village Community Childcare,901 Kings Rd,,Victoria,V8T 1W5,48.436976,-123.360984,250-388-7696,,,N,N,N,N,N,N,N,N,N,N,N,N,N,N,N,N,N,,,N,N,N,N,N,N,N,N,Y,N,Y,2026-04-10,https://www.healthspace.ca/clients/viha/viha_website.nsf/CCFL-Main?OpenView,N,Y,N,Quadra Village Community Childcare<br>Licensed Group<br>250-388-7696<br><br>Vacancy:<br>&nbsp;&nbsp;&nbsp;&nbsp;<36 months: N<br>&nbsp;&nbsp;&nbsp;&nbsp;30 months -- 5 years: Y<br>&nbsp;&nbsp;&nbsp;&nbsp;Preschool: N<br>&nbsp;&nbsp;&nbsp;&nbsp;Grade 1 - Age 12: Y<br>
4514,Licensed Group,Bounce,1540 mcphee Ave,,Courtenay,V9N 3A5,49.682327,-124.997567,250-732-7659,,,N,N,N,N,N,N,N,N,N,N,N,N,N,N,N,N,N,,,N,N,N,N,N,N,N,N,N,N,Y,2026-05-14,https://www.healthspace.ca/clients/viha/viha_website.nsf/CCFL-Main?OpenView,N,Y,N,Bounce<br>Licensed Group<br>250-732-7659<br><br>Vacancy:<br>&nbsp;&nbsp;&nbsp;&nbsp;<36 months: N<br>&nbsp;&nbsp;&nbsp;&nbsp;30 months -- 5 years: N<br>&nbsp;&nbsp;&nbsp;&nbsp;Preschool: N<br>&nbsp;&nbsp;&nbsp;&nbsp;Grade 1 - Age 12: Y<br>
4515,Licensed Group,Fantasy Island At Beth Tikvah,9711 Geal Rd,,Richmond,V7E 1R4,49.141757,-123.171446,778-837-6262,,,N,N,N,N,N,N,N,N,N,N,N,N,N,N,N,N,N,,,N,N,N,N,N,N,N,Y,Y,N,N,2026-05-20,https://inspections.vcha.ca/ChildCare/Table,N,Y,N,Fantasy Island At Beth Tikvah<br>Licensed Group<br>778-837-6262<br><br>Vacancy:<br>&nbsp;&nbsp;&nbsp;&nbsp;<36 months: Y<br>&nbsp;&nbsp;&nbsp;&nbsp;30 months -- 5 years: Y<br>&nbsp;&nbsp;&nbsp;&nbsp;Preschool: N<br>&nbsp;&nbsp;&nbsp;&nbsp;Grade 1 - Age 12: N<br>
4516,Licensed Family,Teddy Bear Junction,5963 Ferguson Lake Rd,,Prince George,V2K 5V2,54.032146,-122.828646,250-552-0374,,,N,N,N,N,N,N,N,N,N,N,N,N,N,N,N,N,N,Extra fee,Extra fee,N,N,N,N,N,N,N,N,N,N,N,2026-05-01,https://www.healthspace.ca/Clients/NHA/NHA_Website.nsf/CCFL-Frameset,N,Y,N,Teddy Bear Junction<br>Licensed Family<br>250-552-0374<br><br>Vacancy:<br>&nbsp;&nbsp;&nbsp;&nbsp;<36 months: N<br>&nbsp;&nbsp;&nbsp;&nbsp;30 months -- 5 years: N<br>&nbsp;&nbsp;&nbsp;&nbsp;Preschool: N<br>&nbsp;&nbsp;&nbsp;&nbsp;Grade 1 - Age 12: N<br>
4517,Licensed Family,Little Garden Family Child Care,649 Howard Ave,,Nanaimo,V9R 3S8,49.152735,-123.955829,250-716-8991,,,N,N,N,N,N,N,N,N,N,N,N,N,N,N,N,N,N,,,N,N,N,N,N,N,N,N,Y,N,N,2026-05-18,https://www.healthspace.ca/clients/viha/viha_website.nsf/CCFL-Main?OpenView,N,Y,N,Little Garden Family Child Care<br>Licensed Family<br>250-716-8991<br><br>Vacancy:<br>&nbsp;&nbsp;&nbsp;&nbsp;<36 months: N<br>&nbsp;&nbsp;&nbsp;&nbsp;30 months -- 5 years: Y<br>&nbsp;&nbsp;&nbsp;&nbsp;Preschool: N<br>&nbsp;&nbsp;&nbsp;&nbsp;Grade 1 - Age 12: N<br>
4518,Licensed Group,Kids In Paradise,25-1835 56 St,,Delta,V4L 2L9,49.036438,-123.069825,604-948-5436,,,N,N,N,N,N,N,N,N,N,N,N,N,N,N,N,N,N,,,N,N,N,N,N,N,N,N,N,N,N,2026-05-02,http://www.healthspace.ca/fha/childcare,N,Y,N,Kids In Paradise<br>Licensed Group<br>604-948-5436<br><br>Vacancy:<br>&nbsp;&nbsp;&nbsp;&nbsp;<36 months: N<br>&nbsp;&nbsp;&nbsp;&nbsp;30 months -- 5 years: N<br>&nbsp;&nbsp;&nbsp;&nbsp;Preschool: N<br>&nbsp;&nbsp;&nbsp;&nbsp;Grade 1 - Age 12: N<br>
4519,Licensed Group,A To Z Childcare Centre,8613 162 St,,Surrey,V4N 1A9,49.159267,-122.773459,604-719-6736,,,N,N,N,N,N,N,N,N,N,N,N,N,N,N,N,N,N,,,N,N,N,N,N,N,N,N,Y,N,N,2026-05-15,http://www.healthspace.ca/fha/childcare,N,Y,N,A To Z Childcare Centre<br>Licensed Group<br>604-719-6736<br><br>Vacancy:<br>&nbsp;&nbsp;&nbsp;&nbsp;<36 months: N<br>&nbsp;&nbsp;&nbsp;&nbsp;30 months -- 5 years: Y<br>&nbsp;&nbsp;&nbsp;&nbsp;Preschool: N<br>&nbsp;&nbsp;&nbsp;&nbsp;Grade 1 - Age 12: N<br>
4520,Licensed Group,Power Of Friendship Aboriginal Head Start Program,110 Anderson St,,Prince George,V2M 4Z1,53.927899,-122.809656,250-564-3568,,,N,N,N,N,N,N,N,N,N,N,N,N,N,N,N,N,N,,,N,N,N,N,N,N,N,N,N,N,N,2026-05-20,https://www.healthspace.ca/Clients/NHA/NHA_Website.nsf/CCFL-Frameset,N,Y,N,Power Of Friendship Aboriginal Head Start Program<br>Licensed Group<br>250-564-3568<br><br>Vacancy:<br>&nbsp;&nbsp;&nbsp;&nbsp;<36 months: N<br>&nbsp;&nbsp;&nbsp;&nbsp;30 months -- 5 years: N<br>&nbsp;&nbsp;&nbsp;&nbsp;Preschool: N<br>&nbsp;&nbsp;&nbsp;&nbsp;Grade 1 - Age 12: N<br>
4521,Licensed Group,Pg Aboriginal Head Start,1945 3Rd Ave,,Prince George,V2M 1G6,53.919996,-122.757616,250-564-3568,,,N,N,N,N,N,N,N,N,N,N,N,N,N,N,N,N,N,,,N,N,N,N,N,N,N,N,N,N,N,2026-05-20,https://www.healthspace.ca/Clients/NHA/NHA_Website.nsf/CCFL-Frameset,N,Y,N,Pg Aboriginal Head Start<br>Licensed Group<br>250-564-3568<br><br>Vacancy:<br>&nbsp;&nbsp;&nbsp;&nbsp;<36 months: N<br>&nbsp;&nbsp;&nbsp;&nbsp;30 months -- 5 years: N<br>&nbsp;&nbsp;&nbsp;&nbsp;Preschool: N<br>&nbsp;&nbsp;&nbsp;&nbsp;Grade 1 - Age 12: N<br>
4522,Licensed Group,Wind And Tide Preschool - Eagle Ridge,1160 Lansdowne Dr,,Coquitlam,V3B 5V8,49.281135,-122.809137,604-575-0549,,,N,N,N,N,N,N,N,N,N,N,N,N,N,N,N,N,N,,,N,N,N,N,N,N,N,N,N,N,N,2026-05-15,http://www.healthspace.ca/fha/childcare,N,Y,N,Wind And Tide Preschool - Eagle Ridge<br>Licensed Group<br>604-575-0549<br><br>Vacancy:<br>&nbsp;&nbsp;&nbsp;&nbsp;<36 months: N<br>&nbsp;&nbsp;&nbsp;&nbsp;30 months -- 5 years: N<br>&nbsp;&nbsp;&nbsp;&nbsp;Preschool: N<br>&nbsp;&nbsp;&nbsp;&nbsp;Grade 1 - Age 12: N<br>
4523,Licensed Group,Wind & Tide Preschool - Parklands,9574 160 St,,Surrey,V4N 2R6,49.176366,-122.778559,604-575-0549,,,N,N,N,N,N,N,N,N,N,N,N,N,N,N,N,N,N,,,N,N,N,N,N,N,N,N,Y,N,N,2026-05-15,http://www.healthspace.ca/fha/childcare,N,Y,N,Wind & Tide Preschool - Parklands<br>Licensed Group<br>604-575-0549<br><br>Vacancy:<br>&nbsp;&nbsp;&nbsp;&nbsp;<36 months: N<br>&nbsp;&nbsp;&nbsp;&nbsp;30 months -- 5 years: Y<br>&nbsp;&nbsp;&nbsp;&nbsp;Preschool: N<br>&nbsp;&nbsp;&nbsp;&nbsp;Grade 1 - Age 12: N<br>
4524,Licensed Group,Just For Kids After School Care At Palsson,9 Grosskleg Way,,Lake Cowichan,V0R 2G0,48.831232,-124.052245,250-732-7292,,,N,N,N,N,N,N,N,N,N,N,N,N,N,N,N,N,N,,,N,N,N,N,N,N,N,N,N,N,N,2026-05-05,https://www.healthspace.ca/clients/viha/viha_website.nsf/CCFL-Main?OpenView,N,Y,N,Just For Kids After School Care At Palsson<br>Licensed Group<br>250-732-7292<br><br>Vacancy:<br>&nbsp;&nbsp;&nbsp;&nbsp;<36 months: N<br>&nbsp;&nbsp;&nbsp;&nbsp;30 months -- 5 years: N<br>&nbsp;&nbsp;&nbsp;&nbsp;Preschool: N<br>&nbsp;&nbsp;&nbsp;&nbsp;Grade 1 - Age 12: N<br>
4525,Licensed Group,Promontory Hummingbird Child Care Centre,2 46170 Stoneview Dr,,Chilliwack,V2R 5W8,49.101649,-121.946136,604-824-9907,,,N,N,N,N,N,N,N,N,N,N,N,N,N,N,N,N,N,,,N,N,N,N,N,N,N,N,N,N,N,2026-05-19,http://www.healthspace.ca/fha/childcare,N,Y,N,Promontory Hummingbird Child Care Centre<br>Licensed Group<br>604-824-9907<br><br>Vacancy:<br>&nbsp;&nbsp;&nbsp;&nbsp;<36 months: N<br>&nbsp;&nbsp;&nbsp;&nbsp;30 months -- 5 years: N<br>&nbsp;&nbsp;&nbsp;&nbsp;Preschool: N<br>&nbsp;&nbsp;&nbsp;&nbsp;Grade 1 - Age 12: N<br>
4526,Licensed Group,Champlain Heights Community Centre Preschool,3350 Maquinna Dr,,Vancouver,V5S 4C6,49.214448,-123.032066,604-718-6573,,,N,N,N,N,N,N,N,N,N,N,N,N,N,N,N,N,N,,,N,N,N,N,N,N,N,N,N,Y,N,2026-05-06,https://inspections.vcha.ca/ChildCare/Table,N,Y,N,Champlain Heights Community Centre Preschool<br>Licensed Group<br>604-718-6573<br><br>Vacancy:<br>&nbsp;&nbsp;&nbsp;&nbsp;<36 months: N<br>&nbsp;&nbsp;&nbsp;&nbsp;30 months -- 5 years: N<br>&nbsp;&nbsp;&nbsp;&nbsp;Preschool: Y<br>&nbsp;&nbsp;&nbsp;&nbsp;Grade 1 - Age 12: N<br>
4527,Licensed Group,Bgccvi - Richardson Road Club,100 Ohio Way,,Nanaimo,V9X 1C8,49.111198,-123.927325,250-753-2464,,,N,N,N,N,N,N,N,N,N,N,N,N,N,N,N,N,N,Not offered,Not offered,N,N,N,N,N,N,N,N,Y,N,N,2026-05-15,https://www.healthspace.ca/clients/viha/viha_website.nsf/CCFL-Main?OpenView,N,Y,N,Bgccvi - Richardson Road Club<br>Licensed Group<br>250-753-2464<br><br>Vacancy:<br>&nbsp;&nbsp;&nbsp;&nbsp;<36 months: N<br>&nbsp;&nbsp;&nbsp;&nbsp;30 months -- 5 years: Y<br>&nbsp;&nbsp;&nbsp;&nbsp;Preschool: N<br>&nbsp;&nbsp;&nbsp;&nbsp;Grade 1 - Age 12: N<br>
4528,Licensed Group,Shannon Lake Preschool,118 2220 Shannon Ridge Dr,,Westbank,V4T 2T6,49.856194,-119.608041,250-707-3223,,,N,N,N,N,N,N,N,N,N,N,N,N,N,N,N,N,N,,,N,N,N,N,N,N,N,N,N,N,N,2026-04-15,https://hedgehogportal.interiorhealth.ca/ChildCare/Map,N,N,N,Shannon Lake Preschool<br>Licensed Group<br>250-707-3223<br><br>Vacancy:<br>&nbsp;&nbsp;&nbsp;&nbsp;<36 months: N<br>&nbsp;&nbsp;&nbsp;&nbsp;30 months -- 5 years: N<br>&nbsp;&nbsp;&nbsp;&nbsp;Preschool: N<br>&nbsp;&nbsp;&nbsp;&nbsp;Grade 1 - Age 12: N<br>
4529,Licensed Group,Coastal Preschool,1160 W Georgia St,,Vancouver,V6E 3H7,49.286384,-123.124844,604-684-8475,,,N,N,N,N,N,N,N,N,N,N,N,N,N,N,N,N,N,,,N,N,N,N,N,N,N,N,N,Y,N,2026-05-20,https://inspections.vcha.ca/ChildCare/Table,N,Y,N,Coastal Preschool<br>Licensed Group<br>604-684-8475<br><br>Vacancy:<br>&nbsp;&nbsp;&nbsp;&nbsp;<36 months: N<br>&nbsp;&nbsp;&nbsp;&nbsp;30 months -- 5 years: N<br>&nbsp;&nbsp;&nbsp;&nbsp;Preschool: Y<br>&nbsp;&nbsp;&nbsp;&nbsp;Grade 1 - Age 12: N<br>
4530,Licensed Group,Childfirst Childcare,3800 No. 5 Rd,,Richmond,V6X 2T7,49.185589,-123.089224,604-276-8906,,,N,N,N,N,N,N,N,N,N,N,N,N,N,N,N,N,N,,,N,N,N,N,N,N,N,N,N,N,N,2026-05-21,https://inspections.vcha.ca/ChildCare/Table,N,Y,N,Childfirst Childcare<br>Licensed Group<br>604-276-8906<br><br>Vacancy:<br>&nbsp;&nbsp;&nbsp;&nbsp;<36 months: N<br>&nbsp;&nbsp;&nbsp;&nbsp;30 months -- 5 years: N<br>&nbsp;&nbsp;&nbsp;&nbsp;Preschool: N<br>&nbsp;&nbsp;&nbsp;&nbsp;Grade 1 - Age 12: N<br>
4531,Licensed Family,Bambi Day Care,1420 Johnston Ave,,Quesnel,V2J 6B5,52.976294,-122.47195,250-992-8079,,,N,N,N,N,N,N,N,N,N,N,N,N,N,N,N,N,N,,,N,N,N,N,N,N,N,N,N,N,N,2026-05-10,https://www.healthspace.ca/Clients/NHA/NHA_Website.nsf/CCFL-Frameset,N,Y,N,Bambi Day Care<br>Licensed Family<br>250-992-8079<br><br>Vacancy:<br>&nbsp;&nbsp;&nbsp;&nbsp;<36 months: N<br>&nbsp;&nbsp;&nbsp;&nbsp;30 months -- 5 years: N<br>&nbsp;&nbsp;&nbsp;&nbsp;Preschool: N<br>&nbsp;&nbsp;&nbsp;&nbsp;Grade 1 - Age 12: N<br>
4532,Licensed Group,Bee House Montessori Day Care Ii,3855 Sunset St,,Burnaby,V5G 1T4,49.249984,-123.018504,604-814-4584,,,N,N,N,N,N,N,N,N,N,N,N,N,N,N,N,N,N,,,N,N,N,N,N,N,N,N,N,N,N,2026-05-19,http://www.healthspace.ca/fha/childcare,N,Y,N,Bee House Montessori Day Care Ii<br>Licensed Group<br>604-814-4584<br><br>Vacancy:<br>&nbsp;&nbsp;&nbsp;&nbsp;<36 months: N<br>&nbsp;&nbsp;&nbsp;&nbsp;30 months -- 5 years: N<br>&nbsp;&nbsp;&nbsp;&nbsp;Preschool: N<br>&nbsp;&nbsp;&nbsp;&nbsp;Grade 1 - Age 12: N<br>
4533,Licensed Group,Wo'umxhl Simalgyex Daycare,218 Gitwangak West Rd,,Kitwanga,V0J 2A0,55.1174,-127.944096,250-849-5330,,,N,N,N,N,N,N,N,N,N,N,N,N,N,N,N,N,N,Not offered,Not offered,N,N,N,N,N,N,N,N,N,N,N,2026-04-22,https://www.healthspace.ca/Clients/NHA/NHA_Website.nsf/CCFL-Frameset,N,N,N,Wo'umxhl Simalgyex Daycare<br>Licensed Group<br>250-849-5330<br><br>Vacancy:<br>&nbsp;&nbsp;&nbsp;&nbsp;<36 months: N<br>&nbsp;&nbsp;&nbsp;&nbsp;30 months -- 5 years: N<br>&nbsp;&nbsp;&nbsp;&nbsp;Preschool: N<br>&nbsp;&nbsp;&nbsp;&nbsp;Grade 1 - Age 12: N<br>
4534,Licensed Group,Logan Lake Little Learners Preschool,4 Galena,,Logan Lake,V0K 1W0,50.49495,-120.815124,250-523-6229,,,N,N,N,N,N,N,N,N,N,N,N,N,N,N,N,N,N,,,N,N,N,N,N,N,N,N,N,Y,N,2026-05-04,https://hedgehogportal.interiorhealth.ca/ChildCare/Map,N,Y,N,Logan Lake Little Learners Preschool<br>Licensed Group<br>250-523-6229<br><br>Vacancy:<br>&nbsp;&nbsp;&nbsp;&nbsp;<36 months: N<br>&nbsp;&nbsp;&nbsp;&nbsp;30 months -- 5 years: N<br>&nbsp;&nbsp;&nbsp;&nbsp;Preschool: Y<br>&nbsp;&nbsp;&nbsp;&nbsp;Grade 1 - Age 12: N<br>
4535,Licensed Group,First Steps Daycare,675 Blue Mountain St,,Coquitlam,V3J 4R5,49.257945,-122.868476,604-931-0691,,,N,N,N,N,N,N,N,N,N,N,N,N,N,N,N,N,N,,,N,N,N,N,N,N,N,N,N,N,N,2026-05-15,http://www.healthspace.ca/fha/childcare,N,Y,N,First Steps Daycare<br>Licensed Group<br>604-931-0691<br><br>Vacancy:<br>&nbsp;&nbsp;&nbsp;&nbsp;<36 months: N<br>&nbsp;&nbsp;&nbsp;&nbsp;30 months -- 5 years: N<br>&nbsp;&nbsp;&nbsp;&nbsp;Preschool: N<br>&nbsp;&nbsp;&nbsp;&nbsp;Grade 1 - Age 12: N<br>
4536,Licensed Family,Little Blessings Daycare,8454 St Lawrence Ave,,Prince George,V2N 5G9,53.853446,-122.781838,250-961-6173,,,N,N,N,N,N,N,N,N,N,N,N,N,N,N,N,N,N,,,N,N,N,N,N,N,N,N,N,N,N,2026-05-15,https://www.healthspace.ca/Clients/NHA/NHA_Website.nsf/CCFL-Frameset,N,Y,N,Little Blessings Daycare<br>Licensed Family<br>250-961-6173<br><br>Vacancy:<br>&nbsp;&nbsp;&nbsp;&nbsp;<36 months: N<br>&nbsp;&nbsp;&nbsp;&nbsp;30 months -- 5 years: N<br>&nbsp;&nbsp;&nbsp;&nbsp;Preschool: N<br>&nbsp;&nbsp;&nbsp;&nbsp;Grade 1 - Age 12: N<br>
4537,Licensed Group,Port Coquitlam Daycare,3156 Coast Meridian Rd,,Port Coquitlam,V3B 5J8,49.270081,-122.754349,604-941-9206,,,N,N,N,N,N,N,N,N,N,N,N,N,N,N,N,N,N,,,N,N,N,N,N,N,N,N,N,N,N,2026-05-21,http://www.healthspace.ca/fha/childcare,N,Y,N,Port Coquitlam Daycare<br>Licensed Group<br>604-941-9206<br><br>Vacancy:<br>&nbsp;&nbsp;&nbsp;&nbsp;<36 months: N<br>&nbsp;&nbsp;&nbsp;&nbsp;30 months -- 5 years: N<br>&nbsp;&nbsp;&nbsp;&nbsp;Preschool: N<br>&nbsp;&nbsp;&nbsp;&nbsp;Grade 1 - Age 12: N<br>
4538,Licensed Group,Beehive Afterschool Program,546 309Th Ave,,Kimberley,V1A 3J3,49.635052,-115.951189,250-489-3114,,,N,N,N,N,N,N,N,N,N,N,N,N,N,N,N,N,N,,,N,N,N,N,N,N,N,N,Y,N,Y,2026-05-14,https://hedgehogportal.interiorhealth.ca/ChildCare/Map,N,Y,N,Beehive Afterschool Program<br>Licensed Group<br>250-489-3114<br><br>Vacancy:<br>&nbsp;&nbsp;&nbsp;&nbsp;<36 months: N<br>&nbsp;&nbsp;&nbsp;&nbsp;30 months -- 5 years: Y<br>&nbsp;&nbsp;&nbsp;&nbsp;Preschool: N<br>&nbsp;&nbsp;&nbsp;&nbsp;Grade 1 - Age 12: Y<br>
4539,Licensed Family,Mandy's Family Daycare,881 17Th St W,,North Vancouver,V7P 3M4,49.324401,-123.097292,604-988-0891,,,N,N,N,N,N,N,N,N,N,N,N,N,N,N,N,N,N,,,N,N,N,N,N,N,N,Y,Y,N,N,2026-05-21,https://inspections.vcha.ca/ChildCare/Table,N,Y,N,Mandy's Family Daycare<br>Licensed Family<br>604-988-0891<br><br>Vacancy:<br>&nbsp;&nbsp;&nbsp;&nbsp;<36 months: Y<br>&nbsp;&nbsp;&nbsp;&nbsp;30 months -- 5 years: Y<br>&nbsp;&nbsp;&nbsp;&nbsp;Preschool: N<br>&nbsp;&nbsp;&nbsp;&nbsp;Grade 1 - Age 12: N<br>
4540,Licensed Group,Hatch Kids Learning Center Ltd.,8600 Ash St,,Richmond,V6Y 2S3,49.150461,-123.118365,604-762-8181,,,N,N,N,N,N,N,N,N,N,N,N,N,N,N,N,N,N,,,N,N,N,N,N,N,N,N,Y,N,N,2026-04-24,https://inspections.vcha.ca/ChildCare/Table,N,Y,Y,Hatch Kids Learning Center Ltd.<br>Licensed Group<br>604-762-8181<br><br>Vacancy:<br>&nbsp;&nbsp;&nbsp;&nbsp;<36 months: N<br>&nbsp;&nbsp;&nbsp;&nbsp;30 months -- 5 years: Y<br>&nbsp;&nbsp;&nbsp;&nbsp;Preschool: N<br>&nbsp;&nbsp;&nbsp;&nbsp;Grade 1 - Age 12: N<br>
4541,Licensed Group,North Rd Montessori Child Care,2781 North Rd,,Burnaby,V3J 1R5,49.259217,-122.893453,604-444-3787,,,N,N,N,N,N,N,N,N,N,N,N,N,N,N,N,N,N,,,N,N,N,N,N,N,N,Y,Y,N,N,2026-05-05,http://www.healthspace.ca/fha/childcare,N,Y,N,North Rd Montessori Child Care<br>Licensed Group<br>604-444-3787<br><br>Vacancy:<br>&nbsp;&nbsp;&nbsp;&nbsp;<36 months: Y<br>&nbsp;&nbsp;&nbsp;&nbsp;30 months -- 5 years: Y<br>&nbsp;&nbsp;&nbsp;&nbsp;Preschool: N<br>&nbsp;&nbsp;&nbsp;&nbsp;Grade 1 - Age 12: N<br>
4542,Licensed Group,Sandcastle Park Children's Centre,8 3060 Chatham St,,Richmond,V7E 6L9,49.126061,-123.19156,604-274-8380,,,N,N,N,N,N,N,N,N,N,N,N,N,N,N,N,N,N,,,N,N,N,N,N,N,N,N,N,N,N,2026-05-21,https://inspections.vcha.ca/ChildCare/Table,N,Y,N,Sandcastle Park Children's Centre<br>Licensed Group<br>604-274-8380<br><br>Vacancy:<br>&nbsp;&nbsp;&nbsp;&nbsp;<36 months: N<br>&nbsp;&nbsp;&nbsp;&nbsp;30 months -- 5 years: N<br>&nbsp;&nbsp;&nbsp;&nbsp;Preschool: N<br>&nbsp;&nbsp;&nbsp;&nbsp;Grade 1 - Age 12: N<br>
4543,Licensed Family,Westlynn Family Daycare,2061 William Ave,,North Vancouver,V7J 2P5,49.327698,-123.051,604-985-1039,,,N,N,N,N,N,N,N,N,N,N,N,N,N,N,N,N,N,,,N,N,N,N,N,N,N,N,N,N,N,2026-05-04,https://inspections.vcha.ca/ChildCare/Table,N,Y,N,Westlynn Family Daycare<br>Licensed Family<br>604-985-1039<br><br>Vacancy:<br>&nbsp;&nbsp;&nbsp;&nbsp;<36 months: N<br>&nbsp;&nbsp;&nbsp;&nbsp;30 months -- 5 years: N<br>&nbsp;&nbsp;&nbsp;&nbsp;Preschool: N<br>&nbsp;&nbsp;&nbsp;&nbsp;Grade 1 - Age 12: N<br>
4544,Licensed Group,Champlain Heights Community Centre Out Of School Care,3350 Maquinna Dr,,Vancouver,V5S 4C6,49.214448,-123.032066,604-718-6573,,,N,N,N,N,N,N,N,N,N,N,N,N,N,N,N,N,N,,,N,N,N,N,N,N,N,N,N,N,N,2026-05-06,https://inspections.vcha.ca/ChildCare/Table,N,Y,N,Champlain Heights Community Centre Out Of School Care<br>Licensed Group<br>604-718-6573<br><br>Vacancy:<br>&nbsp;&nbsp;&nbsp;&nbsp;<36 months: N<br>&nbsp;&nbsp;&nbsp;&nbsp;30 months -- 5 years: N<br>&nbsp;&nbsp;&nbsp;&nbsp;Preschool: N<br>&nbsp;&nbsp;&nbsp;&nbsp;Grade 1 - Age 12: N<br>
4545,Licensed Group,Highlands Out Of School Care,3150 Colwood Dr,,North Vancouver,V7R 2R6,49.338469,-123.097063,604-985-6958,,,N,N,N,N,N,N,N,N,N,N,N,N,N,N,N,N,N,,,N,N,N,N,N,N,N,N,N,N,N,2026-05-06,https://inspections.vcha.ca/ChildCare/Table,N,Y,Y,Highlands Out Of School Care<br>Licensed Group<br>604-985-6958<br><br>Vacancy:<br>&nbsp;&nbsp;&nbsp;&nbsp;<36 months: N<br>&nbsp;&nbsp;&nbsp;&nbsp;30 months -- 5 years: N<br>&nbsp;&nbsp;&nbsp;&nbsp;Preschool: N<br>&nbsp;&nbsp;&nbsp;&nbsp;Grade 1 - Age 12: N<br>
4546,Licensed Group,Nanaimo Christian School Early Care And Learning,198 Holland Rd,,Nanaimo,V9R 6W2,49.172821,-123.99919,250-754-4512,,,N,N,N,N,N,N,N,N,N,N,N,N,N,N,N,N,N,,,N,N,N,N,N,N,N,N,N,N,N,2026-05-04,https://www.healthspace.ca/clients/viha/viha_website.nsf/CCFL-Main?OpenView,N,Y,N,Nanaimo Christian School Early Care And Learning<br>Licensed Group<br>250-754-4512<br><br>Vacancy:<br>&nbsp;&nbsp;&nbsp;&nbsp;<36 months: N<br>&nbsp;&nbsp;&nbsp;&nbsp;30 months -- 5 years: N<br>&nbsp;&nbsp;&nbsp;&nbsp;Preschool: N<br>&nbsp;&nbsp;&nbsp;&nbsp;Grade 1 - Age 12: N<br>
4547,Licensed Group,Gitanmaax Nursery School,1715 John Field Rd,,Hazelton,V0J 1Y0,55.255284,-127.675101,250-842-5297,,,,,,,,,,,,,,,,,,,,,,,,,,,,,,,,,,,Y,Y,N,Gitanmaax Nursery School<br>Licensed Group<br>250-842-5297<br><br>Vacancy:<br>&nbsp;&nbsp;&nbsp;&nbsp;<36 months: None<br>&nbsp;&nbsp;&nbsp;&nbsp;30 months -- 5 years: None<br>&nbsp;&nbsp;&nbsp;&nbsp;Preschool: None<br>&nbsp;&nbsp;&nbsp;&nbsp;Grade 1 - Age 12: None<br>
4548,Licensed Group,Cefa Walnut Grove,100-19950 88 Ave,,Langley,V1M 0A5,49.165438,-122.669962,604-306-1415,,,N,N,N,N,N,N,N,N,N,N,N,N,N,N,N,N,N,,,N,N,N,N,N,N,N,N,N,N,N,2026-05-15,http://www.healthspace.ca/fha/childcare,N,Y,N,Cefa Walnut Grove<br>Licensed Group<br>604-306-1415<br><br>Vacancy:<br>&nbsp;&nbsp;&nbsp;&nbsp;<36 months: N<br>&nbsp;&nbsp;&nbsp;&nbsp;30 months -- 5 years: N<br>&nbsp;&nbsp;&nbsp;&nbsp;Preschool: N<br>&nbsp;&nbsp;&nbsp;&nbsp;Grade 1 - Age 12: N<br>
4549,Licensed Group,Irwin Park Tree House,2455 Haywood Ave,,West Vancouver,V7V 1Y2,49.335898,-123.180618,604-926-4080,,,N,N,N,N,N,N,N,N,N,N,N,N,N,N,N,N,N,,,N,N,N,N,N,N,N,N,N,N,N,2026-05-07,https://inspections.vcha.ca/ChildCare/Table,N,Y,Y,Irwin Park Tree House<br>Licensed Group<br>604-926-4080<br><br>Vacancy:<br>&nbsp;&nbsp;&nbsp;&nbsp;<36 months: N<br>&nbsp;&nbsp;&nbsp;&nbsp;30 months -- 5 years: N<br>&nbsp;&nbsp;&nbsp;&nbsp;Preschool: N<br>&nbsp;&nbsp;&nbsp;&nbsp;Grade 1 - Age 12: N<br>
4550,Licensed Group,Irwin Park Tree House,2455 Haywood Ave,,West Vancouver,V7V 1Y2,49.335898,-123.180618,604-926-4080,,,N,N,N,N,N,N,N,N,N,N,N,N,N,N,N,N,N,,,N,N,N,N,N,N,N,N,N,N,N,2026-05-07,https://inspections.vcha.ca/ChildCare/Table,N,Y,Y,Irwin Park Tree House<br>Licensed Group<br>604-926-4080<br><br>Vacancy:<br>&nbsp;&nbsp;&nbsp;&nbsp;<36 months: N<br>&nbsp;&nbsp;&nbsp;&nbsp;30 months -- 5 years: N<br>&nbsp;&nbsp;&nbsp;&nbsp;Preschool: N<br>&nbsp;&nbsp;&nbsp;&nbsp;Grade 1 - Age 12: N<br>
4551,Licensed Group,Abra-Kid-Abra Out Of School Daycare,6742 Dagg Rd,,Prince George,V2K 3Y4,53.990656,-122.78511,250-962-9398,,,N,N,N,N,N,N,N,N,N,N,N,N,N,N,N,N,N,,,N,N,N,N,N,N,N,N,N,N,N,2026-05-15,https://www.healthspace.ca/Clients/NHA/NHA_Website.nsf/CCFL-Frameset,N,Y,N,Abra-Kid-Abra Out Of School Daycare<br>Licensed Group<br>250-962-9398<br><br>Vacancy:<br>&nbsp;&nbsp;&nbsp;&nbsp;<36 months: N<br>&nbsp;&nbsp;&nbsp;&nbsp;30 months -- 5 years: N<br>&nbsp;&nbsp;&nbsp;&nbsp;Preschool: N<br>&nbsp;&nbsp;&nbsp;&nbsp;Grade 1 - Age 12: N<br>
4552,Licensed Group,Luna Park Preschool,657 Raymer Rd,,Kelowna,V1Y 4Z6,49.864371,-119.488975,250-762-7505,,,N,N,N,N,N,N,N,N,N,N,N,N,N,N,N,N,N,,,N,N,N,N,N,N,N,N,N,N,N,2026-05-16,https://hedgehogportal.interiorhealth.ca/ChildCare/Map,N,Y,N,Luna Park Preschool<br>Licensed Group<br>250-762-7505<br><br>Vacancy:<br>&nbsp;&nbsp;&nbsp;&nbsp;<36 months: N<br>&nbsp;&nbsp;&nbsp;&nbsp;30 months -- 5 years: N<br>&nbsp;&nbsp;&nbsp;&nbsp;Preschool: N<br>&nbsp;&nbsp;&nbsp;&nbsp;Grade 1 - Age 12: N<br>
4553,Licensed Group,La Garderie Saute-Mouton,637 Head St,,Victoria,V9A 5S9,48.432033,-123.401318,250-220-6015,,,Y,N,N,N,N,N,N,Y,N,Y,Y,N,N,N,Y,N,N,Not offered,Not offered,N,N,N,N,Y,Y,Y,N,N,N,N,2026-04-24,https://www.healthspace.ca/clients/viha/viha_website.nsf/CCFL-Main?OpenView,N,Y,N,La Garderie Saute-Mouton<br>Licensed Group<br>250-220-6015<br><br>Vacancy:<br>&nbsp;&nbsp;&nbsp;&nbsp;<36 months: N<br>&nbsp;&nbsp;&nbsp;&nbsp;30 months -- 5 years: N<br>&nbsp;&nbsp;&nbsp;&nbsp;Preschool: N<br>&nbsp;&nbsp;&nbsp;&nbsp;Grade 1 - Age 12: N<br>
4554,Licensed Group,Kid's Castle Children's Center,15893 91St Ave,,Surrey,V4N 2X4,49.16828,-122.782172,604-580-0411,,,N,N,N,N,N,N,N,N,N,N,N,N,N,N,N,N,N,,,N,N,N,N,N,N,N,N,Y,N,Y,2026-05-10,http://www.healthspace.ca/fha/childcare,N,Y,N,Kid's Castle Children's Center<br>Licensed Group<br>604-580-0411<br><br>Vacancy:<br>&nbsp;&nbsp;&nbsp;&nbsp;<36 months: N<br>&nbsp;&nbsp;&nbsp;&nbsp;30 months -- 5 years: Y<br>&nbsp;&nbsp;&nbsp;&nbsp;Preschool: N<br>&nbsp;&nbsp;&nbsp;&nbsp;Grade 1 - Age 12: Y<br>
4555,Licensed Group,Kidzrock Childcare,16718 60Th Ave,,Surrey,V3S 1J8,49.111367,-122.758682,604-576-0202,,,N,N,N,N,N,N,N,N,N,N,N,N,N,N,N,N,N,,,N,N,N,N,N,N,N,N,N,N,N,2026-05-15,http://www.healthspace.ca/fha/childcare,N,Y,N,Kidzrock Childcare<br>Licensed Group<br>604-576-0202<br><br>Vacancy:<br>&nbsp;&nbsp;&nbsp;&nbsp;<36 months: N<br>&nbsp;&nbsp;&nbsp;&nbsp;30 months -- 5 years: N<br>&nbsp;&nbsp;&nbsp;&nbsp;Preschool: N<br>&nbsp;&nbsp;&nbsp;&nbsp;Grade 1 - Age 12: N<br>
4556,Licensed Group,Educastle Childcare Learning Centre,270 3020 Lincoln Ave,,Coquitlam,V3B 6B4,49.278632,-122.792627,604-942-2273,,,N,N,N,N,N,N,N,N,N,N,N,N,N,N,N,N,N,,,N,N,N,N,N,N,N,N,N,Y,Y,2026-04-28,http://www.healthspace.ca/fha/childcare,N,Y,N,Educastle Childcare Learning Centre<br>Licensed Group<br>604-942-2273<br><br>Vacancy:<br>&nbsp;&nbsp;&nbsp;&nbsp;<36 months: N<br>&nbsp;&nbsp;&nbsp;&nbsp;30 months -- 5 years: N<br>&nbsp;&nbsp;&nbsp;&nbsp;Preschool: Y<br>&nbsp;&nbsp;&nbsp;&nbsp;Grade 1 - Age 12: Y<br>
4557,Licensed Group,In-Joy Montessori Children's Centre,6808 Beresford St,,Burnaby,V5E 4M6,49.216811,-122.963602,778-688-4585,,,N,N,N,N,N,N,N,N,N,N,N,N,N,N,N,N,N,,,N,N,N,N,N,N,N,N,N,N,N,2026-04-28,http://www.healthspace.ca/fha/childcare,N,Y,N,In-Joy Montessori Children's Centre<br>Licensed Group<br>778-688-4585<br><br>Vacancy:<br>&nbsp;&nbsp;&nbsp;&nbsp;<36 months: N<br>&nbsp;&nbsp;&nbsp;&nbsp;30 months -- 5 years: N<br>&nbsp;&nbsp;&nbsp;&nbsp;Preschool: N<br>&nbsp;&nbsp;&nbsp;&nbsp;Grade 1 - Age 12: N<br>
4558,Licensed Family,Kitty's Korner,1117 Limestone Cres,,Prince George,V2M 4Z5,53.91385,-122.812072,250-564-1535,,,N,N,N,N,N,N,N,N,N,N,N,N,N,N,N,N,N,,,N,N,N,N,N,N,N,N,N,N,N,2026-05-07,https://www.healthspace.ca/Clients/NHA/NHA_Website.nsf/CCFL-Frameset,N,Y,N,Kitty's Korner<br>Licensed Family<br>250-564-1535<br><br>Vacancy:<br>&nbsp;&nbsp;&nbsp;&nbsp;<36 months: N<br>&nbsp;&nbsp;&nbsp;&nbsp;30 months -- 5 years: N<br>&nbsp;&nbsp;&nbsp;&nbsp;Preschool: N<br>&nbsp;&nbsp;&nbsp;&nbsp;Grade 1 - Age 12: N<br>
4559,Licensed Family,J & J Rhythm & Rhyme,3673 Hawthorne Ave,,Thornhill,V8G 5E1,54.502018,-128.526349,250-631-9917,,,N,N,N,N,N,N,N,N,N,N,N,N,N,N,N,N,N,,,N,N,N,N,N,N,N,N,N,N,N,2026-05-15,https://www.healthspace.ca/Clients/NHA/NHA_Website.nsf/CCFL-Frameset,N,Y,N,J & J Rhythm & Rhyme<br>Licensed Family<br>250-631-9917<br><br>Vacancy:<br>&nbsp;&nbsp;&nbsp;&nbsp;<36 months: N<br>&nbsp;&nbsp;&nbsp;&nbsp;30 months -- 5 years: N<br>&nbsp;&nbsp;&nbsp;&nbsp;Preschool: N<br>&nbsp;&nbsp;&nbsp;&nbsp;Grade 1 - Age 12: N<br>
4560,Licensed Group,Cedars Christian School Pre-School,4590 5Th Ave,,Prince George,V2M 6B6,53.920905,-122.815619,250-564-0707,,,N,N,N,N,N,N,N,N,N,N,N,N,N,N,N,N,N,,,N,N,N,N,N,N,N,N,N,N,N,2026-05-18,https://www.healthspace.ca/Clients/NHA/NHA_Website.nsf/CCFL-Frameset,N,N,N,Cedars Christian School Pre-School<br>Licensed Group<br>250-564-0707<br><br>Vacancy:<br>&nbsp;&nbsp;&nbsp;&nbsp;<36 months: N<br>&nbsp;&nbsp;&nbsp;&nbsp;30 months -- 5 years: N<br>&nbsp;&nbsp;&nbsp;&nbsp;Preschool: N<br>&nbsp;&nbsp;&nbsp;&nbsp;Grade 1 - Age 12: N<br>
4561,Licensed Group,Little Seedlings Daycare,3130 Wood Ave,,Armstrong,V0E 1B0,50.450325,-119.200368,250-546-3600,,,N,N,N,N,N,N,N,N,N,N,N,N,N,N,N,N,N,,,N,N,N,N,N,N,N,N,Y,Y,N,2026-05-20,https://hedgehogportal.interiorhealth.ca/ChildCare/Map,N,Y,N,Little Seedlings Daycare<br>Licensed Group<br>250-546-3600<br><br>Vacancy:<br>&nbsp;&nbsp;&nbsp;&nbsp;<36 months: N<br>&nbsp;&nbsp;&nbsp;&nbsp;30 months -- 5 years: Y<br>&nbsp;&nbsp;&nbsp;&nbsp;Preschool: Y<br>&nbsp;&nbsp;&nbsp;&nbsp;Grade 1 - Age 12: N<br>
4562,Licensed Group,Olive Grove Hillside,870 Lynn Valley Rd,,North Vancouver,V7J 1Z7,49.331852,-123.048867,604-770-0621,,,N,N,N,N,N,N,N,N,N,N,N,N,N,N,N,N,N,,,N,N,N,N,N,N,N,N,N,N,N,2026-05-16,https://inspections.vcha.ca/ChildCare/Table,N,Y,Y,Olive Grove Hillside<br>Licensed Group<br>604-770-0621<br><br>Vacancy:<br>&nbsp;&nbsp;&nbsp;&nbsp;<36 months: N<br>&nbsp;&nbsp;&nbsp;&nbsp;30 months -- 5 years: N<br>&nbsp;&nbsp;&nbsp;&nbsp;Preschool: N<br>&nbsp;&nbsp;&nbsp;&nbsp;Grade 1 - Age 12: N<br>
4563,Licensed Group,Awahsuk Aboriginal Head Start,14589 108 Ave,,Surrey,V3R 1V6,49.198917,-122.817624,604-838-0927,,,N,N,N,N,N,N,N,N,N,N,N,N,N,N,N,N,N,,,N,N,N,N,N,N,N,N,N,Y,N,2026-05-01,http://www.healthspace.ca/fha/childcare,N,Y,N,Awahsuk Aboriginal Head Start<br>Licensed Group<br>604-838-0927<br><br>Vacancy:<br>&nbsp;&nbsp;&nbsp;&nbsp;<36 months: N<br>&nbsp;&nbsp;&nbsp;&nbsp;30 months -- 5 years: N<br>&nbsp;&nbsp;&nbsp;&nbsp;Preschool: Y<br>&nbsp;&nbsp;&nbsp;&nbsp;Grade 1 - Age 12: N<br>
4564,Licensed Group,Dino-Mites Preschool,4071 Francis Rd,,Richmond,V7C 1J8,49.148745,-123.180357,604-272-2423,,,N,N,N,N,N,N,N,N,N,N,N,N,N,N,N,N,N,,,N,N,N,N,N,N,N,N,N,Y,N,2026-04-27,https://inspections.vcha.ca/ChildCare/Table,N,Y,N,Dino-Mites Preschool<br>Licensed Group<br>604-272-2423<br><br>Vacancy:<br>&nbsp;&nbsp;&nbsp;&nbsp;<36 months: N<br>&nbsp;&nbsp;&nbsp;&nbsp;30 months -- 5 years: N<br>&nbsp;&nbsp;&nbsp;&nbsp;Preschool: Y<br>&nbsp;&nbsp;&nbsp;&nbsp;Grade 1 - Age 12: N<br>
4565,Licensed Family,Little Achievers Day Care,4188 Craig Dr,,Prince George,V2K 1E5,53.946227,-122.798001,250-563-3315,,,N,N,N,N,N,N,N,N,N,N,N,N,N,N,N,N,N,,,N,N,N,N,N,N,N,N,N,N,N,2026-05-16,https://www.healthspace.ca/Clients/NHA/NHA_Website.nsf/CCFL-Frameset,N,Y,N,Little Achievers Day Care<br>Licensed Family<br>250-563-3315<br><br>Vacancy:<br>&nbsp;&nbsp;&nbsp;&nbsp;<36 months: N<br>&nbsp;&nbsp;&nbsp;&nbsp;30 months -- 5 years: N<br>&nbsp;&nbsp;&nbsp;&nbsp;Preschool: N<br>&nbsp;&nbsp;&nbsp;&nbsp;Grade 1 - Age 12: N<br>
4566,Licensed Family,Cumberland Family Daycare,3402 Bevan Rd,,Cumberland,V0R 1S0,49.626046,-125.024472,250-336-8646,,,N,N,N,N,N,N,N,N,N,N,N,N,N,N,N,N,N,,,N,N,N,N,N,N,N,N,N,N,N,2026-05-15,https://www.healthspace.ca/clients/viha/viha_website.nsf/CCFL-Main?OpenView,N,Y,N,Cumberland Family Daycare<br>Licensed Family<br>250-336-8646<br><br>Vacancy:<br>&nbsp;&nbsp;&nbsp;&nbsp;<36 months: N<br>&nbsp;&nbsp;&nbsp;&nbsp;30 months -- 5 years: N<br>&nbsp;&nbsp;&nbsp;&nbsp;Preschool: N<br>&nbsp;&nbsp;&nbsp;&nbsp;Grade 1 - Age 12: N<br>
4567,Licensed Family,Sammy's Daycare,11567 Fraserview St,,Maple Ridge,V2X 4Y8,49.212069,-122.63609,604-467-0505,,,N,N,N,N,N,N,N,N,N,N,N,N,N,N,N,N,N,,,N,N,N,N,N,N,N,Y,Y,N,N,2026-04-27,http://www.healthspace.ca/fha/childcare,N,Y,N,Sammy's Daycare<br>Licensed Family<br>604-467-0505<br><br>Vacancy:<br>&nbsp;&nbsp;&nbsp;&nbsp;<36 months: Y<br>&nbsp;&nbsp;&nbsp;&nbsp;30 months -- 5 years: Y<br>&nbsp;&nbsp;&nbsp;&nbsp;Preschool: N<br>&nbsp;&nbsp;&nbsp;&nbsp;Grade 1 - Age 12: N<br>
4568,Licensed Family,Butterfly Family Child Care,514 1267 Marinaside Cres,,Vancouver,V6Z 2X5,49.272868,-123.120919,604-488-0318,,,N,N,N,N,N,N,N,N,N,N,N,N,N,N,N,N,N,,,N,N,N,N,N,N,N,N,N,N,N,2026-05-15,https://inspections.vcha.ca/ChildCare/Table,N,Y,N,Butterfly Family Child Care<br>Licensed Family<br>604-488-0318<br><br>Vacancy:<br>&nbsp;&nbsp;&nbsp;&nbsp;<36 months: N<br>&nbsp;&nbsp;&nbsp;&nbsp;30 months -- 5 years: N<br>&nbsp;&nbsp;&nbsp;&nbsp;Preschool: N<br>&nbsp;&nbsp;&nbsp;&nbsp;Grade 1 - Age 12: N<br>
4569,Licensed Group,In-Joy Montessori Children's Center,5375 Gilpin St,,Burnaby,V5G 2H8,49.242192,-122.986404,778-688-4585,,,N,N,N,N,N,N,N,N,N,N,N,N,N,N,N,N,N,,,N,N,N,N,N,N,N,N,N,N,N,2026-04-28,http://www.healthspace.ca/fha/childcare,N,Y,N,In-Joy Montessori Children's Center<br>Licensed Group<br>778-688-4585<br><br>Vacancy:<br>&nbsp;&nbsp;&nbsp;&nbsp;<36 months: N<br>&nbsp;&nbsp;&nbsp;&nbsp;30 months -- 5 years: N<br>&nbsp;&nbsp;&nbsp;&nbsp;Preschool: N<br>&nbsp;&nbsp;&nbsp;&nbsp;Grade 1 - Age 12: N<br>
4570,Licensed Group,Little Mountain Montessori School,304 26Th Ave E,,Vancouver,V5V 2H5,49.247299,-123.098805,604-709-9621,,,N,N,N,N,N,N,N,N,N,N,N,N,N,N,N,N,N,,,N,N,N,N,N,N,N,N,N,N,N,2026-04-26,https://inspections.vcha.ca/ChildCare/Table,N,Y,N,Little Mountain Montessori School<br>Licensed Group<br>604-709-9621<br><br>Vacancy:<br>&nbsp;&nbsp;&nbsp;&nbsp;<36 months: N<br>&nbsp;&nbsp;&nbsp;&nbsp;30 months -- 5 years: N<br>&nbsp;&nbsp;&nbsp;&nbsp;Preschool: N<br>&nbsp;&nbsp;&nbsp;&nbsp;Grade 1 - Age 12: N<br>
4571,Licensed Group,Kids World Day Care And Learning Centre,6942 202B St,,Langley,V2Y 1P7,49.128732,-122.65989,416-938-8024,,,N,N,N,N,N,N,N,N,N,N,N,N,N,N,N,N,N,,,N,N,N,N,N,N,N,Y,Y,Y,Y,2026-05-01,http://www.healthspace.ca/fha/childcare,N,Y,N,Kids World Day Care And Learning Centre<br>Licensed Group<br>416-938-8024<br><br>Vacancy:<br>&nbsp;&nbsp;&nbsp;&nbsp;<36 months: Y<br>&nbsp;&nbsp;&nbsp;&nbsp;30 months -- 5 years: Y<br>&nbsp;&nbsp;&nbsp;&nbsp;Preschool: Y<br>&nbsp;&nbsp;&nbsp;&nbsp;Grade 1 - Age 12: Y<br>
4572,Licensed Group,Kitchener School Age Care,1351 Gilmore Ave,,Burnaby,V5C 4S8,49.272919,-123.01538,604-526-2522,,,N,N,N,N,N,N,N,N,N,N,N,N,N,N,N,N,N,,,N,N,N,N,N,N,N,N,N,N,N,2026-04-20,http://www.healthspace.ca/fha/childcare,N,Y,N,Kitchener School Age Care<br>Licensed Group<br>604-526-2522<br><br>Vacancy:<br>&nbsp;&nbsp;&nbsp;&nbsp;<36 months: N<br>&nbsp;&nbsp;&nbsp;&nbsp;30 months -- 5 years: N<br>&nbsp;&nbsp;&nbsp;&nbsp;Preschool: N<br>&nbsp;&nbsp;&nbsp;&nbsp;Grade 1 - Age 12: N<br>
4573,Licensed Group,Wonder Corner Childcare Centre,13126 66B Ave,,Surrey,V3W 7S5,49.123919,-122.858465,604-512-0406,,,N,N,N,N,N,N,N,N,N,N,N,N,N,N,N,N,N,,,N,N,N,N,N,N,N,N,Y,N,N,2026-05-17,http://www.healthspace.ca/fha/childcare,N,Y,N,Wonder Corner Childcare Centre<br>Licensed Group<br>604-512-0406<br><br>Vacancy:<br>&nbsp;&nbsp;&nbsp;&nbsp;<36 months: N<br>&nbsp;&nbsp;&nbsp;&nbsp;30 months -- 5 years: Y<br>&nbsp;&nbsp;&nbsp;&nbsp;Preschool: N<br>&nbsp;&nbsp;&nbsp;&nbsp;Grade 1 - Age 12: N<br>
4574,Licensed Family,Tunz O Fun Family Day Care,7797 Queens Cres,,Prince George,V2N 3H3,53.855981,-122.767018,250-981-6238,,,N,N,N,N,N,N,N,N,N,N,N,N,N,N,N,N,N,,,N,N,N,N,N,N,N,N,N,N,N,2026-05-13,,N,Y,N,Tunz O Fun Family Day Care<br>Licensed Family<br>250-981-6238<br><br>Vacancy:<br>&nbsp;&nbsp;&nbsp;&nbsp;<36 months: N<br>&nbsp;&nbsp;&nbsp;&nbsp;30 months -- 5 years: N<br>&nbsp;&nbsp;&nbsp;&nbsp;Preschool: N<br>&nbsp;&nbsp;&nbsp;&nbsp;Grade 1 - Age 12: N<br>
4575,Licensed Family,Helen's Family Child Care,2654 5Th Ave E,,Vancouver,V5M 1M9,49.265426,-123.050692,604-291-7169,,,N,N,N,N,N,N,N,N,N,N,N,N,N,N,N,N,N,,,N,N,N,N,N,N,N,N,N,N,N,2026-05-19,https://inspections.vcha.ca/ChildCare/Table,N,Y,N,Helen's Family Child Care<br>Licensed Family<br>604-291-7169<br><br>Vacancy:<br>&nbsp;&nbsp;&nbsp;&nbsp;<36 months: N<br>&nbsp;&nbsp;&nbsp;&nbsp;30 months -- 5 years: N<br>&nbsp;&nbsp;&nbsp;&nbsp;Preschool: N<br>&nbsp;&nbsp;&nbsp;&nbsp;Grade 1 - Age 12: N<br>
4576,Licensed Group,Promontory Hummingbird Child Care Centre,1 46170 Stoneview Dr,,Chilliwack,V2R 5W8,49.101649,-121.946136,604-824-9907,,,N,N,N,N,N,N,N,N,N,N,N,N,N,N,N,N,N,,,N,N,N,N,N,N,N,Y,N,N,N,2026-05-19,http://www.healthspace.ca/fha/childcare,N,Y,N,Promontory Hummingbird Child Care Centre<br>Licensed Group<br>604-824-9907<br><br>Vacancy:<br>&nbsp;&nbsp;&nbsp;&nbsp;<36 months: Y<br>&nbsp;&nbsp;&nbsp;&nbsp;30 months -- 5 years: N<br>&nbsp;&nbsp;&nbsp;&nbsp;Preschool: N<br>&nbsp;&nbsp;&nbsp;&nbsp;Grade 1 - Age 12: N<br>
4577,Licensed Group,Mountain View Modified Montessori Preschool,1375 Loseth Dr,,Kelowna,V1P 1M8,49.871159,-119.355188,250-765-7791,,,N,N,N,N,N,N,N,N,N,N,N,N,N,N,N,N,N,,,N,N,N,N,N,N,N,N,N,N,N,2026-05-02,https://hedgehogportal.interiorhealth.ca/ChildCare/Map,N,Y,N,Mountain View Modified Montessori Preschool<br>Licensed Group<br>250-765-7791<br><br>Vacancy:<br>&nbsp;&nbsp;&nbsp;&nbsp;<36 months: N<br>&nbsp;&nbsp;&nbsp;&nbsp;30 months -- 5 years: N<br>&nbsp;&nbsp;&nbsp;&nbsp;Preschool: N<br>&nbsp;&nbsp;&nbsp;&nbsp;Grade 1 - Age 12: N<br>
4578,Licensed Group,Growing Together Children's Centre,32981 Brundidge Ave,,Abbotsford,V2S 1N4,49.04037,-122.310642,604-853-5618,,,N,N,N,N,N,N,N,N,N,N,N,N,N,N,N,N,N,,,N,N,N,N,N,N,N,N,N,N,N,2026-05-15,http://www.healthspace.ca/fha/childcare,N,Y,N,Growing Together Children's Centre<br>Licensed Group<br>604-853-5618<br><br>Vacancy:<br>&nbsp;&nbsp;&nbsp;&nbsp;<36 months: N<br>&nbsp;&nbsp;&nbsp;&nbsp;30 months -- 5 years: N<br>&nbsp;&nbsp;&nbsp;&nbsp;Preschool: N<br>&nbsp;&nbsp;&nbsp;&nbsp;Grade 1 - Age 12: N<br>
4579,Licensed Group,Kids Village,588 Cottonwood Ave,,Coquitlam,V3J 2S2,49.258534,-122.887094,604-931-8138,,,N,N,N,N,N,N,N,N,N,N,N,N,N,N,N,N,N,,,N,N,N,N,N,N,N,N,N,N,N,2026-05-19,http://www.healthspace.ca/fha/childcare,N,Y,N,Kids Village<br>Licensed Group<br>604-931-8138<br><br>Vacancy:<br>&nbsp;&nbsp;&nbsp;&nbsp;<36 months: N<br>&nbsp;&nbsp;&nbsp;&nbsp;30 months -- 5 years: N<br>&nbsp;&nbsp;&nbsp;&nbsp;Preschool: N<br>&nbsp;&nbsp;&nbsp;&nbsp;Grade 1 - Age 12: N<br>
4580,Licensed Group,Altamont Child Development Centre Inc.,2879 Marine Dr,,West Vancouver,V7V 1M1,49.338079,-123.19313,604-922-3435,,,N,N,N,N,N,N,N,N,N,N,N,N,N,N,N,N,N,,,N,N,N,N,N,N,N,Y,N,N,N,2026-05-20,https://inspections.vcha.ca/ChildCare/Table,N,Y,Y,Altamont Child Development Centre Inc.<br>Licensed Group<br>604-922-3435<br><br>Vacancy:<br>&nbsp;&nbsp;&nbsp;&nbsp;<36 months: Y<br>&nbsp;&nbsp;&nbsp;&nbsp;30 months -- 5 years: N<br>&nbsp;&nbsp;&nbsp;&nbsp;Preschool: N<br>&nbsp;&nbsp;&nbsp;&nbsp;Grade 1 - Age 12: N<br>
4581,Licensed Group,Altamont Child Development Centre Inc.,2879 Marine Dr,,West Vancouver,V7V 1M1,49.338079,-123.19313,604-922-3435,,,N,N,N,N,N,N,N,N,N,N,N,N,N,N,N,N,N,,,N,N,N,N,N,N,N,N,N,N,N,2026-05-20,https://inspections.vcha.ca/ChildCare/Table,N,Y,Y,Altamont Child Development Centre Inc.<br>Licensed Group<br>604-922-3435<br><br>Vacancy:<br>&nbsp;&nbsp;&nbsp;&nbsp;<36 months: N<br>&nbsp;&nbsp;&nbsp;&nbsp;30 months -- 5 years: N<br>&nbsp;&nbsp;&nbsp;&nbsp;Preschool: N<br>&nbsp;&nbsp;&nbsp;&nbsp;Grade 1 - Age 12: N<br>
4582,Licensed Family,Lobat's Place Family Child Care,3175 14Th Ave W,,Vancouver,V6K 2X9,49.259928,-123.175532,604-719-6798,,,N,N,N,N,N,N,N,N,N,N,N,N,N,N,N,N,N,,,N,N,N,N,N,N,N,N,N,N,N,2026-04-16,https://inspections.vcha.ca/ChildCare/Table,N,Y,N,Lobat's Place Family Child Care<br>Licensed Family<br>604-719-6798<br><br>Vacancy:<br>&nbsp;&nbsp;&nbsp;&nbsp;<36 months: N<br>&nbsp;&nbsp;&nbsp;&nbsp;30 months -- 5 years: N<br>&nbsp;&nbsp;&nbsp;&nbsp;Preschool: N<br>&nbsp;&nbsp;&nbsp;&nbsp;Grade 1 - Age 12: N<br>
4583,Licensed Family,Queenswood Family Child Care,2590 Arbutus Rd,,Victoria,V8N 1W2,48.464369,-123.291103,250-514-4155,,,N,N,N,N,N,N,N,N,N,N,N,N,N,N,N,N,N,,,N,N,N,N,N,N,N,N,Y,N,N,2026-04-29,https://www.healthspace.ca/clients/viha/viha_website.nsf/CCFL-Main?OpenView,N,Y,N,Queenswood Family Child Care<br>Licensed Family<br>250-514-4155<br><br>Vacancy:<br>&nbsp;&nbsp;&nbsp;&nbsp;<36 months: N<br>&nbsp;&nbsp;&nbsp;&nbsp;30 months -- 5 years: Y<br>&nbsp;&nbsp;&nbsp;&nbsp;Preschool: N<br>&nbsp;&nbsp;&nbsp;&nbsp;Grade 1 - Age 12: N<br>
4584,Licensed Group,Jellybean Park International Campus,452 4800 Kingsway,,Burnaby,V5H 4M1,49.225518,-122.998133,604-539-9898,,,N,N,N,N,N,N,N,N,N,N,N,N,N,N,N,N,N,,,N,N,N,N,N,N,N,N,N,Y,N,2026-05-05,http://www.healthspace.ca/fha/childcare,N,N,N,Jellybean Park International Campus<br>Licensed Group<br>604-539-9898<br><br>Vacancy:<br>&nbsp;&nbsp;&nbsp;&nbsp;<36 months: N<br>&nbsp;&nbsp;&nbsp;&nbsp;30 months -- 5 years: N<br>&nbsp;&nbsp;&nbsp;&nbsp;Preschool: Y<br>&nbsp;&nbsp;&nbsp;&nbsp;Grade 1 - Age 12: N<br>
4585,Licensed Group,Special Times Out Of School Care,1819 Berkley Rd,,North Vancouver,V7H 1Y9,49.323817,-123.005293,604-812-4449,,,N,N,N,N,N,N,N,N,N,N,N,N,N,N,N,N,N,,,N,N,N,N,N,N,N,N,Y,N,Y,2026-05-13,https://inspections.vcha.ca/ChildCare/Table,N,Y,N,Special Times Out Of School Care<br>Licensed Group<br>604-812-4449<br><br>Vacancy:<br>&nbsp;&nbsp;&nbsp;&nbsp;<36 months: N<br>&nbsp;&nbsp;&nbsp;&nbsp;30 months -- 5 years: Y<br>&nbsp;&nbsp;&nbsp;&nbsp;Preschool: N<br>&nbsp;&nbsp;&nbsp;&nbsp;Grade 1 - Age 12: Y<br>
4586,Licensed Group,Murrayville Academy And Early Learning Centre,21514 Old Yale Rd,,Langley,V3A 4M8,49.090231,-122.627239,604-532-5667,,,N,N,N,N,N,N,N,N,N,N,N,N,N,N,N,N,N,,,N,N,N,N,N,N,N,N,N,N,N,2026-05-19,http://www.healthspace.ca/fha/childcare,N,Y,N,Murrayville Academy And Early Learning Centre<br>Licensed Group<br>604-532-5667<br><br>Vacancy:<br>&nbsp;&nbsp;&nbsp;&nbsp;<36 months: N<br>&nbsp;&nbsp;&nbsp;&nbsp;30 months -- 5 years: N<br>&nbsp;&nbsp;&nbsp;&nbsp;Preschool: N<br>&nbsp;&nbsp;&nbsp;&nbsp;Grade 1 - Age 12: N<br>
4587,Licensed Family,Brilliant Stars Family Child Care,2856 5Th Ave E,,Vancouver,V5M 1N5,49.265403,-123.045845,604-722-5080,,,N,N,N,N,N,N,N,N,N,N,N,N,N,N,N,N,N,,,N,N,N,N,N,N,N,N,N,N,N,2026-05-15,https://inspections.vcha.ca/ChildCare/Table,N,Y,N,Brilliant Stars Family Child Care<br>Licensed Family<br>604-722-5080<br><br>Vacancy:<br>&nbsp;&nbsp;&nbsp;&nbsp;<36 months: N<br>&nbsp;&nbsp;&nbsp;&nbsp;30 months -- 5 years: N<br>&nbsp;&nbsp;&nbsp;&nbsp;Preschool: N<br>&nbsp;&nbsp;&nbsp;&nbsp;Grade 1 - Age 12: N<br>
4588,Licensed Family,Apples And Bananas,2838 Adelaide Ave,,Victoria,V9A 2L4,48.453712,-123.411295,250-475-7595,,,N,N,N,N,N,N,N,N,N,N,N,N,N,N,N,N,N,,,N,N,N,N,N,N,N,N,N,N,N,2026-04-28,https://www.healthspace.ca/clients/viha/viha_website.nsf/CCFL-Main?OpenView,N,Y,N,Apples And Bananas<br>Licensed Family<br>250-475-7595<br><br>Vacancy:<br>&nbsp;&nbsp;&nbsp;&nbsp;<36 months: N<br>&nbsp;&nbsp;&nbsp;&nbsp;30 months -- 5 years: N<br>&nbsp;&nbsp;&nbsp;&nbsp;Preschool: N<br>&nbsp;&nbsp;&nbsp;&nbsp;Grade 1 - Age 12: N<br>
4589,Licensed Group,Kitasoo Xai'xais Child Care Centre,115 Eagle Rd,,Klemtu,V0T 1L0,52.592682,-128.523514,250-839-1279,,,N,N,N,N,N,N,N,N,N,N,N,N,N,N,N,N,N,,,N,N,N,N,N,N,N,Y,Y,N,N,2026-05-21,,N,N,N,Kitasoo Xai'xais Child Care Centre<br>Licensed Group<br>250-839-1279<br><br>Vacancy:<br>&nbsp;&nbsp;&nbsp;&nbsp;<36 months: Y<br>&nbsp;&nbsp;&nbsp;&nbsp;30 months -- 5 years: Y<br>&nbsp;&nbsp;&nbsp;&nbsp;Preschool: N<br>&nbsp;&nbsp;&nbsp;&nbsp;Grade 1 - Age 12: N<br>
4590,Licensed Group,Cypress Park Playschool,4355 Marine Dr,,West Vancouver,V7V 1P2,49.34123,-123.237838,604-922-4214,,,N,N,N,N,N,N,N,N,N,N,N,N,N,N,N,N,N,,,N,N,N,N,N,N,N,N,Y,N,N,2026-05-17,https://inspections.vcha.ca/ChildCare/Table,N,Y,N,Cypress Park Playschool<br>Licensed Group<br>604-922-4214<br><br>Vacancy:<br>&nbsp;&nbsp;&nbsp;&nbsp;<36 months: N<br>&nbsp;&nbsp;&nbsp;&nbsp;30 months -- 5 years: Y<br>&nbsp;&nbsp;&nbsp;&nbsp;Preschool: N<br>&nbsp;&nbsp;&nbsp;&nbsp;Grade 1 - Age 12: N<br>
4591,Licensed Family,Turtle Tots Daycare,34-3046 Coast Meridian Rd,,Port Coquitlam,V3B 5B6,49.267776,-122.754433,604-475-1409,,,N,N,N,N,N,N,N,N,N,N,N,N,N,N,N,N,N,,,N,N,N,N,N,N,N,N,N,N,N,2026-05-03,http://www.healthspace.ca/fha/childcare,N,N,N,Turtle Tots Daycare<br>Licensed Family<br>604-475-1409<br><br>Vacancy:<br>&nbsp;&nbsp;&nbsp;&nbsp;<36 months: N<br>&nbsp;&nbsp;&nbsp;&nbsp;30 months -- 5 years: N<br>&nbsp;&nbsp;&nbsp;&nbsp;Preschool: N<br>&nbsp;&nbsp;&nbsp;&nbsp;Grade 1 - Age 12: N<br>
4592,Licensed Group,Bloom Childcare Centre & Fine Arts Preschool,32811 Dewdney Trunk Rd,,Mission,V2V 6X6,49.169519,-122.314607,604-820-8465,,,N,N,N,N,N,N,N,N,N,N,N,N,N,N,N,N,N,,,N,N,N,N,N,N,N,Y,Y,Y,Y,2026-05-04,http://www.healthspace.ca/fha/childcare,N,Y,N,Bloom Childcare Centre & Fine Arts Preschool<br>Licensed Group<br>604-820-8465<br><br>Vacancy:<br>&nbsp;&nbsp;&nbsp;&nbsp;<36 months: Y<br>&nbsp;&nbsp;&nbsp;&nbsp;30 months -- 5 years: Y<br>&nbsp;&nbsp;&nbsp;&nbsp;Preschool: Y<br>&nbsp;&nbsp;&nbsp;&nbsp;Grade 1 - Age 12: Y<br>
4593,Licensed Group,Lcs Early Learning Programs,22930 48 Ave,,Langley,V2Z 2T7,49.087498,-122.589288,604-533-2222,,,N,N,N,N,N,N,N,N,N,N,N,N,N,N,N,N,N,,,N,N,N,N,N,N,N,N,Y,Y,N,2026-04-21,http://www.healthspace.ca/fha/childcare,N,Y,N,Lcs Early Learning Programs<br>Licensed Group<br>604-533-2222<br><br>Vacancy:<br>&nbsp;&nbsp;&nbsp;&nbsp;<36 months: N<br>&nbsp;&nbsp;&nbsp;&nbsp;30 months -- 5 years: Y<br>&nbsp;&nbsp;&nbsp;&nbsp;Preschool: Y<br>&nbsp;&nbsp;&nbsp;&nbsp;Grade 1 - Age 12: N<br>
4594,Licensed Group,Kidz Co. 2 Learning Centre,2739 James St,,Duncan,V9L 2Y1,48.782302,-123.706689,250-746-4020,,,N,N,N,N,N,N,N,N,N,N,N,N,N,N,N,N,N,,,N,N,N,N,N,N,N,N,N,N,N,2026-05-16,https://www.healthspace.ca/clients/viha/viha_website.nsf/CCFL-Main?OpenView,N,Y,N,Kidz Co. 2 Learning Centre<br>Licensed Group<br>250-746-4020<br><br>Vacancy:<br>&nbsp;&nbsp;&nbsp;&nbsp;<36 months: N<br>&nbsp;&nbsp;&nbsp;&nbsp;30 months -- 5 years: N<br>&nbsp;&nbsp;&nbsp;&nbsp;Preschool: N<br>&nbsp;&nbsp;&nbsp;&nbsp;Grade 1 - Age 12: N<br>
4595,Licensed Group,Little Flower Child Development Centre,5700 Nickerson Rd,,Sechelt,V7Z 0M4,49.479041,-123.790592,604-740-0778,,,N,N,N,N,N,N,N,N,N,N,N,N,N,N,N,N,N,,,N,N,N,N,N,N,N,N,N,N,N,2026-04-26,https://inspections.vcha.ca/ChildCare/Table,N,Y,N,Little Flower Child Development Centre<br>Licensed Group<br>604-740-0778<br><br>Vacancy:<br>&nbsp;&nbsp;&nbsp;&nbsp;<36 months: N<br>&nbsp;&nbsp;&nbsp;&nbsp;30 months -- 5 years: N<br>&nbsp;&nbsp;&nbsp;&nbsp;Preschool: N<br>&nbsp;&nbsp;&nbsp;&nbsp;Grade 1 - Age 12: N<br>
4596,Licensed Group,Small Steps Childcare Inc.,22165 Dewdney Trunk Rd,,Maple Ridge,V2X 3H7,49.220982,-122.607966,604-467-6014,,,N,N,N,N,N,N,N,N,N,N,N,N,N,N,N,N,N,,,N,N,N,N,N,N,N,N,N,N,N,2026-04-23,http://www.healthspace.ca/fha/childcare,N,Y,N,Small Steps Childcare Inc.<br>Licensed Group<br>604-467-6014<br><br>Vacancy:<br>&nbsp;&nbsp;&nbsp;&nbsp;<36 months: N<br>&nbsp;&nbsp;&nbsp;&nbsp;30 months -- 5 years: N<br>&nbsp;&nbsp;&nbsp;&nbsp;Preschool: N<br>&nbsp;&nbsp;&nbsp;&nbsp;Grade 1 - Age 12: N<br>
4597,Licensed Family,Kelly's Family Child Care,1618 34 Ave E,,Vancouver,V5P 1A1,49.239066,-123.07249,604-321-8418,,,N,N,N,N,N,N,N,N,N,N,N,N,N,N,N,N,N,,,N,N,N,N,N,N,N,N,Y,N,N,2026-05-03,https://inspections.vcha.ca/ChildCare/Table,N,Y,N,Kelly's Family Child Care<br>Licensed Family<br>604-321-8418<br><br>Vacancy:<br>&nbsp;&nbsp;&nbsp;&nbsp;<36 months: N<br>&nbsp;&nbsp;&nbsp;&nbsp;30 months -- 5 years: Y<br>&nbsp;&nbsp;&nbsp;&nbsp;Preschool: N<br>&nbsp;&nbsp;&nbsp;&nbsp;Grade 1 - Age 12: N<br>
4598,Licensed Family,Doodle's Daycare,11870 236Th St,,Maple Ridge,V4R 2E1,49.218018,-122.567677,604-466-2705,,,N,N,N,N,N,N,N,N,N,N,N,N,N,N,N,N,N,,,N,N,N,N,N,N,N,N,N,N,N,2026-05-19,http://www.healthspace.ca/fha/childcare,N,Y,N,Doodle's Daycare<br>Licensed Family<br>604-466-2705<br><br>Vacancy:<br>&nbsp;&nbsp;&nbsp;&nbsp;<36 months: N<br>&nbsp;&nbsp;&nbsp;&nbsp;30 months -- 5 years: N<br>&nbsp;&nbsp;&nbsp;&nbsp;Preschool: N<br>&nbsp;&nbsp;&nbsp;&nbsp;Grade 1 - Age 12: N<br>
4599,Licensed Group,Nsnh - Westview Out Of School Care,Flr-641 17Th St W,,North Vancouver,V7M 0A1,49.323792,-123.089523,604-987-8138,,,N,N,N,N,N,N,N,N,N,N,N,N,N,N,N,N,N,,,N,N,N,N,N,N,N,N,N,N,N,2026-05-11,https://inspections.vcha.ca/ChildCare/Table,N,Y,N,Nsnh - Westview Out Of School Care<br>Licensed Group<br>604-987-8138<br><br>Vacancy:<br>&nbsp;&nbsp;&nbsp;&nbsp;<36 months: N<br>&nbsp;&nbsp;&nbsp;&nbsp;30 months -- 5 years: N<br>&nbsp;&nbsp;&nbsp;&nbsp;Preschool: N<br>&nbsp;&nbsp;&nbsp;&nbsp;Grade 1 - Age 12: N<br>
4600,Licensed Group,A Child's P.L.A.C.E.,1827 Gibbs Rd,,Coombs,V0R 1M0,49.301575,-124.39067,250-954-0801,,,N,N,N,N,N,N,N,N,N,N,N,N,N,N,N,N,N,,,N,N,N,N,N,N,N,N,N,N,N,2026-05-12,https://www.healthspace.ca/clients/viha/viha_website.nsf/CCFL-Main?OpenView,N,Y,N,A Child's P.L.A.C.E.<br>Licensed Group<br>250-954-0801<br><br>Vacancy:<br>&nbsp;&nbsp;&nbsp;&nbsp;<36 months: N<br>&nbsp;&nbsp;&nbsp;&nbsp;30 months -- 5 years: N<br>&nbsp;&nbsp;&nbsp;&nbsp;Preschool: N<br>&nbsp;&nbsp;&nbsp;&nbsp;Grade 1 - Age 12: N<br>
4601,Licensed Group,Little Oak Montessori School,3403 49Th Ave E,,Vancouver,V5S 1M1,49.224918,-123.031328,604-728-8635,,,N,N,N,N,N,N,N,N,N,N,N,N,N,N,N,N,N,,,N,N,N,N,N,N,N,N,N,N,N,2026-05-20,https://inspections.vcha.ca/ChildCare/Table,N,Y,N,Little Oak Montessori School<br>Licensed Group<br>604-728-8635<br><br>Vacancy:<br>&nbsp;&nbsp;&nbsp;&nbsp;<36 months: N<br>&nbsp;&nbsp;&nbsp;&nbsp;30 months -- 5 years: N<br>&nbsp;&nbsp;&nbsp;&nbsp;Preschool: N<br>&nbsp;&nbsp;&nbsp;&nbsp;Grade 1 - Age 12: N<br>
4602,Licensed Family,Smart Lion Day Care,10751 Fundy Dr,,Richmond,V7E 5K6,49.134987,-123.180899,604-272-7293,,,N,N,N,N,N,N,N,N,N,N,N,N,N,N,N,N,N,,,N,N,N,N,N,N,N,N,Y,N,N,2026-04-20,https://inspections.vcha.ca/ChildCare/Table,N,Y,N,Smart Lion Day Care<br>Licensed Family<br>604-272-7293<br><br>Vacancy:<br>&nbsp;&nbsp;&nbsp;&nbsp;<36 months: N<br>&nbsp;&nbsp;&nbsp;&nbsp;30 months -- 5 years: Y<br>&nbsp;&nbsp;&nbsp;&nbsp;Preschool: N<br>&nbsp;&nbsp;&nbsp;&nbsp;Grade 1 - Age 12: N<br>
4603,Licensed Group,Kidz Kompany - Pleasant Valley,6201 Dunbar Rd,,Nanaimo,V9T 2P2,49.226659,-124.045855,270-751-4018,,,N,N,N,N,N,N,N,N,N,N,N,N,N,N,N,N,N,,,N,N,N,N,N,N,N,N,N,N,N,2026-04-29,https://www.healthspace.ca/clients/viha/viha_website.nsf/CCFL-Main?OpenView,N,Y,N,Kidz Kompany - Pleasant Valley<br>Licensed Group<br>270-751-4018<br><br>Vacancy:<br>&nbsp;&nbsp;&nbsp;&nbsp;<36 months: N<br>&nbsp;&nbsp;&nbsp;&nbsp;30 months -- 5 years: N<br>&nbsp;&nbsp;&nbsp;&nbsp;Preschool: N<br>&nbsp;&nbsp;&nbsp;&nbsp;Grade 1 - Age 12: N<br>
4604,Licensed Group,Kidz Kompany - Mt. View,2480 Wellington Rd East,,Nanaimo,V9R 6V6,49.17832,-124.0153,250-729-4142,,,N,N,N,N,N,N,N,N,N,N,N,N,N,N,N,N,N,,,N,N,N,N,N,N,N,N,N,N,N,2026-04-29,https://www.healthspace.ca/clients/viha/viha_website.nsf/CCFL-Main?OpenView,N,Y,N,Kidz Kompany - Mt. View<br>Licensed Group<br>250-729-4142<br><br>Vacancy:<br>&nbsp;&nbsp;&nbsp;&nbsp;<36 months: N<br>&nbsp;&nbsp;&nbsp;&nbsp;30 months -- 5 years: N<br>&nbsp;&nbsp;&nbsp;&nbsp;Preschool: N<br>&nbsp;&nbsp;&nbsp;&nbsp;Grade 1 - Age 12: N<br>
4605,Licensed Group,Lochdale Neighbourhood Care,6990 Aubrey St,,Burnaby,V5B 2E5,49.272902,-122.959592,604-431-0400,,,N,N,N,N,N,N,N,N,N,N,N,N,N,N,N,N,N,,,N,N,N,N,N,N,N,N,N,N,Y,2026-05-14,http://www.healthspace.ca/fha/childcare,N,Y,N,Lochdale Neighbourhood Care<br>Licensed Group<br>604-431-0400<br><br>Vacancy:<br>&nbsp;&nbsp;&nbsp;&nbsp;<36 months: N<br>&nbsp;&nbsp;&nbsp;&nbsp;30 months -- 5 years: N<br>&nbsp;&nbsp;&nbsp;&nbsp;Preschool: N<br>&nbsp;&nbsp;&nbsp;&nbsp;Grade 1 - Age 12: Y<br>
4606,Licensed Family,Children's Choice,578 Thompson Ave,,Coquitlam,V3J 3Z8,49.267965,-122.889408,604-939-8652,,,N,N,N,N,N,N,N,N,N,N,N,N,N,N,N,N,N,,,N,N,N,N,N,N,N,N,N,N,N,2026-05-15,http://www.healthspace.ca/fha/childcare,N,Y,N,Children's Choice<br>Licensed Family<br>604-939-8652<br><br>Vacancy:<br>&nbsp;&nbsp;&nbsp;&nbsp;<36 months: N<br>&nbsp;&nbsp;&nbsp;&nbsp;30 months -- 5 years: N<br>&nbsp;&nbsp;&nbsp;&nbsp;Preschool: N<br>&nbsp;&nbsp;&nbsp;&nbsp;Grade 1 - Age 12: N<br>
4607,Licensed Group,Kidz Connection,470A Dogwood St S,,Campbell River,V9W 6R4,49.998636,-125.247568,250-287-1179,,,N,N,N,N,N,N,N,N,N,N,N,N,N,N,N,N,N,,,N,N,N,N,N,N,N,N,N,N,N,2026-05-21,https://www.healthspace.ca/clients/viha/viha_website.nsf/CCFL-Main?OpenView,N,Y,N,Kidz Connection<br>Licensed Group<br>250-287-1179<br><br>Vacancy:<br>&nbsp;&nbsp;&nbsp;&nbsp;<36 months: N<br>&nbsp;&nbsp;&nbsp;&nbsp;30 months -- 5 years: N<br>&nbsp;&nbsp;&nbsp;&nbsp;Preschool: N<br>&nbsp;&nbsp;&nbsp;&nbsp;Grade 1 - Age 12: N<br>
4608,Licensed Family,Busy Bee Child Care Centre,4333 Marsden Rd,,Courtenay,V9N 9N3,49.66837,-125.02981,250-871-1074,,,N,N,N,N,N,N,N,N,N,N,N,N,N,N,N,N,N,,,N,N,N,N,N,N,N,N,N,N,N,2026-05-15,https://www.healthspace.ca/clients/viha/viha_website.nsf/CCFL-Main?OpenView,N,Y,N,Busy Bee Child Care Centre<br>Licensed Family<br>250-871-1074<br><br>Vacancy:<br>&nbsp;&nbsp;&nbsp;&nbsp;<36 months: N<br>&nbsp;&nbsp;&nbsp;&nbsp;30 months -- 5 years: N<br>&nbsp;&nbsp;&nbsp;&nbsp;Preschool: N<br>&nbsp;&nbsp;&nbsp;&nbsp;Grade 1 - Age 12: N<br>
4609,Licensed Family,Country Lane Learning Centre,10291 243A St,,Maple Ridge,V2W 1Y3,49.189544,-122.54815,604-463-3454,,,N,N,N,N,N,N,N,N,N,N,N,N,N,N,N,N,N,,,N,N,N,N,N,N,N,N,N,N,N,2026-05-16,http://www.healthspace.ca/fha/childcare,N,Y,N,Country Lane Learning Centre<br>Licensed Family<br>604-463-3454<br><br>Vacancy:<br>&nbsp;&nbsp;&nbsp;&nbsp;<36 months: N<br>&nbsp;&nbsp;&nbsp;&nbsp;30 months -- 5 years: N<br>&nbsp;&nbsp;&nbsp;&nbsp;Preschool: N<br>&nbsp;&nbsp;&nbsp;&nbsp;Grade 1 - Age 12: N<br>
4610,Licensed Group,Bbbs Nbc Asc Spruceland,3805 Rainbow Dr,,Prince George,V2M 3W2,53.915895,-122.792448,250-563-7410,,,N,N,N,N,N,N,N,N,N,N,N,N,N,N,N,N,N,,,N,N,N,N,N,N,N,N,N,N,N,2026-05-15,https://www.healthspace.ca/Clients/NHA/NHA_Website.nsf/CCFL-Frameset,N,Y,N,Bbbs Nbc Asc Spruceland<br>Licensed Group<br>250-563-7410<br><br>Vacancy:<br>&nbsp;&nbsp;&nbsp;&nbsp;<36 months: N<br>&nbsp;&nbsp;&nbsp;&nbsp;30 months -- 5 years: N<br>&nbsp;&nbsp;&nbsp;&nbsp;Preschool: N<br>&nbsp;&nbsp;&nbsp;&nbsp;Grade 1 - Age 12: N<br>
4611,Licensed Group,Bridge Kids,2100 Gordon Dr,,Kelowna,V1Y 3J3,49.875364,-119.477172,778-214-3949,,,N,N,N,N,N,N,N,N,N,N,N,N,N,N,N,N,N,,,N,N,N,N,N,N,N,N,N,N,N,2026-05-01,https://hedgehogportal.interiorhealth.ca/ChildCare/Map,N,Y,N,Bridge Kids<br>Licensed Group<br>778-214-3949<br><br>Vacancy:<br>&nbsp;&nbsp;&nbsp;&nbsp;<36 months: N<br>&nbsp;&nbsp;&nbsp;&nbsp;30 months -- 5 years: N<br>&nbsp;&nbsp;&nbsp;&nbsp;Preschool: N<br>&nbsp;&nbsp;&nbsp;&nbsp;Grade 1 - Age 12: N<br>
4612,Licensed Group,Bee Haven - St. Clements,3400 Institute Rd,,North Vancouver,V7K 2K9,49.339822,-123.036287,604-770-0051,,,N,N,N,N,N,N,N,N,N,N,N,N,N,N,N,N,N,,,N,N,N,N,N,N,N,N,N,N,N,2026-05-14,https://inspections.vcha.ca/ChildCare/Table,N,Y,N,Bee Haven - St. Clements<br>Licensed Group<br>604-770-0051<br><br>Vacancy:<br>&nbsp;&nbsp;&nbsp;&nbsp;<36 months: N<br>&nbsp;&nbsp;&nbsp;&nbsp;30 months -- 5 years: N<br>&nbsp;&nbsp;&nbsp;&nbsp;Preschool: N<br>&nbsp;&nbsp;&nbsp;&nbsp;Grade 1 - Age 12: N<br>
4613,Licensed Group,Wind And Tide Preschool - Gladwin,3474 Gladwin Rd,,Abbotsford,V2S 7B4,49.065288,-122.315426,604-575-0549,,,N,N,N,N,N,N,N,N,N,N,N,N,N,N,N,N,N,,,N,N,N,N,N,N,N,N,N,Y,N,2026-05-15,http://www.healthspace.ca/fha/childcare,N,Y,N,Wind And Tide Preschool - Gladwin<br>Licensed Group<br>604-575-0549<br><br>Vacancy:<br>&nbsp;&nbsp;&nbsp;&nbsp;<36 months: N<br>&nbsp;&nbsp;&nbsp;&nbsp;30 months -- 5 years: N<br>&nbsp;&nbsp;&nbsp;&nbsp;Preschool: Y<br>&nbsp;&nbsp;&nbsp;&nbsp;Grade 1 - Age 12: N<br>
4614,Licensed Group,Wind And Tide - Ladner (Lcr),4594 54A St,,Delta,V4K 2Z8,49.086148,-123.071437,604-575-0549,,,N,N,N,N,N,N,N,N,N,N,N,N,N,N,N,N,N,,,N,N,N,N,N,N,N,N,Y,N,N,2026-05-15,http://www.healthspace.ca/fha/childcare,N,Y,N,Wind And Tide - Ladner (Lcr)<br>Licensed Group<br>604-575-0549<br><br>Vacancy:<br>&nbsp;&nbsp;&nbsp;&nbsp;<36 months: N<br>&nbsp;&nbsp;&nbsp;&nbsp;30 months -- 5 years: Y<br>&nbsp;&nbsp;&nbsp;&nbsp;Preschool: N<br>&nbsp;&nbsp;&nbsp;&nbsp;Grade 1 - Age 12: N<br>
4615,Licensed Group,Wind And Tide - Evans Elementary,7600 Evans Rd,,Chilliwack,V2P 2P9,49.141578,-121.975915,604-575-0549,,,N,N,N,N,N,N,N,N,N,N,N,N,N,N,N,N,N,,,N,N,N,N,N,N,N,N,N,N,N,2026-05-15,http://www.healthspace.ca/fha/childcare,N,Y,N,Wind And Tide - Evans Elementary<br>Licensed Group<br>604-575-0549<br><br>Vacancy:<br>&nbsp;&nbsp;&nbsp;&nbsp;<36 months: N<br>&nbsp;&nbsp;&nbsp;&nbsp;30 months -- 5 years: N<br>&nbsp;&nbsp;&nbsp;&nbsp;Preschool: N<br>&nbsp;&nbsp;&nbsp;&nbsp;Grade 1 - Age 12: N<br>
4616,Licensed Group,Wind And Tide - Gracepoint,3487 King George Blvd,,Surrey,V4P 1B7,49.065203,-122.818438,604-575-0549,,,N,N,N,N,N,N,N,N,N,N,N,N,N,N,N,N,N,,,N,N,N,N,N,N,N,N,N,Y,N,2026-05-15,http://www.healthspace.ca/fha/childcare,N,Y,N,Wind And Tide - Gracepoint<br>Licensed Group<br>604-575-0549<br><br>Vacancy:<br>&nbsp;&nbsp;&nbsp;&nbsp;<36 months: N<br>&nbsp;&nbsp;&nbsp;&nbsp;30 months -- 5 years: N<br>&nbsp;&nbsp;&nbsp;&nbsp;Preschool: Y<br>&nbsp;&nbsp;&nbsp;&nbsp;Grade 1 - Age 12: N<br>
4617,Licensed Group,Wind And Tide Preschool - Westwind,6331 176 St,,Surrey,V3S 4E9,49.117708,-122.735321,604-575-0549,,,N,N,N,N,N,N,N,N,N,N,N,N,N,N,N,N,N,,,N,N,N,N,N,N,N,N,N,N,N,2026-05-15,http://www.healthspace.ca/fha/childcare,N,Y,N,Wind And Tide Preschool - Westwind<br>Licensed Group<br>604-575-0549<br><br>Vacancy:<br>&nbsp;&nbsp;&nbsp;&nbsp;<36 months: N<br>&nbsp;&nbsp;&nbsp;&nbsp;30 months -- 5 years: N<br>&nbsp;&nbsp;&nbsp;&nbsp;Preschool: N<br>&nbsp;&nbsp;&nbsp;&nbsp;Grade 1 - Age 12: N<br>
4618,Licensed Family,Child's Play Family Child Care,2825 Pickford Rd,,Victoria,V9B 2K3,48.439927,-123.501695,250-391-1577,,,N,N,N,N,N,N,N,N,N,N,N,N,N,N,N,N,N,,,N,N,N,N,N,N,N,N,N,N,N,2026-05-19,https://www.healthspace.ca/clients/viha/viha_website.nsf/CCFL-Main?OpenView,N,Y,N,Child's Play Family Child Care<br>Licensed Family<br>250-391-1577<br><br>Vacancy:<br>&nbsp;&nbsp;&nbsp;&nbsp;<36 months: N<br>&nbsp;&nbsp;&nbsp;&nbsp;30 months -- 5 years: N<br>&nbsp;&nbsp;&nbsp;&nbsp;Preschool: N<br>&nbsp;&nbsp;&nbsp;&nbsp;Grade 1 - Age 12: N<br>
4619,Licensed Family,Candace's Family Child Care,2400 Alberni Hwy,,Coombs,V0R 1M0,49.304892,-124.429462,250-240-1966,,,N,N,N,N,N,N,N,N,N,N,N,N,N,N,N,N,N,,,N,N,N,N,N,N,N,N,N,N,N,2026-05-16,https://www.healthspace.ca/clients/viha/viha_website.nsf/CCFL-Main?OpenView,N,Y,N,Candace's Family Child Care<br>Licensed Family<br>250-240-1966<br><br>Vacancy:<br>&nbsp;&nbsp;&nbsp;&nbsp;<36 months: N<br>&nbsp;&nbsp;&nbsp;&nbsp;30 months -- 5 years: N<br>&nbsp;&nbsp;&nbsp;&nbsp;Preschool: N<br>&nbsp;&nbsp;&nbsp;&nbsp;Grade 1 - Age 12: N<br>
4620,Licensed Group,Hand In Hand - Dr. Thomas Swift Elementary,34800 Mierau Ave,,Abbotsford,V2S 5Y4,49.066408,-122.259646,604-859-1843,,,N,N,N,N,N,N,N,N,N,N,N,N,N,N,N,N,N,,,N,N,N,N,N,N,N,N,N,Y,N,2026-05-06,http://www.healthspace.ca/fha/childcare,N,Y,N,Hand In Hand - Dr. Thomas Swift Elementary<br>Licensed Group<br>604-859-1843<br><br>Vacancy:<br>&nbsp;&nbsp;&nbsp;&nbsp;<36 months: N<br>&nbsp;&nbsp;&nbsp;&nbsp;30 months -- 5 years: N<br>&nbsp;&nbsp;&nbsp;&nbsp;Preschool: Y<br>&nbsp;&nbsp;&nbsp;&nbsp;Grade 1 - Age 12: N<br>
4621,Licensed Group,Glenwood Childcare Centre,1610 Westminster Ave,,Port Coquitlam,V3B 1E2,49.264831,-122.75925,604-944-0850,,,N,N,N,N,N,N,N,N,N,N,N,N,N,N,N,N,N,,,N,N,N,N,N,N,N,N,N,N,N,2026-05-14,http://www.healthspace.ca/fha/childcare,N,Y,N,Glenwood Childcare Centre<br>Licensed Group<br>604-944-0850<br><br>Vacancy:<br>&nbsp;&nbsp;&nbsp;&nbsp;<36 months: N<br>&nbsp;&nbsp;&nbsp;&nbsp;30 months -- 5 years: N<br>&nbsp;&nbsp;&nbsp;&nbsp;Preschool: N<br>&nbsp;&nbsp;&nbsp;&nbsp;Grade 1 - Age 12: N<br>
4622,Licensed Group,Miss Melissa's Preschool,108 Naito Crt,,Kelowna,V1V 1S9,49.925324,-119.433659,250-763-5909,,,N,N,N,N,N,N,N,N,N,N,N,N,N,N,N,N,N,,,N,N,N,N,N,N,N,N,N,Y,N,2026-05-04,https://hedgehogportal.interiorhealth.ca/ChildCare/Map,N,Y,N,Miss Melissa's Preschool<br>Licensed Group<br>250-763-5909<br><br>Vacancy:<br>&nbsp;&nbsp;&nbsp;&nbsp;<36 months: N<br>&nbsp;&nbsp;&nbsp;&nbsp;30 months -- 5 years: N<br>&nbsp;&nbsp;&nbsp;&nbsp;Preschool: Y<br>&nbsp;&nbsp;&nbsp;&nbsp;Grade 1 - Age 12: N<br>
4623,Licensed Family,Little Kings And Queens,1224 Brett Pl,,Prince Rupert,V8J 3W9,54.312431,-130.305777,250-624-9685,,,N,N,N,N,N,N,N,N,N,N,N,N,N,N,N,N,N,,,N,N,N,N,N,N,N,N,N,N,N,2026-05-15,https://www.healthspace.ca/Clients/NHA/NHA_Website.nsf/CCFL-Frameset,N,Y,N,Little Kings And Queens<br>Licensed Family<br>250-624-9685<br><br>Vacancy:<br>&nbsp;&nbsp;&nbsp;&nbsp;<36 months: N<br>&nbsp;&nbsp;&nbsp;&nbsp;30 months -- 5 years: N<br>&nbsp;&nbsp;&nbsp;&nbsp;Preschool: N<br>&nbsp;&nbsp;&nbsp;&nbsp;Grade 1 - Age 12: N<br>
4624,Licensed Group,Whistler Waldorf School (Gcc - 30 Mos.-School Age),7324 Kirkpatrick Way,,Whistler,V8E 0E8,50.132306,-122.949279,604-932-1885,,,N,N,N,N,N,N,N,N,N,N,N,N,N,N,N,N,N,,,N,N,N,N,N,N,N,N,N,N,N,2026-05-13,https://inspections.vcha.ca/ChildCare/Table,N,Y,N,Whistler Waldorf School (Gcc - 30 Mos.-School Age)<br>Licensed Group<br>604-932-1885<br><br>Vacancy:<br>&nbsp;&nbsp;&nbsp;&nbsp;<36 months: N<br>&nbsp;&nbsp;&nbsp;&nbsp;30 months -- 5 years: N<br>&nbsp;&nbsp;&nbsp;&nbsp;Preschool: N<br>&nbsp;&nbsp;&nbsp;&nbsp;Grade 1 - Age 12: N<br>
4625,Licensed Group,Duncan Cran Elementary (Little Kodiaks Clubhouse),8130 89 Ave,,Fort St. John,V1J 5S5,56.235763,-120.814049,250-264-7186,,,N,N,N,N,N,N,N,N,N,N,N,N,N,N,N,N,N,Not offered,Not offered,N,N,N,N,N,N,N,N,Y,Y,Y,2026-05-04,https://www.healthspace.ca/Clients/NHA/NHA_Website.nsf/CCFL-Frameset,N,Y,N,Duncan Cran Elementary (Little Kodiaks Clubhouse)<br>Licensed Group<br>250-264-7186<br><br>Vacancy:<br>&nbsp;&nbsp;&nbsp;&nbsp;<36 months: N<br>&nbsp;&nbsp;&nbsp;&nbsp;30 months -- 5 years: Y<br>&nbsp;&nbsp;&nbsp;&nbsp;Preschool: Y<br>&nbsp;&nbsp;&nbsp;&nbsp;Grade 1 - Age 12: Y<br>
4626,Licensed Group,Maria Montessori Academy,1841 Fairburn Dr,,Victoria,V8N 1P8,48.473473,-123.318569,250-479-4746,,,N,N,N,N,N,N,N,N,N,N,N,N,N,N,N,N,N,,,N,N,N,N,N,N,N,N,N,N,N,2026-05-15,https://www.healthspace.ca/clients/viha/viha_website.nsf/CCFL-Main?OpenView,N,Y,N,Maria Montessori Academy<br>Licensed Group<br>250-479-4746<br><br>Vacancy:<br>&nbsp;&nbsp;&nbsp;&nbsp;<36 months: N<br>&nbsp;&nbsp;&nbsp;&nbsp;30 months -- 5 years: N<br>&nbsp;&nbsp;&nbsp;&nbsp;Preschool: N<br>&nbsp;&nbsp;&nbsp;&nbsp;Grade 1 - Age 12: N<br>
4627,Licensed Group,Cloverdale Discovery Centre,17673 58 Ave,,Surrey,V3S 1L5,49.107934,-122.732947,604-575-4727,,,N,N,N,N,N,N,N,N,N,N,N,N,N,N,N,N,N,,,N,N,N,N,N,N,N,N,N,N,N,2026-05-15,http://www.healthspace.ca/fha/childcare,N,Y,N,Cloverdale Discovery Centre<br>Licensed Group<br>604-575-4727<br><br>Vacancy:<br>&nbsp;&nbsp;&nbsp;&nbsp;<36 months: N<br>&nbsp;&nbsp;&nbsp;&nbsp;30 months -- 5 years: N<br>&nbsp;&nbsp;&nbsp;&nbsp;Preschool: N<br>&nbsp;&nbsp;&nbsp;&nbsp;Grade 1 - Age 12: N<br>
4628,Licensed Group,Cherry Tree Child Care Centre,10114 View St,,Chemainus,V0R 1K2,48.934062,-123.737765,250-324-4203,,,N,N,N,N,N,N,N,N,N,N,N,N,N,N,N,N,N,,,N,N,N,N,N,N,N,N,N,N,N,2026-04-26,https://www.healthspace.ca/clients/viha/viha_website.nsf/CCFL-Main?OpenView,N,Y,N,Cherry Tree Child Care Centre<br>Licensed Group<br>250-324-4203<br><br>Vacancy:<br>&nbsp;&nbsp;&nbsp;&nbsp;<36 months: N<br>&nbsp;&nbsp;&nbsp;&nbsp;30 months -- 5 years: N<br>&nbsp;&nbsp;&nbsp;&nbsp;Preschool: N<br>&nbsp;&nbsp;&nbsp;&nbsp;Grade 1 - Age 12: N<br>
4629,Licensed Group,Parkway Village Childcare Two,1150 Mt Seymour Rd,,North Vancouver,V7G 1R6,49.317488,-122.967697,604-929-5520,,,N,N,N,N,N,N,N,N,N,N,N,N,N,N,N,N,N,,,N,N,N,N,N,N,N,N,N,N,N,2026-04-28,https://inspections.vcha.ca/ChildCare/Table,N,Y,N,Parkway Village Childcare Two<br>Licensed Group<br>604-929-5520<br><br>Vacancy:<br>&nbsp;&nbsp;&nbsp;&nbsp;<36 months: N<br>&nbsp;&nbsp;&nbsp;&nbsp;30 months -- 5 years: N<br>&nbsp;&nbsp;&nbsp;&nbsp;Preschool: N<br>&nbsp;&nbsp;&nbsp;&nbsp;Grade 1 - Age 12: N<br>
4630,Licensed Group,Cherry Blossom Montessori,4440 Blundell Rd,,Richmond,V7C 1G9,49.15495,-123.174742,778-829-1441,,,N,N,N,N,N,N,N,N,N,N,N,N,N,N,N,N,N,,,N,N,N,N,N,N,N,N,Y,N,N,2026-05-04,https://inspections.vcha.ca/ChildCare/Table,N,Y,N,Cherry Blossom Montessori<br>Licensed Group<br>778-829-1441<br><br>Vacancy:<br>&nbsp;&nbsp;&nbsp;&nbsp;<36 months: N<br>&nbsp;&nbsp;&nbsp;&nbsp;30 months -- 5 years: Y<br>&nbsp;&nbsp;&nbsp;&nbsp;Preschool: N<br>&nbsp;&nbsp;&nbsp;&nbsp;Grade 1 - Age 12: N<br>
4631,Licensed Group,Shawnigan Lake Montessori Child Care,1979C Renfrew Rd,,Shawnigan Lake,V0R 2W0,48.655072,-123.637594,250-743-6279,,,N,N,N,N,N,N,N,N,N,N,N,N,N,N,N,N,N,,,N,N,N,N,N,N,N,N,Y,N,N,2026-04-29,https://www.healthspace.ca/clients/viha/viha_website.nsf/CCFL-Main?OpenView,N,Y,N,Shawnigan Lake Montessori Child Care<br>Licensed Group<br>250-743-6279<br><br>Vacancy:<br>&nbsp;&nbsp;&nbsp;&nbsp;<36 months: N<br>&nbsp;&nbsp;&nbsp;&nbsp;30 months -- 5 years: Y<br>&nbsp;&nbsp;&nbsp;&nbsp;Preschool: N<br>&nbsp;&nbsp;&nbsp;&nbsp;Grade 1 - Age 12: N<br>
4632,Licensed Group,Honeybees Child Care Center,121A 2099 Lougheed Hwy,,Port Coquitlam,V3B 1A8,49.266837,-122.773238,604-949-1001,,,N,N,N,N,N,N,N,N,N,N,N,N,N,N,N,N,N,,,N,N,N,N,N,N,N,N,Y,N,Y,2026-05-01,http://www.healthspace.ca/fha/childcare,N,Y,N,Honeybees Child Care Center<br>Licensed Group<br>604-949-1001<br><br>Vacancy:<br>&nbsp;&nbsp;&nbsp;&nbsp;<36 months: N<br>&nbsp;&nbsp;&nbsp;&nbsp;30 months -- 5 years: Y<br>&nbsp;&nbsp;&nbsp;&nbsp;Preschool: N<br>&nbsp;&nbsp;&nbsp;&nbsp;Grade 1 - Age 12: Y<br>
4633,Licensed Group,Foothills Daycare,1259 Stage Rd,,Cache Creek,V0K 1H0,50.812265,-121.322716,250-457-7168,,,N,N,N,N,N,N,N,N,N,N,N,N,N,N,N,N,N,,,N,N,N,N,N,N,N,Y,Y,N,Y,2026-05-20,https://hedgehogportal.interiorhealth.ca/ChildCare/Map,N,Y,N,Foothills Daycare<br>Licensed Group<br>250-457-7168<br><br>Vacancy:<br>&nbsp;&nbsp;&nbsp;&nbsp;<36 months: Y<br>&nbsp;&nbsp;&nbsp;&nbsp;30 months -- 5 years: Y<br>&nbsp;&nbsp;&nbsp;&nbsp;Preschool: N<br>&nbsp;&nbsp;&nbsp;&nbsp;Grade 1 - Age 12: Y<br>
4634,Licensed Group,Panorama Group Daycare,2625 Panorama Dr,,Coquitlam,V3E 2W1,49.298433,-122.81764,604-468-4030,,,N,N,N,N,N,N,N,N,N,N,N,N,N,N,N,N,N,,,N,N,N,N,N,N,N,N,N,N,N,2026-05-20,http://www.healthspace.ca/fha/childcare,N,Y,N,Panorama Group Daycare<br>Licensed Group<br>604-468-4030<br><br>Vacancy:<br>&nbsp;&nbsp;&nbsp;&nbsp;<36 months: N<br>&nbsp;&nbsp;&nbsp;&nbsp;30 months -- 5 years: N<br>&nbsp;&nbsp;&nbsp;&nbsp;Preschool: N<br>&nbsp;&nbsp;&nbsp;&nbsp;Grade 1 - Age 12: N<br>
4635,Licensed Group,Burnside Child Care Centre,471 Cecelia Rd,,Victoria,V8T 4T4,48.444176,-123.378487,250-388-5251,,,N,N,N,N,N,N,N,N,N,N,N,N,N,N,N,N,N,,,N,N,N,N,N,N,N,N,N,N,Y,2026-05-05,https://www.healthspace.ca/clients/viha/viha_website.nsf/CCFL-Main?OpenView,N,Y,N,Burnside Child Care Centre<br>Licensed Group<br>250-388-5251<br><br>Vacancy:<br>&nbsp;&nbsp;&nbsp;&nbsp;<36 months: N<br>&nbsp;&nbsp;&nbsp;&nbsp;30 months -- 5 years: N<br>&nbsp;&nbsp;&nbsp;&nbsp;Preschool: N<br>&nbsp;&nbsp;&nbsp;&nbsp;Grade 1 - Age 12: Y<br>
4636,Licensed Family,Lisa's Daycare,6195 Greenside Dr E,,Surrey,V3S 5M8,49.115022,-122.68653,604-532-5816,,,N,N,N,N,N,N,N,N,N,N,N,N,N,N,N,N,N,,,N,N,N,N,N,N,N,N,N,N,N,2026-05-15,http://www.healthspace.ca/fha/childcare,N,Y,N,Lisa's Daycare<br>Licensed Family<br>604-532-5816<br><br>Vacancy:<br>&nbsp;&nbsp;&nbsp;&nbsp;<36 months: N<br>&nbsp;&nbsp;&nbsp;&nbsp;30 months -- 5 years: N<br>&nbsp;&nbsp;&nbsp;&nbsp;Preschool: N<br>&nbsp;&nbsp;&nbsp;&nbsp;Grade 1 - Age 12: N<br>
4637,Licensed Group,Gabriola Preschool,2200 South Rd,,Gabriola,V0R 1X6,49.132979,-123.754766,250-247-9292,,,N,N,N,N,N,N,N,N,N,N,N,N,N,N,N,N,N,,,N,N,N,N,N,N,N,N,N,N,N,2026-05-05,https://www.healthspace.ca/clients/viha/viha_website.nsf/CCFL-Main?OpenView,N,Y,N,Gabriola Preschool<br>Licensed Group<br>250-247-9292<br><br>Vacancy:<br>&nbsp;&nbsp;&nbsp;&nbsp;<36 months: N<br>&nbsp;&nbsp;&nbsp;&nbsp;30 months -- 5 years: N<br>&nbsp;&nbsp;&nbsp;&nbsp;Preschool: N<br>&nbsp;&nbsp;&nbsp;&nbsp;Grade 1 - Age 12: N<br>
4638,Licensed Group,Kidzrock @ Latimer Road,19233 60Th Ave,,Surrey,V3S 2T5,49.111466,-122.690194,604-576-0202,,,N,N,N,N,N,N,N,N,N,N,N,N,N,N,N,N,N,,,N,N,N,N,N,N,N,N,N,N,N,2026-05-15,http://www.healthspace.ca/fha/childcare,N,Y,N,Kidzrock @ Latimer Road<br>Licensed Group<br>604-576-0202<br><br>Vacancy:<br>&nbsp;&nbsp;&nbsp;&nbsp;<36 months: N<br>&nbsp;&nbsp;&nbsp;&nbsp;30 months -- 5 years: N<br>&nbsp;&nbsp;&nbsp;&nbsp;Preschool: N<br>&nbsp;&nbsp;&nbsp;&nbsp;Grade 1 - Age 12: N<br>
4639,Licensed Group,Willowbrook Montessori Daycare - Gordon Campus,20317 67Th Ave,,Langley,V2Y 1P6,49.124812,-122.659435,604-533-5469,,,N,N,N,N,N,N,N,N,N,N,N,N,N,N,N,N,N,,,N,N,N,N,N,N,N,N,N,N,N,2026-05-15,http://www.healthspace.ca/fha/childcare,N,Y,N,Willowbrook Montessori Daycare - Gordon Campus<br>Licensed Group<br>604-533-5469<br><br>Vacancy:<br>&nbsp;&nbsp;&nbsp;&nbsp;<36 months: N<br>&nbsp;&nbsp;&nbsp;&nbsp;30 months -- 5 years: N<br>&nbsp;&nbsp;&nbsp;&nbsp;Preschool: N<br>&nbsp;&nbsp;&nbsp;&nbsp;Grade 1 - Age 12: N<br>
4640,Licensed Group,Kidz Club Gibsons,783 School Rd,,Gibsons,V0N 1V0,49.406025,-123.513326,604-886-2621,,,N,N,N,N,N,N,N,N,N,N,N,N,N,N,N,N,N,Not offered,Not offered,N,N,N,N,N,N,N,N,Y,N,Y,2026-04-30,https://inspections.vcha.ca/ChildCare/Table,N,N,N,Kidz Club Gibsons<br>Licensed Group<br>604-886-2621<br><br>Vacancy:<br>&nbsp;&nbsp;&nbsp;&nbsp;<36 months: N<br>&nbsp;&nbsp;&nbsp;&nbsp;30 months -- 5 years: Y<br>&nbsp;&nbsp;&nbsp;&nbsp;Preschool: N<br>&nbsp;&nbsp;&nbsp;&nbsp;Grade 1 - Age 12: Y<br>
4641,Licensed Group,Kids In The Grove Daycare (West Langley),9403 212 St,,Langley,V1M 1M1,49.17465,-122.636398,604-882-2779,,,N,N,N,N,N,N,N,N,N,N,N,N,N,N,N,N,N,,,N,N,N,N,N,N,N,N,N,Y,N,2026-05-01,http://www.healthspace.ca/fha/childcare,N,Y,N,Kids In The Grove Daycare (West Langley)<br>Licensed Group<br>604-882-2779<br><br>Vacancy:<br>&nbsp;&nbsp;&nbsp;&nbsp;<36 months: N<br>&nbsp;&nbsp;&nbsp;&nbsp;30 months -- 5 years: N<br>&nbsp;&nbsp;&nbsp;&nbsp;Preschool: Y<br>&nbsp;&nbsp;&nbsp;&nbsp;Grade 1 - Age 12: N<br>
4642,Licensed Group,Little Legacies - Park Ave.,395 Eighth St,,Nanaimo,V9R 1A9,49.142728,-123.942385,250-667-2882,,,N,N,N,N,N,N,N,N,N,N,N,N,N,N,N,N,N,,,N,N,N,N,N,N,N,N,N,N,Y,2026-05-06,https://www.healthspace.ca/clients/viha/viha_website.nsf/CCFL-Main?OpenView,N,Y,N,Little Legacies - Park Ave.<br>Licensed Group<br>250-667-2882<br><br>Vacancy:<br>&nbsp;&nbsp;&nbsp;&nbsp;<36 months: N<br>&nbsp;&nbsp;&nbsp;&nbsp;30 months -- 5 years: N<br>&nbsp;&nbsp;&nbsp;&nbsp;Preschool: N<br>&nbsp;&nbsp;&nbsp;&nbsp;Grade 1 - Age 12: Y<br>
4643,Licensed Family,Oceangrove Family Daycare,182 Crawford Rd,,Campbell River,V9H 1K2,49.943086,-125.196359,250-203-7815,,,N,N,N,N,N,N,N,N,N,N,N,N,N,N,N,N,N,,,N,N,N,N,N,N,N,N,N,N,N,2026-05-15,https://www.healthspace.ca/clients/viha/viha_website.nsf/CCFL-Main?OpenView,N,Y,N,Oceangrove Family Daycare<br>Licensed Family<br>250-203-7815<br><br>Vacancy:<br>&nbsp;&nbsp;&nbsp;&nbsp;<36 months: N<br>&nbsp;&nbsp;&nbsp;&nbsp;30 months -- 5 years: N<br>&nbsp;&nbsp;&nbsp;&nbsp;Preschool: N<br>&nbsp;&nbsp;&nbsp;&nbsp;Grade 1 - Age 12: N<br>
4644,Licensed Group,Mamalina's Primary Montessori Childcare Centre,4317 Gallant Ave,,North Vancouver,V7G 2C1,49.32651,-122.951318,604-924-1253,,,N,N,N,N,N,N,N,N,N,N,N,N,N,N,N,N,N,,,N,N,N,N,N,N,N,N,N,N,N,2026-05-12,https://inspections.vcha.ca/ChildCare/Table,N,Y,N,Mamalina's Primary Montessori Childcare Centre<br>Licensed Group<br>604-924-1253<br><br>Vacancy:<br>&nbsp;&nbsp;&nbsp;&nbsp;<36 months: N<br>&nbsp;&nbsp;&nbsp;&nbsp;30 months -- 5 years: N<br>&nbsp;&nbsp;&nbsp;&nbsp;Preschool: N<br>&nbsp;&nbsp;&nbsp;&nbsp;Grade 1 - Age 12: N<br>
4645,Licensed Group,Summerhill Montessori,1600 Cliff Ave,,Burnaby,V5A 2K2,49.26968,-122.958645,604-294-0240,,,N,N,N,N,N,N,N,N,N,N,N,N,N,N,N,N,N,,,N,N,N,N,N,N,N,N,N,N,N,2026-05-15,http://www.healthspace.ca/fha/childcare,N,Y,N,Summerhill Montessori<br>Licensed Group<br>604-294-0240<br><br>Vacancy:<br>&nbsp;&nbsp;&nbsp;&nbsp;<36 months: N<br>&nbsp;&nbsp;&nbsp;&nbsp;30 months -- 5 years: N<br>&nbsp;&nbsp;&nbsp;&nbsp;Preschool: N<br>&nbsp;&nbsp;&nbsp;&nbsp;Grade 1 - Age 12: N<br>
4646,Licensed Group,Golden Bear Children's Centre,2058 Spokane St,,Rossland,V0G 1Y0,49.077682,-117.801613,250-362-5856,,,N,N,N,N,N,N,N,N,N,N,N,N,N,N,N,N,N,,,N,N,N,N,N,N,N,N,N,N,Y,2026-05-19,https://hedgehogportal.interiorhealth.ca/ChildCare/Map,N,Y,N,Golden Bear Children's Centre<br>Licensed Group<br>250-362-5856<br><br>Vacancy:<br>&nbsp;&nbsp;&nbsp;&nbsp;<36 months: N<br>&nbsp;&nbsp;&nbsp;&nbsp;30 months -- 5 years: N<br>&nbsp;&nbsp;&nbsp;&nbsp;Preschool: N<br>&nbsp;&nbsp;&nbsp;&nbsp;Grade 1 - Age 12: Y<br>
4647,Licensed Group,Our Lady Of Fatima Early Learning Center & Before/After Care,315 Walker St,,Coquitlam,V3K 4C7,49.241349,-122.876982,604-936-4250,,,N,N,N,N,N,N,N,N,N,N,N,N,N,N,N,N,N,,,N,N,N,N,N,N,N,N,N,N,N,2026-05-04,http://www.healthspace.ca/fha/childcare,N,Y,N,Our Lady Of Fatima Early Learning Center & Before/After Care<br>Licensed Group<br>604-936-4250<br><br>Vacancy:<br>&nbsp;&nbsp;&nbsp;&nbsp;<36 months: N<br>&nbsp;&nbsp;&nbsp;&nbsp;30 months -- 5 years: N<br>&nbsp;&nbsp;&nbsp;&nbsp;Preschool: N<br>&nbsp;&nbsp;&nbsp;&nbsp;Grade 1 - Age 12: N<br>
4648,Licensed Family,Unicorn Parade Family Child Care,2-1154 Comox St,,Vancouver,V6E 1K5,49.282477,-123.130749,604-353-1767,,,,,,,,,,,,,,,,,,,,,,,,,,,,,,,,,,,Y,N,N,Unicorn Parade Family Child Care<br>Licensed Family<br>604-353-1767<br><br>Vacancy:<br>&nbsp;&nbsp;&nbsp;&nbsp;<36 months: None<br>&nbsp;&nbsp;&nbsp;&nbsp;30 months -- 5 years: None<br>&nbsp;&nbsp;&nbsp;&nbsp;Preschool: None<br>&nbsp;&nbsp;&nbsp;&nbsp;Grade 1 - Age 12: None<br>
4649,Licensed Group,Monkey Tree Montessori Preschool,1394 Nanaimo St,,Vancouver,V5L 4T6,49.272392,-123.056498,604-677-8339,,,N,N,N,N,N,N,N,N,N,N,N,N,N,N,N,N,N,,,N,N,N,N,N,N,N,N,N,Y,N,2026-05-21,https://inspections.vcha.ca/ChildCare/Table,N,Y,N,Monkey Tree Montessori Preschool<br>Licensed Group<br>604-677-8339<br><br>Vacancy:<br>&nbsp;&nbsp;&nbsp;&nbsp;<36 months: N<br>&nbsp;&nbsp;&nbsp;&nbsp;30 months -- 5 years: N<br>&nbsp;&nbsp;&nbsp;&nbsp;Preschool: Y<br>&nbsp;&nbsp;&nbsp;&nbsp;Grade 1 - Age 12: N<br>
4650,Licensed Family,Jeanie's Playhouse,3685 Warner Ave,Rr 2,Armstrong,V0E 1B2,50.443981,-119.207521,250-546-2499,,,N,N,N,N,N,N,N,N,N,N,N,N,N,N,N,N,N,,,N,N,N,N,N,N,N,N,Y,N,N,2026-05-19,https://hedgehogportal.interiorhealth.ca/ChildCare/Map,N,Y,N,Jeanie's Playhouse<br>Licensed Family<br>250-546-2499<br><br>Vacancy:<br>&nbsp;&nbsp;&nbsp;&nbsp;<36 months: N<br>&nbsp;&nbsp;&nbsp;&nbsp;30 months -- 5 years: Y<br>&nbsp;&nbsp;&nbsp;&nbsp;Preschool: N<br>&nbsp;&nbsp;&nbsp;&nbsp;Grade 1 - Age 12: N<br>
4651,Licensed Family,Dream Tree Day Care,2405 King Albert Ave,,Coquitlam,V3J 7E6,49.251221,-122.826934,604-936-9948,,,N,N,N,N,N,N,N,N,N,N,N,N,N,N,N,N,N,,,N,N,N,N,N,N,N,Y,Y,N,N,2026-05-15,http://www.healthspace.ca/fha/childcare,N,Y,N,Dream Tree Day Care<br>Licensed Family<br>604-936-9948<br><br>Vacancy:<br>&nbsp;&nbsp;&nbsp;&nbsp;<36 months: Y<br>&nbsp;&nbsp;&nbsp;&nbsp;30 months -- 5 years: Y<br>&nbsp;&nbsp;&nbsp;&nbsp;Preschool: N<br>&nbsp;&nbsp;&nbsp;&nbsp;Grade 1 - Age 12: N<br>
4652,Licensed Group,Children's Community Preschool,401 11Th Ave,,Campbell River,V9W 4G2,50.025849,-125.246222,250-286-5306,,,N,N,N,N,N,N,N,N,N,N,N,N,N,N,N,N,N,,,N,N,N,N,N,N,N,N,N,N,N,2026-04-27,https://www.healthspace.ca/clients/viha/viha_website.nsf/CCFL-Main?OpenView,N,Y,N,Children's Community Preschool<br>Licensed Group<br>250-286-5306<br><br>Vacancy:<br>&nbsp;&nbsp;&nbsp;&nbsp;<36 months: N<br>&nbsp;&nbsp;&nbsp;&nbsp;30 months -- 5 years: N<br>&nbsp;&nbsp;&nbsp;&nbsp;Preschool: N<br>&nbsp;&nbsp;&nbsp;&nbsp;Grade 1 - Age 12: N<br>
4653,Licensed Group,Mount Pleasant Nbrhd House Before & After School Care (Bac),2740 Guelph St,,Vancouver,V5T 3P7,49.260205,-123.093993,604-875-9111,,,N,N,N,N,N,N,N,N,N,N,N,N,N,N,N,N,N,Not offered,Not offered,N,N,N,N,N,N,N,N,N,N,N,2026-04-08,https://inspections.vcha.ca/ChildCare/Table,N,Y,N,Mount Pleasant Nbrhd House Before & After School Care (Bac)<br>Licensed Group<br>604-875-9111<br><br>Vacancy:<br>&nbsp;&nbsp;&nbsp;&nbsp;<36 months: N<br>&nbsp;&nbsp;&nbsp;&nbsp;30 months -- 5 years: N<br>&nbsp;&nbsp;&nbsp;&nbsp;Preschool: N<br>&nbsp;&nbsp;&nbsp;&nbsp;Grade 1 - Age 12: N<br>
4654,Licensed Family,Apple Berry Lane Family Child Care,6258 North Rd,,Duncan,V9L 6K9,48.797853,-123.752134,,,,N,N,N,N,N,N,N,N,N,N,N,N,N,N,N,N,N,,,N,N,N,N,N,N,N,N,N,N,N,2026-04-21,https://www.healthspace.ca/clients/viha/viha_website.nsf/CCFL-Main?OpenView,N,Y,N,Apple Berry Lane Family Child Care<br>Licensed Family<br>None<br><br>Vacancy:<br>&nbsp;&nbsp;&nbsp;&nbsp;<36 months: N<br>&nbsp;&nbsp;&nbsp;&nbsp;30 months -- 5 years: N<br>&nbsp;&nbsp;&nbsp;&nbsp;Preschool: N<br>&nbsp;&nbsp;&nbsp;&nbsp;Grade 1 - Age 12: N<br>
4655,Licensed Group,Nature's Playground Daycare,17490 61B Ave,,Surrey,V3S 4R8,49.114477,-122.738291,778-228-9723,,,N,N,N,N,N,N,N,N,N,N,N,N,N,N,N,N,N,,,N,N,N,N,N,N,N,N,N,N,N,2026-04-24,http://www.healthspace.ca/fha/childcare,N,Y,N,Nature's Playground Daycare<br>Licensed Group<br>778-228-9723<br><br>Vacancy:<br>&nbsp;&nbsp;&nbsp;&nbsp;<36 months: N<br>&nbsp;&nbsp;&nbsp;&nbsp;30 months -- 5 years: N<br>&nbsp;&nbsp;&nbsp;&nbsp;Preschool: N<br>&nbsp;&nbsp;&nbsp;&nbsp;Grade 1 - Age 12: N<br>
4656,Licensed Group,Island Kids Academy Centre 2 (Forrest),542 Fraser St,,Victoria,V9A 6H7,48.429702,-123.413036,250-381-2929,,,N,N,N,N,N,N,N,N,N,N,N,N,N,N,N,N,N,,,N,N,N,N,N,N,N,N,N,N,N,2026-05-15,https://www.healthspace.ca/clients/viha/viha_website.nsf/CCFL-Main?OpenView,N,Y,N,Island Kids Academy Centre 2 (Forrest)<br>Licensed Group<br>250-381-2929<br><br>Vacancy:<br>&nbsp;&nbsp;&nbsp;&nbsp;<36 months: N<br>&nbsp;&nbsp;&nbsp;&nbsp;30 months -- 5 years: N<br>&nbsp;&nbsp;&nbsp;&nbsp;Preschool: N<br>&nbsp;&nbsp;&nbsp;&nbsp;Grade 1 - Age 12: N<br>
4657,Licensed Group,Friendship Corner Daycare,2950 Dewdney Trunk Rd,,Coquitlam,V3C 2J4,49.267394,-122.797472,604-945-8504,,,N,N,N,N,N,N,N,N,N,N,N,N,N,N,N,N,N,,,N,N,N,N,N,N,N,Y,Y,N,N,2026-04-15,http://www.healthspace.ca/fha/childcare,N,Y,N,Friendship Corner Daycare<br>Licensed Group<br>604-945-8504<br><br>Vacancy:<br>&nbsp;&nbsp;&nbsp;&nbsp;<36 months: Y<br>&nbsp;&nbsp;&nbsp;&nbsp;30 months -- 5 years: Y<br>&nbsp;&nbsp;&nbsp;&nbsp;Preschool: N<br>&nbsp;&nbsp;&nbsp;&nbsp;Grade 1 - Age 12: N<br>
4658,Licensed Group,Start Smart Childcare Centre,22610 Dewdney Trunk Rd,,Maple Ridge,V2X 3J9,49.22001,-122.595867,604-463-4439,,,N,N,N,N,N,N,N,N,N,N,N,N,N,N,N,N,N,,,N,N,N,N,N,N,N,N,N,N,N,2026-04-24,http://www.healthspace.ca/fha/childcare,N,Y,N,Start Smart Childcare Centre<br>Licensed Group<br>604-463-4439<br><br>Vacancy:<br>&nbsp;&nbsp;&nbsp;&nbsp;<36 months: N<br>&nbsp;&nbsp;&nbsp;&nbsp;30 months -- 5 years: N<br>&nbsp;&nbsp;&nbsp;&nbsp;Preschool: N<br>&nbsp;&nbsp;&nbsp;&nbsp;Grade 1 - Age 12: N<br>
4659,Licensed Group,Pebbles Aftercare Learners,15262 Pacific Ave,,White Rock,V4B 1P7,49.022931,-122.799925,778-919-3797,,,N,N,N,N,N,N,N,N,N,N,N,N,N,N,N,N,N,,,N,N,N,N,N,N,N,N,N,N,Y,2026-05-02,http://www.healthspace.ca/fha/childcare,N,Y,N,Pebbles Aftercare Learners<br>Licensed Group<br>778-919-3797<br><br>Vacancy:<br>&nbsp;&nbsp;&nbsp;&nbsp;<36 months: N<br>&nbsp;&nbsp;&nbsp;&nbsp;30 months -- 5 years: N<br>&nbsp;&nbsp;&nbsp;&nbsp;Preschool: N<br>&nbsp;&nbsp;&nbsp;&nbsp;Grade 1 - Age 12: Y<br>
4660,Licensed Family,Little Sprouts Family Daycare,4925 Lazelle Ave,,Terrace,V8G 1T6,54.517607,-128.60938,250-615-8519,,,N,N,N,N,N,N,N,N,N,N,N,N,N,N,N,N,N,,,N,N,N,N,N,N,N,N,N,N,N,2026-04-14,https://www.healthspace.ca/Clients/NHA/NHA_Website.nsf/CCFL-Frameset,N,Y,N,Little Sprouts Family Daycare<br>Licensed Family<br>250-615-8519<br><br>Vacancy:<br>&nbsp;&nbsp;&nbsp;&nbsp;<36 months: N<br>&nbsp;&nbsp;&nbsp;&nbsp;30 months -- 5 years: N<br>&nbsp;&nbsp;&nbsp;&nbsp;Preschool: N<br>&nbsp;&nbsp;&nbsp;&nbsp;Grade 1 - Age 12: N<br>
4661,Licensed Group,Sunridge Out Of School Care,1190 Stevens Rd,,Kelowna,V1Z 1G1,49.866348,-119.564777,604-853-6959,,,Y,N,N,N,N,N,N,N,N,Y,Y,N,N,N,N,N,N,Extra fee,Extra fee,N,N,N,N,N,N,N,N,N,Y,Y,2026-04-19,https://hedgehogportal.interiorhealth.ca/ChildCare/Map,N,Y,N,Sunridge Out Of School Care<br>Licensed Group<br>604-853-6959<br><br>Vacancy:<br>&nbsp;&nbsp;&nbsp;&nbsp;<36 months: N<br>&nbsp;&nbsp;&nbsp;&nbsp;30 months -- 5 years: N<br>&nbsp;&nbsp;&nbsp;&nbsp;Preschool: Y<br>&nbsp;&nbsp;&nbsp;&nbsp;Grade 1 - Age 12: Y<br>
4662,Licensed Group,Imagination Station Childcare Centre-Fraserview,11485 227 St,,Maple Ridge,V2X 9V1,49.20976,-122.595496,604-614-6856,,,N,N,N,N,N,N,N,N,N,N,N,N,N,N,N,N,N,,,N,N,N,N,N,N,N,N,Y,Y,N,2026-05-15,http://www.healthspace.ca/fha/childcare,N,Y,N,Imagination Station Childcare Centre-Fraserview<br>Licensed Group<br>604-614-6856<br><br>Vacancy:<br>&nbsp;&nbsp;&nbsp;&nbsp;<36 months: N<br>&nbsp;&nbsp;&nbsp;&nbsp;30 months -- 5 years: Y<br>&nbsp;&nbsp;&nbsp;&nbsp;Preschool: Y<br>&nbsp;&nbsp;&nbsp;&nbsp;Grade 1 - Age 12: N<br>
4663,Licensed Group,Mira's Happy House,2705 Lonsdale Ave,,North Vancouver,V7N 3J2,49.334537,-123.072488,604-723-1494,,,N,N,N,N,N,N,N,N,N,N,N,N,N,N,N,N,N,,,N,N,N,N,N,N,N,N,N,N,Y,2026-04-20,https://inspections.vcha.ca/ChildCare/Table,N,Y,N,Mira's Happy House<br>Licensed Group<br>604-723-1494<br><br>Vacancy:<br>&nbsp;&nbsp;&nbsp;&nbsp;<36 months: N<br>&nbsp;&nbsp;&nbsp;&nbsp;30 months -- 5 years: N<br>&nbsp;&nbsp;&nbsp;&nbsp;Preschool: N<br>&nbsp;&nbsp;&nbsp;&nbsp;Grade 1 - Age 12: Y<br>
4664,Licensed Group,Apple Blossom Child Care Centre,1645 Bewicke Ave,,North Vancouver,V7M 3C2,49.323889,-123.091465,604-985-5393,,,N,N,N,N,N,N,N,N,N,N,N,N,N,N,N,N,N,,,N,N,N,N,N,N,N,N,N,N,N,2026-04-27,https://inspections.vcha.ca/ChildCare/Table,N,Y,Y,Apple Blossom Child Care Centre<br>Licensed Group<br>604-985-5393<br><br>Vacancy:<br>&nbsp;&nbsp;&nbsp;&nbsp;<36 months: N<br>&nbsp;&nbsp;&nbsp;&nbsp;30 months -- 5 years: N<br>&nbsp;&nbsp;&nbsp;&nbsp;Preschool: N<br>&nbsp;&nbsp;&nbsp;&nbsp;Grade 1 - Age 12: N<br>
4665,Licensed Group,Apple Blossom Child Care Centre,1645 Bewicke Ave,,North Vancouver,V7M 3C2,49.323889,-123.091465,604-985-5393,,,N,N,N,N,N,N,N,N,N,N,N,N,N,N,N,N,N,,,N,N,N,N,N,N,N,N,N,N,N,2026-04-27,https://inspections.vcha.ca/ChildCare/Table,N,Y,Y,Apple Blossom Child Care Centre<br>Licensed Group<br>604-985-5393<br><br>Vacancy:<br>&nbsp;&nbsp;&nbsp;&nbsp;<36 months: N<br>&nbsp;&nbsp;&nbsp;&nbsp;30 months -- 5 years: N<br>&nbsp;&nbsp;&nbsp;&nbsp;Preschool: N<br>&nbsp;&nbsp;&nbsp;&nbsp;Grade 1 - Age 12: N<br>
4666,Licensed Group,Happy Child Daycare & Learning Centre,4685 Underwood Pl,,North Vancouver,V7K 3A3,49.35346,-123.025042,604-982-9121,,,N,N,N,N,N,N,N,N,N,N,N,N,N,N,N,N,N,,,N,N,N,N,N,N,N,Y,Y,N,N,2026-05-15,https://inspections.vcha.ca/ChildCare/Table,N,Y,N,Happy Child Daycare & Learning Centre<br>Licensed Group<br>604-982-9121<br><br>Vacancy:<br>&nbsp;&nbsp;&nbsp;&nbsp;<36 months: Y<br>&nbsp;&nbsp;&nbsp;&nbsp;30 months -- 5 years: Y<br>&nbsp;&nbsp;&nbsp;&nbsp;Preschool: N<br>&nbsp;&nbsp;&nbsp;&nbsp;Grade 1 - Age 12: N<br>
4667,Licensed Group,C&S Child Care,4625 62Nd St,,Delta,V4K 3L8,49.087464,-123.053169,604-809-7558,,,N,N,N,N,N,N,N,N,N,N,N,N,N,N,N,N,N,,,N,N,N,N,N,N,N,N,N,Y,Y,2026-05-12,http://www.healthspace.ca/fha/childcare,N,Y,N,C&S Child Care<br>Licensed Group<br>604-809-7558<br><br>Vacancy:<br>&nbsp;&nbsp;&nbsp;&nbsp;<36 months: N<br>&nbsp;&nbsp;&nbsp;&nbsp;30 months -- 5 years: N<br>&nbsp;&nbsp;&nbsp;&nbsp;Preschool: Y<br>&nbsp;&nbsp;&nbsp;&nbsp;Grade 1 - Age 12: Y<br>
4668,Licensed Group,Gingerbread House Day Care,3350 54Th Ave E,,Vancouver,V5S 1Z3,49.21897,-123.035854,604-433-4819,,,N,N,N,N,N,N,N,N,N,N,N,N,N,N,N,N,N,,,N,N,N,N,N,N,N,N,N,N,N,2026-04-16,https://inspections.vcha.ca/ChildCare/Table,N,Y,N,Gingerbread House Day Care<br>Licensed Group<br>604-433-4819<br><br>Vacancy:<br>&nbsp;&nbsp;&nbsp;&nbsp;<36 months: N<br>&nbsp;&nbsp;&nbsp;&nbsp;30 months -- 5 years: N<br>&nbsp;&nbsp;&nbsp;&nbsp;Preschool: N<br>&nbsp;&nbsp;&nbsp;&nbsp;Grade 1 - Age 12: N<br>
4669,Licensed Group,Arrowsmith Independent Preschool/Childcare Centre,849 Hilliers Rd S,,Qualicum Beach,V9K 1X5,49.311392,-124.488109,250-752-2722,,,N,N,N,N,N,N,N,N,N,N,N,N,N,N,N,N,N,,,N,N,N,N,N,N,N,N,N,N,N,2026-05-18,https://www.healthspace.ca/clients/viha/viha_website.nsf/CCFL-Main?OpenView,N,Y,N,Arrowsmith Independent Preschool/Childcare Centre<br>Licensed Group<br>250-752-2722<br><br>Vacancy:<br>&nbsp;&nbsp;&nbsp;&nbsp;<36 months: N<br>&nbsp;&nbsp;&nbsp;&nbsp;30 months -- 5 years: N<br>&nbsp;&nbsp;&nbsp;&nbsp;Preschool: N<br>&nbsp;&nbsp;&nbsp;&nbsp;Grade 1 - Age 12: N<br>
4670,Licensed Family,Jelly Bean Bunch Childcare,183 Van Somer St,,Prince George,V2N 6C9,53.93334,-122.818823,250-961-1463,,,N,N,N,N,N,N,N,N,N,N,N,N,N,N,N,N,N,,,N,N,N,N,N,N,N,N,Y,N,N,2026-04-30,,N,Y,N,Jelly Bean Bunch Childcare<br>Licensed Family<br>250-961-1463<br><br>Vacancy:<br>&nbsp;&nbsp;&nbsp;&nbsp;<36 months: N<br>&nbsp;&nbsp;&nbsp;&nbsp;30 months -- 5 years: Y<br>&nbsp;&nbsp;&nbsp;&nbsp;Preschool: N<br>&nbsp;&nbsp;&nbsp;&nbsp;Grade 1 - Age 12: N<br>
4671,Licensed Group,Tender Love & Care Daycare,9333B 120A St,,Surrey,V3V 7G6,49.172373,-122.889275,604-585-4321,,,N,N,N,N,N,N,N,N,N,N,N,N,N,N,N,N,N,,,N,N,N,N,N,N,N,N,N,N,N,2026-05-03,http://www.healthspace.ca/fha/childcare,N,Y,N,Tender Love & Care Daycare<br>Licensed Group<br>604-585-4321<br><br>Vacancy:<br>&nbsp;&nbsp;&nbsp;&nbsp;<36 months: N<br>&nbsp;&nbsp;&nbsp;&nbsp;30 months -- 5 years: N<br>&nbsp;&nbsp;&nbsp;&nbsp;Preschool: N<br>&nbsp;&nbsp;&nbsp;&nbsp;Grade 1 - Age 12: N<br>
4672,Licensed Group,Lower Nicola Band Little Stars Head Start,201 Horn Rd,,Merritt,V1K 1N2,50.137109,-120.8564,250-378-5527,,,N,N,N,N,N,N,N,N,N,N,N,N,N,N,N,N,N,,,N,N,N,N,N,N,N,N,N,N,N,2026-05-18,https://www.interiorhealth.ca/HedgehogPortal/facility/Table,N,Y,N,Lower Nicola Band Little Stars Head Start<br>Licensed Group<br>250-378-5527<br><br>Vacancy:<br>&nbsp;&nbsp;&nbsp;&nbsp;<36 months: N<br>&nbsp;&nbsp;&nbsp;&nbsp;30 months -- 5 years: N<br>&nbsp;&nbsp;&nbsp;&nbsp;Preschool: N<br>&nbsp;&nbsp;&nbsp;&nbsp;Grade 1 - Age 12: N<br>
4673,Licensed Family,Shelley's Place,9468 157A St,,Surrey,V4N 3B6,49.174581,-122.785827,604-584-9907,,,N,N,N,N,N,N,N,N,N,N,N,N,N,N,N,N,N,,,N,N,N,N,N,N,N,Y,Y,N,Y,2026-05-18,http://www.healthspace.ca/fha/childcare,N,Y,N,Shelley's Place<br>Licensed Family<br>604-584-9907<br><br>Vacancy:<br>&nbsp;&nbsp;&nbsp;&nbsp;<36 months: Y<br>&nbsp;&nbsp;&nbsp;&nbsp;30 months -- 5 years: Y<br>&nbsp;&nbsp;&nbsp;&nbsp;Preschool: N<br>&nbsp;&nbsp;&nbsp;&nbsp;Grade 1 - Age 12: Y<br>
4674,Licensed Group,Over The Rainbow - Austin,2600 Austin Ave,,Coquitlam,V3K 6C4,49.248565,-122.820245,604-939-2726,,,N,N,N,N,N,N,N,N,N,N,N,N,N,N,N,N,N,,,N,N,N,N,N,N,N,N,N,N,N,2026-05-14,http://www.healthspace.ca/fha/childcare,N,Y,N,Over The Rainbow - Austin<br>Licensed Group<br>604-939-2726<br><br>Vacancy:<br>&nbsp;&nbsp;&nbsp;&nbsp;<36 months: N<br>&nbsp;&nbsp;&nbsp;&nbsp;30 months -- 5 years: N<br>&nbsp;&nbsp;&nbsp;&nbsp;Preschool: N<br>&nbsp;&nbsp;&nbsp;&nbsp;Grade 1 - Age 12: N<br>
4675,Licensed Group,A To Z Childcare Centre #2,16128 86B Ave,,Surrey,V4N 1B1,49.160294,-122.77507,604-598-9251,,,N,N,N,N,N,N,N,N,N,N,N,N,N,N,N,N,N,,,N,N,N,N,N,N,N,Y,Y,N,N,2026-05-15,http://www.healthspace.ca/fha/childcare,N,Y,N,A To Z Childcare Centre #2<br>Licensed Group<br>604-598-9251<br><br>Vacancy:<br>&nbsp;&nbsp;&nbsp;&nbsp;<36 months: Y<br>&nbsp;&nbsp;&nbsp;&nbsp;30 months -- 5 years: Y<br>&nbsp;&nbsp;&nbsp;&nbsp;Preschool: N<br>&nbsp;&nbsp;&nbsp;&nbsp;Grade 1 - Age 12: N<br>
4676,Licensed Group,Langley Forest School,8870 Glover Rd,,Langley,V1M 2R9,49.163507,-122.583588,604-888-8555,,,N,N,N,N,N,N,N,N,N,N,N,N,N,N,N,N,N,,,N,N,N,N,N,N,N,N,N,Y,N,2026-05-04,http://www.healthspace.ca/fha/childcare,N,Y,N,Langley Forest School<br>Licensed Group<br>604-888-8555<br><br>Vacancy:<br>&nbsp;&nbsp;&nbsp;&nbsp;<36 months: N<br>&nbsp;&nbsp;&nbsp;&nbsp;30 months -- 5 years: N<br>&nbsp;&nbsp;&nbsp;&nbsp;Preschool: Y<br>&nbsp;&nbsp;&nbsp;&nbsp;Grade 1 - Age 12: N<br>
4677,Licensed Family,We Do Care Family Child Care,1109 Thunderbird Dr,,Nanaimo,V9S 2P1,49.185787,-123.97433,250-668-5934,,,N,N,N,N,N,N,N,N,N,N,N,N,N,N,N,N,N,,,N,N,N,N,N,N,N,N,Y,N,Y,2026-04-24,https://www.healthspace.ca/clients/viha/viha_website.nsf/CCFL-Main?OpenView,N,Y,N,We Do Care Family Child Care<br>Licensed Family<br>250-668-5934<br><br>Vacancy:<br>&nbsp;&nbsp;&nbsp;&nbsp;<36 months: N<br>&nbsp;&nbsp;&nbsp;&nbsp;30 months -- 5 years: Y<br>&nbsp;&nbsp;&nbsp;&nbsp;Preschool: N<br>&nbsp;&nbsp;&nbsp;&nbsp;Grade 1 - Age 12: Y<br>
4678,Licensed Family,Urban Meadow,3004 Quadra St,,Victoria,V8T 4G3,48.445087,-123.361416,250-590-0679,,,,,,,,,,,,,,,,,,,,,,,,,,,,,,,,,,,Y,N,N,Urban Meadow<br>Licensed Family<br>250-590-0679<br><br>Vacancy:<br>&nbsp;&nbsp;&nbsp;&nbsp;<36 months: None<br>&nbsp;&nbsp;&nbsp;&nbsp;30 months -- 5 years: None<br>&nbsp;&nbsp;&nbsp;&nbsp;Preschool: None<br>&nbsp;&nbsp;&nbsp;&nbsp;Grade 1 - Age 12: None<br>
4679,Licensed Group,The Four Winds Daycare,2294 First Ave,,Rossland,V0G 1Y0,49.078134,-117.795432,250-362-5233,,,N,N,N,N,N,N,N,N,N,N,N,N,N,N,N,N,N,,,N,N,N,N,N,N,N,N,N,N,N,2026-05-13,https://hedgehogportal.interiorhealth.ca/ChildCare/Map,N,N,N,The Four Winds Daycare<br>Licensed Group<br>250-362-5233<br><br>Vacancy:<br>&nbsp;&nbsp;&nbsp;&nbsp;<36 months: N<br>&nbsp;&nbsp;&nbsp;&nbsp;30 months -- 5 years: N<br>&nbsp;&nbsp;&nbsp;&nbsp;Preschool: N<br>&nbsp;&nbsp;&nbsp;&nbsp;Grade 1 - Age 12: N<br>
4680,Licensed Group,Norquay School Age Child Care,4710 Slocan St,,Vancouver,V5R 2A1,49.241497,-123.051129,604-435-0323,,,N,N,N,N,N,N,N,N,N,N,N,N,N,N,N,N,N,,,N,N,N,N,N,N,N,N,N,N,N,2026-05-05,https://inspections.vcha.ca/ChildCare/Table,N,Y,N,Norquay School Age Child Care<br>Licensed Group<br>604-435-0323<br><br>Vacancy:<br>&nbsp;&nbsp;&nbsp;&nbsp;<36 months: N<br>&nbsp;&nbsp;&nbsp;&nbsp;30 months -- 5 years: N<br>&nbsp;&nbsp;&nbsp;&nbsp;Preschool: N<br>&nbsp;&nbsp;&nbsp;&nbsp;Grade 1 - Age 12: N<br>
4681,Licensed Group,Island Kids Academy Esquimalt Centre 1 (Ocean),538 Fraser St,,Victoria,V9A 6H7,48.429589,-123.413124,250-381-2929,,,N,N,N,N,N,N,N,N,N,N,N,N,N,N,N,N,N,,,N,N,N,N,N,N,N,N,N,N,N,2026-05-15,https://www.healthspace.ca/clients/viha/viha_website.nsf/CCFL-Main?OpenView,N,Y,N,Island Kids Academy Esquimalt Centre 1 (Ocean)<br>Licensed Group<br>250-381-2929<br><br>Vacancy:<br>&nbsp;&nbsp;&nbsp;&nbsp;<36 months: N<br>&nbsp;&nbsp;&nbsp;&nbsp;30 months -- 5 years: N<br>&nbsp;&nbsp;&nbsp;&nbsp;Preschool: N<br>&nbsp;&nbsp;&nbsp;&nbsp;Grade 1 - Age 12: N<br>
4682,Licensed Group,Mother Bear Child Development Program,427 1St St W,,North Vancouver,V7M 1A7,49.315905,-123.087328,604-988-0667,,,N,N,N,N,N,N,N,N,N,N,N,N,N,N,N,N,N,,,N,N,N,N,N,N,N,N,N,N,N,2026-05-21,https://inspections.vcha.ca/ChildCare/Table,N,Y,Y,Mother Bear Child Development Program<br>Licensed Group<br>604-988-0667<br><br>Vacancy:<br>&nbsp;&nbsp;&nbsp;&nbsp;<36 months: N<br>&nbsp;&nbsp;&nbsp;&nbsp;30 months -- 5 years: N<br>&nbsp;&nbsp;&nbsp;&nbsp;Preschool: N<br>&nbsp;&nbsp;&nbsp;&nbsp;Grade 1 - Age 12: N<br>
4683,Licensed Group,St. Patrick's Catholic School,2368 Trent St,,Victoria,V8R 4Z3,48.433802,-123.324326,250-727-6893,,,N,N,N,N,N,N,N,N,N,N,N,N,N,N,N,N,N,,,N,N,N,N,N,N,N,N,N,N,N,2026-04-21,https://www.healthspace.ca/clients/viha/viha_website.nsf/CCFL-Main?OpenView,N,Y,N,St. Patrick's Catholic School<br>Licensed Group<br>250-727-6893<br><br>Vacancy:<br>&nbsp;&nbsp;&nbsp;&nbsp;<36 months: N<br>&nbsp;&nbsp;&nbsp;&nbsp;30 months -- 5 years: N<br>&nbsp;&nbsp;&nbsp;&nbsp;Preschool: N<br>&nbsp;&nbsp;&nbsp;&nbsp;Grade 1 - Age 12: N<br>
4684,Licensed Family,Little Monkey's Day Care,2384 Jasper St,,Prince George,V2L 1P1,53.899863,-122.74263,250-561-1902,,,N,N,N,N,N,N,N,N,N,N,N,N,N,N,N,N,N,,,N,N,N,N,N,N,N,N,Y,N,N,2026-04-19,https://www.healthspace.ca/Clients/NHA/NHA_Website.nsf/CCFL-Frameset,N,Y,N,Little Monkey's Day Care<br>Licensed Family<br>250-561-1902<br><br>Vacancy:<br>&nbsp;&nbsp;&nbsp;&nbsp;<36 months: N<br>&nbsp;&nbsp;&nbsp;&nbsp;30 months -- 5 years: Y<br>&nbsp;&nbsp;&nbsp;&nbsp;Preschool: N<br>&nbsp;&nbsp;&nbsp;&nbsp;Grade 1 - Age 12: N<br>
4685,Licensed Family,Brenda's Family Child Care,6255 Lane Rd,,Duncan,V9L 4E2,48.797414,-123.724444,250-715-1579,,,N,N,N,N,N,N,N,N,N,N,N,N,N,N,N,N,N,,,N,N,N,N,N,N,N,N,N,N,N,2026-04-14,https://www.healthspace.ca/clients/viha/viha_website.nsf/CCFL-Main?OpenView,N,Y,N,Brenda's Family Child Care<br>Licensed Family<br>250-715-1579<br><br>Vacancy:<br>&nbsp;&nbsp;&nbsp;&nbsp;<36 months: N<br>&nbsp;&nbsp;&nbsp;&nbsp;30 months -- 5 years: N<br>&nbsp;&nbsp;&nbsp;&nbsp;Preschool: N<br>&nbsp;&nbsp;&nbsp;&nbsp;Grade 1 - Age 12: N<br>
4686,Licensed Family,Mis Amiguitos Family Daycare,3900 27 St,,Vernon,V1T 4X7,50.270354,-119.266966,250-542-5971,,,N,N,N,N,N,N,N,N,N,N,N,N,N,N,N,N,N,,,N,N,N,N,N,N,N,N,N,N,Y,2026-05-15,https://hedgehogportal.interiorhealth.ca/ChildCare/Map,N,Y,N,Mis Amiguitos Family Daycare<br>Licensed Family<br>250-542-5971<br><br>Vacancy:<br>&nbsp;&nbsp;&nbsp;&nbsp;<36 months: N<br>&nbsp;&nbsp;&nbsp;&nbsp;30 months -- 5 years: N<br>&nbsp;&nbsp;&nbsp;&nbsp;Preschool: N<br>&nbsp;&nbsp;&nbsp;&nbsp;Grade 1 - Age 12: Y<br>
4687,Licensed Family,Delta Christian Family Child Care,11138 87 Ave,,Delta,V4C 2Z5,49.160922,-122.914301,604-418-0662,,,N,N,N,N,N,N,N,N,N,N,N,N,N,N,N,N,N,,,N,N,N,N,N,N,N,N,Y,N,N,2026-05-15,http://www.healthspace.ca/fha/childcare,N,Y,N,Delta Christian Family Child Care<br>Licensed Family<br>604-418-0662<br><br>Vacancy:<br>&nbsp;&nbsp;&nbsp;&nbsp;<36 months: N<br>&nbsp;&nbsp;&nbsp;&nbsp;30 months -- 5 years: Y<br>&nbsp;&nbsp;&nbsp;&nbsp;Preschool: N<br>&nbsp;&nbsp;&nbsp;&nbsp;Grade 1 - Age 12: N<br>
4688,Licensed Family,Kings And Queens Day Care,13028 109 Ave,,Surrey,V3T 2N5,49.200734,-122.861275,778-394-1291,,,N,N,N,N,N,N,N,N,N,N,N,N,N,N,N,N,N,,,N,N,N,N,N,N,N,N,N,N,N,2026-05-21,http://www.healthspace.ca/fha/childcare,N,Y,N,Kings And Queens Day Care<br>Licensed Family<br>778-394-1291<br><br>Vacancy:<br>&nbsp;&nbsp;&nbsp;&nbsp;<36 months: N<br>&nbsp;&nbsp;&nbsp;&nbsp;30 months -- 5 years: N<br>&nbsp;&nbsp;&nbsp;&nbsp;Preschool: N<br>&nbsp;&nbsp;&nbsp;&nbsp;Grade 1 - Age 12: N<br>
4689,Licensed Group,Bolivar Heights Early Learning Centre,11286 Roxburgh Rd,,Surrey,V3R 9J3,49.207352,-122.813919,604-951-4700,,,N,N,N,N,N,N,N,N,N,N,N,N,N,N,N,N,N,Extra fee,Extra fee,N,N,N,N,N,N,N,N,N,N,N,2026-03-23,http://www.healthspace.ca/fha/childcare,N,Y,N,Bolivar Heights Early Learning Centre<br>Licensed Group<br>604-951-4700<br><br>Vacancy:<br>&nbsp;&nbsp;&nbsp;&nbsp;<36 months: N<br>&nbsp;&nbsp;&nbsp;&nbsp;30 months -- 5 years: N<br>&nbsp;&nbsp;&nbsp;&nbsp;Preschool: N<br>&nbsp;&nbsp;&nbsp;&nbsp;Grade 1 - Age 12: N<br>
4690,Licensed Family,Sunnyside Brookswood Family Daycare,20305 37A Ave,,Langley,V3A 2S9,49.070164,-122.661095,604-533-5132,,,N,N,N,N,N,N,N,N,N,N,N,N,N,N,N,N,N,Extra fee,Extra fee,N,N,N,N,N,N,N,N,N,N,N,2026-05-19,http://www.healthspace.ca/fha/childcare,N,Y,N,Sunnyside Brookswood Family Daycare<br>Licensed Family<br>604-533-5132<br><br>Vacancy:<br>&nbsp;&nbsp;&nbsp;&nbsp;<36 months: N<br>&nbsp;&nbsp;&nbsp;&nbsp;30 months -- 5 years: N<br>&nbsp;&nbsp;&nbsp;&nbsp;Preschool: N<br>&nbsp;&nbsp;&nbsp;&nbsp;Grade 1 - Age 12: N<br>
4691,Licensed Group,Kiddie Kollege Langley,20103 53 Ave,,Langley,V3A 3T8,49.098708,-122.666403,604-530-0311,,,N,N,N,N,N,N,N,N,N,N,N,N,N,N,N,N,N,,,N,N,N,N,N,N,N,Y,Y,N,N,2026-05-01,http://www.healthspace.ca/fha/childcare,N,Y,N,Kiddie Kollege Langley<br>Licensed Group<br>604-530-0311<br><br>Vacancy:<br>&nbsp;&nbsp;&nbsp;&nbsp;<36 months: Y<br>&nbsp;&nbsp;&nbsp;&nbsp;30 months -- 5 years: Y<br>&nbsp;&nbsp;&nbsp;&nbsp;Preschool: N<br>&nbsp;&nbsp;&nbsp;&nbsp;Grade 1 - Age 12: N<br>
4692,Licensed Group,Little Jj's Group Childcare Ltd.,343 8Th Ave E,,New Westminster,V3L 4K7,49.229068,-122.900004,604-525-1678,,,N,N,N,N,N,N,N,N,N,N,N,N,N,N,N,N,N,,,N,N,N,N,N,N,N,N,N,N,N,2026-05-15,http://www.healthspace.ca/fha/childcare,N,Y,N,Little Jj's Group Childcare Ltd.<br>Licensed Group<br>604-525-1678<br><br>Vacancy:<br>&nbsp;&nbsp;&nbsp;&nbsp;<36 months: N<br>&nbsp;&nbsp;&nbsp;&nbsp;30 months -- 5 years: N<br>&nbsp;&nbsp;&nbsp;&nbsp;Preschool: N<br>&nbsp;&nbsp;&nbsp;&nbsp;Grade 1 - Age 12: N<br>
4693,Licensed Group,Jellybean Park - Langley Campus,2-19615 Willowbrook Dr,,Langley,V2Y 1A5,49.114949,-122.679368,604-539-9898,,,N,N,N,N,N,N,N,N,N,N,N,N,N,N,N,N,N,,,N,N,N,N,N,N,N,Y,Y,N,N,2026-05-05,http://www.healthspace.ca/fha/childcare,N,Y,N,Jellybean Park - Langley Campus<br>Licensed Group<br>604-539-9898<br><br>Vacancy:<br>&nbsp;&nbsp;&nbsp;&nbsp;<36 months: Y<br>&nbsp;&nbsp;&nbsp;&nbsp;30 months -- 5 years: Y<br>&nbsp;&nbsp;&nbsp;&nbsp;Preschool: N<br>&nbsp;&nbsp;&nbsp;&nbsp;Grade 1 - Age 12: N<br>
4694,Licensed Family,Tots Of Fun Daycare,14629 102 Ave,,Surrey,V3R 7E5,49.187846,-122.816653,778-288-9885,,,N,N,N,N,N,N,N,N,N,N,N,N,N,N,N,N,N,,,N,N,N,N,N,N,N,N,N,N,N,2026-05-15,http://www.healthspace.ca/fha/childcare,N,Y,N,Tots Of Fun Daycare<br>Licensed Family<br>778-288-9885<br><br>Vacancy:<br>&nbsp;&nbsp;&nbsp;&nbsp;<36 months: N<br>&nbsp;&nbsp;&nbsp;&nbsp;30 months -- 5 years: N<br>&nbsp;&nbsp;&nbsp;&nbsp;Preschool: N<br>&nbsp;&nbsp;&nbsp;&nbsp;Grade 1 - Age 12: N<br>
4695,Licensed Group,Fine Art Montessori Childcare Centre Inc. (Famc),105-6488 Garden City Rd,,Richmond,V6Y 4M2,49.165841,-123.124535,604-304-6150,,,N,N,N,N,N,N,N,N,N,N,N,N,N,N,N,N,N,,,N,N,N,N,N,N,N,N,N,N,N,2026-05-20,https://inspections.vcha.ca/ChildCare/Table,N,Y,Y,Fine Art Montessori Childcare Centre Inc. (Famc)<br>Licensed Group<br>604-304-6150<br><br>Vacancy:<br>&nbsp;&nbsp;&nbsp;&nbsp;<36 months: N<br>&nbsp;&nbsp;&nbsp;&nbsp;30 months -- 5 years: N<br>&nbsp;&nbsp;&nbsp;&nbsp;Preschool: N<br>&nbsp;&nbsp;&nbsp;&nbsp;Grade 1 - Age 12: N<br>
4696,Licensed Family,Lincoln Park Childcare Centre,3369 Cornwall St,,Port Coquitlam,V3B 3G8,49.273161,-122.741816,604-319-1991,,,N,N,N,N,N,N,N,N,N,N,N,N,N,N,N,N,N,,,N,N,N,N,N,N,N,N,N,N,N,2026-05-10,http://www.healthspace.ca/fha/childcare,N,Y,N,Lincoln Park Childcare Centre<br>Licensed Family<br>604-319-1991<br><br>Vacancy:<br>&nbsp;&nbsp;&nbsp;&nbsp;<36 months: N<br>&nbsp;&nbsp;&nbsp;&nbsp;30 months -- 5 years: N<br>&nbsp;&nbsp;&nbsp;&nbsp;Preschool: N<br>&nbsp;&nbsp;&nbsp;&nbsp;Grade 1 - Age 12: N<br>
4697,Licensed Group,Mr. Moose's Childcare Learning Centre Ltd.,32130 Hillcrest Ave,,Abbotsford,V2T 1P8,49.047724,-122.333877,604-853-2769,,,N,N,N,N,N,N,N,N,N,N,N,N,N,N,N,N,N,,,N,N,N,N,N,N,N,Y,Y,N,N,2026-05-06,http://www.healthspace.ca/fha/childcare,N,Y,N,Mr. Moose's Childcare Learning Centre Ltd.<br>Licensed Group<br>604-853-2769<br><br>Vacancy:<br>&nbsp;&nbsp;&nbsp;&nbsp;<36 months: Y<br>&nbsp;&nbsp;&nbsp;&nbsp;30 months -- 5 years: Y<br>&nbsp;&nbsp;&nbsp;&nbsp;Preschool: N<br>&nbsp;&nbsp;&nbsp;&nbsp;Grade 1 - Age 12: N<br>
4698,Licensed Group,Rainforest Learning Centre Inc. – Coquitlam,101 511 Rochester Ave,,Coquitlam,V3K 0A2,49.245911,-122.890619,778-355-0555,,,N,N,N,N,N,N,N,N,N,N,N,N,N,N,N,N,N,,,N,N,N,N,N,N,N,N,N,N,N,2026-05-04,http://www.healthspace.ca/fha/childcare,N,Y,N,Rainforest Learning Centre Inc. – Coquitlam<br>Licensed Group<br>778-355-0555<br><br>Vacancy:<br>&nbsp;&nbsp;&nbsp;&nbsp;<36 months: N<br>&nbsp;&nbsp;&nbsp;&nbsp;30 months -- 5 years: N<br>&nbsp;&nbsp;&nbsp;&nbsp;Preschool: N<br>&nbsp;&nbsp;&nbsp;&nbsp;Grade 1 - Age 12: N<br>
4699,Licensed Family,All 4 U Lila's Daycare,2125 Stewart Ave,,Courtenay,V9N 3J1,49.674158,-124.995354,250-338-9531,,,N,N,N,N,N,N,N,N,N,N,N,N,N,N,N,N,N,,,N,N,N,N,N,N,N,N,Y,N,Y,2026-03-17,https://www.healthspace.ca/clients/viha/viha_website.nsf/CCFL-Main?OpenView,N,Y,N,All 4 U Lila's Daycare<br>Licensed Family<br>250-338-9531<br><br>Vacancy:<br>&nbsp;&nbsp;&nbsp;&nbsp;<36 months: N<br>&nbsp;&nbsp;&nbsp;&nbsp;30 months -- 5 years: Y<br>&nbsp;&nbsp;&nbsp;&nbsp;Preschool: N<br>&nbsp;&nbsp;&nbsp;&nbsp;Grade 1 - Age 12: Y<br>
4700,Licensed Group,Pathways Childcare Centre Inc.,1839 Tzouhalem Rd,,Duncan,V9L 5L6,48.781401,-123.659594,250-748-7270,,,N,N,N,N,N,N,N,N,N,N,N,N,N,N,N,N,N,,,N,N,N,N,N,N,N,Y,N,N,N,2026-05-07,https://www.healthspace.ca/clients/viha/viha_website.nsf/CCFL-Main?OpenView,N,Y,N,Pathways Childcare Centre Inc.<br>Licensed Group<br>250-748-7270<br><br>Vacancy:<br>&nbsp;&nbsp;&nbsp;&nbsp;<36 months: Y<br>&nbsp;&nbsp;&nbsp;&nbsp;30 months -- 5 years: N<br>&nbsp;&nbsp;&nbsp;&nbsp;Preschool: N<br>&nbsp;&nbsp;&nbsp;&nbsp;Grade 1 - Age 12: N<br>
4701,Licensed Group,Honey Bear Childcare Ltd,14214 102 Ave,,Surrey,V3T 5A5,49.187727,-122.828139,604-306-4073,,,N,N,N,N,N,N,N,N,N,N,N,N,N,N,N,N,N,,,N,N,N,N,N,N,N,N,N,Y,N,2026-05-15,http://www.healthspace.ca/fha/childcare,N,Y,N,Honey Bear Childcare Ltd<br>Licensed Group<br>604-306-4073<br><br>Vacancy:<br>&nbsp;&nbsp;&nbsp;&nbsp;<36 months: N<br>&nbsp;&nbsp;&nbsp;&nbsp;30 months -- 5 years: N<br>&nbsp;&nbsp;&nbsp;&nbsp;Preschool: Y<br>&nbsp;&nbsp;&nbsp;&nbsp;Grade 1 - Age 12: N<br>
4702,Licensed Family,Bean Sprouts Childcare Centre,11284 Kendale Way,,Delta,V4C 3P5,49.172809,-122.909907,778-837-3356,,,N,N,N,N,N,N,N,N,N,N,N,N,N,N,N,N,N,,,N,N,N,N,N,N,N,N,N,N,N,2026-05-01,http://www.healthspace.ca/fha/childcare,N,Y,N,Bean Sprouts Childcare Centre<br>Licensed Family<br>778-837-3356<br><br>Vacancy:<br>&nbsp;&nbsp;&nbsp;&nbsp;<36 months: N<br>&nbsp;&nbsp;&nbsp;&nbsp;30 months -- 5 years: N<br>&nbsp;&nbsp;&nbsp;&nbsp;Preschool: N<br>&nbsp;&nbsp;&nbsp;&nbsp;Grade 1 - Age 12: N<br>
4703,Licensed Group,Yukon Crescent Children's Centre,2123 Yukon Cres,,Burnaby,V5C 0B1,49.264457,-122.995345,604-526-2522,,,N,N,N,N,N,N,N,N,N,N,N,N,N,N,N,N,N,,,N,N,N,N,N,N,N,N,N,N,N,2026-04-20,http://www.healthspace.ca/fha/childcare,N,Y,N,Yukon Crescent Children's Centre<br>Licensed Group<br>604-526-2522<br><br>Vacancy:<br>&nbsp;&nbsp;&nbsp;&nbsp;<36 months: N<br>&nbsp;&nbsp;&nbsp;&nbsp;30 months -- 5 years: N<br>&nbsp;&nbsp;&nbsp;&nbsp;Preschool: N<br>&nbsp;&nbsp;&nbsp;&nbsp;Grade 1 - Age 12: N<br>
4704,Licensed Family,Smart Beginnings Childcare Centre,10090 140 St,,Surrey,V3T 4M9,49.185847,-122.833923,604-585-4147,,,N,N,N,N,N,N,N,N,N,N,N,N,N,N,N,N,N,,,N,N,N,N,N,N,N,Y,Y,N,N,2026-05-16,http://www.healthspace.ca/fha/childcare,N,Y,N,Smart Beginnings Childcare Centre<br>Licensed Family<br>604-585-4147<br><br>Vacancy:<br>&nbsp;&nbsp;&nbsp;&nbsp;<36 months: Y<br>&nbsp;&nbsp;&nbsp;&nbsp;30 months -- 5 years: Y<br>&nbsp;&nbsp;&nbsp;&nbsp;Preschool: N<br>&nbsp;&nbsp;&nbsp;&nbsp;Grade 1 - Age 12: N<br>
4705,Licensed Family,Yaletown Play To Learn Family Daycare,412 1267 Marinaside Cres,,Vancouver,V6Z 2X5,49.272868,-123.120919,604-805-3825,,,N,N,N,N,N,N,N,N,N,N,N,N,N,N,N,N,N,Not offered,Not offered,N,N,N,N,N,N,N,N,N,N,N,2026-05-03,https://inspections.vcha.ca/ChildCare/Table,N,N,N,Yaletown Play To Learn Family Daycare<br>Licensed Family<br>604-805-3825<br><br>Vacancy:<br>&nbsp;&nbsp;&nbsp;&nbsp;<36 months: N<br>&nbsp;&nbsp;&nbsp;&nbsp;30 months -- 5 years: N<br>&nbsp;&nbsp;&nbsp;&nbsp;Preschool: N<br>&nbsp;&nbsp;&nbsp;&nbsp;Grade 1 - Age 12: N<br>
4706,Licensed Group,Little Acorns Junior Kindergarten & Child Care,1554 Stevens St,,White Rock,V4B 4Y5,49.030063,-122.780269,604-828-4451,,,N,N,N,N,N,N,N,N,N,N,N,N,N,N,N,N,N,Not offered,Not offered,N,N,N,N,N,N,N,N,N,N,N,2026-05-19,http://www.healthspace.ca/fha/childcare,N,Y,N,Little Acorns Junior Kindergarten & Child Care<br>Licensed Group<br>604-828-4451<br><br>Vacancy:<br>&nbsp;&nbsp;&nbsp;&nbsp;<36 months: N<br>&nbsp;&nbsp;&nbsp;&nbsp;30 months -- 5 years: N<br>&nbsp;&nbsp;&nbsp;&nbsp;Preschool: N<br>&nbsp;&nbsp;&nbsp;&nbsp;Grade 1 - Age 12: N<br>
4707,Licensed Group,St. Mary's School,8909 Mary St,,Chilliwack,V2P 4J4,49.164273,-121.962973,604-683-0281,,,N,N,N,N,N,N,N,N,N,N,N,N,N,N,N,N,N,,,N,N,N,N,N,N,N,N,N,N,N,2026-05-04,http://www.healthspace.ca/fha/childcare,N,Y,N,St. Mary's School<br>Licensed Group<br>604-683-0281<br><br>Vacancy:<br>&nbsp;&nbsp;&nbsp;&nbsp;<36 months: N<br>&nbsp;&nbsp;&nbsp;&nbsp;30 months -- 5 years: N<br>&nbsp;&nbsp;&nbsp;&nbsp;Preschool: N<br>&nbsp;&nbsp;&nbsp;&nbsp;Grade 1 - Age 12: N<br>
4708,Licensed Family,Hugs And Cuddles Daycare,12545 223Rd St,,Maple Ridge,V2X 5Y8,49.23013,-122.604852,604-817-5361,,,N,N,N,N,N,N,N,N,N,N,N,N,N,N,N,N,N,,,N,N,N,N,N,N,N,N,N,N,N,2026-05-15,http://www.healthspace.ca/fha/childcare,N,Y,N,Hugs And Cuddles Daycare<br>Licensed Family<br>604-817-5361<br><br>Vacancy:<br>&nbsp;&nbsp;&nbsp;&nbsp;<36 months: N<br>&nbsp;&nbsp;&nbsp;&nbsp;30 months -- 5 years: N<br>&nbsp;&nbsp;&nbsp;&nbsp;Preschool: N<br>&nbsp;&nbsp;&nbsp;&nbsp;Grade 1 - Age 12: N<br>
4709,Licensed Group,Aubrey Daycare Centre,6409 Aubrey St,,Burnaby,V5B 2C9,49.273667,-122.971479,604-677-0012,,,N,N,N,N,N,N,N,N,N,N,N,N,N,N,N,N,N,,,N,N,N,N,N,N,N,N,N,N,N,2026-05-06,http://www.healthspace.ca/fha/childcare,N,Y,N,Aubrey Daycare Centre<br>Licensed Group<br>604-677-0012<br><br>Vacancy:<br>&nbsp;&nbsp;&nbsp;&nbsp;<36 months: N<br>&nbsp;&nbsp;&nbsp;&nbsp;30 months -- 5 years: N<br>&nbsp;&nbsp;&nbsp;&nbsp;Preschool: N<br>&nbsp;&nbsp;&nbsp;&nbsp;Grade 1 - Age 12: N<br>
4710,Licensed Group,Fraser Heights Out Of School Care #3/Smarties,17070 102 Ave,,Surrey,V4N 4N6,49.187791,-122.748574,604-582-1335,,,N,N,N,N,N,N,N,N,N,N,N,N,N,N,N,N,N,,,N,N,N,N,N,N,N,N,N,N,Y,2026-05-01,http://www.healthspace.ca/fha/childcare,N,Y,N,Fraser Heights Out Of School Care #3/Smarties<br>Licensed Group<br>604-582-1335<br><br>Vacancy:<br>&nbsp;&nbsp;&nbsp;&nbsp;<36 months: N<br>&nbsp;&nbsp;&nbsp;&nbsp;30 months -- 5 years: N<br>&nbsp;&nbsp;&nbsp;&nbsp;Preschool: N<br>&nbsp;&nbsp;&nbsp;&nbsp;Grade 1 - Age 12: Y<br>
4711,Licensed Group,Discovery Before & After School Care,6211 Forsyth Cres,,Richmond,V7C 2C4,49.168888,-123.178104,604-807-9796,,,N,N,N,N,N,N,N,N,N,N,N,N,N,N,N,N,N,,,N,N,N,N,N,N,N,N,N,N,N,2026-05-22,https://inspections.vcha.ca/ChildCare/Table,N,Y,N,Discovery Before & After School Care<br>Licensed Group<br>604-807-9796<br><br>Vacancy:<br>&nbsp;&nbsp;&nbsp;&nbsp;<36 months: N<br>&nbsp;&nbsp;&nbsp;&nbsp;30 months -- 5 years: N<br>&nbsp;&nbsp;&nbsp;&nbsp;Preschool: N<br>&nbsp;&nbsp;&nbsp;&nbsp;Grade 1 - Age 12: N<br>
4712,Licensed Group,Richmond Christian School,5240 Woodwards Rd,,Richmond,V7E 1H1,49.143027,-123.166487,604-723-6622,,,N,N,N,N,N,N,N,N,N,N,N,N,N,N,N,N,N,,,N,N,N,N,N,N,N,N,N,N,N,2026-05-01,https://inspections.vcha.ca/ChildCare/Table,N,N,N,Richmond Christian School<br>Licensed Group<br>604-723-6622<br><br>Vacancy:<br>&nbsp;&nbsp;&nbsp;&nbsp;<36 months: N<br>&nbsp;&nbsp;&nbsp;&nbsp;30 months -- 5 years: N<br>&nbsp;&nbsp;&nbsp;&nbsp;Preschool: N<br>&nbsp;&nbsp;&nbsp;&nbsp;Grade 1 - Age 12: N<br>
4713,Licensed Group,Bright Eyes Academy Inc At Holly,4669 62 St,,Delta,V4K 3L8,49.087749,-123.052911,604-940-5999,,,N,N,N,N,N,N,N,N,N,N,N,N,N,N,N,N,N,,,N,N,N,N,N,N,N,N,N,N,N,2026-05-15,http://www.healthspace.ca/fha/childcare,N,Y,N,Bright Eyes Academy Inc At Holly<br>Licensed Group<br>604-940-5999<br><br>Vacancy:<br>&nbsp;&nbsp;&nbsp;&nbsp;<36 months: N<br>&nbsp;&nbsp;&nbsp;&nbsp;30 months -- 5 years: N<br>&nbsp;&nbsp;&nbsp;&nbsp;Preschool: N<br>&nbsp;&nbsp;&nbsp;&nbsp;Grade 1 - Age 12: N<br>
4714,Licensed Group,Creative Adventures Out Of School Care,11511 King Rd,,Richmond,V7A 3B5,49.145414,-123.095396,604-926-8003,,,N,N,N,N,N,N,N,N,N,N,N,N,N,N,N,N,N,,,N,N,N,N,N,N,N,N,N,N,N,2026-05-03,https://inspections.vcha.ca/ChildCare/Table,N,Y,N,Creative Adventures Out Of School Care<br>Licensed Group<br>604-926-8003<br><br>Vacancy:<br>&nbsp;&nbsp;&nbsp;&nbsp;<36 months: N<br>&nbsp;&nbsp;&nbsp;&nbsp;30 months -- 5 years: N<br>&nbsp;&nbsp;&nbsp;&nbsp;Preschool: N<br>&nbsp;&nbsp;&nbsp;&nbsp;Grade 1 - Age 12: N<br>
4715,Licensed Group,Little Footsteps Child Care Centre Society,46510 1St Ave,,Chilliwack,V2P 1W9,49.168129,-121.937591,604-793-4452,,,N,N,N,N,N,N,N,N,N,N,N,N,N,N,N,N,N,,,N,N,N,N,N,N,N,N,N,Y,N,2026-04-30,http://www.healthspace.ca/fha/childcare,N,Y,N,Little Footsteps Child Care Centre Society<br>Licensed Group<br>604-793-4452<br><br>Vacancy:<br>&nbsp;&nbsp;&nbsp;&nbsp;<36 months: N<br>&nbsp;&nbsp;&nbsp;&nbsp;30 months -- 5 years: N<br>&nbsp;&nbsp;&nbsp;&nbsp;Preschool: Y<br>&nbsp;&nbsp;&nbsp;&nbsp;Grade 1 - Age 12: N<br>
4716,Licensed Group,The Panther Pen After School Care,46200 Stoneview Dr,,Chilliwack,V2R 5W8,49.101649,-121.945339,604-858-2999,,,N,N,N,N,N,N,N,N,N,N,N,N,N,N,N,N,N,,,N,N,N,N,N,N,N,N,N,N,N,2026-05-20,http://www.healthspace.ca/fha/childcare,N,Y,N,The Panther Pen After School Care<br>Licensed Group<br>604-858-2999<br><br>Vacancy:<br>&nbsp;&nbsp;&nbsp;&nbsp;<36 months: N<br>&nbsp;&nbsp;&nbsp;&nbsp;30 months -- 5 years: N<br>&nbsp;&nbsp;&nbsp;&nbsp;Preschool: N<br>&nbsp;&nbsp;&nbsp;&nbsp;Grade 1 - Age 12: N<br>
4717,Licensed Group,Arbutus Montessori Child Care Centre,2636 Oliver Cres,,Vancouver,V6L 1S7,49.24891,-123.163844,604-760-0947,,,N,N,N,N,N,N,N,N,N,N,N,N,N,N,N,N,N,,,N,N,N,N,N,N,N,N,N,N,N,2026-05-15,https://inspections.vcha.ca/ChildCare/Table,N,Y,N,Arbutus Montessori Child Care Centre<br>Licensed Group<br>604-760-0947<br><br>Vacancy:<br>&nbsp;&nbsp;&nbsp;&nbsp;<36 months: N<br>&nbsp;&nbsp;&nbsp;&nbsp;30 months -- 5 years: N<br>&nbsp;&nbsp;&nbsp;&nbsp;Preschool: N<br>&nbsp;&nbsp;&nbsp;&nbsp;Grade 1 - Age 12: N<br>
4718,Licensed Group,Rosser Children's Centre,4375 Pandora St,,Burnaby,V5C 2B6,49.283279,-123.006839,604-526-2522,,,N,N,N,N,N,N,N,N,N,N,N,N,N,N,N,N,N,,,N,N,N,N,N,N,N,N,N,Y,N,2026-04-20,http://www.healthspace.ca/fha/childcare,N,Y,N,Rosser Children's Centre<br>Licensed Group<br>604-526-2522<br><br>Vacancy:<br>&nbsp;&nbsp;&nbsp;&nbsp;<36 months: N<br>&nbsp;&nbsp;&nbsp;&nbsp;30 months -- 5 years: N<br>&nbsp;&nbsp;&nbsp;&nbsp;Preschool: Y<br>&nbsp;&nbsp;&nbsp;&nbsp;Grade 1 - Age 12: N<br>
4719,Licensed Group,The Clubhouse At Raymer,657 Raymer Ave,,Kelowna,V1Y 4Z6,49.865183,-119.489033,250-860-4393,,,N,N,N,N,N,N,N,N,N,N,N,N,N,N,N,N,N,,,N,N,N,N,N,N,N,N,N,N,N,2026-05-11,https://hedgehogportal.interiorhealth.ca/ChildCare/Map,N,Y,N,The Clubhouse At Raymer<br>Licensed Group<br>250-860-4393<br><br>Vacancy:<br>&nbsp;&nbsp;&nbsp;&nbsp;<36 months: N<br>&nbsp;&nbsp;&nbsp;&nbsp;30 months -- 5 years: N<br>&nbsp;&nbsp;&nbsp;&nbsp;Preschool: N<br>&nbsp;&nbsp;&nbsp;&nbsp;Grade 1 - Age 12: N<br>
4720,Licensed Group,Vancouver Waldorf School,2725 St. Christophers Rd,,North Vancouver,V7K 2B6,49.333803,-123.046847,604-985-7435,,,N,N,N,N,N,N,N,N,N,N,N,N,N,N,N,N,N,,,N,N,N,N,N,N,N,N,N,N,N,2026-04-21,https://inspections.vcha.ca/ChildCare/Table,N,Y,Y,Vancouver Waldorf School<br>Licensed Group<br>604-985-7435<br><br>Vacancy:<br>&nbsp;&nbsp;&nbsp;&nbsp;<36 months: N<br>&nbsp;&nbsp;&nbsp;&nbsp;30 months -- 5 years: N<br>&nbsp;&nbsp;&nbsp;&nbsp;Preschool: N<br>&nbsp;&nbsp;&nbsp;&nbsp;Grade 1 - Age 12: N<br>
4721,Licensed Group,Kidz Kompany - Randerson Ridge,6021 Nelson Rd,,Nanaimo,V9T 5N7,49.225908,-124.027234,250-729-4142,,,N,N,N,N,N,N,N,N,N,N,N,N,N,N,N,N,N,,,N,N,N,N,N,N,N,N,N,N,N,2026-04-29,https://www.healthspace.ca/clients/viha/viha_website.nsf/CCFL-Main?OpenView,N,Y,N,Kidz Kompany - Randerson Ridge<br>Licensed Group<br>250-729-4142<br><br>Vacancy:<br>&nbsp;&nbsp;&nbsp;&nbsp;<36 months: N<br>&nbsp;&nbsp;&nbsp;&nbsp;30 months -- 5 years: N<br>&nbsp;&nbsp;&nbsp;&nbsp;Preschool: N<br>&nbsp;&nbsp;&nbsp;&nbsp;Grade 1 - Age 12: N<br>
4722,Licensed Group,The Rainbow Connection Children's Centre At Pebble Hill,246 52A St,,Delta,V4M 2Z8,49.007176,-123.076549,604-250-3480,,,N,N,N,N,N,N,N,N,N,N,N,N,N,N,N,N,N,,,N,N,N,N,N,N,N,N,N,N,N,2026-05-13,http://www.healthspace.ca/fha/childcare,N,Y,N,The Rainbow Connection Children's Centre At Pebble Hill<br>Licensed Group<br>604-250-3480<br><br>Vacancy:<br>&nbsp;&nbsp;&nbsp;&nbsp;<36 months: N<br>&nbsp;&nbsp;&nbsp;&nbsp;30 months -- 5 years: N<br>&nbsp;&nbsp;&nbsp;&nbsp;Preschool: N<br>&nbsp;&nbsp;&nbsp;&nbsp;Grade 1 - Age 12: N<br>
4723,Licensed Group,Lil' Foot Childcare,1642 Springhaven Plc,,Kamloops,V2E 1C6,50.659385,-120.358674,250-828-2955,,,N,N,N,N,N,N,N,N,N,N,N,N,N,N,N,N,N,,,N,N,N,N,N,N,N,N,Y,N,N,2026-04-23,https://hedgehogportal.interiorhealth.ca/ChildCare/Map,N,Y,N,Lil' Foot Childcare<br>Licensed Group<br>250-828-2955<br><br>Vacancy:<br>&nbsp;&nbsp;&nbsp;&nbsp;<36 months: N<br>&nbsp;&nbsp;&nbsp;&nbsp;30 months -- 5 years: Y<br>&nbsp;&nbsp;&nbsp;&nbsp;Preschool: N<br>&nbsp;&nbsp;&nbsp;&nbsp;Grade 1 - Age 12: N<br>
4724,Licensed Group,Little Willows Webster's Corner,25554 Dewdney Trunk Rd,,Maple Ridge,V4R 1X9,49.219819,-122.513822,778-245-8741,,,N,N,N,N,N,N,N,N,N,N,N,N,N,N,N,N,N,,,N,N,N,N,N,N,N,N,Y,N,Y,2026-04-06,http://www.healthspace.ca/fha/childcare,N,Y,N,Little Willows Webster's Corner<br>Licensed Group<br>778-245-8741<br><br>Vacancy:<br>&nbsp;&nbsp;&nbsp;&nbsp;<36 months: N<br>&nbsp;&nbsp;&nbsp;&nbsp;30 months -- 5 years: Y<br>&nbsp;&nbsp;&nbsp;&nbsp;Preschool: N<br>&nbsp;&nbsp;&nbsp;&nbsp;Grade 1 - Age 12: Y<br>
4725,Licensed Group,Core Education And Fine Arts,402 935 Marine Dr,,North Vancouver,V7P 1S3,49.321485,-123.100312,604-929-2332,,,N,N,N,N,N,N,N,N,N,N,N,N,N,N,N,N,N,,,N,N,N,N,N,N,N,Y,Y,N,N,2026-05-15,https://inspections.vcha.ca/ChildCare/Table,N,Y,Y,Core Education And Fine Arts<br>Licensed Group<br>604-929-2332<br><br>Vacancy:<br>&nbsp;&nbsp;&nbsp;&nbsp;<36 months: Y<br>&nbsp;&nbsp;&nbsp;&nbsp;30 months -- 5 years: Y<br>&nbsp;&nbsp;&nbsp;&nbsp;Preschool: N<br>&nbsp;&nbsp;&nbsp;&nbsp;Grade 1 - Age 12: N<br>
4726,Licensed Group,Core Education And Fine Arts,402 935 Marine Dr,,North Vancouver,V7P 1S3,49.321485,-123.100312,604-929-2332,,,N,N,N,N,N,N,N,N,N,N,N,N,N,N,N,N,N,,,N,N,N,N,N,N,N,Y,Y,N,N,2026-05-15,https://inspections.vcha.ca/ChildCare/Table,N,Y,Y,Core Education And Fine Arts<br>Licensed Group<br>604-929-2332<br><br>Vacancy:<br>&nbsp;&nbsp;&nbsp;&nbsp;<36 months: Y<br>&nbsp;&nbsp;&nbsp;&nbsp;30 months -- 5 years: Y<br>&nbsp;&nbsp;&nbsp;&nbsp;Preschool: N<br>&nbsp;&nbsp;&nbsp;&nbsp;Grade 1 - Age 12: N<br>
4727,Licensed Family,Hopscotch Kids Daycare,9365 Carleton St,,Chilliwack,V2P 6E1,49.172224,-121.928777,604-795-5060,,,N,N,N,N,N,N,N,N,N,N,N,N,N,N,N,N,N,,,N,N,N,N,N,N,N,Y,Y,N,N,2026-05-13,http://www.healthspace.ca/fha/childcare,N,Y,N,Hopscotch Kids Daycare<br>Licensed Family<br>604-795-5060<br><br>Vacancy:<br>&nbsp;&nbsp;&nbsp;&nbsp;<36 months: Y<br>&nbsp;&nbsp;&nbsp;&nbsp;30 months -- 5 years: Y<br>&nbsp;&nbsp;&nbsp;&nbsp;Preschool: N<br>&nbsp;&nbsp;&nbsp;&nbsp;Grade 1 - Age 12: N<br>
4728,Licensed Group,Right At School Group Childcare,2250 Terrain Rd,,Campbell River,V9H 1C3,49.877332,-125.131628,250-204-4715,,,N,N,N,N,N,N,N,N,N,N,N,N,N,N,N,N,N,,,N,N,N,N,N,N,N,Y,Y,N,Y,2026-04-01,https://www.healthspace.ca/clients/viha/viha_website.nsf/CCFL-Main?OpenView,N,Y,N,Right At School Group Childcare<br>Licensed Group<br>250-204-4715<br><br>Vacancy:<br>&nbsp;&nbsp;&nbsp;&nbsp;<36 months: Y<br>&nbsp;&nbsp;&nbsp;&nbsp;30 months -- 5 years: Y<br>&nbsp;&nbsp;&nbsp;&nbsp;Preschool: N<br>&nbsp;&nbsp;&nbsp;&nbsp;Grade 1 - Age 12: Y<br>
4729,Licensed Group,Olive Grove West,885 22 St,,West Vancouver,V7V 4C1,49.332637,-123.171422,604-281-1822,,,N,N,N,N,N,N,N,N,N,N,N,N,N,N,N,N,N,,,N,N,N,N,N,N,N,N,N,N,N,2026-05-16,https://inspections.vcha.ca/ChildCare/Table,N,Y,Y,Olive Grove West<br>Licensed Group<br>604-281-1822<br><br>Vacancy:<br>&nbsp;&nbsp;&nbsp;&nbsp;<36 months: N<br>&nbsp;&nbsp;&nbsp;&nbsp;30 months -- 5 years: N<br>&nbsp;&nbsp;&nbsp;&nbsp;Preschool: N<br>&nbsp;&nbsp;&nbsp;&nbsp;Grade 1 - Age 12: N<br>
4730,Licensed Group,Olive Grove West,885 22 St,,West Vancouver,V7V 4C1,49.332637,-123.171422,604-281-1822,,,N,N,N,N,N,N,N,N,N,N,N,N,N,N,N,N,N,,,N,N,N,N,N,N,N,N,N,N,N,2026-05-16,https://inspections.vcha.ca/ChildCare/Table,N,Y,Y,Olive Grove West<br>Licensed Group<br>604-281-1822<br><br>Vacancy:<br>&nbsp;&nbsp;&nbsp;&nbsp;<36 months: N<br>&nbsp;&nbsp;&nbsp;&nbsp;30 months -- 5 years: N<br>&nbsp;&nbsp;&nbsp;&nbsp;Preschool: N<br>&nbsp;&nbsp;&nbsp;&nbsp;Grade 1 - Age 12: N<br>
4731,Licensed Group,Bcca Kids Club,1019 Fernwood Ave,,Port Coquitlam,V3B 5A8,49.280523,-122.743696,604-942-3746,,,N,N,N,N,N,N,N,N,N,N,N,N,N,N,N,N,N,,,N,N,N,N,N,N,N,N,N,N,Y,2026-05-05,http://www.healthspace.ca/fha/childcare,N,Y,N,Bcca Kids Club<br>Licensed Group<br>604-942-3746<br><br>Vacancy:<br>&nbsp;&nbsp;&nbsp;&nbsp;<36 months: N<br>&nbsp;&nbsp;&nbsp;&nbsp;30 months -- 5 years: N<br>&nbsp;&nbsp;&nbsp;&nbsp;Preschool: N<br>&nbsp;&nbsp;&nbsp;&nbsp;Grade 1 - Age 12: Y<br>
4732,Licensed Family,Lady Bug Club Family Child Care,5973 Stonehaven Dr,,Duncan,V9L 0A1,48.787112,-123.724384,250-748-3718,,,N,N,N,N,N,N,N,N,N,N,N,N,N,N,N,N,N,,,N,N,N,N,N,N,N,N,N,N,N,2026-05-01,https://www.healthspace.ca/clients/viha/viha_website.nsf/CCFL-Main?OpenView,N,Y,N,Lady Bug Club Family Child Care<br>Licensed Family<br>250-748-3718<br><br>Vacancy:<br>&nbsp;&nbsp;&nbsp;&nbsp;<36 months: N<br>&nbsp;&nbsp;&nbsp;&nbsp;30 months -- 5 years: N<br>&nbsp;&nbsp;&nbsp;&nbsp;Preschool: N<br>&nbsp;&nbsp;&nbsp;&nbsp;Grade 1 - Age 12: N<br>
4733,Licensed Group,Club K.I.D.S. Hatzic,8465 Draper St,,Mission,V2V 5V6,49.15567,-122.255923,604-820-5360,,,N,N,N,N,N,N,N,N,N,N,N,N,N,N,N,N,N,,,N,N,N,N,N,N,N,N,N,N,N,2026-05-07,http://www.healthspace.ca/fha/childcare,N,Y,N,Club K.I.D.S. Hatzic<br>Licensed Group<br>604-820-5360<br><br>Vacancy:<br>&nbsp;&nbsp;&nbsp;&nbsp;<36 months: N<br>&nbsp;&nbsp;&nbsp;&nbsp;30 months -- 5 years: N<br>&nbsp;&nbsp;&nbsp;&nbsp;Preschool: N<br>&nbsp;&nbsp;&nbsp;&nbsp;Grade 1 - Age 12: N<br>
4734,Licensed Group,Imagination Station Childcare Centre-Silverdale,29715 Donatelli Ave,,Mission,V4S 1H6,49.163363,-122.400798,604-614-6856,,,N,N,N,N,N,N,N,N,N,N,N,N,N,N,N,N,N,,,N,N,N,N,N,N,N,N,N,N,N,2026-04-16,http://www.healthspace.ca/fha/childcare,N,Y,N,Imagination Station Childcare Centre-Silverdale<br>Licensed Group<br>604-614-6856<br><br>Vacancy:<br>&nbsp;&nbsp;&nbsp;&nbsp;<36 months: N<br>&nbsp;&nbsp;&nbsp;&nbsp;30 months -- 5 years: N<br>&nbsp;&nbsp;&nbsp;&nbsp;Preschool: N<br>&nbsp;&nbsp;&nbsp;&nbsp;Grade 1 - Age 12: N<br>
4735,Licensed Group,Mountain Montessori Early Learning Centre,310 Nelson Ave,,Nelson,V1L 2M8,49.500562,-117.278976,250-509-1235,,,N,N,N,N,N,N,N,N,N,N,N,N,N,N,N,N,N,,,N,N,N,N,N,N,N,N,N,N,N,2026-04-22,https://hedgehogportal.interiorhealth.ca/ChildCare/Map,N,Y,N,Mountain Montessori Early Learning Centre<br>Licensed Group<br>250-509-1235<br><br>Vacancy:<br>&nbsp;&nbsp;&nbsp;&nbsp;<36 months: N<br>&nbsp;&nbsp;&nbsp;&nbsp;30 months -- 5 years: N<br>&nbsp;&nbsp;&nbsp;&nbsp;Preschool: N<br>&nbsp;&nbsp;&nbsp;&nbsp;Grade 1 - Age 12: N<br>
4736,Licensed Family,Sunlight Daycare,63 Ravine Dr,,Port Moody,V3H 4N2,49.292679,-122.828112,604-461-0375,,,N,N,N,N,N,N,N,N,N,N,N,N,N,N,N,N,N,,,N,N,N,N,N,N,N,Y,Y,N,N,2026-05-15,http://www.healthspace.ca/fha/childcare,N,Y,N,Sunlight Daycare<br>Licensed Family<br>604-461-0375<br><br>Vacancy:<br>&nbsp;&nbsp;&nbsp;&nbsp;<36 months: Y<br>&nbsp;&nbsp;&nbsp;&nbsp;30 months -- 5 years: Y<br>&nbsp;&nbsp;&nbsp;&nbsp;Preschool: N<br>&nbsp;&nbsp;&nbsp;&nbsp;Grade 1 - Age 12: N<br>
4737,Licensed Group,South Surrey Recreation Centre,14601 20 Ave,,Surrey,V4A 9P5,49.038674,-122.815875,604-598-7967,,,N,N,N,N,N,N,N,N,N,N,N,N,N,N,N,N,N,,,N,N,N,N,N,N,N,N,N,Y,N,2026-04-30,http://www.healthspace.ca/fha/childcare,N,Y,N,South Surrey Recreation Centre<br>Licensed Group<br>604-598-7967<br><br>Vacancy:<br>&nbsp;&nbsp;&nbsp;&nbsp;<36 months: N<br>&nbsp;&nbsp;&nbsp;&nbsp;30 months -- 5 years: N<br>&nbsp;&nbsp;&nbsp;&nbsp;Preschool: Y<br>&nbsp;&nbsp;&nbsp;&nbsp;Grade 1 - Age 12: N<br>
4738,Licensed Group,Guildford Recreation Centre Preschool,15105 105 Ave,,Surrey,V3R 7G8,49.193412,-122.80254,604-598-7967,,,N,N,N,N,N,N,N,N,N,N,N,N,N,N,N,N,N,,,N,N,N,N,N,N,N,N,N,Y,N,2026-04-30,http://www.healthspace.ca/fha/childcare,N,Y,N,Guildford Recreation Centre Preschool<br>Licensed Group<br>604-598-7967<br><br>Vacancy:<br>&nbsp;&nbsp;&nbsp;&nbsp;<36 months: N<br>&nbsp;&nbsp;&nbsp;&nbsp;30 months -- 5 years: N<br>&nbsp;&nbsp;&nbsp;&nbsp;Preschool: Y<br>&nbsp;&nbsp;&nbsp;&nbsp;Grade 1 - Age 12: N<br>
4739,Licensed Group,Fleetwood Communtiy Centre Pre-K,15996 84 Ave,,Surrey,V4N 0W1,49.18049,-122.87971,604-598-7967,,,N,N,N,N,N,N,N,N,N,N,N,N,N,N,N,N,N,,,N,N,N,N,N,N,N,N,N,N,N,2026-04-30,http://www.healthspace.ca/fha/childcare,N,Y,N,Fleetwood Communtiy Centre Pre-K<br>Licensed Group<br>604-598-7967<br><br>Vacancy:<br>&nbsp;&nbsp;&nbsp;&nbsp;<36 months: N<br>&nbsp;&nbsp;&nbsp;&nbsp;30 months -- 5 years: N<br>&nbsp;&nbsp;&nbsp;&nbsp;Preschool: N<br>&nbsp;&nbsp;&nbsp;&nbsp;Grade 1 - Age 12: N<br>
4740,Licensed Group,Cougar Creek Preschool,12236 70A Ave,,Surrey,V3W 4Z8,49.130832,-122.883567,604-598-7967,,,N,N,N,N,N,N,N,N,N,N,N,N,N,N,N,N,N,,,N,N,N,N,N,N,N,N,N,Y,N,2026-04-30,http://www.healthspace.ca/fha/childcare,N,Y,N,Cougar Creek Preschool<br>Licensed Group<br>604-598-7967<br><br>Vacancy:<br>&nbsp;&nbsp;&nbsp;&nbsp;<36 months: N<br>&nbsp;&nbsp;&nbsp;&nbsp;30 months -- 5 years: N<br>&nbsp;&nbsp;&nbsp;&nbsp;Preschool: Y<br>&nbsp;&nbsp;&nbsp;&nbsp;Grade 1 - Age 12: N<br>
4741,Licensed Group,South Rutland Afterschool Program,200 Mallach Rd,,Kelowna,V1X 2W5,49.887466,-119.381847,250-762-3914,,,N,N,N,N,N,N,N,N,N,N,N,N,N,N,N,N,N,,,N,N,N,N,N,N,N,N,N,N,Y,2026-05-15,https://hedgehogportal.interiorhealth.ca/ChildCare/Map,N,Y,N,South Rutland Afterschool Program<br>Licensed Group<br>250-762-3914<br><br>Vacancy:<br>&nbsp;&nbsp;&nbsp;&nbsp;<36 months: N<br>&nbsp;&nbsp;&nbsp;&nbsp;30 months -- 5 years: N<br>&nbsp;&nbsp;&nbsp;&nbsp;Preschool: N<br>&nbsp;&nbsp;&nbsp;&nbsp;Grade 1 - Age 12: Y<br>
4742,Licensed Group,Children's Universe Montessori Ltd,645 Wade Ave W,,Penticton,V2A 1V6,49.495112,-119.60098,250-770-8368,,,N,N,N,N,N,N,N,N,N,N,N,N,N,N,N,N,N,,,N,N,N,N,N,N,N,N,N,N,N,2026-05-04,https://hedgehogportal.interiorhealth.ca/ChildCare/Map,N,Y,N,Children's Universe Montessori Ltd<br>Licensed Group<br>250-770-8368<br><br>Vacancy:<br>&nbsp;&nbsp;&nbsp;&nbsp;<36 months: N<br>&nbsp;&nbsp;&nbsp;&nbsp;30 months -- 5 years: N<br>&nbsp;&nbsp;&nbsp;&nbsp;Preschool: N<br>&nbsp;&nbsp;&nbsp;&nbsp;Grade 1 - Age 12: N<br>
4743,Licensed Group,Le Soleil Montessori Children's House,6318 Tyne St,,Vancouver,V5S 4L8,49.226076,-123.031859,604-436-1223,,,N,N,N,N,N,N,N,N,N,N,N,N,N,N,N,N,N,,,N,N,N,N,N,N,N,N,N,N,N,2026-05-16,https://inspections.vcha.ca/ChildCare/Table,N,Y,N,Le Soleil Montessori Children's House<br>Licensed Group<br>604-436-1223<br><br>Vacancy:<br>&nbsp;&nbsp;&nbsp;&nbsp;<36 months: N<br>&nbsp;&nbsp;&nbsp;&nbsp;30 months -- 5 years: N<br>&nbsp;&nbsp;&nbsp;&nbsp;Preschool: N<br>&nbsp;&nbsp;&nbsp;&nbsp;Grade 1 - Age 12: N<br>
4744,Licensed Group,Fraser Heights Smarties Group Daycare,15720 106 Ave,,Surrey,V4N 1K5,49.195069,-122.786317,604-582-1335,,,N,N,N,N,N,N,N,N,N,N,N,N,N,N,N,N,N,,,N,N,N,N,N,N,N,N,N,N,N,2026-05-01,http://www.healthspace.ca/fha/childcare,N,Y,N,Fraser Heights Smarties Group Daycare<br>Licensed Group<br>604-582-1335<br><br>Vacancy:<br>&nbsp;&nbsp;&nbsp;&nbsp;<36 months: N<br>&nbsp;&nbsp;&nbsp;&nbsp;30 months -- 5 years: N<br>&nbsp;&nbsp;&nbsp;&nbsp;Preschool: N<br>&nbsp;&nbsp;&nbsp;&nbsp;Grade 1 - Age 12: N<br>
4745,Licensed Group,Little Kids Kingdom,15046 68 Ave,,Surrey,V3S 2B7,49.126235,-122.805254,778-565-3117,,,N,N,N,N,N,N,N,N,N,N,N,N,N,N,N,N,N,,,N,N,N,N,N,N,N,N,N,N,N,2026-05-19,http://www.healthspace.ca/fha/childcare,N,Y,N,Little Kids Kingdom<br>Licensed Group<br>778-565-3117<br><br>Vacancy:<br>&nbsp;&nbsp;&nbsp;&nbsp;<36 months: N<br>&nbsp;&nbsp;&nbsp;&nbsp;30 months -- 5 years: N<br>&nbsp;&nbsp;&nbsp;&nbsp;Preschool: N<br>&nbsp;&nbsp;&nbsp;&nbsp;Grade 1 - Age 12: N<br>
4746,Licensed Group,Creative Adventures Day Care,11511 King Rd,,Richmond,V7A 3B5,49.145414,-123.095396,604-926-8003,,,N,N,N,N,N,N,N,N,N,N,N,N,N,N,N,N,N,,,N,N,N,N,N,N,N,N,N,N,N,2026-05-03,https://inspections.vcha.ca/ChildCare/Table,N,Y,N,Creative Adventures Day Care<br>Licensed Group<br>604-926-8003<br><br>Vacancy:<br>&nbsp;&nbsp;&nbsp;&nbsp;<36 months: N<br>&nbsp;&nbsp;&nbsp;&nbsp;30 months -- 5 years: N<br>&nbsp;&nbsp;&nbsp;&nbsp;Preschool: N<br>&nbsp;&nbsp;&nbsp;&nbsp;Grade 1 - Age 12: N<br>
4747,Licensed Group,Tadpole Academy Child Care Center,9766 Oak St,,Chilliwack,V2R 3T7,49.179634,-121.950232,604-751-5363,,,,,,,,,,,,,,,,,,,,,,,,,,,,,,,,,,,Y,Y,N,Tadpole Academy Child Care Center<br>Licensed Group<br>604-751-5363<br><br>Vacancy:<br>&nbsp;&nbsp;&nbsp;&nbsp;<36 months: None<br>&nbsp;&nbsp;&nbsp;&nbsp;30 months -- 5 years: None<br>&nbsp;&nbsp;&nbsp;&nbsp;Preschool: None<br>&nbsp;&nbsp;&nbsp;&nbsp;Grade 1 - Age 12: None<br>
4748,Licensed Group,Centennial Christian School - Preschool And Afterschool Care,3608 Sparks St,,Terrace,V8G 2V6,54.524809,-128.590734,250-635-6173,,,N,N,N,N,N,N,N,N,N,N,N,N,N,N,N,N,N,,,N,N,N,N,N,N,N,N,N,Y,Y,2026-05-06,https://www.healthspace.ca/Clients/NHA/NHA_Website.nsf/CCFL-Frameset,N,Y,N,Centennial Christian School - Preschool And Afterschool Care<br>Licensed Group<br>250-635-6173<br><br>Vacancy:<br>&nbsp;&nbsp;&nbsp;&nbsp;<36 months: N<br>&nbsp;&nbsp;&nbsp;&nbsp;30 months -- 5 years: N<br>&nbsp;&nbsp;&nbsp;&nbsp;Preschool: Y<br>&nbsp;&nbsp;&nbsp;&nbsp;Grade 1 - Age 12: Y<br>
4749,Licensed Family,Giggles And Stickers Daycare,6824 Glenview Dr,,Prince George,V2K 2N8,53.991529,-122.783481,250-612-1519,,,N,N,N,N,N,N,N,N,N,N,N,N,N,N,N,N,N,,,N,N,N,N,N,N,N,N,N,N,N,2026-05-14,https://www.healthspace.ca/Clients/NHA/NHA_Website.nsf/CCFL-Frameset,N,Y,N,Giggles And Stickers Daycare<br>Licensed Family<br>250-612-1519<br><br>Vacancy:<br>&nbsp;&nbsp;&nbsp;&nbsp;<36 months: N<br>&nbsp;&nbsp;&nbsp;&nbsp;30 months -- 5 years: N<br>&nbsp;&nbsp;&nbsp;&nbsp;Preschool: N<br>&nbsp;&nbsp;&nbsp;&nbsp;Grade 1 - Age 12: N<br>
4750,Licensed Group,Meadowridge School - Junior Kindergarten & School Age Care,12224 240 St,,Maple Ridge,V4R 1N1,49.224745,-122.557117,604-467-4444,,,N,N,N,N,N,N,N,N,N,N,N,N,N,N,N,N,N,,,N,N,N,N,N,N,N,N,N,N,N,2026-05-07,http://www.healthspace.ca/fha/childcare,N,N,N,Meadowridge School - Junior Kindergarten & School Age Care<br>Licensed Group<br>604-467-4444<br><br>Vacancy:<br>&nbsp;&nbsp;&nbsp;&nbsp;<36 months: N<br>&nbsp;&nbsp;&nbsp;&nbsp;30 months -- 5 years: N<br>&nbsp;&nbsp;&nbsp;&nbsp;Preschool: N<br>&nbsp;&nbsp;&nbsp;&nbsp;Grade 1 - Age 12: N<br>
4751,Licensed Family,Beate's Playcorner,602 11 St S,,Golden,V0A 1H0,51.293985,-116.973081,250-344-2685,,,N,N,N,N,N,N,N,N,N,N,N,N,N,N,N,N,N,,,N,N,N,N,N,N,N,N,N,N,N,2026-04-27,https://hedgehogportal.interiorhealth.ca/ChildCare/Map,N,Y,N,Beate's Playcorner<br>Licensed Family<br>250-344-2685<br><br>Vacancy:<br>&nbsp;&nbsp;&nbsp;&nbsp;<36 months: N<br>&nbsp;&nbsp;&nbsp;&nbsp;30 months -- 5 years: N<br>&nbsp;&nbsp;&nbsp;&nbsp;Preschool: N<br>&nbsp;&nbsp;&nbsp;&nbsp;Grade 1 - Age 12: N<br>
4752,Licensed Family,Park Lane Licensed Child Care,9972 Park Lane,,Coldstream,V1B 3E1,50.239588,-119.087156,250-545-4589,,,N,N,N,N,N,N,N,N,N,N,N,N,N,N,N,N,N,,,N,N,N,N,N,N,N,N,N,N,N,2026-05-15,https://hedgehogportal.interiorhealth.ca/ChildCare/Map,N,Y,N,Park Lane Licensed Child Care<br>Licensed Family<br>250-545-4589<br><br>Vacancy:<br>&nbsp;&nbsp;&nbsp;&nbsp;<36 months: N<br>&nbsp;&nbsp;&nbsp;&nbsp;30 months -- 5 years: N<br>&nbsp;&nbsp;&nbsp;&nbsp;Preschool: N<br>&nbsp;&nbsp;&nbsp;&nbsp;Grade 1 - Age 12: N<br>
4753,Licensed Family,Bao Bei Montessori Children Centre,8661 162A St,,Surrey,V4N 1B7,49.160303,-122.772253,604-288-8765,,,N,N,N,N,N,N,N,N,N,N,N,N,N,N,N,N,N,,,N,N,N,N,N,N,N,Y,Y,N,N,2026-04-30,http://www.healthspace.ca/fha/childcare,N,Y,N,Bao Bei Montessori Children Centre<br>Licensed Family<br>604-288-8765<br><br>Vacancy:<br>&nbsp;&nbsp;&nbsp;&nbsp;<36 months: Y<br>&nbsp;&nbsp;&nbsp;&nbsp;30 months -- 5 years: Y<br>&nbsp;&nbsp;&nbsp;&nbsp;Preschool: N<br>&nbsp;&nbsp;&nbsp;&nbsp;Grade 1 - Age 12: N<br>
4754,Licensed Family,Little Professors,32948 Fourteenth Ave,,Mission,V2V 2P2,49.147074,-122.311253,604-768-6697,,,N,N,N,N,N,N,N,N,N,N,N,N,N,N,N,N,N,,,N,N,N,N,N,N,N,Y,Y,N,N,2026-05-04,http://www.healthspace.ca/fha/childcare,N,Y,N,Little Professors<br>Licensed Family<br>604-768-6697<br><br>Vacancy:<br>&nbsp;&nbsp;&nbsp;&nbsp;<36 months: Y<br>&nbsp;&nbsp;&nbsp;&nbsp;30 months -- 5 years: Y<br>&nbsp;&nbsp;&nbsp;&nbsp;Preschool: N<br>&nbsp;&nbsp;&nbsp;&nbsp;Grade 1 - Age 12: N<br>
4755,Licensed Family,Exploring Minds Childcare Center,32676 Stokes Ave,,Mission,V4S 1M5,49.155247,-122.319252,604-287-0063,,,N,N,N,N,N,N,N,N,N,N,N,N,N,N,N,N,N,,,N,N,N,N,N,N,N,Y,Y,N,N,2026-05-20,http://www.healthspace.ca/fha/childcare,N,Y,N,Exploring Minds Childcare Center<br>Licensed Family<br>604-287-0063<br><br>Vacancy:<br>&nbsp;&nbsp;&nbsp;&nbsp;<36 months: Y<br>&nbsp;&nbsp;&nbsp;&nbsp;30 months -- 5 years: Y<br>&nbsp;&nbsp;&nbsp;&nbsp;Preschool: N<br>&nbsp;&nbsp;&nbsp;&nbsp;Grade 1 - Age 12: N<br>
4756,Licensed Family,Love & Care Family Daycare,3839 Toronto St,,Port Coquitlam,V3B 7J6,49.281247,-122.753852,604-552-9091,,,N,N,N,N,N,N,N,N,N,N,N,N,N,N,N,N,N,,,N,N,N,N,N,N,N,N,Y,N,N,2026-05-01,http://www.healthspace.ca/fha/childcare,N,Y,N,Love & Care Family Daycare<br>Licensed Family<br>604-552-9091<br><br>Vacancy:<br>&nbsp;&nbsp;&nbsp;&nbsp;<36 months: N<br>&nbsp;&nbsp;&nbsp;&nbsp;30 months -- 5 years: Y<br>&nbsp;&nbsp;&nbsp;&nbsp;Preschool: N<br>&nbsp;&nbsp;&nbsp;&nbsp;Grade 1 - Age 12: N<br>
4757,Licensed Group,Khalsa Childcare Centre Oyr,10677 124 St,,Surrey,V3V 0B1,49.196133,-122.87891,604-594-0553,,,N,N,N,N,N,N,N,N,N,N,N,N,N,N,N,N,N,,,N,N,N,N,N,N,N,N,N,N,Y,2026-05-07,http://www.healthspace.ca/fha/childcare,N,Y,N,Khalsa Childcare Centre Oyr<br>Licensed Group<br>604-594-0553<br><br>Vacancy:<br>&nbsp;&nbsp;&nbsp;&nbsp;<36 months: N<br>&nbsp;&nbsp;&nbsp;&nbsp;30 months -- 5 years: N<br>&nbsp;&nbsp;&nbsp;&nbsp;Preschool: N<br>&nbsp;&nbsp;&nbsp;&nbsp;Grade 1 - Age 12: Y<br>
4758,Licensed Family,Tender Spirits Childcare,6168 129A St,,Surrey,V3X 1S1,49.114861,-122.863598,604-910-1383,https://tenderspiritschildcare.weebly.com/,,Y,N,N,N,N,N,Y,Y,N,N,N,N,N,N,N,N,N,Not offered,Not offered,N,N,N,N,Y,Y,Y,N,Y,N,N,2026-05-19,http://www.healthspace.ca/fha/childcare,N,Y,N,Tender Spirits Childcare<br>Licensed Family<br>604-910-1383<br><br>Vacancy:<br>&nbsp;&nbsp;&nbsp;&nbsp;<36 months: N<br>&nbsp;&nbsp;&nbsp;&nbsp;30 months -- 5 years: Y<br>&nbsp;&nbsp;&nbsp;&nbsp;Preschool: N<br>&nbsp;&nbsp;&nbsp;&nbsp;Grade 1 - Age 12: N<br>
4759,Licensed Group,Watson Road Licensed Care,475 Yates Rd,,Kelowna,V1V 1R3,49.912658,-119.449375,250-762-4495,,,N,N,N,N,N,N,N,N,N,N,N,N,N,N,N,N,N,,,N,N,N,N,N,N,N,N,N,N,N,2026-04-21,https://hedgehogportal.interiorhealth.ca/ChildCare/Map,N,Y,N,Watson Road Licensed Care<br>Licensed Group<br>250-762-4495<br><br>Vacancy:<br>&nbsp;&nbsp;&nbsp;&nbsp;<36 months: N<br>&nbsp;&nbsp;&nbsp;&nbsp;30 months -- 5 years: N<br>&nbsp;&nbsp;&nbsp;&nbsp;Preschool: N<br>&nbsp;&nbsp;&nbsp;&nbsp;Grade 1 - Age 12: N<br>
4760,Licensed Family,Huckleberries Childcare Centre,2745 Mount Seymour Pky,,North Vancouver,V7H 1E8,49.315522,-122.998216,604-250-7198,,,N,N,N,N,N,N,N,N,N,N,N,N,N,N,N,N,N,,,N,N,N,N,N,N,N,N,Y,N,N,2026-05-03,https://inspections.vcha.ca/ChildCare/Table,N,Y,N,Huckleberries Childcare Centre<br>Licensed Family<br>604-250-7198<br><br>Vacancy:<br>&nbsp;&nbsp;&nbsp;&nbsp;<36 months: N<br>&nbsp;&nbsp;&nbsp;&nbsp;30 months -- 5 years: Y<br>&nbsp;&nbsp;&nbsp;&nbsp;Preschool: N<br>&nbsp;&nbsp;&nbsp;&nbsp;Grade 1 - Age 12: N<br>
4761,Licensed Group,Happy May Child Care Centre,8660 Garden City Rd,,Richmond,V6Y 2P5,49.149388,-123.12479,604-218-6581,,,N,N,N,N,N,N,N,N,N,N,N,N,N,N,N,N,N,,,N,N,N,N,N,N,N,N,N,N,N,2026-05-14,https://inspections.vcha.ca/ChildCare/Table,N,Y,N,Happy May Child Care Centre<br>Licensed Group<br>604-218-6581<br><br>Vacancy:<br>&nbsp;&nbsp;&nbsp;&nbsp;<36 months: N<br>&nbsp;&nbsp;&nbsp;&nbsp;30 months -- 5 years: N<br>&nbsp;&nbsp;&nbsp;&nbsp;Preschool: N<br>&nbsp;&nbsp;&nbsp;&nbsp;Grade 1 - Age 12: N<br>
4762,Licensed Group,Windmill Children's House Infant/Toddler,9500 Alberta Rd,,Richmond,V6Y 1T6,49.165427,-123.11878,604-266-3111,,,N,N,N,N,N,N,N,N,N,N,N,N,N,N,N,N,N,,,N,N,N,N,N,N,N,Y,N,N,N,2026-04-30,https://inspections.vcha.ca/ChildCare/Table,N,Y,N,Windmill Children's House Infant/Toddler<br>Licensed Group<br>604-266-3111<br><br>Vacancy:<br>&nbsp;&nbsp;&nbsp;&nbsp;<36 months: Y<br>&nbsp;&nbsp;&nbsp;&nbsp;30 months -- 5 years: N<br>&nbsp;&nbsp;&nbsp;&nbsp;Preschool: N<br>&nbsp;&nbsp;&nbsp;&nbsp;Grade 1 - Age 12: N<br>
4763,Licensed Family,Peek-A-Boo Daycare,3449 Webber Rd,,Westbank,V4T 1H4,49.837943,-119.652973,778-363-6334,,,N,N,N,N,N,N,N,N,N,N,N,N,N,N,N,N,N,,,N,N,N,N,N,N,N,N,N,N,N,2026-05-17,https://hedgehogportal.interiorhealth.ca/ChildCare/Map,N,Y,N,Peek-A-Boo Daycare<br>Licensed Family<br>778-363-6334<br><br>Vacancy:<br>&nbsp;&nbsp;&nbsp;&nbsp;<36 months: N<br>&nbsp;&nbsp;&nbsp;&nbsp;30 months -- 5 years: N<br>&nbsp;&nbsp;&nbsp;&nbsp;Preschool: N<br>&nbsp;&nbsp;&nbsp;&nbsp;Grade 1 - Age 12: N<br>
4764,Licensed Group,Cloverdale Ball Park Children's Centre,17333 61A Ave,,Surrey,V3S 1W3,49.113824,-122.741142,604-598-7967,,,N,N,N,N,N,N,N,N,N,N,N,N,N,N,N,N,N,,,N,N,N,N,N,N,N,N,N,N,Y,2026-04-30,http://www.healthspace.ca/fha/childcare,N,Y,N,Cloverdale Ball Park Children's Centre<br>Licensed Group<br>604-598-7967<br><br>Vacancy:<br>&nbsp;&nbsp;&nbsp;&nbsp;<36 months: N<br>&nbsp;&nbsp;&nbsp;&nbsp;30 months -- 5 years: N<br>&nbsp;&nbsp;&nbsp;&nbsp;Preschool: N<br>&nbsp;&nbsp;&nbsp;&nbsp;Grade 1 - Age 12: Y<br>
4765,Licensed Group,Aubrey Daycare Centre,947 Sperling Ave,,Burnaby,V5B 4H7,49.275809,-122.965008,604-677-0012,,,N,N,N,N,N,N,N,N,N,N,N,N,N,N,N,N,N,,,N,N,N,N,N,N,N,N,N,N,N,2026-05-06,http://www.healthspace.ca/fha/childcare,N,Y,N,Aubrey Daycare Centre<br>Licensed Group<br>604-677-0012<br><br>Vacancy:<br>&nbsp;&nbsp;&nbsp;&nbsp;<36 months: N<br>&nbsp;&nbsp;&nbsp;&nbsp;30 months -- 5 years: N<br>&nbsp;&nbsp;&nbsp;&nbsp;Preschool: N<br>&nbsp;&nbsp;&nbsp;&nbsp;Grade 1 - Age 12: N<br>
4766,Licensed Family,Little Gems Daycare,700 Young Rd,,Kelowna,V1W 1A8,49.828783,-119.482952,250-764-3031,,,N,N,N,N,N,N,N,N,N,N,N,N,N,N,N,N,N,,,N,N,N,N,N,N,N,Y,Y,N,N,2026-05-15,https://hedgehogportal.interiorhealth.ca/ChildCare/Map,N,Y,N,Little Gems Daycare<br>Licensed Family<br>250-764-3031<br><br>Vacancy:<br>&nbsp;&nbsp;&nbsp;&nbsp;<36 months: Y<br>&nbsp;&nbsp;&nbsp;&nbsp;30 months -- 5 years: Y<br>&nbsp;&nbsp;&nbsp;&nbsp;Preschool: N<br>&nbsp;&nbsp;&nbsp;&nbsp;Grade 1 - Age 12: N<br>
4767,Licensed Group,Rhema Childcare Centre Ltd.,7381 Curtis St,,Burnaby,V5A 1K1,49.275463,-122.948394,604-299-4817,,,N,N,N,N,N,N,N,N,N,N,N,N,N,N,N,N,N,,,N,N,N,N,N,N,N,N,N,N,N,2026-05-15,http://www.healthspace.ca/fha/childcare,N,Y,N,Rhema Childcare Centre Ltd.<br>Licensed Group<br>604-299-4817<br><br>Vacancy:<br>&nbsp;&nbsp;&nbsp;&nbsp;<36 months: N<br>&nbsp;&nbsp;&nbsp;&nbsp;30 months -- 5 years: N<br>&nbsp;&nbsp;&nbsp;&nbsp;Preschool: N<br>&nbsp;&nbsp;&nbsp;&nbsp;Grade 1 - Age 12: N<br>
4768,Licensed Group,Squamish Waldorf School Association,38265 Westway Ave,,Squamish,V8B 0Y5,49.702394,-123.130883,604-898-3287,,,N,N,N,N,N,N,N,N,N,N,N,N,N,N,N,N,N,,,N,N,N,N,N,N,N,N,N,N,N,2026-05-19,https://inspections.vcha.ca/ChildCare/Table,N,Y,N,Squamish Waldorf School Association<br>Licensed Group<br>604-898-3287<br><br>Vacancy:<br>&nbsp;&nbsp;&nbsp;&nbsp;<36 months: N<br>&nbsp;&nbsp;&nbsp;&nbsp;30 months -- 5 years: N<br>&nbsp;&nbsp;&nbsp;&nbsp;Preschool: N<br>&nbsp;&nbsp;&nbsp;&nbsp;Grade 1 - Age 12: N<br>
4769,Licensed Family,Puddlejumper's Christian Child Care Centre,3200 Moorfield Rd,,Duncan,V9L 2A9,48.794081,-123.731329,250-746-9976,,,N,N,N,N,N,N,N,N,N,N,N,N,N,N,N,N,N,,,N,N,N,N,N,N,N,N,N,N,N,2026-04-28,https://www.healthspace.ca/clients/viha/viha_website.nsf/CCFL-Main?OpenView,N,Y,N,Puddlejumper's Christian Child Care Centre<br>Licensed Family<br>250-746-9976<br><br>Vacancy:<br>&nbsp;&nbsp;&nbsp;&nbsp;<36 months: N<br>&nbsp;&nbsp;&nbsp;&nbsp;30 months -- 5 years: N<br>&nbsp;&nbsp;&nbsp;&nbsp;Preschool: N<br>&nbsp;&nbsp;&nbsp;&nbsp;Grade 1 - Age 12: N<br>
4770,Licensed Family,Di's Daycare,14 Heather Pl,,Osoyoos,V0H 1V1,49.018127,-119.465857,250-495-5058,,,N,N,N,N,N,N,N,N,N,N,N,N,N,N,N,N,N,,,N,N,N,N,N,N,N,N,Y,N,N,2026-05-15,https://hedgehogportal.interiorhealth.ca/ChildCare/Map,N,Y,N,Di's Daycare<br>Licensed Family<br>250-495-5058<br><br>Vacancy:<br>&nbsp;&nbsp;&nbsp;&nbsp;<36 months: N<br>&nbsp;&nbsp;&nbsp;&nbsp;30 months -- 5 years: Y<br>&nbsp;&nbsp;&nbsp;&nbsp;Preschool: N<br>&nbsp;&nbsp;&nbsp;&nbsp;Grade 1 - Age 12: N<br>
4771,Licensed Family,Hayley's House,4295 48A St,,Delta,V4K 2P8,49.081312,-123.090234,604-218-2515,,,N,N,N,N,N,N,N,N,N,N,N,N,N,N,N,N,N,,,N,N,N,N,N,N,N,N,N,N,N,2026-05-01,http://www.healthspace.ca/fha/childcare,N,Y,N,Hayley's House<br>Licensed Family<br>604-218-2515<br><br>Vacancy:<br>&nbsp;&nbsp;&nbsp;&nbsp;<36 months: N<br>&nbsp;&nbsp;&nbsp;&nbsp;30 months -- 5 years: N<br>&nbsp;&nbsp;&nbsp;&nbsp;Preschool: N<br>&nbsp;&nbsp;&nbsp;&nbsp;Grade 1 - Age 12: N<br>
4772,Licensed Group,Curious Minds Learning Centre Ltd,21410 Glenwood Ave,,Maple Ridge,V2X 3P6,49.222029,-122.626402,604-463-2002,,,,,,,,,,,,,,,,,,,,,,,,,,,,,,,,,,,Y,Y,N,Curious Minds Learning Centre Ltd<br>Licensed Group<br>604-463-2002<br><br>Vacancy:<br>&nbsp;&nbsp;&nbsp;&nbsp;<36 months: None<br>&nbsp;&nbsp;&nbsp;&nbsp;30 months -- 5 years: None<br>&nbsp;&nbsp;&nbsp;&nbsp;Preschool: None<br>&nbsp;&nbsp;&nbsp;&nbsp;Grade 1 - Age 12: None<br>
4773,Licensed Group,Bee Happy Child Care Centre,9311 Patterson Rd,,Richmond,V6X 1P8,49.190522,-123.121625,604-270-4824,,,N,N,N,N,N,N,N,N,N,N,N,N,N,N,N,N,N,,,N,N,N,N,N,N,N,N,N,N,N,2026-04-01,https://inspections.vcha.ca/ChildCare/Table,N,Y,N,Bee Happy Child Care Centre<br>Licensed Group<br>604-270-4824<br><br>Vacancy:<br>&nbsp;&nbsp;&nbsp;&nbsp;<36 months: N<br>&nbsp;&nbsp;&nbsp;&nbsp;30 months -- 5 years: N<br>&nbsp;&nbsp;&nbsp;&nbsp;Preschool: N<br>&nbsp;&nbsp;&nbsp;&nbsp;Grade 1 - Age 12: N<br>
4774,Licensed Group,Learning Tree Montessori Day Care,22215 Garratt Dr,,Richmond,V7V 2P4,49.1731,-122.974925,604-527-4068,,,N,N,N,N,N,N,N,N,N,N,N,N,N,N,N,N,N,,,N,N,N,N,N,N,N,Y,N,N,N,2026-05-15,https://inspections.vcha.ca/ChildCare/Table,N,Y,N,Learning Tree Montessori Day Care<br>Licensed Group<br>604-527-4068<br><br>Vacancy:<br>&nbsp;&nbsp;&nbsp;&nbsp;<36 months: Y<br>&nbsp;&nbsp;&nbsp;&nbsp;30 months -- 5 years: N<br>&nbsp;&nbsp;&nbsp;&nbsp;Preschool: N<br>&nbsp;&nbsp;&nbsp;&nbsp;Grade 1 - Age 12: N<br>
4775,Licensed Family,Happy Planet Child Care,1765 Third Ave,,Trail,V1R 1R1,49.097393,-117.69863,250-368-3010,,,N,N,N,N,N,N,N,N,N,N,N,N,N,N,N,N,N,,,N,N,N,N,N,N,N,N,Y,N,N,2026-05-15,https://www.interiorhealth.ca/HedgehogPortal/facility/Table,N,Y,N,Happy Planet Child Care<br>Licensed Family<br>250-368-3010<br><br>Vacancy:<br>&nbsp;&nbsp;&nbsp;&nbsp;<36 months: N<br>&nbsp;&nbsp;&nbsp;&nbsp;30 months -- 5 years: Y<br>&nbsp;&nbsp;&nbsp;&nbsp;Preschool: N<br>&nbsp;&nbsp;&nbsp;&nbsp;Grade 1 - Age 12: N<br>
4776,Licensed Group,"1,2,3, A.B.C. Montessori Infant/Toddler Center",737 Poirier St,,Coquitlam,V3J 6B8,49.262172,-122.846011,604-931-7206,,,N,N,N,N,N,N,N,N,N,N,N,N,N,N,N,N,N,,,N,N,N,N,N,N,N,Y,N,N,N,2026-05-15,http://www.healthspace.ca/fha/childcare,N,Y,N,"1,2,3, A.B.C. Montessori Infant/Toddler Center<br>Licensed Group<br>604-931-7206<br><br>Vacancy:<br>&nbsp;&nbsp;&nbsp;&nbsp;<36 months: Y<br>&nbsp;&nbsp;&nbsp;&nbsp;30 months -- 5 years: N<br>&nbsp;&nbsp;&nbsp;&nbsp;Preschool: N<br>&nbsp;&nbsp;&nbsp;&nbsp;Grade 1 - Age 12: N<br>"
4777,Licensed Group,New Hope Out Of School Child Care,2551 49Th Ave E,,Vancouver,V5S 1J6,49.225119,-123.055462,604-321-6130,,,N,N,N,N,N,N,N,N,N,N,N,N,N,N,N,N,N,,,N,N,N,N,N,N,N,N,N,N,N,2026-05-18,https://inspections.vcha.ca/ChildCare/Table,N,Y,N,New Hope Out Of School Child Care<br>Licensed Group<br>604-321-6130<br><br>Vacancy:<br>&nbsp;&nbsp;&nbsp;&nbsp;<36 months: N<br>&nbsp;&nbsp;&nbsp;&nbsp;30 months -- 5 years: N<br>&nbsp;&nbsp;&nbsp;&nbsp;Preschool: N<br>&nbsp;&nbsp;&nbsp;&nbsp;Grade 1 - Age 12: N<br>
4778,Licensed Group,Deer Lake Child Care,5135 Sperling Ave,,Burnaby,V5E 2T2,49.238338,-122.965195,604-294-4988,,,N,N,N,N,N,N,N,N,N,N,N,N,N,N,N,N,N,,,N,N,N,N,N,N,N,N,N,N,N,2026-05-19,http://www.healthspace.ca/fha/childcare,N,Y,N,Deer Lake Child Care<br>Licensed Group<br>604-294-4988<br><br>Vacancy:<br>&nbsp;&nbsp;&nbsp;&nbsp;<36 months: N<br>&nbsp;&nbsp;&nbsp;&nbsp;30 months -- 5 years: N<br>&nbsp;&nbsp;&nbsp;&nbsp;Preschool: N<br>&nbsp;&nbsp;&nbsp;&nbsp;Grade 1 - Age 12: N<br>
4779,Licensed Group,Douglas College Early Childhood Education Center (Coquitlam),1250 Pinetree Way,,Coquitlam,V3B 7X3,49.288088,-122.792533,604-777-6101,,,N,N,N,N,N,N,N,N,N,N,N,N,N,N,N,N,N,,,N,N,N,N,N,N,N,N,N,N,N,2026-04-22,http://www.healthspace.ca/fha/childcare,N,Y,N,Douglas College Early Childhood Education Center (Coquitlam)<br>Licensed Group<br>604-777-6101<br><br>Vacancy:<br>&nbsp;&nbsp;&nbsp;&nbsp;<36 months: N<br>&nbsp;&nbsp;&nbsp;&nbsp;30 months -- 5 years: N<br>&nbsp;&nbsp;&nbsp;&nbsp;Preschool: N<br>&nbsp;&nbsp;&nbsp;&nbsp;Grade 1 - Age 12: N<br>
4780,Licensed Group,Tigger's Playschool,1161 Princess Ave,,Victoria,V8X 3L2,48.432336,-123.349888,250-818-7677,,,N,N,N,N,N,N,N,N,N,N,N,N,N,N,N,N,N,,,N,N,N,N,N,N,N,N,Y,N,N,2026-05-15,https://www.healthspace.ca/clients/viha/viha_website.nsf/CCFL-Main?OpenView,N,Y,N,Tigger's Playschool<br>Licensed Group<br>250-818-7677<br><br>Vacancy:<br>&nbsp;&nbsp;&nbsp;&nbsp;<36 months: N<br>&nbsp;&nbsp;&nbsp;&nbsp;30 months -- 5 years: Y<br>&nbsp;&nbsp;&nbsp;&nbsp;Preschool: N<br>&nbsp;&nbsp;&nbsp;&nbsp;Grade 1 - Age 12: N<br>
4781,Licensed Group,St. Catherine's Daycare,1058 Ridgewood Dr,,North Vancouver,V7R 1H8,49.339806,-123.102702,604-980-1326,,,N,N,N,N,N,N,N,N,N,N,N,N,N,N,N,N,N,,,N,N,N,N,N,N,N,N,N,N,N,2026-04-15,https://inspections.vcha.ca/ChildCare/Table,N,Y,N,St. Catherine's Daycare<br>Licensed Group<br>604-980-1326<br><br>Vacancy:<br>&nbsp;&nbsp;&nbsp;&nbsp;<36 months: N<br>&nbsp;&nbsp;&nbsp;&nbsp;30 months -- 5 years: N<br>&nbsp;&nbsp;&nbsp;&nbsp;Preschool: N<br>&nbsp;&nbsp;&nbsp;&nbsp;Grade 1 - Age 12: N<br>
4782,Licensed Group,Hobby Hill Parent Participation Preschool,5650 Teskey Way,,Chilliwack,V2R 4V8,49.103497,-121.929818,604-858-5579,,,N,N,N,N,N,N,N,N,N,N,N,N,N,N,N,N,N,,,N,N,N,N,N,N,N,N,N,N,N,2026-05-12,http://www.healthspace.ca/fha/childcare,N,Y,N,Hobby Hill Parent Participation Preschool<br>Licensed Group<br>604-858-5579<br><br>Vacancy:<br>&nbsp;&nbsp;&nbsp;&nbsp;<36 months: N<br>&nbsp;&nbsp;&nbsp;&nbsp;30 months -- 5 years: N<br>&nbsp;&nbsp;&nbsp;&nbsp;Preschool: N<br>&nbsp;&nbsp;&nbsp;&nbsp;Grade 1 - Age 12: N<br>
4783,Licensed Group,Poet’S Corner Academy,1356 Frederick Rd,,North Vancouver,V7K 1J4,49.341868,-123.036384,604-988-2438,,,N,N,N,N,N,N,N,N,N,N,N,N,N,N,N,N,N,,,N,N,N,N,N,N,N,N,N,N,N,2026-05-18,https://inspections.vcha.ca/ChildCare/Table,N,Y,N,Poet’S Corner Academy<br>Licensed Group<br>604-988-2438<br><br>Vacancy:<br>&nbsp;&nbsp;&nbsp;&nbsp;<36 months: N<br>&nbsp;&nbsp;&nbsp;&nbsp;30 months -- 5 years: N<br>&nbsp;&nbsp;&nbsp;&nbsp;Preschool: N<br>&nbsp;&nbsp;&nbsp;&nbsp;Grade 1 - Age 12: N<br>
4784,Licensed Group,Gillian's Care,1341 Station Rd,,Coombs,V0R 1M0,49.288544,-124.418586,250-248-4242,,,N,N,N,N,N,N,N,N,N,N,N,N,N,N,N,N,N,,,N,N,N,N,N,N,N,N,Y,Y,Y,2026-04-28,https://www.healthspace.ca/clients/viha/viha_website.nsf/CCFL-Main?OpenView,N,Y,N,Gillian's Care<br>Licensed Group<br>250-248-4242<br><br>Vacancy:<br>&nbsp;&nbsp;&nbsp;&nbsp;<36 months: N<br>&nbsp;&nbsp;&nbsp;&nbsp;30 months -- 5 years: Y<br>&nbsp;&nbsp;&nbsp;&nbsp;Preschool: Y<br>&nbsp;&nbsp;&nbsp;&nbsp;Grade 1 - Age 12: Y<br>
4785,Licensed Group,Kerrisdale Little Owl's Preschool,109 5851 West Boulevard,,Vancouver,V6M 3W9,49.233185,-123.157093,778-549-2520,,,,,,,,,,,,,,,,,,,,,,,,,,,,,,,,,,,Y,N,N,Kerrisdale Little Owl's Preschool<br>Licensed Group<br>778-549-2520<br><br>Vacancy:<br>&nbsp;&nbsp;&nbsp;&nbsp;<36 months: None<br>&nbsp;&nbsp;&nbsp;&nbsp;30 months -- 5 years: None<br>&nbsp;&nbsp;&nbsp;&nbsp;Preschool: None<br>&nbsp;&nbsp;&nbsp;&nbsp;Grade 1 - Age 12: None<br>
4786,Licensed Group,Peanuts Lifetime Pals Club,7148 Southridge Ave,,Prince George,V2N 4Y6,53.858258,-122.780439,250-964-3326,,,N,N,N,N,N,N,N,N,N,N,N,N,N,N,N,N,N,,,N,N,N,N,N,N,N,N,N,N,N,2026-05-15,https://www.healthspace.ca/Clients/NHA/NHA_Website.nsf/CCFL-Frameset,N,Y,N,Peanuts Lifetime Pals Club<br>Licensed Group<br>250-964-3326<br><br>Vacancy:<br>&nbsp;&nbsp;&nbsp;&nbsp;<36 months: N<br>&nbsp;&nbsp;&nbsp;&nbsp;30 months -- 5 years: N<br>&nbsp;&nbsp;&nbsp;&nbsp;Preschool: N<br>&nbsp;&nbsp;&nbsp;&nbsp;Grade 1 - Age 12: N<br>
4787,Licensed Group,Kid's Play Day Care Centre,12819 Old Yale Rd,,Surrey,V3T 3A9,49.197656,-122.866959,604-930-4800,,,Y,N,N,N,N,N,Y,Y,N,Y,Y,N,Y,N,N,N,Y,Included in fee,Include in fee,N,N,N,N,N,Y,N,Y,Y,N,N,2026-05-16,http://www.healthspace.ca/fha/childcare,N,Y,N,Kid's Play Day Care Centre<br>Licensed Group<br>604-930-4800<br><br>Vacancy:<br>&nbsp;&nbsp;&nbsp;&nbsp;<36 months: Y<br>&nbsp;&nbsp;&nbsp;&nbsp;30 months -- 5 years: Y<br>&nbsp;&nbsp;&nbsp;&nbsp;Preschool: N<br>&nbsp;&nbsp;&nbsp;&nbsp;Grade 1 - Age 12: N<br>
4788,Licensed Group,Gonzales Preschool Group,2928 Eastdowne Rd,,Victoria,V8R 5R8,48.441972,-123.314906,250-727-1003,,,N,N,N,N,N,N,N,N,N,N,N,N,N,N,N,N,N,,,N,N,N,N,N,N,N,N,N,Y,N,2026-05-06,https://www.healthspace.ca/clients/viha/viha_website.nsf/CCFL-Main?OpenView,N,Y,N,Gonzales Preschool Group<br>Licensed Group<br>250-727-1003<br><br>Vacancy:<br>&nbsp;&nbsp;&nbsp;&nbsp;<36 months: N<br>&nbsp;&nbsp;&nbsp;&nbsp;30 months -- 5 years: N<br>&nbsp;&nbsp;&nbsp;&nbsp;Preschool: Y<br>&nbsp;&nbsp;&nbsp;&nbsp;Grade 1 - Age 12: N<br>
4789,Licensed Group,St. Edmund's Discovery Preschool & School Age Care,324 East 5Th St,,North Vancouver,V7M 1K3,49.31205,-123.068291,604-988-3141,,,N,N,N,N,N,N,N,N,N,N,N,N,N,N,N,N,N,,,N,N,N,N,N,N,N,N,N,Y,Y,2026-05-10,https://inspections.vcha.ca/ChildCare/Table,N,Y,N,St. Edmund's Discovery Preschool & School Age Care<br>Licensed Group<br>604-988-3141<br><br>Vacancy:<br>&nbsp;&nbsp;&nbsp;&nbsp;<36 months: N<br>&nbsp;&nbsp;&nbsp;&nbsp;30 months -- 5 years: N<br>&nbsp;&nbsp;&nbsp;&nbsp;Preschool: Y<br>&nbsp;&nbsp;&nbsp;&nbsp;Grade 1 - Age 12: Y<br>
4790,Licensed Group,White Swan Montessori Education Centre,800 Egmont Ave,,Coquitlam,V3J 4J8,49.265822,-122.878988,604-931-7926,,,N,N,N,N,N,N,N,N,N,N,N,N,N,N,N,N,N,,,N,N,N,N,N,N,N,Y,Y,N,N,2026-04-22,http://www.healthspace.ca/fha/childcare,N,Y,N,White Swan Montessori Education Centre<br>Licensed Group<br>604-931-7926<br><br>Vacancy:<br>&nbsp;&nbsp;&nbsp;&nbsp;<36 months: Y<br>&nbsp;&nbsp;&nbsp;&nbsp;30 months -- 5 years: Y<br>&nbsp;&nbsp;&nbsp;&nbsp;Preschool: N<br>&nbsp;&nbsp;&nbsp;&nbsp;Grade 1 - Age 12: N<br>
4791,Licensed Group,Cleveland Out Of School Care,1058 Ridgewood Dr,,North Vancouver,V7R 1H8,49.339806,-123.102702,604-928-4012,,,N,N,N,N,N,N,N,N,N,N,N,N,N,N,N,N,N,,,N,N,N,N,N,N,N,N,N,N,N,2026-05-06,https://inspections.vcha.ca/ChildCare/Table,N,N,N,Cleveland Out Of School Care<br>Licensed Group<br>604-928-4012<br><br>Vacancy:<br>&nbsp;&nbsp;&nbsp;&nbsp;<36 months: N<br>&nbsp;&nbsp;&nbsp;&nbsp;30 months -- 5 years: N<br>&nbsp;&nbsp;&nbsp;&nbsp;Preschool: N<br>&nbsp;&nbsp;&nbsp;&nbsp;Grade 1 - Age 12: N<br>
4792,Licensed Group,Buttons 'N Bows Childcare Inc.,20190 48 Ave,,Langley,V3A 3L4,49.088594,-122.664683,604-209-4340,,,N,N,N,N,N,N,N,N,N,N,N,N,N,N,N,N,N,,,N,N,N,N,N,N,N,N,Y,Y,Y,2026-05-16,http://www.healthspace.ca/fha/childcare,N,Y,N,Buttons 'N Bows Childcare Inc.<br>Licensed Group<br>604-209-4340<br><br>Vacancy:<br>&nbsp;&nbsp;&nbsp;&nbsp;<36 months: N<br>&nbsp;&nbsp;&nbsp;&nbsp;30 months -- 5 years: Y<br>&nbsp;&nbsp;&nbsp;&nbsp;Preschool: Y<br>&nbsp;&nbsp;&nbsp;&nbsp;Grade 1 - Age 12: Y<br>
4793,Licensed Group,Kingdom Treasures Child Care Center,930 Trunk Rd,,Duncan,V9L 2S1,48.779325,-123.689367,250-746-0110,,,N,N,N,N,N,N,N,N,N,N,N,N,N,N,N,N,N,,,N,N,N,N,N,N,N,N,N,N,N,2026-04-30,https://www.healthspace.ca/clients/viha/viha_website.nsf/CCFL-Main?OpenView,N,Y,N,Kingdom Treasures Child Care Center<br>Licensed Group<br>250-746-0110<br><br>Vacancy:<br>&nbsp;&nbsp;&nbsp;&nbsp;<36 months: N<br>&nbsp;&nbsp;&nbsp;&nbsp;30 months -- 5 years: N<br>&nbsp;&nbsp;&nbsp;&nbsp;Preschool: N<br>&nbsp;&nbsp;&nbsp;&nbsp;Grade 1 - Age 12: N<br>
4794,Licensed Group,Periwinkle Children's Centre,503 First St,,Kaslo,V0G 1M0,49.907598,-116.898779,250-353-8197,,,N,N,N,N,N,N,N,N,N,N,N,N,N,N,N,N,N,,,N,N,N,N,N,N,N,N,N,N,N,2026-04-26,https://hedgehogportal.interiorhealth.ca/ChildCare/Map,N,Y,N,Periwinkle Children's Centre<br>Licensed Group<br>250-353-8197<br><br>Vacancy:<br>&nbsp;&nbsp;&nbsp;&nbsp;<36 months: N<br>&nbsp;&nbsp;&nbsp;&nbsp;30 months -- 5 years: N<br>&nbsp;&nbsp;&nbsp;&nbsp;Preschool: N<br>&nbsp;&nbsp;&nbsp;&nbsp;Grade 1 - Age 12: N<br>
4795,Licensed Group,Child Development Centre Society Of Fort St. John & District,10417 106 Ave,,Fort St. John,V1J 2M8,56.251786,-120.855148,250-785-3200,,,N,N,N,N,N,N,N,N,N,N,N,N,N,N,N,N,N,,,N,N,N,N,N,N,N,N,N,N,N,2026-05-08,https://www.healthspace.ca/Clients/NHA/NHA_Website.nsf/CCFL-Frameset,N,Y,N,Child Development Centre Society Of Fort St. John & District<br>Licensed Group<br>250-785-3200<br><br>Vacancy:<br>&nbsp;&nbsp;&nbsp;&nbsp;<36 months: N<br>&nbsp;&nbsp;&nbsp;&nbsp;30 months -- 5 years: N<br>&nbsp;&nbsp;&nbsp;&nbsp;Preschool: N<br>&nbsp;&nbsp;&nbsp;&nbsp;Grade 1 - Age 12: N<br>
4796,Licensed Group,Creatively Crafted Childcare - The Chill Zone,3760 Moresby Dr,,Richmond,V7C 4G6,49.158638,-123.185534,604-728-0570,,,N,N,N,N,N,N,N,N,N,N,N,N,N,N,N,N,N,,,N,N,N,N,N,N,N,N,N,N,N,2026-05-15,http://www.vch.ca/your_environment/facility_licensing/residential_care/inspection_reports/,N,Y,N,Creatively Crafted Childcare - The Chill Zone<br>Licensed Group<br>604-728-0570<br><br>Vacancy:<br>&nbsp;&nbsp;&nbsp;&nbsp;<36 months: N<br>&nbsp;&nbsp;&nbsp;&nbsp;30 months -- 5 years: N<br>&nbsp;&nbsp;&nbsp;&nbsp;Preschool: N<br>&nbsp;&nbsp;&nbsp;&nbsp;Grade 1 - Age 12: N<br>
4797,Licensed Group,Core Education & Fine Arts (New Westminster),725 Carnarvon St,,New Westminster,V3M 1E6,49.20292,-122.911746,604-777-0053,,,N,N,N,N,N,N,N,N,N,N,N,N,N,N,N,N,N,,,N,N,N,N,N,N,N,Y,N,N,N,2026-05-15,http://www.healthspace.ca/fha/childcare,N,Y,N,Core Education & Fine Arts (New Westminster)<br>Licensed Group<br>604-777-0053<br><br>Vacancy:<br>&nbsp;&nbsp;&nbsp;&nbsp;<36 months: Y<br>&nbsp;&nbsp;&nbsp;&nbsp;30 months -- 5 years: N<br>&nbsp;&nbsp;&nbsp;&nbsp;Preschool: N<br>&nbsp;&nbsp;&nbsp;&nbsp;Grade 1 - Age 12: N<br>
4798,Licensed Group,Rpc Day Care,9300 Westminster Highway,,Richmond,V6X 1B1,49.169392,-123.121314,604-278-3264,,,N,N,N,N,N,N,N,N,N,N,N,N,N,N,N,N,N,,,N,N,N,N,N,N,N,N,Y,N,N,2026-05-12,https://inspections.vcha.ca/ChildCare/Table,N,Y,N,Rpc Day Care<br>Licensed Group<br>604-278-3264<br><br>Vacancy:<br>&nbsp;&nbsp;&nbsp;&nbsp;<36 months: N<br>&nbsp;&nbsp;&nbsp;&nbsp;30 months -- 5 years: Y<br>&nbsp;&nbsp;&nbsp;&nbsp;Preschool: N<br>&nbsp;&nbsp;&nbsp;&nbsp;Grade 1 - Age 12: N<br>
4799,Licensed Group,Sunshine Children's Centre,13175 107 Ave,,Surrey,V3T 2G2,49.19717,-122.85719,604-580-2060,,,N,N,N,N,N,N,N,N,N,N,N,N,N,N,N,N,N,,,N,N,N,N,N,N,N,N,N,N,N,2026-05-16,http://www.healthspace.ca/fha/childcare,N,Y,N,Sunshine Children's Centre<br>Licensed Group<br>604-580-2060<br><br>Vacancy:<br>&nbsp;&nbsp;&nbsp;&nbsp;<36 months: N<br>&nbsp;&nbsp;&nbsp;&nbsp;30 months -- 5 years: N<br>&nbsp;&nbsp;&nbsp;&nbsp;Preschool: N<br>&nbsp;&nbsp;&nbsp;&nbsp;Grade 1 - Age 12: N<br>
4800,Licensed Family,Just Kidz Family Childcare,1974 155 St,,Surrey,V4A 7M9,49.037486,-122.793446,778-846-5439,,,N,N,N,N,N,N,N,N,N,N,N,N,N,N,N,N,N,,,N,N,N,N,N,N,N,Y,Y,N,N,2026-05-15,http://www.healthspace.ca/fha/childcare,N,Y,N,Just Kidz Family Childcare<br>Licensed Family<br>778-846-5439<br><br>Vacancy:<br>&nbsp;&nbsp;&nbsp;&nbsp;<36 months: Y<br>&nbsp;&nbsp;&nbsp;&nbsp;30 months -- 5 years: Y<br>&nbsp;&nbsp;&nbsp;&nbsp;Preschool: N<br>&nbsp;&nbsp;&nbsp;&nbsp;Grade 1 - Age 12: N<br>
4801,Licensed Group,Kiddocare Infant/Toddler Centre,7595 10 Ave,,Burnaby,V3N 2S1,49.215835,-122.934011,604-230-6148,,,N,N,N,N,N,N,N,N,N,N,N,N,N,N,N,N,N,,,N,N,N,N,N,N,N,Y,N,N,N,2026-05-15,http://www.healthspace.ca/fha/childcare,N,Y,N,Kiddocare Infant/Toddler Centre<br>Licensed Group<br>604-230-6148<br><br>Vacancy:<br>&nbsp;&nbsp;&nbsp;&nbsp;<36 months: Y<br>&nbsp;&nbsp;&nbsp;&nbsp;30 months -- 5 years: N<br>&nbsp;&nbsp;&nbsp;&nbsp;Preschool: N<br>&nbsp;&nbsp;&nbsp;&nbsp;Grade 1 - Age 12: N<br>
4802,Licensed Family,Happy Trails Daycare,290 Crestview Dr,,Prince Rupert,V8J 2Z7,54.317771,-130.293369,250-627-8787,,,N,N,N,N,N,N,N,N,N,N,N,N,N,N,N,N,N,,,N,N,N,N,N,N,N,N,N,N,N,2026-05-14,https://www.healthspace.ca/Clients/NHA/NHA_Website.nsf/CCFL-Frameset,N,Y,N,Happy Trails Daycare<br>Licensed Family<br>250-627-8787<br><br>Vacancy:<br>&nbsp;&nbsp;&nbsp;&nbsp;<36 months: N<br>&nbsp;&nbsp;&nbsp;&nbsp;30 months -- 5 years: N<br>&nbsp;&nbsp;&nbsp;&nbsp;Preschool: N<br>&nbsp;&nbsp;&nbsp;&nbsp;Grade 1 - Age 12: N<br>
4803,Licensed Group,La Prematernelle Francophone Trottin-Trottinette(<36Months),380 Kings Rd W,,North Vancouver,V7N 2L9,49.337976,-123.078371,778-340-1034,,,N,N,N,N,N,N,N,N,N,N,N,N,N,N,N,N,N,,,N,N,N,N,N,N,N,N,N,N,N,2026-05-12,https://inspections.vcha.ca/ChildCare/Table,N,Y,N,La Prematernelle Francophone Trottin-Trottinette(<36Months)<br>Licensed Group<br>778-340-1034<br><br>Vacancy:<br>&nbsp;&nbsp;&nbsp;&nbsp;<36 months: N<br>&nbsp;&nbsp;&nbsp;&nbsp;30 months -- 5 years: N<br>&nbsp;&nbsp;&nbsp;&nbsp;Preschool: N<br>&nbsp;&nbsp;&nbsp;&nbsp;Grade 1 - Age 12: N<br>
4804,Licensed Group,Magic Years Child Development Center,2166 Drawbridge Close,,Port Coquitlam,V3C 6H9,49.231069,-122.777769,604-944-0142,,,N,N,N,N,N,N,N,N,N,N,N,N,N,N,N,N,N,,,N,N,N,N,N,N,N,N,Y,N,N,2026-05-15,http://www.healthspace.ca/fha/childcare,N,Y,N,Magic Years Child Development Center<br>Licensed Group<br>604-944-0142<br><br>Vacancy:<br>&nbsp;&nbsp;&nbsp;&nbsp;<36 months: N<br>&nbsp;&nbsp;&nbsp;&nbsp;30 months -- 5 years: Y<br>&nbsp;&nbsp;&nbsp;&nbsp;Preschool: N<br>&nbsp;&nbsp;&nbsp;&nbsp;Grade 1 - Age 12: N<br>
4805,Licensed Group,Love-It Care,20131 69 Ave,,Langley,V2Y 2Y2,49.128347,-122.663796,604-514-4911,,,N,N,N,N,N,N,N,N,N,N,N,N,N,N,N,N,N,,,N,N,N,N,N,N,N,N,N,N,Y,2026-05-20,http://www.healthspace.ca/fha/childcare,N,N,N,Love-It Care<br>Licensed Group<br>604-514-4911<br><br>Vacancy:<br>&nbsp;&nbsp;&nbsp;&nbsp;<36 months: N<br>&nbsp;&nbsp;&nbsp;&nbsp;30 months -- 5 years: N<br>&nbsp;&nbsp;&nbsp;&nbsp;Preschool: N<br>&nbsp;&nbsp;&nbsp;&nbsp;Grade 1 - Age 12: Y<br>
4806,Licensed Group,Morgan Creek Montessori Ltd,144-3388 Rosemary Heights Cres,,Surrey,V3S 0K7,49.063334,-122.798173,604-535-3596,,,N,N,N,N,N,N,N,N,N,N,N,N,N,N,N,N,N,,,N,N,N,N,N,N,N,N,N,N,N,2026-04-30,http://www.healthspace.ca/fha/childcare,N,Y,N,Morgan Creek Montessori Ltd<br>Licensed Group<br>604-535-3596<br><br>Vacancy:<br>&nbsp;&nbsp;&nbsp;&nbsp;<36 months: N<br>&nbsp;&nbsp;&nbsp;&nbsp;30 months -- 5 years: N<br>&nbsp;&nbsp;&nbsp;&nbsp;Preschool: N<br>&nbsp;&nbsp;&nbsp;&nbsp;Grade 1 - Age 12: N<br>
4807,Licensed Group,Cambie Community Centre Out Of School,12800 Cambie Rd,,Richmond,V6V 0A9,49.184488,-123.082317,604-233-8399,,,N,N,N,N,N,N,N,N,N,N,N,N,N,N,N,N,N,,,N,N,N,N,N,N,N,N,N,N,N,2026-05-20,https://inspections.vcha.ca/ChildCare/Table,N,Y,N,Cambie Community Centre Out Of School<br>Licensed Group<br>604-233-8399<br><br>Vacancy:<br>&nbsp;&nbsp;&nbsp;&nbsp;<36 months: N<br>&nbsp;&nbsp;&nbsp;&nbsp;30 months -- 5 years: N<br>&nbsp;&nbsp;&nbsp;&nbsp;Preschool: N<br>&nbsp;&nbsp;&nbsp;&nbsp;Grade 1 - Age 12: N<br>
4808,Licensed Group,Building Blocks Learning Centre,9060 212Th St,,Langley,V1M 2B7,49.166983,-122.633662,604-613-7910,,,N,N,N,N,N,N,N,N,N,N,N,N,N,N,N,N,N,,,N,N,N,N,N,N,N,N,N,Y,N,2026-05-20,http://www.healthspace.ca/fha/childcare,N,Y,N,Building Blocks Learning Centre<br>Licensed Group<br>604-613-7910<br><br>Vacancy:<br>&nbsp;&nbsp;&nbsp;&nbsp;<36 months: N<br>&nbsp;&nbsp;&nbsp;&nbsp;30 months -- 5 years: N<br>&nbsp;&nbsp;&nbsp;&nbsp;Preschool: Y<br>&nbsp;&nbsp;&nbsp;&nbsp;Grade 1 - Age 12: N<br>
4809,Licensed Group,Kidzville Learning Centre - Panorama,12996 60 Ave,,Surrey,V3X 2L5,49.111699,-122.862255,604-861-7861,,,N,N,N,N,N,N,N,N,N,N,N,N,N,N,N,N,N,Not offered,Not offered,N,N,N,N,N,N,N,N,N,N,N,2026-04-28,http://www.healthspace.ca/fha/childcare,N,Y,N,Kidzville Learning Centre - Panorama<br>Licensed Group<br>604-861-7861<br><br>Vacancy:<br>&nbsp;&nbsp;&nbsp;&nbsp;<36 months: N<br>&nbsp;&nbsp;&nbsp;&nbsp;30 months -- 5 years: N<br>&nbsp;&nbsp;&nbsp;&nbsp;Preschool: N<br>&nbsp;&nbsp;&nbsp;&nbsp;Grade 1 - Age 12: N<br>
4810,Licensed Group,Hazelmere Acres Preschool And Daycare,257 192 St,,Surrey,V3S 9R9,49.006706,-122.69196,604-536-6367,,,N,N,N,N,N,N,N,N,N,N,N,N,N,N,N,N,N,,,N,N,N,N,N,N,N,Y,Y,N,N,2026-05-15,http://www.healthspace.ca/fha/childcare,N,Y,N,Hazelmere Acres Preschool And Daycare<br>Licensed Group<br>604-536-6367<br><br>Vacancy:<br>&nbsp;&nbsp;&nbsp;&nbsp;<36 months: Y<br>&nbsp;&nbsp;&nbsp;&nbsp;30 months -- 5 years: Y<br>&nbsp;&nbsp;&nbsp;&nbsp;Preschool: N<br>&nbsp;&nbsp;&nbsp;&nbsp;Grade 1 - Age 12: N<br>
4811,Licensed Family,All Aboard Child Care,1620 Western Dr,,Port Coquitlam,V3C 2X2,49.246047,-122.780498,604-552-9402,,,N,N,N,N,N,N,N,N,N,N,N,N,N,N,N,N,N,,,N,N,N,N,N,N,N,Y,N,N,N,2026-05-01,http://www.healthspace.ca/fha/childcare,N,Y,N,All Aboard Child Care<br>Licensed Family<br>604-552-9402<br><br>Vacancy:<br>&nbsp;&nbsp;&nbsp;&nbsp;<36 months: Y<br>&nbsp;&nbsp;&nbsp;&nbsp;30 months -- 5 years: N<br>&nbsp;&nbsp;&nbsp;&nbsp;Preschool: N<br>&nbsp;&nbsp;&nbsp;&nbsp;Grade 1 - Age 12: N<br>
4812,Licensed Group,Kids Park Childcare,140 Renz Rd,,Parksville,V9P 2H2,49.321555,-124.343344,250-951-0011,,,N,N,N,N,N,N,N,N,N,N,N,N,N,N,N,N,N,,,N,N,N,N,N,N,N,Y,Y,N,N,2026-05-15,https://www.healthspace.ca/clients/viha/viha_website.nsf/CCFL-Main?OpenView,N,Y,N,Kids Park Childcare<br>Licensed Group<br>250-951-0011<br><br>Vacancy:<br>&nbsp;&nbsp;&nbsp;&nbsp;<36 months: Y<br>&nbsp;&nbsp;&nbsp;&nbsp;30 months -- 5 years: Y<br>&nbsp;&nbsp;&nbsp;&nbsp;Preschool: N<br>&nbsp;&nbsp;&nbsp;&nbsp;Grade 1 - Age 12: N<br>
4813,Licensed Group,Tsawwassen Lf Preschool Ltd,5025 12 Ave,,Delta,V4M 2A7,49.025713,-123.084317,604-202-4711,,,N,N,N,N,N,N,N,N,N,N,N,N,N,N,N,N,N,,,N,N,N,N,N,N,N,N,N,N,N,2026-05-21,http://www.healthspace.ca/fha/childcare,N,Y,N,Tsawwassen Lf Preschool Ltd<br>Licensed Group<br>604-202-4711<br><br>Vacancy:<br>&nbsp;&nbsp;&nbsp;&nbsp;<36 months: N<br>&nbsp;&nbsp;&nbsp;&nbsp;30 months -- 5 years: N<br>&nbsp;&nbsp;&nbsp;&nbsp;Preschool: N<br>&nbsp;&nbsp;&nbsp;&nbsp;Grade 1 - Age 12: N<br>
4814,Licensed Group,Daisy Academy Montessori Preschool,8886 Hudson St,,Vancouver,V6P 4N2,49.204449,-123.134387,604-726-8003,,,N,N,N,N,N,N,N,N,N,N,N,N,N,N,N,N,N,,,N,N,N,N,N,N,N,N,N,Y,N,2026-05-03,https://inspections.vcha.ca/ChildCare/Table,N,Y,N,Daisy Academy Montessori Preschool<br>Licensed Group<br>604-726-8003<br><br>Vacancy:<br>&nbsp;&nbsp;&nbsp;&nbsp;<36 months: N<br>&nbsp;&nbsp;&nbsp;&nbsp;30 months -- 5 years: N<br>&nbsp;&nbsp;&nbsp;&nbsp;Preschool: Y<br>&nbsp;&nbsp;&nbsp;&nbsp;Grade 1 - Age 12: N<br>
4815,Licensed Family,Clover Early Learning Centre,16787 61 Ave,,Surrey,V3S 0Z1,49.113593,-122.75762,604-575-5554,,,N,N,N,N,N,N,N,N,N,N,N,N,N,N,N,N,N,,,N,N,N,N,N,N,N,Y,N,N,N,2026-04-24,http://www.healthspace.ca/fha/childcare,N,Y,N,Clover Early Learning Centre<br>Licensed Family<br>604-575-5554<br><br>Vacancy:<br>&nbsp;&nbsp;&nbsp;&nbsp;<36 months: Y<br>&nbsp;&nbsp;&nbsp;&nbsp;30 months -- 5 years: N<br>&nbsp;&nbsp;&nbsp;&nbsp;Preschool: N<br>&nbsp;&nbsp;&nbsp;&nbsp;Grade 1 - Age 12: N<br>
4816,Licensed Group,Kid's World Out Of School Care,7505 Arbutus,,Vancouver,V6P 5T3,49.217774,-123.155733,604-269-6612,,,N,N,N,N,N,N,N,N,N,N,N,N,N,N,N,N,N,,,N,N,N,N,N,N,N,N,N,N,N,2026-04-27,https://inspections.vcha.ca/ChildCare/Table,N,Y,N,Kid's World Out Of School Care<br>Licensed Group<br>604-269-6612<br><br>Vacancy:<br>&nbsp;&nbsp;&nbsp;&nbsp;<36 months: N<br>&nbsp;&nbsp;&nbsp;&nbsp;30 months -- 5 years: N<br>&nbsp;&nbsp;&nbsp;&nbsp;Preschool: N<br>&nbsp;&nbsp;&nbsp;&nbsp;Grade 1 - Age 12: N<br>
4817,Licensed Group,Kids World Puddlejumpers & Get Ready For School,7505 Arbutus,,Vancouver,V6P 5T3,49.217774,-123.155733,604-269-6612,,,N,N,N,N,N,N,N,N,N,N,N,N,N,N,N,N,N,,,N,N,N,N,N,N,N,N,N,Y,N,2026-04-27,https://inspections.vcha.ca/ChildCare/Table,N,Y,N,Kids World Puddlejumpers & Get Ready For School<br>Licensed Group<br>604-269-6612<br><br>Vacancy:<br>&nbsp;&nbsp;&nbsp;&nbsp;<36 months: N<br>&nbsp;&nbsp;&nbsp;&nbsp;30 months -- 5 years: N<br>&nbsp;&nbsp;&nbsp;&nbsp;Preschool: Y<br>&nbsp;&nbsp;&nbsp;&nbsp;Grade 1 - Age 12: N<br>
4818,Licensed Family,Rainbow Daycare,201 6Th Ave E,,Prince Rupert,V8J 1W2,54.314291,-130.316674,250-600-4365,,,N,N,N,N,N,N,N,N,N,N,N,N,N,N,N,N,N,Extra fee,Extra fee,N,N,N,N,N,N,N,N,N,N,N,2026-05-12,https://www.healthspace.ca/Clients/NHA/NHA_Website.nsf/CCFL-Frameset,N,Y,N,Rainbow Daycare<br>Licensed Family<br>250-600-4365<br><br>Vacancy:<br>&nbsp;&nbsp;&nbsp;&nbsp;<36 months: N<br>&nbsp;&nbsp;&nbsp;&nbsp;30 months -- 5 years: N<br>&nbsp;&nbsp;&nbsp;&nbsp;Preschool: N<br>&nbsp;&nbsp;&nbsp;&nbsp;Grade 1 - Age 12: N<br>
4819,Licensed Group,Bethel Children's Hour,1-8920 Broadway,,Chilliwack,V2P 5W1,49.164171,-121.932959,604-794-7114,,,N,N,N,N,N,N,N,N,N,N,N,N,N,N,N,N,N,,,N,N,N,N,N,N,N,N,N,N,N,2026-04-29,http://www.healthspace.ca/fha/childcare,N,Y,N,Bethel Children's Hour<br>Licensed Group<br>604-794-7114<br><br>Vacancy:<br>&nbsp;&nbsp;&nbsp;&nbsp;<36 months: N<br>&nbsp;&nbsp;&nbsp;&nbsp;30 months -- 5 years: N<br>&nbsp;&nbsp;&nbsp;&nbsp;Preschool: N<br>&nbsp;&nbsp;&nbsp;&nbsp;Grade 1 - Age 12: N<br>
4820,Licensed Family,Tracy's Tots,11662 94 Ave,,Delta,V4C 3R6,49.173147,-122.899526,604-588-0699,,,N,N,N,N,N,N,N,N,N,N,N,N,N,N,N,N,N,Extra fee,Extra fee,N,N,N,N,N,N,N,Y,Y,N,N,2026-04-23,http://www.healthspace.ca/fha/childcare,N,Y,N,Tracy's Tots<br>Licensed Family<br>604-588-0699<br><br>Vacancy:<br>&nbsp;&nbsp;&nbsp;&nbsp;<36 months: Y<br>&nbsp;&nbsp;&nbsp;&nbsp;30 months -- 5 years: Y<br>&nbsp;&nbsp;&nbsp;&nbsp;Preschool: N<br>&nbsp;&nbsp;&nbsp;&nbsp;Grade 1 - Age 12: N<br>
4821,Licensed Group,Aberdeen Hall Preparatory School,950 Academy Way,,Kelowna,V1V 3A4,49.92725,-119.408161,250-491-1270,,,N,N,N,N,N,N,N,N,N,N,N,N,N,N,N,N,N,,,N,N,N,N,N,N,N,N,N,N,N,2026-05-12,https://hedgehogportal.interiorhealth.ca/ChildCare/Map,N,Y,N,Aberdeen Hall Preparatory School<br>Licensed Group<br>250-491-1270<br><br>Vacancy:<br>&nbsp;&nbsp;&nbsp;&nbsp;<36 months: N<br>&nbsp;&nbsp;&nbsp;&nbsp;30 months -- 5 years: N<br>&nbsp;&nbsp;&nbsp;&nbsp;Preschool: N<br>&nbsp;&nbsp;&nbsp;&nbsp;Grade 1 - Age 12: N<br>
4822,Licensed Family,Tiny Tots Playhouse Family Child Care,3217 Richmond Street,,Richmond,V7E 2V7,49.128634,-123.188851,604-285-6013,,,N,N,N,N,N,N,N,N,N,N,N,N,N,N,N,N,N,,,N,N,N,N,N,N,N,Y,Y,N,Y,2026-05-11,https://inspections.vcha.ca/ChildCare/Table,N,Y,N,Tiny Tots Playhouse Family Child Care<br>Licensed Family<br>604-285-6013<br><br>Vacancy:<br>&nbsp;&nbsp;&nbsp;&nbsp;<36 months: Y<br>&nbsp;&nbsp;&nbsp;&nbsp;30 months -- 5 years: Y<br>&nbsp;&nbsp;&nbsp;&nbsp;Preschool: N<br>&nbsp;&nbsp;&nbsp;&nbsp;Grade 1 - Age 12: Y<br>
4823,Licensed Family,Discovery Family Child Care,1958 Napier St,,Vancouver,V5L 2N7,49.274604,-123.064243,604-369-0488,,,N,N,N,N,N,N,N,N,N,N,N,N,N,N,N,N,N,,,N,N,N,N,N,N,N,N,N,N,N,2026-05-17,https://inspections.vcha.ca/ChildCare/Table,N,Y,N,Discovery Family Child Care<br>Licensed Family<br>604-369-0488<br><br>Vacancy:<br>&nbsp;&nbsp;&nbsp;&nbsp;<36 months: N<br>&nbsp;&nbsp;&nbsp;&nbsp;30 months -- 5 years: N<br>&nbsp;&nbsp;&nbsp;&nbsp;Preschool: N<br>&nbsp;&nbsp;&nbsp;&nbsp;Grade 1 - Age 12: N<br>
4824,Licensed Group,Sandbox Station Daycare,9574 160Th St,,Surrey,V4N 2R6,49.176369,-122.778564,604-771-6825,,,N,N,N,N,N,N,N,N,N,N,N,N,N,N,N,N,N,,,N,N,N,N,N,N,N,N,N,N,N,2026-05-15,http://www.healthspace.ca/fha/childcare,N,Y,N,Sandbox Station Daycare<br>Licensed Group<br>604-771-6825<br><br>Vacancy:<br>&nbsp;&nbsp;&nbsp;&nbsp;<36 months: N<br>&nbsp;&nbsp;&nbsp;&nbsp;30 months -- 5 years: N<br>&nbsp;&nbsp;&nbsp;&nbsp;Preschool: N<br>&nbsp;&nbsp;&nbsp;&nbsp;Grade 1 - Age 12: N<br>
4825,Licensed Group,Smuyuq'wa' Lelum Ece Centre,4602 Blue Heron Dr,,Tsawwassen,V4M 4G2,49.037366,-123.096016,604-943-2112,,,N,N,N,N,N,N,N,N,N,N,N,N,N,N,N,N,N,,,N,N,N,N,N,N,N,N,N,N,N,2026-05-05,http://www.healthspace.ca/fha/childcare,N,Y,N,Smuyuq'wa' Lelum Ece Centre<br>Licensed Group<br>604-943-2112<br><br>Vacancy:<br>&nbsp;&nbsp;&nbsp;&nbsp;<36 months: N<br>&nbsp;&nbsp;&nbsp;&nbsp;30 months -- 5 years: N<br>&nbsp;&nbsp;&nbsp;&nbsp;Preschool: N<br>&nbsp;&nbsp;&nbsp;&nbsp;Grade 1 - Age 12: N<br>
4826,Licensed Group,Creative Explorer's Daycare,4  13570  78Th Ave,,Surrey,V3W 8V3,49.144339,-122.846633,604-725-7071,,,N,N,N,N,N,N,N,N,N,N,N,N,N,N,N,N,N,,,N,N,N,N,N,N,N,Y,N,N,N,2026-05-16,http://www.healthspace.ca/fha/childcare,N,Y,N,Creative Explorer's Daycare<br>Licensed Group<br>604-725-7071<br><br>Vacancy:<br>&nbsp;&nbsp;&nbsp;&nbsp;<36 months: Y<br>&nbsp;&nbsp;&nbsp;&nbsp;30 months -- 5 years: N<br>&nbsp;&nbsp;&nbsp;&nbsp;Preschool: N<br>&nbsp;&nbsp;&nbsp;&nbsp;Grade 1 - Age 12: N<br>
4827,Licensed Family,Momma Joe's Day Care,1823 Hawk Dr,,Courtenay,V9N 8Z1,49.694493,-124.962477,250-703-6313,,,N,N,N,N,N,N,N,N,N,N,N,N,N,N,N,N,N,,,N,N,N,N,N,N,N,N,N,N,N,2026-05-15,https://www.healthspace.ca/clients/viha/viha_website.nsf/CCFL-Main?OpenView,N,Y,N,Momma Joe's Day Care<br>Licensed Family<br>250-703-6313<br><br>Vacancy:<br>&nbsp;&nbsp;&nbsp;&nbsp;<36 months: N<br>&nbsp;&nbsp;&nbsp;&nbsp;30 months -- 5 years: N<br>&nbsp;&nbsp;&nbsp;&nbsp;Preschool: N<br>&nbsp;&nbsp;&nbsp;&nbsp;Grade 1 - Age 12: N<br>
4828,Licensed Family,Love * Joy * Peace * Family Child Care,8236 French St,,Vancouver,V6P 4W1,49.211341,-123.138752,604-876-9943,,,N,N,N,N,N,N,N,N,N,N,N,N,N,N,N,N,N,,,N,N,N,N,N,N,N,N,Y,N,N,2026-05-15,https://inspections.vcha.ca/ChildCare/Table,N,Y,N,Love * Joy * Peace * Family Child Care<br>Licensed Family<br>604-876-9943<br><br>Vacancy:<br>&nbsp;&nbsp;&nbsp;&nbsp;<36 months: N<br>&nbsp;&nbsp;&nbsp;&nbsp;30 months -- 5 years: Y<br>&nbsp;&nbsp;&nbsp;&nbsp;Preschool: N<br>&nbsp;&nbsp;&nbsp;&nbsp;Grade 1 - Age 12: N<br>
4829,Licensed Family,Langford Montessori Junior Kindergarten,1033 Jenkins Ave,,Victoria,V9B 2P1,48.44131,-123.518977,250-857-5895,www.langfordmontessori.com,,N,N,N,N,N,N,N,N,N,N,N,N,N,N,N,N,N,,,N,N,N,N,N,N,N,N,N,N,N,2026-05-19,https://www.healthspace.ca/clients/viha/viha_website.nsf/CCFL-Main?OpenView,N,Y,N,Langford Montessori Junior Kindergarten<br>Licensed Family<br>250-857-5895<br><br>Vacancy:<br>&nbsp;&nbsp;&nbsp;&nbsp;<36 months: N<br>&nbsp;&nbsp;&nbsp;&nbsp;30 months -- 5 years: N<br>&nbsp;&nbsp;&nbsp;&nbsp;Preschool: N<br>&nbsp;&nbsp;&nbsp;&nbsp;Grade 1 - Age 12: N<br>
4830,Licensed Group,Panorama Ridge Children's Centre,6230 120 St,,Surrey,V3X 1Y7,49.116103,-122.890107,604-338-2107,,,N,N,N,N,N,N,N,N,N,N,N,N,N,N,N,N,N,,,N,N,N,N,N,N,N,N,Y,N,N,2026-04-22,http://www.healthspace.ca/fha/childcare,N,Y,N,Panorama Ridge Children's Centre<br>Licensed Group<br>604-338-2107<br><br>Vacancy:<br>&nbsp;&nbsp;&nbsp;&nbsp;<36 months: N<br>&nbsp;&nbsp;&nbsp;&nbsp;30 months -- 5 years: Y<br>&nbsp;&nbsp;&nbsp;&nbsp;Preschool: N<br>&nbsp;&nbsp;&nbsp;&nbsp;Grade 1 - Age 12: N<br>
4831,Licensed Group,Jumpstart,105 - 1540 mcphee Ave,,Courtenay,V9N 3A5,49.681798,-124.998313,250-338-4288,,,N,N,N,N,N,N,N,N,N,N,N,N,N,N,N,N,N,,,N,N,N,N,N,N,N,N,N,Y,N,2026-05-04,https://www.healthspace.ca/clients/viha/viha_website.nsf/CCFL-Main?OpenView,N,Y,N,Jumpstart<br>Licensed Group<br>250-338-4288<br><br>Vacancy:<br>&nbsp;&nbsp;&nbsp;&nbsp;<36 months: N<br>&nbsp;&nbsp;&nbsp;&nbsp;30 months -- 5 years: N<br>&nbsp;&nbsp;&nbsp;&nbsp;Preschool: Y<br>&nbsp;&nbsp;&nbsp;&nbsp;Grade 1 - Age 12: N<br>
4832,Licensed Group,Brightstart Children's Academy Ltd,1141 Riverwood Gate,,Port Coquitlam,V3B 8A2,49.264215,-122.746741,778-883-0529,,,N,N,N,N,N,N,N,N,N,N,N,N,N,N,N,N,N,Not offered,Not offered,N,N,N,N,N,N,N,Y,N,Y,N,2026-05-11,http://www.healthspace.ca/fha/childcare,N,Y,N,Brightstart Children's Academy Ltd<br>Licensed Group<br>778-883-0529<br><br>Vacancy:<br>&nbsp;&nbsp;&nbsp;&nbsp;<36 months: Y<br>&nbsp;&nbsp;&nbsp;&nbsp;30 months -- 5 years: N<br>&nbsp;&nbsp;&nbsp;&nbsp;Preschool: Y<br>&nbsp;&nbsp;&nbsp;&nbsp;Grade 1 - Age 12: N<br>
4833,Licensed Group,Happy May Child Care Centre Iii,201-4751 Garden City Rd,,Richmond,V6X 3M7,49.177926,-123.124703,604-218-6581,,,N,N,N,N,N,N,N,N,N,N,N,N,N,N,N,N,N,,,N,N,N,N,N,N,N,N,N,N,N,2026-05-14,https://inspections.vcha.ca/ChildCare/Table,N,Y,N,Happy May Child Care Centre Iii<br>Licensed Group<br>604-218-6581<br><br>Vacancy:<br>&nbsp;&nbsp;&nbsp;&nbsp;<36 months: N<br>&nbsp;&nbsp;&nbsp;&nbsp;30 months -- 5 years: N<br>&nbsp;&nbsp;&nbsp;&nbsp;Preschool: N<br>&nbsp;&nbsp;&nbsp;&nbsp;Grade 1 - Age 12: N<br>
4834,Licensed Family,Blossom Childcare Centre,35366 mckee Rd,,Abbotsford,V2S 8L5,49.063475,-122.244882,604-614-4593,,,N,N,N,N,N,N,N,N,N,N,N,N,N,N,N,N,N,,,N,N,N,N,N,N,N,N,N,N,N,2026-04-16,http://www.healthspace.ca/fha/childcare,N,Y,N,Blossom Childcare Centre<br>Licensed Family<br>604-614-4593<br><br>Vacancy:<br>&nbsp;&nbsp;&nbsp;&nbsp;<36 months: N<br>&nbsp;&nbsp;&nbsp;&nbsp;30 months -- 5 years: N<br>&nbsp;&nbsp;&nbsp;&nbsp;Preschool: N<br>&nbsp;&nbsp;&nbsp;&nbsp;Grade 1 - Age 12: N<br>
4835,Licensed Group,Lil' Chickadees Infant/Toddler Child Care Centre,9620 Snowdon Ave,,Richmond,V7A 2M1,49.137512,-123.117279,604-271-2227,,,N,N,N,N,N,N,N,N,N,N,N,N,N,N,N,N,N,,,N,N,N,N,N,N,N,Y,N,N,N,2026-05-21,https://inspections.vcha.ca/ChildCare/Table,N,Y,N,Lil' Chickadees Infant/Toddler Child Care Centre<br>Licensed Group<br>604-271-2227<br><br>Vacancy:<br>&nbsp;&nbsp;&nbsp;&nbsp;<36 months: Y<br>&nbsp;&nbsp;&nbsp;&nbsp;30 months -- 5 years: N<br>&nbsp;&nbsp;&nbsp;&nbsp;Preschool: N<br>&nbsp;&nbsp;&nbsp;&nbsp;Grade 1 - Age 12: N<br>
4836,Licensed Family,Jenn's Playhouse,1203 Alexander Dr,,Golden,V0A 1H0,51.292067,-116.958262,250-272-5366,,,Y,N,N,N,N,N,Y,Y,N,Y,Y,N,N,N,N,N,N,Extra fee,Include in fee,N,N,N,N,N,N,N,N,N,N,N,2026-05-01,https://hedgehogportal.interiorhealth.ca/ChildCare/Map,N,Y,N,Jenn's Playhouse<br>Licensed Family<br>250-272-5366<br><br>Vacancy:<br>&nbsp;&nbsp;&nbsp;&nbsp;<36 months: N<br>&nbsp;&nbsp;&nbsp;&nbsp;30 months -- 5 years: N<br>&nbsp;&nbsp;&nbsp;&nbsp;Preschool: N<br>&nbsp;&nbsp;&nbsp;&nbsp;Grade 1 - Age 12: N<br>
4837,Licensed Group,Morgan Point Children's Centre,3366 156A St,,Surrey,V3Z 9Y7,49.063194,-122.78849,604-760-6842,,,N,N,N,N,N,N,N,N,N,N,N,N,N,N,N,N,N,,,N,N,N,N,N,N,N,N,N,N,N,2026-05-05,http://www.healthspace.ca/fha/childcare,N,Y,N,Morgan Point Children's Centre<br>Licensed Group<br>604-760-6842<br><br>Vacancy:<br>&nbsp;&nbsp;&nbsp;&nbsp;<36 months: N<br>&nbsp;&nbsp;&nbsp;&nbsp;30 months -- 5 years: N<br>&nbsp;&nbsp;&nbsp;&nbsp;Preschool: N<br>&nbsp;&nbsp;&nbsp;&nbsp;Grade 1 - Age 12: N<br>
4838,Licensed Group,Sapphire Montessori Academia Inc,11315 75 Ave,,Delta,V4C 1H4,49.140324,-122.909308,604-999-8162,,,N,N,N,N,N,N,N,N,N,N,N,N,N,N,N,N,N,,,N,N,N,N,N,N,N,N,N,N,Y,2026-05-05,http://www.healthspace.ca/fha/childcare,N,Y,N,Sapphire Montessori Academia Inc<br>Licensed Group<br>604-999-8162<br><br>Vacancy:<br>&nbsp;&nbsp;&nbsp;&nbsp;<36 months: N<br>&nbsp;&nbsp;&nbsp;&nbsp;30 months -- 5 years: N<br>&nbsp;&nbsp;&nbsp;&nbsp;Preschool: N<br>&nbsp;&nbsp;&nbsp;&nbsp;Grade 1 - Age 12: Y<br>
4839,Licensed Group,Sabreland Daycare,310 Nechako Ave,,Mackenzie,V0J 2C0,55.341271,-123.103053,250-997-7359,,,N,N,N,N,N,N,N,N,N,N,N,N,N,N,N,N,N,,,N,N,N,N,N,N,N,N,N,N,N,2026-05-20,https://www.healthspace.ca/Clients/NHA/NHA_Website.nsf/CCFL-Frameset,N,Y,N,Sabreland Daycare<br>Licensed Group<br>250-997-7359<br><br>Vacancy:<br>&nbsp;&nbsp;&nbsp;&nbsp;<36 months: N<br>&nbsp;&nbsp;&nbsp;&nbsp;30 months -- 5 years: N<br>&nbsp;&nbsp;&nbsp;&nbsp;Preschool: N<br>&nbsp;&nbsp;&nbsp;&nbsp;Grade 1 - Age 12: N<br>
4840,Licensed Group,Stepping Stones Early Learning Centre,4713 Gordon Dr,,Kelowna,V1W 4P4,49.811614,-119.480773,604-317-7084,,,N,N,N,N,N,N,N,N,N,N,N,N,N,N,N,N,N,,,N,N,N,N,N,N,N,N,N,N,N,2026-04-25,https://hedgehogportal.interiorhealth.ca/ChildCare/Map,N,Y,N,Stepping Stones Early Learning Centre<br>Licensed Group<br>604-317-7084<br><br>Vacancy:<br>&nbsp;&nbsp;&nbsp;&nbsp;<36 months: N<br>&nbsp;&nbsp;&nbsp;&nbsp;30 months -- 5 years: N<br>&nbsp;&nbsp;&nbsp;&nbsp;Preschool: N<br>&nbsp;&nbsp;&nbsp;&nbsp;Grade 1 - Age 12: N<br>
4841,Licensed Group,The Kids Castle Daycare Ltd.,685 Queens Rd W,,North Vancouver,V7N 2L2,49.3363,-123.087648,604-980-7871,,,N,N,N,N,N,N,N,N,N,N,N,N,N,N,N,N,N,,,N,N,N,N,N,N,N,N,N,N,N,2026-05-18,https://inspections.vcha.ca/ChildCare/Table,N,Y,Y,The Kids Castle Daycare Ltd.<br>Licensed Group<br>604-980-7871<br><br>Vacancy:<br>&nbsp;&nbsp;&nbsp;&nbsp;<36 months: N<br>&nbsp;&nbsp;&nbsp;&nbsp;30 months -- 5 years: N<br>&nbsp;&nbsp;&nbsp;&nbsp;Preschool: N<br>&nbsp;&nbsp;&nbsp;&nbsp;Grade 1 - Age 12: N<br>
4842,Licensed Family,Hillside Montessori Childcare,1905 Latimer Rd,,Nanaimo,V9S 2W3,49.189548,-123.984493,250-729-7265,,,N,N,N,N,N,N,N,N,N,N,N,N,N,N,N,N,N,,,N,N,N,N,N,N,N,N,N,N,N,2026-05-15,https://www.healthspace.ca/clients/viha/viha_website.nsf/CCFL-Main?OpenView,N,Y,N,Hillside Montessori Childcare<br>Licensed Family<br>250-729-7265<br><br>Vacancy:<br>&nbsp;&nbsp;&nbsp;&nbsp;<36 months: N<br>&nbsp;&nbsp;&nbsp;&nbsp;30 months -- 5 years: N<br>&nbsp;&nbsp;&nbsp;&nbsp;Preschool: N<br>&nbsp;&nbsp;&nbsp;&nbsp;Grade 1 - Age 12: N<br>
4843,Licensed Family,Besma Family Child Care,14747 108A Ave,,Surrey,V3R 1W7,49.199802,-122.813892,778-394-3659,,,N,N,N,N,N,N,N,N,N,N,N,N,N,N,N,N,N,,,N,N,N,N,N,N,N,N,N,N,N,2026-05-15,http://www.healthspace.ca/fha/childcare,N,Y,N,Besma Family Child Care<br>Licensed Family<br>778-394-3659<br><br>Vacancy:<br>&nbsp;&nbsp;&nbsp;&nbsp;<36 months: N<br>&nbsp;&nbsp;&nbsp;&nbsp;30 months -- 5 years: N<br>&nbsp;&nbsp;&nbsp;&nbsp;Preschool: N<br>&nbsp;&nbsp;&nbsp;&nbsp;Grade 1 - Age 12: N<br>
4844,Licensed Group,Aubrey Daycare Centre,949 Sperling Ave,,Burnaby,V5B 4H7,49.275772,-122.964678,604-677-0012,,,N,N,N,N,N,N,N,N,N,N,N,N,N,N,N,N,N,,,N,N,N,N,N,N,N,N,N,N,N,2026-05-06,http://www.healthspace.ca/fha/childcare,N,Y,N,Aubrey Daycare Centre<br>Licensed Group<br>604-677-0012<br><br>Vacancy:<br>&nbsp;&nbsp;&nbsp;&nbsp;<36 months: N<br>&nbsp;&nbsp;&nbsp;&nbsp;30 months -- 5 years: N<br>&nbsp;&nbsp;&nbsp;&nbsp;Preschool: N<br>&nbsp;&nbsp;&nbsp;&nbsp;Grade 1 - Age 12: N<br>
4845,Licensed Group,Cityreach Out Of School Care,2650 Slocan St,,Vancouver,V5M 4E9,49.261159,-123.048892,604-254-2489,,,N,N,N,N,N,N,N,N,N,N,N,N,N,N,N,N,N,,,N,N,N,N,N,N,N,N,N,N,N,2026-04-21,https://inspections.vcha.ca/ChildCare/Table,N,Y,N,Cityreach Out Of School Care<br>Licensed Group<br>604-254-2489<br><br>Vacancy:<br>&nbsp;&nbsp;&nbsp;&nbsp;<36 months: N<br>&nbsp;&nbsp;&nbsp;&nbsp;30 months -- 5 years: N<br>&nbsp;&nbsp;&nbsp;&nbsp;Preschool: N<br>&nbsp;&nbsp;&nbsp;&nbsp;Grade 1 - Age 12: N<br>
4846,Licensed Family,Kare-A-Lot Early Learning Centre,3779 Glover Ave,Rr 4,Armstrong,V4Y 0J7,50.449361,-119.210343,250-546-0500,www.karealot.ca,,N,N,N,N,N,N,N,N,N,N,N,N,N,N,N,N,N,,,N,N,N,N,N,N,N,N,N,N,N,2026-04-26,https://hedgehogportal.interiorhealth.ca/ChildCare/Map,N,Y,N,Kare-A-Lot Early Learning Centre<br>Licensed Family<br>250-546-0500<br><br>Vacancy:<br>&nbsp;&nbsp;&nbsp;&nbsp;<36 months: N<br>&nbsp;&nbsp;&nbsp;&nbsp;30 months -- 5 years: N<br>&nbsp;&nbsp;&nbsp;&nbsp;Preschool: N<br>&nbsp;&nbsp;&nbsp;&nbsp;Grade 1 - Age 12: N<br>
4847,Licensed Group,North Shore Child Care Centre,4085 Dollar Rd,,North Vancouver,V7G 1A5,49.307798,-122.958801,604-315-6722,,,N,N,N,N,N,N,N,N,N,N,N,N,N,N,N,N,N,,,N,N,N,N,N,N,N,N,N,N,Y,2026-04-28,https://inspections.vcha.ca/ChildCare/Table,N,Y,Y,North Shore Child Care Centre<br>Licensed Group<br>604-315-6722<br><br>Vacancy:<br>&nbsp;&nbsp;&nbsp;&nbsp;<36 months: N<br>&nbsp;&nbsp;&nbsp;&nbsp;30 months -- 5 years: N<br>&nbsp;&nbsp;&nbsp;&nbsp;Preschool: N<br>&nbsp;&nbsp;&nbsp;&nbsp;Grade 1 - Age 12: Y<br>
4848,Licensed Group,North Shore Child Care Centre,4085 Dollar Rd,,North Vancouver,V7G 1A5,49.307798,-122.958801,604-315-6722,,,N,N,N,N,N,N,N,N,N,N,N,N,N,N,N,N,N,,,N,N,N,N,N,N,N,N,Y,N,N,2026-04-28,https://inspections.vcha.ca/ChildCare/Table,N,Y,Y,North Shore Child Care Centre<br>Licensed Group<br>604-315-6722<br><br>Vacancy:<br>&nbsp;&nbsp;&nbsp;&nbsp;<36 months: N<br>&nbsp;&nbsp;&nbsp;&nbsp;30 months -- 5 years: Y<br>&nbsp;&nbsp;&nbsp;&nbsp;Preschool: N<br>&nbsp;&nbsp;&nbsp;&nbsp;Grade 1 - Age 12: N<br>
4849,Licensed Group,Butterfly Progressive Montessori Preschool,7360 Lombard Rd,,Richmond,V7C 3N1,49.159574,-123.164874,604-241-2511,,,N,N,N,N,N,N,N,N,N,N,N,N,N,N,N,N,N,,,N,N,N,N,N,N,N,N,Y,N,N,2026-05-21,https://inspections.vcha.ca/ChildCare/Table,N,Y,N,Butterfly Progressive Montessori Preschool<br>Licensed Group<br>604-241-2511<br><br>Vacancy:<br>&nbsp;&nbsp;&nbsp;&nbsp;<36 months: N<br>&nbsp;&nbsp;&nbsp;&nbsp;30 months -- 5 years: Y<br>&nbsp;&nbsp;&nbsp;&nbsp;Preschool: N<br>&nbsp;&nbsp;&nbsp;&nbsp;Grade 1 - Age 12: N<br>
4850,Licensed Group,Club K.I.D.S. Cherry Hill - Room 35,32557 Best Ave,,Mission,V2V 3T3,49.152271,-122.322499,604-820-5360,,,N,N,N,N,N,N,N,N,N,N,N,N,N,N,N,N,N,,,N,N,N,N,N,N,N,N,Y,N,Y,2026-05-07,http://www.healthspace.ca/fha/childcare,N,Y,N,Club K.I.D.S. Cherry Hill - Room 35<br>Licensed Group<br>604-820-5360<br><br>Vacancy:<br>&nbsp;&nbsp;&nbsp;&nbsp;<36 months: N<br>&nbsp;&nbsp;&nbsp;&nbsp;30 months -- 5 years: Y<br>&nbsp;&nbsp;&nbsp;&nbsp;Preschool: N<br>&nbsp;&nbsp;&nbsp;&nbsp;Grade 1 - Age 12: Y<br>
4851,Licensed Group,Morning Glory Children's Centre,9491 Ash St,,Richmond,V7A 2T7,49.145369,-123.120544,604-272-2821,,,N,N,N,N,N,N,N,N,N,N,N,N,N,N,N,N,N,,,N,N,N,N,N,N,N,N,N,N,N,2026-05-02,https://inspections.vcha.ca/ChildCare/Table,N,Y,N,Morning Glory Children's Centre<br>Licensed Group<br>604-272-2821<br><br>Vacancy:<br>&nbsp;&nbsp;&nbsp;&nbsp;<36 months: N<br>&nbsp;&nbsp;&nbsp;&nbsp;30 months -- 5 years: N<br>&nbsp;&nbsp;&nbsp;&nbsp;Preschool: N<br>&nbsp;&nbsp;&nbsp;&nbsp;Grade 1 - Age 12: N<br>
4852,Licensed Group,Msa Montessori Preschool,33676 St. Olaf Ave,,Abbotsford,V4X 1T6,49.106986,-122.291858,604-820-4987,,,N,N,N,N,N,N,N,N,N,N,N,N,N,N,N,N,N,,,N,N,N,N,N,N,N,N,N,Y,N,2026-04-19,http://www.healthspace.ca/fha/childcare,N,Y,N,Msa Montessori Preschool<br>Licensed Group<br>604-820-4987<br><br>Vacancy:<br>&nbsp;&nbsp;&nbsp;&nbsp;<36 months: N<br>&nbsp;&nbsp;&nbsp;&nbsp;30 months -- 5 years: N<br>&nbsp;&nbsp;&nbsp;&nbsp;Preschool: Y<br>&nbsp;&nbsp;&nbsp;&nbsp;Grade 1 - Age 12: N<br>
4853,Licensed Family,Mountains Of Fun Daycare Inc,1336 16Th St E,,North Vancouver,V7J 1L4,49.323069,-123.037538,604-728-7757,,,N,N,N,N,N,N,N,N,N,N,N,N,N,N,N,N,N,,,N,N,N,N,N,N,N,N,N,N,N,2026-05-21,https://inspections.vcha.ca/ChildCare/Table,N,Y,N,Mountains Of Fun Daycare Inc<br>Licensed Family<br>604-728-7757<br><br>Vacancy:<br>&nbsp;&nbsp;&nbsp;&nbsp;<36 months: N<br>&nbsp;&nbsp;&nbsp;&nbsp;30 months -- 5 years: N<br>&nbsp;&nbsp;&nbsp;&nbsp;Preschool: N<br>&nbsp;&nbsp;&nbsp;&nbsp;Grade 1 - Age 12: N<br>
4854,Licensed Family,Bouncy Ball Family Daycare,2820 Haliday Cres,,Nanaimo,V9S 3M9,49.204958,-123.977868,250-585-3558,,,N,N,N,N,N,N,N,N,N,N,N,N,N,N,N,N,N,,,N,N,N,N,N,N,N,N,N,N,N,2026-05-15,https://www.healthspace.ca/clients/viha/viha_website.nsf/CCFL-Main?OpenView,N,Y,N,Bouncy Ball Family Daycare<br>Licensed Family<br>250-585-3558<br><br>Vacancy:<br>&nbsp;&nbsp;&nbsp;&nbsp;<36 months: N<br>&nbsp;&nbsp;&nbsp;&nbsp;30 months -- 5 years: N<br>&nbsp;&nbsp;&nbsp;&nbsp;Preschool: N<br>&nbsp;&nbsp;&nbsp;&nbsp;Grade 1 - Age 12: N<br>
4855,Licensed Group,Just For Kids,404  9025  158Th St,,Surrey,V4N 2Y6,49.167144,-122.784751,604-512-9020,,,N,N,N,N,N,N,N,N,N,N,N,N,N,N,N,N,N,,,N,N,N,N,N,N,N,N,N,N,N,2026-03-29,http://www.healthspace.ca/fha/childcare,N,Y,N,Just For Kids<br>Licensed Group<br>604-512-9020<br><br>Vacancy:<br>&nbsp;&nbsp;&nbsp;&nbsp;<36 months: N<br>&nbsp;&nbsp;&nbsp;&nbsp;30 months -- 5 years: N<br>&nbsp;&nbsp;&nbsp;&nbsp;Preschool: N<br>&nbsp;&nbsp;&nbsp;&nbsp;Grade 1 - Age 12: N<br>
4856,Licensed Group,Tyee Out Of School Care,3525 Dumfries St,,Vancouver,V5N 3S5,49.253414,-123.074008,604-875-9111,,,N,N,N,N,N,N,N,N,N,N,N,N,N,N,N,N,N,Not offered,Not offered,N,N,N,N,N,N,N,N,N,N,N,2026-04-08,https://inspections.vcha.ca/ChildCare/Table,N,Y,N,Tyee Out Of School Care<br>Licensed Group<br>604-875-9111<br><br>Vacancy:<br>&nbsp;&nbsp;&nbsp;&nbsp;<36 months: N<br>&nbsp;&nbsp;&nbsp;&nbsp;30 months -- 5 years: N<br>&nbsp;&nbsp;&nbsp;&nbsp;Preschool: N<br>&nbsp;&nbsp;&nbsp;&nbsp;Grade 1 - Age 12: N<br>
4857,Licensed Group,Leapin Lizard's Daycares Inc. West Bench,1604 West Bench Dr,,Penticton,V2A 8Z3,49.501105,-119.63116,250-496-0081,,,N,N,N,N,N,N,N,N,N,N,N,N,N,N,N,N,N,,,N,N,N,N,N,N,N,N,N,N,Y,2026-05-20,https://hedgehogportal.interiorhealth.ca/ChildCare/Map,N,Y,N,Leapin Lizard's Daycares Inc. West Bench<br>Licensed Group<br>250-496-0081<br><br>Vacancy:<br>&nbsp;&nbsp;&nbsp;&nbsp;<36 months: N<br>&nbsp;&nbsp;&nbsp;&nbsp;30 months -- 5 years: N<br>&nbsp;&nbsp;&nbsp;&nbsp;Preschool: N<br>&nbsp;&nbsp;&nbsp;&nbsp;Grade 1 - Age 12: Y<br>
4858,Licensed Group,Leapin Lizard's Daycares Inc. Columbia,1437 Allison St,,Penticton,V2A 3X5,49.486036,-119.556505,250-496-0081,,,N,N,N,N,N,N,N,N,N,N,N,N,N,N,N,N,N,,,N,N,N,N,N,N,N,N,N,N,N,2026-05-20,https://hedgehogportal.interiorhealth.ca/ChildCare/Map,N,Y,N,Leapin Lizard's Daycares Inc. Columbia<br>Licensed Group<br>250-496-0081<br><br>Vacancy:<br>&nbsp;&nbsp;&nbsp;&nbsp;<36 months: N<br>&nbsp;&nbsp;&nbsp;&nbsp;30 months -- 5 years: N<br>&nbsp;&nbsp;&nbsp;&nbsp;Preschool: N<br>&nbsp;&nbsp;&nbsp;&nbsp;Grade 1 - Age 12: N<br>
4859,Licensed Group,Tree House Children's Centre,5684 Unsworth Rd,,Chilliwack,V2R 5L1,49.105328,-121.997268,604-824-1234,,,N,N,N,N,N,N,N,N,N,N,N,N,N,N,N,N,N,,,N,N,N,N,N,N,N,Y,Y,N,N,2026-05-15,http://www.healthspace.ca/fha/childcare,N,Y,N,Tree House Children's Centre<br>Licensed Group<br>604-824-1234<br><br>Vacancy:<br>&nbsp;&nbsp;&nbsp;&nbsp;<36 months: Y<br>&nbsp;&nbsp;&nbsp;&nbsp;30 months -- 5 years: Y<br>&nbsp;&nbsp;&nbsp;&nbsp;Preschool: N<br>&nbsp;&nbsp;&nbsp;&nbsp;Grade 1 - Age 12: N<br>
4860,Licensed Family,Solid Foundations Family Daycare,2626 Tweedsmuir Ave,,Prince George,V2N 1E7,53.89579,-122.780739,250-614-9226,,,N,N,N,N,N,N,N,N,N,N,N,N,N,N,N,N,N,,,N,N,N,N,N,N,N,N,N,N,N,2026-05-15,https://www.healthspace.ca/Clients/NHA/NHA_Website.nsf/CCFL-Frameset,N,Y,N,Solid Foundations Family Daycare<br>Licensed Family<br>250-614-9226<br><br>Vacancy:<br>&nbsp;&nbsp;&nbsp;&nbsp;<36 months: N<br>&nbsp;&nbsp;&nbsp;&nbsp;30 months -- 5 years: N<br>&nbsp;&nbsp;&nbsp;&nbsp;Preschool: N<br>&nbsp;&nbsp;&nbsp;&nbsp;Grade 1 - Age 12: N<br>
4861,Licensed Group,Graham Montessori School,2-1001 Royal Ave,,New Westminster,V3M 1K3,49.202123,-122.917984,778-397-0191,,,N,N,N,N,N,N,N,N,N,N,N,N,N,N,N,N,N,,,N,N,N,N,N,N,N,N,N,N,N,2026-05-16,http://www.healthspace.ca/fha/childcare,N,Y,N,Graham Montessori School<br>Licensed Group<br>778-397-0191<br><br>Vacancy:<br>&nbsp;&nbsp;&nbsp;&nbsp;<36 months: N<br>&nbsp;&nbsp;&nbsp;&nbsp;30 months -- 5 years: N<br>&nbsp;&nbsp;&nbsp;&nbsp;Preschool: N<br>&nbsp;&nbsp;&nbsp;&nbsp;Grade 1 - Age 12: N<br>
4862,Licensed Group,Hand In Hand - Ten Broeck Elementary,2580 Stanley St,,Abbotsford,V2T 2R4,49.049888,-122.34526,604-859-1843,,,N,N,N,N,N,N,N,N,N,N,N,N,N,N,N,N,N,,,N,N,N,N,N,N,N,N,N,N,N,2026-05-06,http://www.healthspace.ca/fha/childcare,N,Y,N,Hand In Hand - Ten Broeck Elementary<br>Licensed Group<br>604-859-1843<br><br>Vacancy:<br>&nbsp;&nbsp;&nbsp;&nbsp;<36 months: N<br>&nbsp;&nbsp;&nbsp;&nbsp;30 months -- 5 years: N<br>&nbsp;&nbsp;&nbsp;&nbsp;Preschool: N<br>&nbsp;&nbsp;&nbsp;&nbsp;Grade 1 - Age 12: N<br>
4863,Licensed Group,Happy May Child Care Centre Iv,220-4751 Garden City Rd,,Richmond,V6X 3M7,49.177926,-123.124703,604-218-6581,,,N,N,N,N,N,N,N,N,N,N,N,N,N,N,N,N,N,,,N,N,N,N,N,N,N,N,N,N,N,2026-05-14,https://inspections.vcha.ca/ChildCare/Table,N,Y,N,Happy May Child Care Centre Iv<br>Licensed Group<br>604-218-6581<br><br>Vacancy:<br>&nbsp;&nbsp;&nbsp;&nbsp;<36 months: N<br>&nbsp;&nbsp;&nbsp;&nbsp;30 months -- 5 years: N<br>&nbsp;&nbsp;&nbsp;&nbsp;Preschool: N<br>&nbsp;&nbsp;&nbsp;&nbsp;Grade 1 - Age 12: N<br>
4864,Licensed Group,Queneesh After School Club,2345 Mission Rd,,Courtenay,V9N 9E9,49.713181,-124.973104,250-898-7587,,,N,N,N,N,N,N,N,N,N,N,N,N,N,N,N,N,N,,,N,N,N,N,N,N,N,N,N,N,N,2026-05-15,https://www.healthspace.ca/clients/viha/viha_website.nsf/CCFL-Main?OpenView,N,Y,N,Queneesh After School Club<br>Licensed Group<br>250-898-7587<br><br>Vacancy:<br>&nbsp;&nbsp;&nbsp;&nbsp;<36 months: N<br>&nbsp;&nbsp;&nbsp;&nbsp;30 months -- 5 years: N<br>&nbsp;&nbsp;&nbsp;&nbsp;Preschool: N<br>&nbsp;&nbsp;&nbsp;&nbsp;Grade 1 - Age 12: N<br>
4865,Licensed Group,Island Montessori House School,5575 West Saanich Rd,,Victoria,V9E 2G1,48.53378,-123.436432,250-592-4411,,,Y,N,N,N,N,N,N,Y,N,N,N,N,N,N,N,N,N,Not offered,Not offered,N,N,N,Y,Y,Y,N,N,N,N,N,2026-05-21,https://www.healthspace.ca/clients/viha/viha_website.nsf/CCFL-Main?OpenView,N,Y,N,Island Montessori House School<br>Licensed Group<br>250-592-4411<br><br>Vacancy:<br>&nbsp;&nbsp;&nbsp;&nbsp;<36 months: N<br>&nbsp;&nbsp;&nbsp;&nbsp;30 months -- 5 years: N<br>&nbsp;&nbsp;&nbsp;&nbsp;Preschool: N<br>&nbsp;&nbsp;&nbsp;&nbsp;Grade 1 - Age 12: N<br>
4866,Licensed Family,Nini Family Child Care,565 50Th Ave E,,Vancouver,V5X 1A9,49.224809,-123.093074,604-704-2941,,,N,N,N,N,N,N,N,N,N,N,N,N,N,N,N,N,N,,,N,N,N,N,N,N,N,Y,Y,N,Y,2026-05-15,https://inspections.vcha.ca/ChildCare/Table,N,Y,N,Nini Family Child Care<br>Licensed Family<br>604-704-2941<br><br>Vacancy:<br>&nbsp;&nbsp;&nbsp;&nbsp;<36 months: Y<br>&nbsp;&nbsp;&nbsp;&nbsp;30 months -- 5 years: Y<br>&nbsp;&nbsp;&nbsp;&nbsp;Preschool: N<br>&nbsp;&nbsp;&nbsp;&nbsp;Grade 1 - Age 12: Y<br>
4867,Licensed Group,Albion Active Kids Club,10031 240Th St,,Maple Ridge,V2W 1G2,49.185102,-122.558349,604-467-7453,,,N,N,N,N,N,N,N,N,N,N,N,N,N,N,N,N,N,,,N,N,N,N,N,N,N,N,N,N,N,2026-05-21,http://www.healthspace.ca/fha/childcare,N,Y,N,Albion Active Kids Club<br>Licensed Group<br>604-467-7453<br><br>Vacancy:<br>&nbsp;&nbsp;&nbsp;&nbsp;<36 months: N<br>&nbsp;&nbsp;&nbsp;&nbsp;30 months -- 5 years: N<br>&nbsp;&nbsp;&nbsp;&nbsp;Preschool: N<br>&nbsp;&nbsp;&nbsp;&nbsp;Grade 1 - Age 12: N<br>
4868,Licensed Group,Blueridge Out Of School Care,2650 Bronte Dr,,North Vancouver,V7H 1M4,49.324371,-123.000662,604-812-4449,,,N,N,N,N,N,N,N,N,N,N,N,N,N,N,N,N,N,,,N,N,N,N,N,N,N,N,N,N,N,2026-05-13,https://inspections.vcha.ca/ChildCare/Table,N,Y,N,Blueridge Out Of School Care<br>Licensed Group<br>604-812-4449<br><br>Vacancy:<br>&nbsp;&nbsp;&nbsp;&nbsp;<36 months: N<br>&nbsp;&nbsp;&nbsp;&nbsp;30 months -- 5 years: N<br>&nbsp;&nbsp;&nbsp;&nbsp;Preschool: N<br>&nbsp;&nbsp;&nbsp;&nbsp;Grade 1 - Age 12: N<br>
4869,Licensed Group,Bgccvi - Aspen Park,2250 Bolt Ave,,Comox,V9M 4E7,49.685158,-124.945965,250-650-2274,,,N,N,N,N,N,N,N,N,N,N,N,N,N,N,N,N,N,Not offered,Not offered,N,N,N,N,N,N,N,N,Y,N,Y,2026-05-15,https://www.healthspace.ca/clients/viha/viha_website.nsf/CCFL-Main?OpenView,N,Y,N,Bgccvi - Aspen Park<br>Licensed Group<br>250-650-2274<br><br>Vacancy:<br>&nbsp;&nbsp;&nbsp;&nbsp;<36 months: N<br>&nbsp;&nbsp;&nbsp;&nbsp;30 months -- 5 years: Y<br>&nbsp;&nbsp;&nbsp;&nbsp;Preschool: N<br>&nbsp;&nbsp;&nbsp;&nbsp;Grade 1 - Age 12: Y<br>
4870,Licensed Group,Trafalgar Out Of School Care,4020 Trafalgar St,,Vancouver,V6L 2M5,49.250131,-123.164268,604-732-8220,,,N,N,N,N,N,N,N,N,N,N,N,N,N,N,N,N,N,,,N,N,N,N,N,N,N,N,N,N,N,2026-04-21,https://inspections.vcha.ca/ChildCare/Table,N,Y,N,Trafalgar Out Of School Care<br>Licensed Group<br>604-732-8220<br><br>Vacancy:<br>&nbsp;&nbsp;&nbsp;&nbsp;<36 months: N<br>&nbsp;&nbsp;&nbsp;&nbsp;30 months -- 5 years: N<br>&nbsp;&nbsp;&nbsp;&nbsp;Preschool: N<br>&nbsp;&nbsp;&nbsp;&nbsp;Grade 1 - Age 12: N<br>
4871,Licensed Group,"Somewhere To ""Grow"" Montessori Childcare Centre",6197 136 St,,Surrey,V3X 1H4,49.11516,-122.845594,778-578-0329,,,N,N,N,N,N,N,N,N,N,N,N,N,N,N,N,N,N,,,N,N,N,N,N,N,N,Y,Y,N,N,2026-05-15,http://www.healthspace.ca/fha/childcare,N,Y,N,"Somewhere To ""Grow"" Montessori Childcare Centre<br>Licensed Group<br>778-578-0329<br><br>Vacancy:<br>&nbsp;&nbsp;&nbsp;&nbsp;<36 months: Y<br>&nbsp;&nbsp;&nbsp;&nbsp;30 months -- 5 years: Y<br>&nbsp;&nbsp;&nbsp;&nbsp;Preschool: N<br>&nbsp;&nbsp;&nbsp;&nbsp;Grade 1 - Age 12: N<br>"
4872,Licensed Group,Somewhere To Grow Montessori Preschool,13590 62 Ave,,Surrey,V3X 1H4,49.115292,-122.84579,778-578-0329,,,N,N,N,N,N,N,N,N,N,N,N,N,N,N,N,N,N,,,N,N,N,N,N,N,N,N,N,Y,N,2026-05-15,http://www.healthspace.ca/fha/childcare,N,Y,N,Somewhere To Grow Montessori Preschool<br>Licensed Group<br>778-578-0329<br><br>Vacancy:<br>&nbsp;&nbsp;&nbsp;&nbsp;<36 months: N<br>&nbsp;&nbsp;&nbsp;&nbsp;30 months -- 5 years: N<br>&nbsp;&nbsp;&nbsp;&nbsp;Preschool: Y<br>&nbsp;&nbsp;&nbsp;&nbsp;Grade 1 - Age 12: N<br>
4873,Licensed Group,Happy Campers Osc - Forge,2612 Sooke Rd,,Victoria,V9B 1Y2,48.433797,-123.517109,250-391-0909,,,N,N,N,N,N,N,N,N,N,N,N,N,N,N,N,N,N,,,N,N,N,N,N,N,N,N,Y,N,Y,2026-05-15,https://www.healthspace.ca/clients/viha/viha_website.nsf/CCFL-Main?OpenView,N,Y,N,Happy Campers Osc - Forge<br>Licensed Group<br>250-391-0909<br><br>Vacancy:<br>&nbsp;&nbsp;&nbsp;&nbsp;<36 months: N<br>&nbsp;&nbsp;&nbsp;&nbsp;30 months -- 5 years: Y<br>&nbsp;&nbsp;&nbsp;&nbsp;Preschool: N<br>&nbsp;&nbsp;&nbsp;&nbsp;Grade 1 - Age 12: Y<br>
4874,Licensed Group,Wind And Tide Preschool - Prospect,15138 Prospect Ave,,White Rock,V5B 2B9,49.024516,-122.802803,604-575-0549,,,N,N,N,N,N,N,N,N,N,N,N,N,N,N,N,N,N,,,N,N,N,N,N,N,N,N,N,Y,N,2026-05-15,http://www.healthspace.ca/fha/childcare,N,Y,N,Wind And Tide Preschool - Prospect<br>Licensed Group<br>604-575-0549<br><br>Vacancy:<br>&nbsp;&nbsp;&nbsp;&nbsp;<36 months: N<br>&nbsp;&nbsp;&nbsp;&nbsp;30 months -- 5 years: N<br>&nbsp;&nbsp;&nbsp;&nbsp;Preschool: Y<br>&nbsp;&nbsp;&nbsp;&nbsp;Grade 1 - Age 12: N<br>
4875,Licensed Group,Wind And Tide Preschool - Cloverdale United,17575 58A Ave,,Surrey,V3S 1N1,49.109185,-122.736159,604-575-0549,,,N,N,N,N,N,N,N,N,N,N,N,N,N,N,N,N,N,,,N,N,N,N,N,N,N,N,N,Y,N,2026-05-15,http://www.healthspace.ca/fha/childcare,N,Y,N,Wind And Tide Preschool - Cloverdale United<br>Licensed Group<br>604-575-0549<br><br>Vacancy:<br>&nbsp;&nbsp;&nbsp;&nbsp;<36 months: N<br>&nbsp;&nbsp;&nbsp;&nbsp;30 months -- 5 years: N<br>&nbsp;&nbsp;&nbsp;&nbsp;Preschool: Y<br>&nbsp;&nbsp;&nbsp;&nbsp;Grade 1 - Age 12: N<br>
4876,Licensed Group,ymca Westwood After School Care,2633 Vanier Dr,,Prince George,V2N 1V1,53.8952,-122.784961,250-961-7046,,,N,N,N,N,N,N,N,N,N,N,N,N,N,N,N,N,N,,,N,N,N,N,N,N,N,N,N,N,N,2026-05-14,https://www.healthspace.ca/Clients/NHA/NHA_Website.nsf/CCFL-Frameset,N,Y,N,ymca Westwood After School Care<br>Licensed Group<br>250-961-7046<br><br>Vacancy:<br>&nbsp;&nbsp;&nbsp;&nbsp;<36 months: N<br>&nbsp;&nbsp;&nbsp;&nbsp;30 months -- 5 years: N<br>&nbsp;&nbsp;&nbsp;&nbsp;Preschool: N<br>&nbsp;&nbsp;&nbsp;&nbsp;Grade 1 - Age 12: N<br>
4877,Licensed Group,Cameron Children's Centre,9838 Cameron St,,Burnaby,V3J 0B4,49.253094,-122.894199,604-526-2522,,,N,N,N,N,N,N,N,N,N,N,N,N,N,N,N,N,N,,,N,N,N,N,N,N,N,N,N,N,N,2026-04-20,http://www.healthspace.ca/fha/childcare,N,Y,N,Cameron Children's Centre<br>Licensed Group<br>604-526-2522<br><br>Vacancy:<br>&nbsp;&nbsp;&nbsp;&nbsp;<36 months: N<br>&nbsp;&nbsp;&nbsp;&nbsp;30 months -- 5 years: N<br>&nbsp;&nbsp;&nbsp;&nbsp;Preschool: N<br>&nbsp;&nbsp;&nbsp;&nbsp;Grade 1 - Age 12: N<br>
4878,Licensed Group,Garderie Tartine Et Chocolat,7051 Killarney St,,Vancouver,V5S 2Y5,49.219264,-123.046392,604-736-5056,,,N,N,N,N,N,N,N,N,N,N,N,N,N,N,N,N,N,Not offered,Not offered,N,N,N,N,N,N,N,Y,Y,N,N,2026-04-30,https://inspections.vcha.ca/ChildCare/Table,N,Y,N,Garderie Tartine Et Chocolat<br>Licensed Group<br>604-736-5056<br><br>Vacancy:<br>&nbsp;&nbsp;&nbsp;&nbsp;<36 months: Y<br>&nbsp;&nbsp;&nbsp;&nbsp;30 months -- 5 years: Y<br>&nbsp;&nbsp;&nbsp;&nbsp;Preschool: N<br>&nbsp;&nbsp;&nbsp;&nbsp;Grade 1 - Age 12: N<br>
4879,Licensed Family,Happy Days Family Daycare,5724 Janis St,,Chilliwack,V2R 3H6,49.10647,-121.981395,604-798-5570,,,N,N,N,N,N,N,N,N,N,N,N,N,N,N,N,N,N,,,N,N,N,N,N,N,N,N,N,N,N,2026-05-21,http://www.healthspace.ca/fha/childcare,N,Y,N,Happy Days Family Daycare<br>Licensed Family<br>604-798-5570<br><br>Vacancy:<br>&nbsp;&nbsp;&nbsp;&nbsp;<36 months: N<br>&nbsp;&nbsp;&nbsp;&nbsp;30 months -- 5 years: N<br>&nbsp;&nbsp;&nbsp;&nbsp;Preschool: N<br>&nbsp;&nbsp;&nbsp;&nbsp;Grade 1 - Age 12: N<br>
4880,Licensed Group,Little Dreamers Childcare Ltd.,31321 Blueridge Dr,,Abbotsford,V2T 6W2,49.068683,-122.356438,604-614-5308,,,N,N,N,N,N,N,N,N,N,N,N,N,N,N,N,N,N,,,N,N,N,N,N,N,N,N,Y,N,Y,2026-04-20,http://www.healthspace.ca/fha/childcare,N,Y,N,Little Dreamers Childcare Ltd.<br>Licensed Group<br>604-614-5308<br><br>Vacancy:<br>&nbsp;&nbsp;&nbsp;&nbsp;<36 months: N<br>&nbsp;&nbsp;&nbsp;&nbsp;30 months -- 5 years: Y<br>&nbsp;&nbsp;&nbsp;&nbsp;Preschool: N<br>&nbsp;&nbsp;&nbsp;&nbsp;Grade 1 - Age 12: Y<br>
4881,Licensed Group,Discovery Childcare Centre,49 7411 12 Ave,,Burnaby,V3N 2K2,49.215768,-122.938322,778-397-2892,,,N,N,N,N,N,N,N,N,N,N,N,N,N,N,N,N,N,,,N,N,N,N,N,N,N,N,N,N,N,2026-04-28,http://www.healthspace.ca/fha/childcare,N,Y,N,Discovery Childcare Centre<br>Licensed Group<br>778-397-2892<br><br>Vacancy:<br>&nbsp;&nbsp;&nbsp;&nbsp;<36 months: N<br>&nbsp;&nbsp;&nbsp;&nbsp;30 months -- 5 years: N<br>&nbsp;&nbsp;&nbsp;&nbsp;Preschool: N<br>&nbsp;&nbsp;&nbsp;&nbsp;Grade 1 - Age 12: N<br>
4882,Licensed Group,Tumble Kids Preschool,7888 200 St,,Langley,V2Y 3J4,49.145582,-122.667135,604-455-8908,,,N,N,N,N,N,N,N,N,N,N,N,N,N,N,N,N,N,,,N,N,N,N,N,N,N,N,N,Y,Y,2026-05-21,http://www.healthspace.ca/fha/childcare,N,Y,N,Tumble Kids Preschool<br>Licensed Group<br>604-455-8908<br><br>Vacancy:<br>&nbsp;&nbsp;&nbsp;&nbsp;<36 months: N<br>&nbsp;&nbsp;&nbsp;&nbsp;30 months -- 5 years: N<br>&nbsp;&nbsp;&nbsp;&nbsp;Preschool: Y<br>&nbsp;&nbsp;&nbsp;&nbsp;Grade 1 - Age 12: Y<br>
4883,Licensed Family,Belen Family Child Care,19-3550 Adanac St,,Vancouver,V5K 4Y6,49.276399,-123.028116,604-451-8772,,,N,N,N,N,N,N,N,N,N,N,N,N,N,N,N,N,N,,,N,N,N,N,N,N,N,N,N,N,N,2026-05-18,https://inspections.vcha.ca/ChildCare/Table,N,N,N,Belen Family Child Care<br>Licensed Family<br>604-451-8772<br><br>Vacancy:<br>&nbsp;&nbsp;&nbsp;&nbsp;<36 months: N<br>&nbsp;&nbsp;&nbsp;&nbsp;30 months -- 5 years: N<br>&nbsp;&nbsp;&nbsp;&nbsp;Preschool: N<br>&nbsp;&nbsp;&nbsp;&nbsp;Grade 1 - Age 12: N<br>
4884,Licensed Group,Nsnh - Norgate Kids' Club,1295 Sowden St,,North Vancouver,V7P 1L9,49.320467,-123.109801,604-987-8138,,,N,N,N,N,N,N,N,N,N,N,N,N,N,N,N,N,N,,,N,N,N,N,N,N,N,N,N,N,Y,2026-05-11,https://inspections.vcha.ca/ChildCare/Table,N,Y,N,Nsnh - Norgate Kids' Club<br>Licensed Group<br>604-987-8138<br><br>Vacancy:<br>&nbsp;&nbsp;&nbsp;&nbsp;<36 months: N<br>&nbsp;&nbsp;&nbsp;&nbsp;30 months -- 5 years: N<br>&nbsp;&nbsp;&nbsp;&nbsp;Preschool: N<br>&nbsp;&nbsp;&nbsp;&nbsp;Grade 1 - Age 12: Y<br>
4885,Licensed Group,Sanctuary Pre-Teen Drop In Centre,1705 Bay Ave,,Trail,V1R 4B5,49.09289,-117.704283,250-368-6142,,,N,N,N,N,N,N,N,N,N,N,N,N,N,N,N,N,N,,,N,N,N,N,N,N,N,N,N,N,Y,2026-05-04,https://hedgehogportal.interiorhealth.ca/ChildCare/Map,N,N,N,Sanctuary Pre-Teen Drop In Centre<br>Licensed Group<br>250-368-6142<br><br>Vacancy:<br>&nbsp;&nbsp;&nbsp;&nbsp;<36 months: N<br>&nbsp;&nbsp;&nbsp;&nbsp;30 months -- 5 years: N<br>&nbsp;&nbsp;&nbsp;&nbsp;Preschool: N<br>&nbsp;&nbsp;&nbsp;&nbsp;Grade 1 - Age 12: Y<br>
4886,Licensed Family,Kids Corner Daycare,8886 118 St,,Delta,V4C 6H7,49.164812,-122.895595,604-518-6450,,,N,N,N,N,N,N,N,N,N,N,N,N,N,N,N,N,N,,,N,N,N,N,N,N,N,N,N,N,N,2026-05-15,http://www.healthspace.ca/fha/childcare,N,Y,N,Kids Corner Daycare<br>Licensed Family<br>604-518-6450<br><br>Vacancy:<br>&nbsp;&nbsp;&nbsp;&nbsp;<36 months: N<br>&nbsp;&nbsp;&nbsp;&nbsp;30 months -- 5 years: N<br>&nbsp;&nbsp;&nbsp;&nbsp;Preschool: N<br>&nbsp;&nbsp;&nbsp;&nbsp;Grade 1 - Age 12: N<br>
4887,Licensed Group,Vernon Christian Preschool,6890 Pleasant Valley Rd,,Vernon,V1B 3R5,50.309043,-119.247584,250-545-7345,,,N,N,N,N,N,N,N,N,N,N,N,N,N,N,N,N,N,,,N,N,N,N,N,N,N,N,N,Y,N,2026-05-01,https://hedgehogportal.interiorhealth.ca/ChildCare/Map,N,Y,N,Vernon Christian Preschool<br>Licensed Group<br>250-545-7345<br><br>Vacancy:<br>&nbsp;&nbsp;&nbsp;&nbsp;<36 months: N<br>&nbsp;&nbsp;&nbsp;&nbsp;30 months -- 5 years: N<br>&nbsp;&nbsp;&nbsp;&nbsp;Preschool: Y<br>&nbsp;&nbsp;&nbsp;&nbsp;Grade 1 - Age 12: N<br>
4888,Licensed Family,Amy's Family Day Care,6088 Sperling Ave,,Burnaby,V5E 2T9,49.228702,-122.964334,604-522-0748,,,N,N,N,N,N,N,N,N,N,N,N,N,N,N,N,N,N,,,N,N,N,N,N,N,N,N,N,N,N,2026-05-01,http://www.healthspace.ca/fha/childcare,N,Y,N,Amy's Family Day Care<br>Licensed Family<br>604-522-0748<br><br>Vacancy:<br>&nbsp;&nbsp;&nbsp;&nbsp;<36 months: N<br>&nbsp;&nbsp;&nbsp;&nbsp;30 months -- 5 years: N<br>&nbsp;&nbsp;&nbsp;&nbsp;Preschool: N<br>&nbsp;&nbsp;&nbsp;&nbsp;Grade 1 - Age 12: N<br>
4889,Licensed Family,La Petite France,3667 William St,,Vancouver,V5K 5G9,49.274344,-123.024952,778-848-6670,www.najatsinclairbenrbia.com,,N,N,N,N,N,N,N,N,N,N,N,N,N,N,N,N,N,,,N,N,N,N,N,N,N,N,N,N,N,2026-05-15,https://inspections.vcha.ca/ChildCare/Table,N,N,N,La Petite France<br>Licensed Family<br>778-848-6670<br><br>Vacancy:<br>&nbsp;&nbsp;&nbsp;&nbsp;<36 months: N<br>&nbsp;&nbsp;&nbsp;&nbsp;30 months -- 5 years: N<br>&nbsp;&nbsp;&nbsp;&nbsp;Preschool: N<br>&nbsp;&nbsp;&nbsp;&nbsp;Grade 1 - Age 12: N<br>
4890,Licensed Family,Lily Care Day Care,2546 Quay Pl,,Coquitlam,V3H 3G3,49.273708,-122.821461,778-355-8620,,,N,N,N,N,N,N,N,N,N,N,N,N,N,N,N,N,N,,,N,N,N,N,N,N,N,N,Y,N,N,2026-04-30,http://www.healthspace.ca/fha/childcare,N,Y,N,Lily Care Day Care<br>Licensed Family<br>778-355-8620<br><br>Vacancy:<br>&nbsp;&nbsp;&nbsp;&nbsp;<36 months: N<br>&nbsp;&nbsp;&nbsp;&nbsp;30 months -- 5 years: Y<br>&nbsp;&nbsp;&nbsp;&nbsp;Preschool: N<br>&nbsp;&nbsp;&nbsp;&nbsp;Grade 1 - Age 12: N<br>
4891,Licensed Group,Sunshine Corner Daycare,215 18Th Ave E,,Vancouver,V5V 1E5,49.255036,-123.100382,604-876-9722,,,N,N,N,N,N,N,N,N,N,N,N,N,N,N,N,N,N,,,N,N,N,N,N,N,N,N,N,N,N,2026-04-22,https://inspections.vcha.ca/ChildCare/Table,N,Y,N,Sunshine Corner Daycare<br>Licensed Group<br>604-876-9722<br><br>Vacancy:<br>&nbsp;&nbsp;&nbsp;&nbsp;<36 months: N<br>&nbsp;&nbsp;&nbsp;&nbsp;30 months -- 5 years: N<br>&nbsp;&nbsp;&nbsp;&nbsp;Preschool: N<br>&nbsp;&nbsp;&nbsp;&nbsp;Grade 1 - Age 12: N<br>
4892,Licensed Group,Happy Campers Osc - Dunford,948 Dunford Ave,,Victoria,V9B 2S3,48.445747,-123.512154,250-391-0909,,,N,N,N,N,N,N,N,N,N,N,N,N,N,N,N,N,N,,,N,N,N,N,N,N,N,N,N,N,N,2026-05-15,https://www.healthspace.ca/clients/viha/viha_website.nsf/CCFL-Main?OpenView,N,Y,N,Happy Campers Osc - Dunford<br>Licensed Group<br>250-391-0909<br><br>Vacancy:<br>&nbsp;&nbsp;&nbsp;&nbsp;<36 months: N<br>&nbsp;&nbsp;&nbsp;&nbsp;30 months -- 5 years: N<br>&nbsp;&nbsp;&nbsp;&nbsp;Preschool: N<br>&nbsp;&nbsp;&nbsp;&nbsp;Grade 1 - Age 12: N<br>
4893,Licensed Group,Shining Star Child Care Centre,4409 Gertrude St,,Port Alberni,V9Y 6J7,49.256494,-124.808632,250-724-9699,,,N,N,N,N,N,N,N,N,N,N,N,N,N,N,N,N,N,,,N,N,N,N,N,N,N,N,Y,Y,Y,2026-05-15,https://www.healthspace.ca/clients/viha/viha_website.nsf/CCFL-Main?OpenView,N,Y,N,Shining Star Child Care Centre<br>Licensed Group<br>250-724-9699<br><br>Vacancy:<br>&nbsp;&nbsp;&nbsp;&nbsp;<36 months: N<br>&nbsp;&nbsp;&nbsp;&nbsp;30 months -- 5 years: Y<br>&nbsp;&nbsp;&nbsp;&nbsp;Preschool: Y<br>&nbsp;&nbsp;&nbsp;&nbsp;Grade 1 - Age 12: Y<br>
4894,Licensed Family,Tiny Treasures Family Childcare,5241 Miller Rd,,Duncan,V9L 6R6,48.761697,-123.702138,250-746-0612,,,N,N,N,N,N,N,N,N,N,N,N,N,N,N,N,N,N,,,N,N,N,N,N,N,N,N,N,N,N,2026-05-15,https://www.healthspace.ca/clients/viha/viha_website.nsf/CCFL-Main?OpenView,N,Y,N,Tiny Treasures Family Childcare<br>Licensed Family<br>250-746-0612<br><br>Vacancy:<br>&nbsp;&nbsp;&nbsp;&nbsp;<36 months: N<br>&nbsp;&nbsp;&nbsp;&nbsp;30 months -- 5 years: N<br>&nbsp;&nbsp;&nbsp;&nbsp;Preschool: N<br>&nbsp;&nbsp;&nbsp;&nbsp;Grade 1 - Age 12: N<br>
4895,Licensed Group,Almosthome Luxton,1040 Marwood Ave,,Victoria,V9C 3C4,48.429899,-123.53253,250-590-7666,,,N,N,N,N,N,N,N,N,N,N,N,N,N,N,N,N,N,,,N,N,N,N,N,N,N,Y,Y,N,N,2026-04-29,https://www.healthspace.ca/clients/viha/viha_website.nsf/CCFL-Main?OpenView,N,Y,N,Almosthome Luxton<br>Licensed Group<br>250-590-7666<br><br>Vacancy:<br>&nbsp;&nbsp;&nbsp;&nbsp;<36 months: Y<br>&nbsp;&nbsp;&nbsp;&nbsp;30 months -- 5 years: Y<br>&nbsp;&nbsp;&nbsp;&nbsp;Preschool: N<br>&nbsp;&nbsp;&nbsp;&nbsp;Grade 1 - Age 12: N<br>
4896,Licensed Group,Mum's Montessori Child Care Inc.,530 12Th St E,,North Vancouver,V7L 2K4,49.319092,-123.058651,604-986-1016,,,N,N,N,N,N,N,N,N,N,N,N,N,N,N,N,N,N,,,N,N,N,N,N,N,N,N,Y,N,N,2026-05-17,https://inspections.vcha.ca/ChildCare/Table,N,Y,N,Mum's Montessori Child Care Inc.<br>Licensed Group<br>604-986-1016<br><br>Vacancy:<br>&nbsp;&nbsp;&nbsp;&nbsp;<36 months: N<br>&nbsp;&nbsp;&nbsp;&nbsp;30 months -- 5 years: Y<br>&nbsp;&nbsp;&nbsp;&nbsp;Preschool: N<br>&nbsp;&nbsp;&nbsp;&nbsp;Grade 1 - Age 12: N<br>
4897,Licensed Group,Don Christian Recreation Centre,6220 184Th St,,Surrey,V3S 8E6,49.115366,-122.712288,604-598-7967,,,N,N,N,N,N,N,N,N,N,N,N,N,N,N,N,N,N,,,N,N,N,N,N,N,N,N,N,Y,N,2026-04-30,http://www.healthspace.ca/fha/childcare,N,Y,N,Don Christian Recreation Centre<br>Licensed Group<br>604-598-7967<br><br>Vacancy:<br>&nbsp;&nbsp;&nbsp;&nbsp;<36 months: N<br>&nbsp;&nbsp;&nbsp;&nbsp;30 months -- 5 years: N<br>&nbsp;&nbsp;&nbsp;&nbsp;Preschool: Y<br>&nbsp;&nbsp;&nbsp;&nbsp;Grade 1 - Age 12: N<br>
4898,Licensed Group,Teddy Bear Daycare,4335 Blackcomb Way,,Whistler,V8E 0X4,50.1177,-122.954052,604-938-7365,,,N,N,N,N,N,N,N,N,N,N,N,N,N,N,N,N,N,,,N,N,N,N,N,N,N,N,N,N,N,2026-04-16,https://inspections.vcha.ca/ChildCare/Table,N,Y,N,Teddy Bear Daycare<br>Licensed Group<br>604-938-7365<br><br>Vacancy:<br>&nbsp;&nbsp;&nbsp;&nbsp;<36 months: N<br>&nbsp;&nbsp;&nbsp;&nbsp;30 months -- 5 years: N<br>&nbsp;&nbsp;&nbsp;&nbsp;Preschool: N<br>&nbsp;&nbsp;&nbsp;&nbsp;Grade 1 - Age 12: N<br>
4899,Licensed Group,Just 4 Kidz,3965 Myers Frontage Rd,,Tappen,V0E 2X3,50.823567,-119.319539,250-517-0162,,,N,N,N,N,N,N,N,N,N,N,N,N,N,N,N,N,N,,,N,N,N,N,N,N,N,N,N,N,N,2026-05-15,https://hedgehogportal.interiorhealth.ca/ChildCare/Map,N,Y,N,Just 4 Kidz<br>Licensed Group<br>250-517-0162<br><br>Vacancy:<br>&nbsp;&nbsp;&nbsp;&nbsp;<36 months: N<br>&nbsp;&nbsp;&nbsp;&nbsp;30 months -- 5 years: N<br>&nbsp;&nbsp;&nbsp;&nbsp;Preschool: N<br>&nbsp;&nbsp;&nbsp;&nbsp;Grade 1 - Age 12: N<br>
4900,Licensed Group,Little Monsters Academy - Mountain View,4866 Fraser St,,Vancouver,V5V 4H5,49.240646,-123.089964,778-522-9406,,,N,N,N,N,N,N,N,N,N,N,N,N,N,N,N,N,N,,,N,N,N,N,N,N,N,N,N,N,N,2026-04-27,https://inspections.vcha.ca/ChildCare/Table,N,Y,N,Little Monsters Academy - Mountain View<br>Licensed Group<br>778-522-9406<br><br>Vacancy:<br>&nbsp;&nbsp;&nbsp;&nbsp;<36 months: N<br>&nbsp;&nbsp;&nbsp;&nbsp;30 months -- 5 years: N<br>&nbsp;&nbsp;&nbsp;&nbsp;Preschool: N<br>&nbsp;&nbsp;&nbsp;&nbsp;Grade 1 - Age 12: N<br>
4901,Licensed Family,Greenways Licensed Child Care Center,570 21St St W,,North Vancouver,V7M 1Z7,49.32874,-123.08843,604-971-3638,,,N,N,N,N,N,N,N,N,N,N,N,N,N,N,N,N,N,,,N,N,N,N,N,N,N,N,Y,N,Y,2026-04-28,https://inspections.vcha.ca/ChildCare/Table,N,Y,N,Greenways Licensed Child Care Center<br>Licensed Family<br>604-971-3638<br><br>Vacancy:<br>&nbsp;&nbsp;&nbsp;&nbsp;<36 months: N<br>&nbsp;&nbsp;&nbsp;&nbsp;30 months -- 5 years: Y<br>&nbsp;&nbsp;&nbsp;&nbsp;Preschool: N<br>&nbsp;&nbsp;&nbsp;&nbsp;Grade 1 - Age 12: Y<br>
4902,Licensed Family,Future Step Child Care,8631 St. Albans Rd,,Richmond,V6Y 2L2,49.15191,-123.131317,604-780-7528,,,N,N,N,N,N,N,N,N,N,N,N,N,N,N,N,N,N,,,N,N,N,N,N,N,N,Y,Y,N,N,2026-05-01,https://inspections.vcha.ca/ChildCare/Table,N,Y,N,Future Step Child Care<br>Licensed Family<br>604-780-7528<br><br>Vacancy:<br>&nbsp;&nbsp;&nbsp;&nbsp;<36 months: Y<br>&nbsp;&nbsp;&nbsp;&nbsp;30 months -- 5 years: Y<br>&nbsp;&nbsp;&nbsp;&nbsp;Preschool: N<br>&nbsp;&nbsp;&nbsp;&nbsp;Grade 1 - Age 12: N<br>
4903,Licensed Group,Peaceful Bilingual Early Learning Centre,7360 Bridge St,,Richmond,V6Y 2S7,49.159513,-123.116646,604-998-7827,,,N,N,N,N,N,N,N,N,N,N,N,N,N,N,N,N,N,,,N,N,N,N,N,N,N,N,Y,N,N,2026-05-20,https://inspections.vcha.ca/ChildCare/Table,N,Y,N,Peaceful Bilingual Early Learning Centre<br>Licensed Group<br>604-998-7827<br><br>Vacancy:<br>&nbsp;&nbsp;&nbsp;&nbsp;<36 months: N<br>&nbsp;&nbsp;&nbsp;&nbsp;30 months -- 5 years: Y<br>&nbsp;&nbsp;&nbsp;&nbsp;Preschool: N<br>&nbsp;&nbsp;&nbsp;&nbsp;Grade 1 - Age 12: N<br>
4904,Licensed Family,Cloverdale Montessori School,18389 68 Ave,,Surrey,V3S 9C6,49.126047,-122.713073,604-575-8737,,,N,N,N,N,N,N,N,N,N,N,N,N,N,N,N,N,N,,,N,N,N,N,N,N,N,N,Y,N,Y,2026-04-27,http://www.healthspace.ca/fha/childcare,N,Y,N,Cloverdale Montessori School<br>Licensed Family<br>604-575-8737<br><br>Vacancy:<br>&nbsp;&nbsp;&nbsp;&nbsp;<36 months: N<br>&nbsp;&nbsp;&nbsp;&nbsp;30 months -- 5 years: Y<br>&nbsp;&nbsp;&nbsp;&nbsp;Preschool: N<br>&nbsp;&nbsp;&nbsp;&nbsp;Grade 1 - Age 12: Y<br>
4905,Licensed Family,Flowers Childcare,1763 Pitt River Rd,,Port Coquitlam,V3C 1P6,49.248573,-122.771505,778-883-7002,,,N,N,N,N,N,N,N,N,N,N,N,N,N,N,N,N,N,,,N,N,N,N,N,N,N,N,N,N,N,2026-05-18,http://www.healthspace.ca/fha/childcare,N,Y,N,Flowers Childcare<br>Licensed Family<br>778-883-7002<br><br>Vacancy:<br>&nbsp;&nbsp;&nbsp;&nbsp;<36 months: N<br>&nbsp;&nbsp;&nbsp;&nbsp;30 months -- 5 years: N<br>&nbsp;&nbsp;&nbsp;&nbsp;Preschool: N<br>&nbsp;&nbsp;&nbsp;&nbsp;Grade 1 - Age 12: N<br>
4906,Licensed Group,Gordon House Childcare,Gordon House Childcare,2104 Gordon Avenue,West Vancouver,V7V 4B9,49.332254,-123.170768,604-786-2577,,,N,N,N,N,N,N,N,N,N,N,N,N,N,N,N,N,N,,,N,N,N,N,N,N,N,N,N,Y,N,2026-05-15,https://inspections.vcha.ca/ChildCare/Table,N,Y,N,Gordon House Childcare<br>Licensed Group<br>604-786-2577<br><br>Vacancy:<br>&nbsp;&nbsp;&nbsp;&nbsp;<36 months: N<br>&nbsp;&nbsp;&nbsp;&nbsp;30 months -- 5 years: N<br>&nbsp;&nbsp;&nbsp;&nbsp;Preschool: Y<br>&nbsp;&nbsp;&nbsp;&nbsp;Grade 1 - Age 12: N<br>
4907,Licensed Group,Gordon House Childcare,2104 Gordon Ave,,West Vancouver,V7V 4B9,49.332559,-123.1678,604-786-2577,,,N,N,N,N,N,N,N,N,N,N,N,N,N,N,N,N,N,,,N,N,N,N,N,N,N,N,N,N,N,2026-05-15,https://inspections.vcha.ca/ChildCare/Table,N,Y,N,Gordon House Childcare<br>Licensed Group<br>604-786-2577<br><br>Vacancy:<br>&nbsp;&nbsp;&nbsp;&nbsp;<36 months: N<br>&nbsp;&nbsp;&nbsp;&nbsp;30 months -- 5 years: N<br>&nbsp;&nbsp;&nbsp;&nbsp;Preschool: N<br>&nbsp;&nbsp;&nbsp;&nbsp;Grade 1 - Age 12: N<br>
4908,Licensed Group,Suncrest Neighbourhood Care,3883 Rumble St,,Burnaby,V5J 1Z5,49.215363,-123.018002,604-431-0400,,,N,N,N,N,N,N,N,N,N,N,N,N,N,N,N,N,N,,,N,N,N,N,N,N,N,N,Y,N,Y,2026-05-14,http://www.healthspace.ca/fha/childcare,N,Y,N,Suncrest Neighbourhood Care<br>Licensed Group<br>604-431-0400<br><br>Vacancy:<br>&nbsp;&nbsp;&nbsp;&nbsp;<36 months: N<br>&nbsp;&nbsp;&nbsp;&nbsp;30 months -- 5 years: Y<br>&nbsp;&nbsp;&nbsp;&nbsp;Preschool: N<br>&nbsp;&nbsp;&nbsp;&nbsp;Grade 1 - Age 12: Y<br>
4909,Licensed Group,Academics Prekindergarten,15300 Croydon Dr,,Surrey,V3S 0Z5,49.05993,-122.798034,778-294-2646,,,N,N,N,N,N,N,N,N,N,N,N,N,N,N,N,N,N,,,N,N,N,N,N,N,N,Y,Y,N,N,2026-05-13,http://www.healthspace.ca/fha/childcare,N,Y,N,Academics Prekindergarten<br>Licensed Group<br>778-294-2646<br><br>Vacancy:<br>&nbsp;&nbsp;&nbsp;&nbsp;<36 months: Y<br>&nbsp;&nbsp;&nbsp;&nbsp;30 months -- 5 years: Y<br>&nbsp;&nbsp;&nbsp;&nbsp;Preschool: N<br>&nbsp;&nbsp;&nbsp;&nbsp;Grade 1 - Age 12: N<br>
4910,Licensed Group,Duncan Christian School Early Learning Program,495 Beech Ave,,Duncan,V9L 3J8,48.781169,-123.689682,250-746-3654,,,N,N,N,N,N,N,N,N,N,N,N,N,N,N,N,N,N,,,N,N,N,N,N,N,N,N,N,N,N,2026-05-01,https://www.healthspace.ca/clients/viha/viha_website.nsf/CCFL-Main?OpenView,N,Y,N,Duncan Christian School Early Learning Program<br>Licensed Group<br>250-746-3654<br><br>Vacancy:<br>&nbsp;&nbsp;&nbsp;&nbsp;<36 months: N<br>&nbsp;&nbsp;&nbsp;&nbsp;30 months -- 5 years: N<br>&nbsp;&nbsp;&nbsp;&nbsp;Preschool: N<br>&nbsp;&nbsp;&nbsp;&nbsp;Grade 1 - Age 12: N<br>
4911,Licensed Group,Tiny Wings Children's Centre,13047 24 Ave,,Surrey,V4A 2G2,49.045931,-122.860593,604-531-4718,,,N,N,N,N,N,N,N,N,N,N,N,N,N,N,N,N,N,,,N,N,N,N,N,N,N,N,N,N,N,2026-05-15,http://www.healthspace.ca/fha/childcare,N,Y,N,Tiny Wings Children's Centre<br>Licensed Group<br>604-531-4718<br><br>Vacancy:<br>&nbsp;&nbsp;&nbsp;&nbsp;<36 months: N<br>&nbsp;&nbsp;&nbsp;&nbsp;30 months -- 5 years: N<br>&nbsp;&nbsp;&nbsp;&nbsp;Preschool: N<br>&nbsp;&nbsp;&nbsp;&nbsp;Grade 1 - Age 12: N<br>
4912,Licensed Group,Westerman Preschool,7626 122Nd St,,Surrey,V3W 1H4,49.141658,-122.884378,604-598-7967,,,N,N,N,N,N,N,N,N,N,N,N,N,N,N,N,N,N,,,N,N,N,N,N,N,N,N,N,Y,N,2026-04-30,http://www.healthspace.ca/fha/childcare,N,Y,N,Westerman Preschool<br>Licensed Group<br>604-598-7967<br><br>Vacancy:<br>&nbsp;&nbsp;&nbsp;&nbsp;<36 months: N<br>&nbsp;&nbsp;&nbsp;&nbsp;30 months -- 5 years: N<br>&nbsp;&nbsp;&nbsp;&nbsp;Preschool: Y<br>&nbsp;&nbsp;&nbsp;&nbsp;Grade 1 - Age 12: N<br>
4913,Licensed Group,Bright Stars Childcare,16390 82 Ave,,Surrey,V4N 0N8,49.151707,-122.767991,604-710-9437,,,N,N,N,N,N,N,N,N,N,N,N,N,N,N,N,N,N,,,N,N,N,N,N,N,N,N,N,N,Y,2026-05-11,http://www.healthspace.ca/fha/childcare,N,Y,N,Bright Stars Childcare<br>Licensed Group<br>604-710-9437<br><br>Vacancy:<br>&nbsp;&nbsp;&nbsp;&nbsp;<36 months: N<br>&nbsp;&nbsp;&nbsp;&nbsp;30 months -- 5 years: N<br>&nbsp;&nbsp;&nbsp;&nbsp;Preschool: N<br>&nbsp;&nbsp;&nbsp;&nbsp;Grade 1 - Age 12: Y<br>
4914,Licensed Group,Canyon Springs Montessori School & Childcare Centre,2910 Walton Ave,,Coquitlam,V3B 2W3,49.289928,-122.800965,604-945-0566,,,N,N,N,N,N,N,N,N,N,N,N,N,N,N,N,N,N,,,N,N,N,N,N,N,N,N,Y,N,N,2026-05-11,http://www.healthspace.ca/fha/childcare,N,Y,N,Canyon Springs Montessori School & Childcare Centre<br>Licensed Group<br>604-945-0566<br><br>Vacancy:<br>&nbsp;&nbsp;&nbsp;&nbsp;<36 months: N<br>&nbsp;&nbsp;&nbsp;&nbsp;30 months -- 5 years: Y<br>&nbsp;&nbsp;&nbsp;&nbsp;Preschool: N<br>&nbsp;&nbsp;&nbsp;&nbsp;Grade 1 - Age 12: N<br>
4915,Licensed Family,Cuddle Bear Family Daycare,1055 Oxford St,,Kamloops,V2B 5L4,50.706935,-120.394039,250-319-0625,,,N,N,N,N,N,N,N,N,N,N,N,N,N,N,N,N,N,,,N,N,N,N,N,N,N,N,N,N,N,2026-05-14,https://hedgehogportal.interiorhealth.ca/ChildCare/Map,N,Y,N,Cuddle Bear Family Daycare<br>Licensed Family<br>250-319-0625<br><br>Vacancy:<br>&nbsp;&nbsp;&nbsp;&nbsp;<36 months: N<br>&nbsp;&nbsp;&nbsp;&nbsp;30 months -- 5 years: N<br>&nbsp;&nbsp;&nbsp;&nbsp;Preschool: N<br>&nbsp;&nbsp;&nbsp;&nbsp;Grade 1 - Age 12: N<br>
4916,Licensed Family,A & C Family Daycare,5382 Irving St,,Burnaby,V5H 1T9,49.225897,-122.986441,604-438-0537,,,N,N,N,N,N,N,N,N,N,N,N,N,N,N,N,N,N,,,N,N,N,N,N,N,N,N,N,N,N,2026-05-15,http://www.healthspace.ca/fha/childcare,N,Y,N,A & C Family Daycare<br>Licensed Family<br>604-438-0537<br><br>Vacancy:<br>&nbsp;&nbsp;&nbsp;&nbsp;<36 months: N<br>&nbsp;&nbsp;&nbsp;&nbsp;30 months -- 5 years: N<br>&nbsp;&nbsp;&nbsp;&nbsp;Preschool: N<br>&nbsp;&nbsp;&nbsp;&nbsp;Grade 1 - Age 12: N<br>
4917,Licensed Family,Smart Baby Family Child Care,22140 mclean Ave,,Richmond,V6V 2P3,49.173701,-122.976957,778-888-4862,,,N,N,N,N,N,N,N,N,N,N,N,N,N,N,N,N,N,,,N,N,N,N,N,N,N,N,Y,N,N,2026-05-14,https://inspections.vcha.ca/ChildCare/Table,N,Y,N,Smart Baby Family Child Care<br>Licensed Family<br>778-888-4862<br><br>Vacancy:<br>&nbsp;&nbsp;&nbsp;&nbsp;<36 months: N<br>&nbsp;&nbsp;&nbsp;&nbsp;30 months -- 5 years: Y<br>&nbsp;&nbsp;&nbsp;&nbsp;Preschool: N<br>&nbsp;&nbsp;&nbsp;&nbsp;Grade 1 - Age 12: N<br>
4918,Licensed Group,Bme ymca Out Of School Care,1650 Gallagher Rd,,Kelowna,V1P 1G7,49.867289,-119.349879,250-764-9621,,,N,N,N,N,N,N,N,N,N,N,N,N,N,N,N,N,N,,,N,N,N,N,N,N,N,N,N,N,N,2026-04-28,https://hedgehogportal.interiorhealth.ca/ChildCare/Map,N,N,N,Bme ymca Out Of School Care<br>Licensed Group<br>250-764-9621<br><br>Vacancy:<br>&nbsp;&nbsp;&nbsp;&nbsp;<36 months: N<br>&nbsp;&nbsp;&nbsp;&nbsp;30 months -- 5 years: N<br>&nbsp;&nbsp;&nbsp;&nbsp;Preschool: N<br>&nbsp;&nbsp;&nbsp;&nbsp;Grade 1 - Age 12: N<br>
4919,Licensed Group,Barnhartvale Neighbourhood Boys & Girls Club,5990 Todd Rd,,Kamloops,V2C 5B7,50.649153,-120.165866,250-554-5437,,,N,N,N,N,N,N,N,N,N,N,N,N,N,N,N,N,N,Not offered,Not offered,N,N,N,N,N,N,N,N,N,N,N,2026-05-21,https://hedgehogportal.interiorhealth.ca/ChildCare/Map,N,Y,N,Barnhartvale Neighbourhood Boys & Girls Club<br>Licensed Group<br>250-554-5437<br><br>Vacancy:<br>&nbsp;&nbsp;&nbsp;&nbsp;<36 months: N<br>&nbsp;&nbsp;&nbsp;&nbsp;30 months -- 5 years: N<br>&nbsp;&nbsp;&nbsp;&nbsp;Preschool: N<br>&nbsp;&nbsp;&nbsp;&nbsp;Grade 1 - Age 12: N<br>
4920,Licensed Family,Abba Family Child Care,1769 61St Ave E,,Vancouver,V5P 2J7,49.214805,-123.071092,604-723-3976,,,N,N,N,N,N,N,N,N,N,N,N,N,N,N,N,N,N,,,N,N,N,N,N,N,N,N,N,N,N,2026-05-20,https://inspections.vcha.ca/ChildCare/Table,N,Y,N,Abba Family Child Care<br>Licensed Family<br>604-723-3976<br><br>Vacancy:<br>&nbsp;&nbsp;&nbsp;&nbsp;<36 months: N<br>&nbsp;&nbsp;&nbsp;&nbsp;30 months -- 5 years: N<br>&nbsp;&nbsp;&nbsp;&nbsp;Preschool: N<br>&nbsp;&nbsp;&nbsp;&nbsp;Grade 1 - Age 12: N<br>
4921,Licensed Family,Gentle Rain Family Child Care,3618 Forest Ave,,Prince George,V2N 3Z5,53.895907,-122.78967,250-561-7015,,,N,N,N,N,N,N,N,N,N,N,N,N,N,N,N,N,N,,,N,N,N,N,N,N,N,N,N,N,N,2026-05-11,https://www.healthspace.ca/Clients/NHA/NHA_Website.nsf/CCFL-Frameset,N,Y,N,Gentle Rain Family Child Care<br>Licensed Family<br>250-561-7015<br><br>Vacancy:<br>&nbsp;&nbsp;&nbsp;&nbsp;<36 months: N<br>&nbsp;&nbsp;&nbsp;&nbsp;30 months -- 5 years: N<br>&nbsp;&nbsp;&nbsp;&nbsp;Preschool: N<br>&nbsp;&nbsp;&nbsp;&nbsp;Grade 1 - Age 12: N<br>
4922,Licensed Group,Guildford Childcare Centre,10553 148Th St,,Surrey,V3R 3X7,49.194232,-122.812716,778-386-3501,,,N,N,N,N,N,N,N,N,N,N,N,N,N,N,N,N,N,,,N,N,N,N,N,N,N,N,Y,Y,N,2026-05-15,http://www.healthspace.ca/fha/childcare,N,Y,N,Guildford Childcare Centre<br>Licensed Group<br>778-386-3501<br><br>Vacancy:<br>&nbsp;&nbsp;&nbsp;&nbsp;<36 months: N<br>&nbsp;&nbsp;&nbsp;&nbsp;30 months -- 5 years: Y<br>&nbsp;&nbsp;&nbsp;&nbsp;Preschool: Y<br>&nbsp;&nbsp;&nbsp;&nbsp;Grade 1 - Age 12: N<br>
4923,Licensed Group,Little Blue Early Learning Centre,324 Fulford Ganges Rd,,Salt Spring Island,V8K 2K6,48.845066,-123.499199,250-221-2583,,,N,N,N,N,N,N,N,N,N,N,N,N,N,N,N,N,N,,,N,N,N,N,N,N,N,N,N,N,N,2026-05-17,https://www.healthspace.ca/clients/viha/viha_website.nsf/CCFL-Main?OpenView,N,Y,N,Little Blue Early Learning Centre<br>Licensed Group<br>250-221-2583<br><br>Vacancy:<br>&nbsp;&nbsp;&nbsp;&nbsp;<36 months: N<br>&nbsp;&nbsp;&nbsp;&nbsp;30 months -- 5 years: N<br>&nbsp;&nbsp;&nbsp;&nbsp;Preschool: N<br>&nbsp;&nbsp;&nbsp;&nbsp;Grade 1 - Age 12: N<br>
4924,Licensed Group,Hellokids Childcare Centre,1020 Ridgeway Ave,,Coquitlam,V3J 1S5,49.249643,-122.864713,604-261-9713,,,N,N,N,N,N,N,N,N,N,N,N,N,N,N,N,N,N,,,N,N,N,N,N,N,N,N,N,N,N,2026-05-11,http://www.healthspace.ca/fha/childcare,N,Y,N,Hellokids Childcare Centre<br>Licensed Group<br>604-261-9713<br><br>Vacancy:<br>&nbsp;&nbsp;&nbsp;&nbsp;<36 months: N<br>&nbsp;&nbsp;&nbsp;&nbsp;30 months -- 5 years: N<br>&nbsp;&nbsp;&nbsp;&nbsp;Preschool: N<br>&nbsp;&nbsp;&nbsp;&nbsp;Grade 1 - Age 12: N<br>
4925,Licensed Group,Core Education & Fine Arts (3-5 Gdc),2946 Commercial Dr,,Vancouver,V5N 4C9,49.258109,-123.069456,604-879-2332,,,N,N,N,N,N,N,N,N,N,N,N,N,N,N,N,N,N,,,N,N,N,N,N,N,N,N,N,N,N,2026-05-14,https://inspections.vcha.ca/ChildCare/Table,N,Y,N,Core Education & Fine Arts (3-5 Gdc)<br>Licensed Group<br>604-879-2332<br><br>Vacancy:<br>&nbsp;&nbsp;&nbsp;&nbsp;<36 months: N<br>&nbsp;&nbsp;&nbsp;&nbsp;30 months -- 5 years: N<br>&nbsp;&nbsp;&nbsp;&nbsp;Preschool: N<br>&nbsp;&nbsp;&nbsp;&nbsp;Grade 1 - Age 12: N<br>
4926,Licensed Group,Circle Of Friends,140-8279 Saba Rd,,Richmond,V6Y 4B6,49.169216,-123.13238,604-233-8910,,,N,N,N,N,N,N,N,N,N,N,N,N,N,N,N,N,N,,,N,N,N,N,N,N,N,N,N,Y,N,2026-04-28,https://inspections.vcha.ca/ChildCare/Table,N,Y,N,Circle Of Friends<br>Licensed Group<br>604-233-8910<br><br>Vacancy:<br>&nbsp;&nbsp;&nbsp;&nbsp;<36 months: N<br>&nbsp;&nbsp;&nbsp;&nbsp;30 months -- 5 years: N<br>&nbsp;&nbsp;&nbsp;&nbsp;Preschool: Y<br>&nbsp;&nbsp;&nbsp;&nbsp;Grade 1 - Age 12: N<br>
4927,Licensed Family,Little Stars Daycare,6026 Brantford Ave,,Burnaby,V5E 2R7,49.229155,-122.967365,604-430-9734,,,N,N,N,N,N,N,N,N,N,N,N,N,N,N,N,N,N,,,N,N,N,N,N,N,N,Y,N,N,N,2026-05-21,http://www.healthspace.ca/fha/childcare,N,Y,N,Little Stars Daycare<br>Licensed Family<br>604-430-9734<br><br>Vacancy:<br>&nbsp;&nbsp;&nbsp;&nbsp;<36 months: Y<br>&nbsp;&nbsp;&nbsp;&nbsp;30 months -- 5 years: N<br>&nbsp;&nbsp;&nbsp;&nbsp;Preschool: N<br>&nbsp;&nbsp;&nbsp;&nbsp;Grade 1 - Age 12: N<br>
4928,Licensed Group,Crayon Box Learning Center,160-10811 No. 4 Rd,,Richmond,V7A 2Z5,49.133904,-123.114952,604-275-2332,,,N,N,N,N,N,N,N,N,N,N,N,N,N,N,N,N,N,,,N,N,N,N,N,N,N,N,Y,N,N,2026-05-15,https://inspections.vcha.ca/ChildCare/Table,N,Y,N,Crayon Box Learning Center<br>Licensed Group<br>604-275-2332<br><br>Vacancy:<br>&nbsp;&nbsp;&nbsp;&nbsp;<36 months: N<br>&nbsp;&nbsp;&nbsp;&nbsp;30 months -- 5 years: Y<br>&nbsp;&nbsp;&nbsp;&nbsp;Preschool: N<br>&nbsp;&nbsp;&nbsp;&nbsp;Grade 1 - Age 12: N<br>
4929,Licensed Group,Crayon Box Learning Center Inc.,160-10811 No. 4 Rd,,Richmond,V7A 2Z5,49.133904,-123.114952,604-275-2332,,,N,N,N,N,N,N,N,N,N,N,N,N,N,N,N,N,N,,,N,N,N,N,N,N,N,N,N,N,N,2026-05-15,https://inspections.vcha.ca/ChildCare/Table,N,Y,N,Crayon Box Learning Center Inc.<br>Licensed Group<br>604-275-2332<br><br>Vacancy:<br>&nbsp;&nbsp;&nbsp;&nbsp;<36 months: N<br>&nbsp;&nbsp;&nbsp;&nbsp;30 months -- 5 years: N<br>&nbsp;&nbsp;&nbsp;&nbsp;Preschool: N<br>&nbsp;&nbsp;&nbsp;&nbsp;Grade 1 - Age 12: N<br>
4930,Licensed Family,Little Stars Daycare Centre,6150 150B St,,Surrey,V3S 7W9,49.114361,-122.804143,604-592-2526,,,N,N,N,N,N,N,N,N,N,N,N,N,N,N,N,N,N,,,N,N,N,N,N,N,N,N,N,N,N,2026-05-01,http://www.healthspace.ca/fha/childcare,N,Y,N,Little Stars Daycare Centre<br>Licensed Family<br>604-592-2526<br><br>Vacancy:<br>&nbsp;&nbsp;&nbsp;&nbsp;<36 months: N<br>&nbsp;&nbsp;&nbsp;&nbsp;30 months -- 5 years: N<br>&nbsp;&nbsp;&nbsp;&nbsp;Preschool: N<br>&nbsp;&nbsp;&nbsp;&nbsp;Grade 1 - Age 12: N<br>
4931,Licensed Group,Wee Saints School Age,17475 59 Ave,,Surrey,V3S 1P3,49.109769,-122.739205,604-574-4363,,,N,N,N,N,N,N,N,N,N,N,N,N,N,N,N,N,N,,,N,N,N,N,N,N,N,N,N,N,N,2026-05-04,http://www.healthspace.ca/fha/childcare,N,Y,N,Wee Saints School Age<br>Licensed Group<br>604-574-4363<br><br>Vacancy:<br>&nbsp;&nbsp;&nbsp;&nbsp;<36 months: N<br>&nbsp;&nbsp;&nbsp;&nbsp;30 months -- 5 years: N<br>&nbsp;&nbsp;&nbsp;&nbsp;Preschool: N<br>&nbsp;&nbsp;&nbsp;&nbsp;Grade 1 - Age 12: N<br>
4932,Licensed Group,Curiosity Grove - Walnut Grove,8889 Walnut Grove Dr,,Langley,V1M 2N7,49.163342,-122.641827,604-532-3540,,,N,N,N,N,N,N,N,N,N,N,N,N,N,N,N,N,N,,,N,N,N,N,N,N,N,N,N,Y,N,2026-04-30,http://www.healthspace.ca/fha/childcare,N,Y,N,Curiosity Grove - Walnut Grove<br>Licensed Group<br>604-532-3540<br><br>Vacancy:<br>&nbsp;&nbsp;&nbsp;&nbsp;<36 months: N<br>&nbsp;&nbsp;&nbsp;&nbsp;30 months -- 5 years: N<br>&nbsp;&nbsp;&nbsp;&nbsp;Preschool: Y<br>&nbsp;&nbsp;&nbsp;&nbsp;Grade 1 - Age 12: N<br>
4933,Licensed Group,Little Wise Ones Preschool,22200 Fraser Hwy,,Langley,V3A 7T2,49.090681,-122.609865,604-533-6173,,,N,N,N,N,N,N,N,N,N,N,N,N,N,N,N,N,N,,,N,N,N,N,N,N,N,N,N,Y,N,2026-04-30,http://www.healthspace.ca/fha/childcare,N,Y,N,Little Wise Ones Preschool<br>Licensed Group<br>604-533-6173<br><br>Vacancy:<br>&nbsp;&nbsp;&nbsp;&nbsp;<36 months: N<br>&nbsp;&nbsp;&nbsp;&nbsp;30 months -- 5 years: N<br>&nbsp;&nbsp;&nbsp;&nbsp;Preschool: Y<br>&nbsp;&nbsp;&nbsp;&nbsp;Grade 1 - Age 12: N<br>
4934,Licensed Group,The Good Shepherd Daycare,1320 Johnson St,,Coquitlam,V3B 4T5,49.292291,-122.801427,604-537-8100,,,N,N,N,N,N,N,N,N,N,N,N,N,N,N,N,N,N,,,N,N,N,N,N,N,N,N,Y,N,N,2026-05-01,http://www.healthspace.ca/fha/childcare,N,Y,N,The Good Shepherd Daycare<br>Licensed Group<br>604-537-8100<br><br>Vacancy:<br>&nbsp;&nbsp;&nbsp;&nbsp;<36 months: N<br>&nbsp;&nbsp;&nbsp;&nbsp;30 months -- 5 years: Y<br>&nbsp;&nbsp;&nbsp;&nbsp;Preschool: N<br>&nbsp;&nbsp;&nbsp;&nbsp;Grade 1 - Age 12: N<br>
4935,Licensed Group,The Beautiful Montessori Daycare,104-3242 Westwood St,,Port Coquitlam,V3C 3L8,49.270638,-122.790137,604-464-2202,,,N,N,N,N,N,N,N,N,N,N,N,N,N,N,N,N,N,,,N,N,N,N,N,N,N,Y,Y,N,N,2026-05-15,http://www.healthspace.ca/fha/childcare,N,Y,N,The Beautiful Montessori Daycare<br>Licensed Group<br>604-464-2202<br><br>Vacancy:<br>&nbsp;&nbsp;&nbsp;&nbsp;<36 months: Y<br>&nbsp;&nbsp;&nbsp;&nbsp;30 months -- 5 years: Y<br>&nbsp;&nbsp;&nbsp;&nbsp;Preschool: N<br>&nbsp;&nbsp;&nbsp;&nbsp;Grade 1 - Age 12: N<br>
4936,Licensed Family,Sunshine Hills Family Daycare,6733 Nicholson Rd,,Delta,V4E 2T2,49.125336,-122.895262,604-908-2549,,,N,N,N,N,N,N,N,N,N,N,N,N,N,N,N,N,N,,,N,N,N,N,N,N,N,N,N,N,N,2026-05-19,http://www.healthspace.ca/fha/childcare,N,Y,N,Sunshine Hills Family Daycare<br>Licensed Family<br>604-908-2549<br><br>Vacancy:<br>&nbsp;&nbsp;&nbsp;&nbsp;<36 months: N<br>&nbsp;&nbsp;&nbsp;&nbsp;30 months -- 5 years: N<br>&nbsp;&nbsp;&nbsp;&nbsp;Preschool: N<br>&nbsp;&nbsp;&nbsp;&nbsp;Grade 1 - Age 12: N<br>
4937,Licensed Group,Maple Bay's Rising Stars After School Care,1500 Donnay Dr,,Duncan,V9L 5R4,48.798462,-123.639441,250-701-2906,,,N,N,N,N,N,N,N,N,N,N,N,N,N,N,N,N,N,,,N,N,N,N,N,N,N,N,N,N,N,2026-04-29,https://www.healthspace.ca/clients/viha/viha_website.nsf/CCFL-Main?OpenView,N,Y,N,Maple Bay's Rising Stars After School Care<br>Licensed Group<br>250-701-2906<br><br>Vacancy:<br>&nbsp;&nbsp;&nbsp;&nbsp;<36 months: N<br>&nbsp;&nbsp;&nbsp;&nbsp;30 months -- 5 years: N<br>&nbsp;&nbsp;&nbsp;&nbsp;Preschool: N<br>&nbsp;&nbsp;&nbsp;&nbsp;Grade 1 - Age 12: N<br>
4938,Licensed Group,Play And Learn Childcare,365 Cedar St,,100 Mile House,V0K 2E0,51.643113,-121.293856,250-395-3837,,,N,N,N,N,N,N,N,N,N,N,N,N,N,N,N,N,N,,,N,N,N,N,N,N,N,N,N,N,N,2026-05-15,https://hedgehogportal.interiorhealth.ca/ChildCare/Map,N,Y,N,Play And Learn Childcare<br>Licensed Group<br>250-395-3837<br><br>Vacancy:<br>&nbsp;&nbsp;&nbsp;&nbsp;<36 months: N<br>&nbsp;&nbsp;&nbsp;&nbsp;30 months -- 5 years: N<br>&nbsp;&nbsp;&nbsp;&nbsp;Preschool: N<br>&nbsp;&nbsp;&nbsp;&nbsp;Grade 1 - Age 12: N<br>
4939,Licensed Group,Olive Grove Childcare,1070 Lynn Valley Rd,,North Vancouver,V7J 1Z8,49.334151,-123.044733,604-982-5871,,,N,N,N,N,N,N,N,N,N,N,N,N,N,N,N,N,N,,,N,N,N,N,N,N,N,N,N,N,N,2026-05-16,https://inspections.vcha.ca/ChildCare/Table,N,Y,Y,Olive Grove Childcare<br>Licensed Group<br>604-982-5871<br><br>Vacancy:<br>&nbsp;&nbsp;&nbsp;&nbsp;<36 months: N<br>&nbsp;&nbsp;&nbsp;&nbsp;30 months -- 5 years: N<br>&nbsp;&nbsp;&nbsp;&nbsp;Preschool: N<br>&nbsp;&nbsp;&nbsp;&nbsp;Grade 1 - Age 12: N<br>
4940,Licensed Family,Brackenwood Children's Centre,2375 Brackenwood Pl,,Nanaimo,V9T 4J2,49.197952,-124.002018,250-713-2500,,,N,N,N,N,N,N,N,N,N,N,N,N,N,N,N,N,N,,,N,N,N,N,N,N,N,N,Y,N,N,2026-05-15,https://www.healthspace.ca/clients/viha/viha_website.nsf/CCFL-Main?OpenView,N,Y,N,Brackenwood Children's Centre<br>Licensed Family<br>250-713-2500<br><br>Vacancy:<br>&nbsp;&nbsp;&nbsp;&nbsp;<36 months: N<br>&nbsp;&nbsp;&nbsp;&nbsp;30 months -- 5 years: Y<br>&nbsp;&nbsp;&nbsp;&nbsp;Preschool: N<br>&nbsp;&nbsp;&nbsp;&nbsp;Grade 1 - Age 12: N<br>
4941,Licensed Group,Discovery Kids Club,2460 Auto Road Se,,Salmon Arm,V1E 1K5,50.694431,-119.256788,250-832-0779,,,N,N,N,N,N,N,N,N,N,N,N,N,N,N,N,N,N,,,N,N,N,N,N,N,N,N,Y,N,N,2026-05-01,https://hedgehogportal.interiorhealth.ca/ChildCare/Map,N,Y,N,Discovery Kids Club<br>Licensed Group<br>250-832-0779<br><br>Vacancy:<br>&nbsp;&nbsp;&nbsp;&nbsp;<36 months: N<br>&nbsp;&nbsp;&nbsp;&nbsp;30 months -- 5 years: Y<br>&nbsp;&nbsp;&nbsp;&nbsp;Preschool: N<br>&nbsp;&nbsp;&nbsp;&nbsp;Grade 1 - Age 12: N<br>
4942,Licensed Group,Spare Time Connection,315 23Rd Ave E,,Vancouver,V5V 1X6,49.250675,-123.09768,604-875-1818,,,N,N,N,N,N,N,N,N,N,N,N,N,N,N,N,N,N,,,N,N,N,N,N,N,N,N,N,N,N,2026-05-07,,N,Y,N,Spare Time Connection<br>Licensed Group<br>604-875-1818<br><br>Vacancy:<br>&nbsp;&nbsp;&nbsp;&nbsp;<36 months: N<br>&nbsp;&nbsp;&nbsp;&nbsp;30 months -- 5 years: N<br>&nbsp;&nbsp;&nbsp;&nbsp;Preschool: N<br>&nbsp;&nbsp;&nbsp;&nbsp;Grade 1 - Age 12: N<br>
4943,Licensed Group,Euphoria Child Care,3292 First St,,Cumberland,V0R 1S0,49.620249,-125.03139,250-702-2979,,,N,N,N,N,N,N,N,N,N,N,N,N,N,N,N,N,N,,,N,N,N,N,N,N,N,N,N,Y,Y,2026-05-15,https://www.healthspace.ca/clients/viha/viha_website.nsf/CCFL-Main?OpenView,N,Y,N,Euphoria Child Care<br>Licensed Group<br>250-702-2979<br><br>Vacancy:<br>&nbsp;&nbsp;&nbsp;&nbsp;<36 months: N<br>&nbsp;&nbsp;&nbsp;&nbsp;30 months -- 5 years: N<br>&nbsp;&nbsp;&nbsp;&nbsp;Preschool: Y<br>&nbsp;&nbsp;&nbsp;&nbsp;Grade 1 - Age 12: Y<br>
4944,Licensed Group,Happy Valley Montessori Children Centre Inc.,6091 Udy Rd,,Richmond,V7C 2X8,49.160474,-123.158131,604-897-3088,,,N,N,N,N,N,N,N,N,N,N,N,N,N,N,N,N,N,,,N,N,N,N,N,N,N,Y,N,N,N,2026-05-15,https://inspections.vcha.ca/ChildCare/Table,N,Y,N,Happy Valley Montessori Children Centre Inc.<br>Licensed Group<br>604-897-3088<br><br>Vacancy:<br>&nbsp;&nbsp;&nbsp;&nbsp;<36 months: Y<br>&nbsp;&nbsp;&nbsp;&nbsp;30 months -- 5 years: N<br>&nbsp;&nbsp;&nbsp;&nbsp;Preschool: N<br>&nbsp;&nbsp;&nbsp;&nbsp;Grade 1 - Age 12: N<br>
4945,Licensed Group,Starlight Learning Centre (Fraser Hwy),27336 Fraser Hwy,,Aldergrove,V4W 3N5,49.057548,-122.466485,604-607-0463,,,N,N,N,N,N,N,N,N,N,N,N,N,N,N,N,N,N,,,N,N,N,N,N,N,N,N,N,N,N,2026-05-16,http://www.healthspace.ca/fha/childcare,N,Y,N,Starlight Learning Centre (Fraser Hwy)<br>Licensed Group<br>604-607-0463<br><br>Vacancy:<br>&nbsp;&nbsp;&nbsp;&nbsp;<36 months: N<br>&nbsp;&nbsp;&nbsp;&nbsp;30 months -- 5 years: N<br>&nbsp;&nbsp;&nbsp;&nbsp;Preschool: N<br>&nbsp;&nbsp;&nbsp;&nbsp;Grade 1 - Age 12: N<br>
4946,Licensed Family,Little Niblets Family Daycare,853 Faulkner Cres,,Prince George,V2M 5E1,53.915506,-122.809214,250-562-4419,,,N,N,N,N,N,N,N,N,N,N,N,N,N,N,N,N,N,,,N,N,N,N,N,N,N,N,N,N,N,2026-05-15,https://www.healthspace.ca/Clients/NHA/NHA_Website.nsf/CCFL-Frameset,N,Y,N,Little Niblets Family Daycare<br>Licensed Family<br>250-562-4419<br><br>Vacancy:<br>&nbsp;&nbsp;&nbsp;&nbsp;<36 months: N<br>&nbsp;&nbsp;&nbsp;&nbsp;30 months -- 5 years: N<br>&nbsp;&nbsp;&nbsp;&nbsp;Preschool: N<br>&nbsp;&nbsp;&nbsp;&nbsp;Grade 1 - Age 12: N<br>
4947,Licensed Family,Little Mountain Daycare,10148 Beaver Cres,,Chilliwack,V2P 7X4,49.186093,-121.923077,604-793-9378,,,N,N,N,N,N,N,N,N,N,N,N,N,N,N,N,N,N,,,N,N,N,N,N,N,N,Y,Y,N,N,2026-05-13,http://www.healthspace.ca/fha/childcare,N,Y,N,Little Mountain Daycare<br>Licensed Family<br>604-793-9378<br><br>Vacancy:<br>&nbsp;&nbsp;&nbsp;&nbsp;<36 months: Y<br>&nbsp;&nbsp;&nbsp;&nbsp;30 months -- 5 years: Y<br>&nbsp;&nbsp;&nbsp;&nbsp;Preschool: N<br>&nbsp;&nbsp;&nbsp;&nbsp;Grade 1 - Age 12: N<br>
4948,Licensed Family,Little Learners Child Care Centre,8596 167 St,,Surrey,V4N 5A5,49.158989,-122.759146,604-576-5638,,,,,,,,,,,,,,,,,,,,,,,,,,,,,,,,,,,Y,Y,N,Little Learners Child Care Centre<br>Licensed Family<br>604-576-5638<br><br>Vacancy:<br>&nbsp;&nbsp;&nbsp;&nbsp;<36 months: None<br>&nbsp;&nbsp;&nbsp;&nbsp;30 months -- 5 years: None<br>&nbsp;&nbsp;&nbsp;&nbsp;Preschool: None<br>&nbsp;&nbsp;&nbsp;&nbsp;Grade 1 - Age 12: None<br>
4949,Licensed Family,Jia Jia Family Daycare,3014 Delahaye Dr,,Coquitlam,V3B 6V8,49.292246,-122.794028,604-475-2663,,,N,N,N,N,N,N,N,N,N,N,N,N,N,N,N,N,N,,,N,N,N,N,N,N,N,N,Y,N,N,2026-05-14,http://www.healthspace.ca/fha/childcare,N,Y,N,Jia Jia Family Daycare<br>Licensed Family<br>604-475-2663<br><br>Vacancy:<br>&nbsp;&nbsp;&nbsp;&nbsp;<36 months: N<br>&nbsp;&nbsp;&nbsp;&nbsp;30 months -- 5 years: Y<br>&nbsp;&nbsp;&nbsp;&nbsp;Preschool: N<br>&nbsp;&nbsp;&nbsp;&nbsp;Grade 1 - Age 12: N<br>
4950,Licensed Family,Lil' Monkeys Family Childcare,3842 Hertford St,,Burnaby,V5G 2R4,49.238028,-123.019097,604-451-7571,,,N,N,N,N,N,N,N,N,N,N,N,N,N,N,N,N,N,,,N,N,N,N,N,N,N,N,N,N,N,2026-05-15,http://www.healthspace.ca/fha/childcare,N,Y,N,Lil' Monkeys Family Childcare<br>Licensed Family<br>604-451-7571<br><br>Vacancy:<br>&nbsp;&nbsp;&nbsp;&nbsp;<36 months: N<br>&nbsp;&nbsp;&nbsp;&nbsp;30 months -- 5 years: N<br>&nbsp;&nbsp;&nbsp;&nbsp;Preschool: N<br>&nbsp;&nbsp;&nbsp;&nbsp;Grade 1 - Age 12: N<br>
4951,Licensed Group,Ambleside Park Childcare,1093 Par Rd,,West Vancouver,V7V 1A5,49.324435,-123.146842,604-786-2577,,,N,N,N,N,N,N,N,N,N,N,N,N,N,N,N,N,N,,,N,N,N,N,N,N,N,Y,N,N,N,2026-05-15,https://inspections.vcha.ca/ChildCare/Table,N,Y,Y,Ambleside Park Childcare<br>Licensed Group<br>604-786-2577<br><br>Vacancy:<br>&nbsp;&nbsp;&nbsp;&nbsp;<36 months: Y<br>&nbsp;&nbsp;&nbsp;&nbsp;30 months -- 5 years: N<br>&nbsp;&nbsp;&nbsp;&nbsp;Preschool: N<br>&nbsp;&nbsp;&nbsp;&nbsp;Grade 1 - Age 12: N<br>
4952,Licensed Group,Ambleside Park Childcare,1093 Par Rd,,West Vancouver,V7V 1A5,49.324435,-123.146842,604-786-2577,,,N,N,N,N,N,N,N,N,N,N,N,N,N,N,N,N,N,,,N,N,N,N,N,N,N,N,N,N,N,2026-05-15,https://inspections.vcha.ca/ChildCare/Table,N,Y,Y,Ambleside Park Childcare<br>Licensed Group<br>604-786-2577<br><br>Vacancy:<br>&nbsp;&nbsp;&nbsp;&nbsp;<36 months: N<br>&nbsp;&nbsp;&nbsp;&nbsp;30 months -- 5 years: N<br>&nbsp;&nbsp;&nbsp;&nbsp;Preschool: N<br>&nbsp;&nbsp;&nbsp;&nbsp;Grade 1 - Age 12: N<br>
4953,Licensed Group,Peachland Preschool,5486 Clements Cres,,Peachland,V0H 1X5,49.785459,-119.716326,250-762-3914,,,N,N,N,N,N,N,N,N,N,N,N,N,N,N,N,N,N,,,N,N,N,N,N,N,N,N,Y,N,N,2026-05-15,https://hedgehogportal.interiorhealth.ca/ChildCare/Map,N,Y,N,Peachland Preschool<br>Licensed Group<br>250-762-3914<br><br>Vacancy:<br>&nbsp;&nbsp;&nbsp;&nbsp;<36 months: N<br>&nbsp;&nbsp;&nbsp;&nbsp;30 months -- 5 years: Y<br>&nbsp;&nbsp;&nbsp;&nbsp;Preschool: N<br>&nbsp;&nbsp;&nbsp;&nbsp;Grade 1 - Age 12: N<br>
4954,Licensed Group,Highroad Children's Centre,8860 Broadway,,Chilliwack,V2P 5W1,49.163146,-121.934556,604-792-4680,,,N,N,N,N,N,N,N,N,N,N,N,N,N,N,N,N,N,,,N,N,N,N,N,N,N,N,N,Y,N,2026-05-20,http://www.healthspace.ca/fha/childcare,N,Y,N,Highroad Children's Centre<br>Licensed Group<br>604-792-4680<br><br>Vacancy:<br>&nbsp;&nbsp;&nbsp;&nbsp;<36 months: N<br>&nbsp;&nbsp;&nbsp;&nbsp;30 months -- 5 years: N<br>&nbsp;&nbsp;&nbsp;&nbsp;Preschool: Y<br>&nbsp;&nbsp;&nbsp;&nbsp;Grade 1 - Age 12: N<br>
4955,Licensed Group,The Clubhouse At Bellevue Creek,4574 Raymer Rd,,Kelowna,V1W 1H9,49.817129,-119.479296,250-860-4393,,,N,N,N,N,N,N,N,N,N,N,N,N,N,N,N,N,N,,,N,N,N,N,N,N,N,N,N,N,N,2026-05-11,https://www.interiorhealth.ca/HedgehogPortal/facility/Table,N,Y,N,The Clubhouse At Bellevue Creek<br>Licensed Group<br>250-860-4393<br><br>Vacancy:<br>&nbsp;&nbsp;&nbsp;&nbsp;<36 months: N<br>&nbsp;&nbsp;&nbsp;&nbsp;30 months -- 5 years: N<br>&nbsp;&nbsp;&nbsp;&nbsp;Preschool: N<br>&nbsp;&nbsp;&nbsp;&nbsp;Grade 1 - Age 12: N<br>
4956,Licensed Group,Parasol - Early Years Learning 3,8205 Dallas Dr,,Kamloops,V2C 6X2,50.65619,-120.106174,236-996-4545,,,N,N,N,N,N,N,N,N,N,N,N,N,N,N,N,N,N,,,N,N,N,N,N,N,N,N,N,N,N,2026-04-18,https://hedgehogportal.interiorhealth.ca/ChildCare/Map,N,Y,N,Parasol - Early Years Learning 3<br>Licensed Group<br>236-996-4545<br><br>Vacancy:<br>&nbsp;&nbsp;&nbsp;&nbsp;<36 months: N<br>&nbsp;&nbsp;&nbsp;&nbsp;30 months -- 5 years: N<br>&nbsp;&nbsp;&nbsp;&nbsp;Preschool: N<br>&nbsp;&nbsp;&nbsp;&nbsp;Grade 1 - Age 12: N<br>
4957,Licensed Group,Westsyde Country Day Montessori Preschool & Kindergarten,2990 Westsyde Rd,,Kamloops,V2B 7E9,50.759362,-120.349202,250-579-2465,,,N,N,N,N,N,N,N,N,N,N,N,N,N,N,N,N,N,,,N,N,N,N,N,N,N,N,N,N,N,2026-05-05,https://hedgehogportal.interiorhealth.ca/ChildCare/Map,N,Y,N,Westsyde Country Day Montessori Preschool & Kindergarten<br>Licensed Group<br>250-579-2465<br><br>Vacancy:<br>&nbsp;&nbsp;&nbsp;&nbsp;<36 months: N<br>&nbsp;&nbsp;&nbsp;&nbsp;30 months -- 5 years: N<br>&nbsp;&nbsp;&nbsp;&nbsp;Preschool: N<br>&nbsp;&nbsp;&nbsp;&nbsp;Grade 1 - Age 12: N<br>
4958,Licensed Family,Honey Bee Academy Family Daycare,3772 Nicola St,,Abbotsford,V2T 4Z8,49.070569,-122.318733,604-744-9109,,,N,N,N,N,N,N,N,N,N,N,N,N,N,N,N,N,N,,,N,N,N,N,N,N,N,N,N,N,N,2026-04-30,http://www.healthspace.ca/fha/childcare,N,Y,N,Honey Bee Academy Family Daycare<br>Licensed Family<br>604-744-9109<br><br>Vacancy:<br>&nbsp;&nbsp;&nbsp;&nbsp;<36 months: N<br>&nbsp;&nbsp;&nbsp;&nbsp;30 months -- 5 years: N<br>&nbsp;&nbsp;&nbsp;&nbsp;Preschool: N<br>&nbsp;&nbsp;&nbsp;&nbsp;Grade 1 - Age 12: N<br>
4959,Licensed Group,Creative Beginnings Preschool,C - 1440 Hugh Allan Drive,,Kamloops,V1S 1L8,50.651853,-120.377866,250-319-8586,,,N,N,N,N,N,N,N,N,N,N,N,N,N,N,N,N,N,,,N,N,N,N,N,N,N,N,N,Y,N,2026-04-24,https://hedgehogportal.interiorhealth.ca/ChildCare/Map,N,Y,N,Creative Beginnings Preschool<br>Licensed Group<br>250-319-8586<br><br>Vacancy:<br>&nbsp;&nbsp;&nbsp;&nbsp;<36 months: N<br>&nbsp;&nbsp;&nbsp;&nbsp;30 months -- 5 years: N<br>&nbsp;&nbsp;&nbsp;&nbsp;Preschool: Y<br>&nbsp;&nbsp;&nbsp;&nbsp;Grade 1 - Age 12: N<br>
4960,Licensed Family,Kenagnes Family Child Care,534 49Th Ave E,,Vancouver,V5W 2G9,49.225253,-123.093476,778-329-2525,,,N,N,N,N,N,N,N,N,N,N,N,N,N,N,N,N,N,,,N,N,N,N,N,N,N,Y,Y,N,N,2026-05-10,https://inspections.vcha.ca/ChildCare/Table,N,Y,N,Kenagnes Family Child Care<br>Licensed Family<br>778-329-2525<br><br>Vacancy:<br>&nbsp;&nbsp;&nbsp;&nbsp;<36 months: Y<br>&nbsp;&nbsp;&nbsp;&nbsp;30 months -- 5 years: Y<br>&nbsp;&nbsp;&nbsp;&nbsp;Preschool: N<br>&nbsp;&nbsp;&nbsp;&nbsp;Grade 1 - Age 12: N<br>
4961,Licensed Group,The Clubhouse At Cottonwoods,2255 Ethel St,,Kelowna,V1Y 2Z9,49.874498,-119.481557,250-860-4393,,,N,N,N,N,N,N,N,N,N,N,N,N,N,N,N,N,N,,,N,N,N,N,N,N,N,N,N,N,N,2026-05-11,https://hedgehogportal.interiorhealth.ca/ChildCare/Map,N,Y,N,The Clubhouse At Cottonwoods<br>Licensed Group<br>250-860-4393<br><br>Vacancy:<br>&nbsp;&nbsp;&nbsp;&nbsp;<36 months: N<br>&nbsp;&nbsp;&nbsp;&nbsp;30 months -- 5 years: N<br>&nbsp;&nbsp;&nbsp;&nbsp;Preschool: N<br>&nbsp;&nbsp;&nbsp;&nbsp;Grade 1 - Age 12: N<br>
4962,Licensed Group,Webster Kindercare,395 Hwy 3B,,Trail,V1R 2G5,49.098881,-117.722685,250-368-3166,,,N,N,N,N,N,N,N,N,N,N,N,N,N,N,N,N,N,Not offered,Not offered,N,N,N,N,N,N,N,N,N,N,N,2026-05-21,https://hedgehogportal.interiorhealth.ca/ChildCare/Map,N,Y,N,Webster Kindercare<br>Licensed Group<br>250-368-3166<br><br>Vacancy:<br>&nbsp;&nbsp;&nbsp;&nbsp;<36 months: N<br>&nbsp;&nbsp;&nbsp;&nbsp;30 months -- 5 years: N<br>&nbsp;&nbsp;&nbsp;&nbsp;Preschool: N<br>&nbsp;&nbsp;&nbsp;&nbsp;Grade 1 - Age 12: N<br>
4963,Licensed Family,Tj Bear Daycare,220 Jupiter Rd,,Kelowna,V1X 5S3,49.880008,-119.389635,250-317-6185,,,Y,N,N,N,N,N,N,Y,N,N,N,N,N,N,N,N,N,Extra fee,Extra fee,N,N,N,N,N,N,N,Y,Y,N,N,2026-05-15,,N,Y,N,Tj Bear Daycare<br>Licensed Family<br>250-317-6185<br><br>Vacancy:<br>&nbsp;&nbsp;&nbsp;&nbsp;<36 months: Y<br>&nbsp;&nbsp;&nbsp;&nbsp;30 months -- 5 years: Y<br>&nbsp;&nbsp;&nbsp;&nbsp;Preschool: N<br>&nbsp;&nbsp;&nbsp;&nbsp;Grade 1 - Age 12: N<br>
4964,Licensed Group,Rise N Shine Childcare Center Inc.,16740 85 Ave,,Surrey,V4N 4W3,49.157022,-122.758172,604-779-1940,,,N,N,N,N,N,N,N,N,N,N,N,N,N,N,N,N,N,,,N,N,N,N,N,N,N,Y,Y,N,N,2026-05-18,http://www.healthspace.ca/fha/childcare,N,Y,N,Rise N Shine Childcare Center Inc.<br>Licensed Group<br>604-779-1940<br><br>Vacancy:<br>&nbsp;&nbsp;&nbsp;&nbsp;<36 months: Y<br>&nbsp;&nbsp;&nbsp;&nbsp;30 months -- 5 years: Y<br>&nbsp;&nbsp;&nbsp;&nbsp;Preschool: N<br>&nbsp;&nbsp;&nbsp;&nbsp;Grade 1 - Age 12: N<br>
4965,Licensed Group,Khalsa Child Care Centre,30640 Blueridge Dr,,Abbotsford,V2T 5W3,49.064794,-122.374949,604-594-0553,,,N,N,N,N,N,N,N,N,N,N,N,N,N,N,N,N,N,,,N,N,N,N,N,N,N,N,N,N,N,2026-05-07,http://www.healthspace.ca/fha/childcare,N,Y,N,Khalsa Child Care Centre<br>Licensed Group<br>604-594-0553<br><br>Vacancy:<br>&nbsp;&nbsp;&nbsp;&nbsp;<36 months: N<br>&nbsp;&nbsp;&nbsp;&nbsp;30 months -- 5 years: N<br>&nbsp;&nbsp;&nbsp;&nbsp;Preschool: N<br>&nbsp;&nbsp;&nbsp;&nbsp;Grade 1 - Age 12: N<br>
4966,Licensed Group,Jolly Giant Childcare Ltd. - Selby Location,436 Selby St,,Nanaimo,V9R 2R7,49.162577,-123.940136,250-754-8833,,,N,N,N,N,N,N,N,N,N,N,N,N,N,N,N,N,N,,,N,N,N,N,N,N,N,N,N,N,N,2026-05-15,https://www.healthspace.ca/clients/viha/viha_website.nsf/CCFL-Main?OpenView,N,Y,N,Jolly Giant Childcare Ltd. - Selby Location<br>Licensed Group<br>250-754-8833<br><br>Vacancy:<br>&nbsp;&nbsp;&nbsp;&nbsp;<36 months: N<br>&nbsp;&nbsp;&nbsp;&nbsp;30 months -- 5 years: N<br>&nbsp;&nbsp;&nbsp;&nbsp;Preschool: N<br>&nbsp;&nbsp;&nbsp;&nbsp;Grade 1 - Age 12: N<br>
4967,Licensed Family,Amanda's Angels,5428 Giscome Rd,,Prince George,V2N 6S7,53.89867,-122.64316,250-963-0044,,,N,N,N,N,N,N,N,N,N,N,N,N,N,N,N,N,N,,,N,N,N,N,N,N,N,N,N,N,N,2026-05-21,https://www.healthspace.ca/Clients/NHA/NHA_Website.nsf/CCFL-Frameset,N,Y,N,Amanda's Angels<br>Licensed Family<br>250-963-0044<br><br>Vacancy:<br>&nbsp;&nbsp;&nbsp;&nbsp;<36 months: N<br>&nbsp;&nbsp;&nbsp;&nbsp;30 months -- 5 years: N<br>&nbsp;&nbsp;&nbsp;&nbsp;Preschool: N<br>&nbsp;&nbsp;&nbsp;&nbsp;Grade 1 - Age 12: N<br>
4968,Licensed Group,Bgccvi - Syuwentct Club,2280 Sun Valley Dr,,Nanaimo,V9T 6P1,49.193417,-124.006599,250-616-7681,,,N,N,N,N,N,N,N,N,N,N,N,N,N,N,N,N,N,Not offered,Not offered,N,N,N,N,N,N,N,N,Y,N,Y,2026-05-15,https://www.healthspace.ca/clients/viha/viha_website.nsf/CCFL-Main?OpenView,N,Y,N,Bgccvi - Syuwentct Club<br>Licensed Group<br>250-616-7681<br><br>Vacancy:<br>&nbsp;&nbsp;&nbsp;&nbsp;<36 months: N<br>&nbsp;&nbsp;&nbsp;&nbsp;30 months -- 5 years: Y<br>&nbsp;&nbsp;&nbsp;&nbsp;Preschool: N<br>&nbsp;&nbsp;&nbsp;&nbsp;Grade 1 - Age 12: Y<br>
4969,Licensed Group,Chuck Bailey Preschool,13458 107A St,,Surrey,V3T 4B3,49.197186,-122.849782,604-598-7967,,,N,N,N,N,N,N,N,N,N,N,N,N,N,N,N,N,N,,,N,N,N,N,N,N,N,N,N,N,N,2026-04-30,http://www.healthspace.ca/fha/childcare,N,Y,N,Chuck Bailey Preschool<br>Licensed Group<br>604-598-7967<br><br>Vacancy:<br>&nbsp;&nbsp;&nbsp;&nbsp;<36 months: N<br>&nbsp;&nbsp;&nbsp;&nbsp;30 months -- 5 years: N<br>&nbsp;&nbsp;&nbsp;&nbsp;Preschool: N<br>&nbsp;&nbsp;&nbsp;&nbsp;Grade 1 - Age 12: N<br>
4970,Licensed Family,Durant Kids Center,1210 Durant Dr,,Coquitlam,V3B 6P7,49.287166,-122.805693,604-552-5775,,,N,N,N,N,N,N,N,N,N,N,N,N,N,N,N,N,N,,,N,N,N,N,N,N,N,Y,Y,N,N,2026-04-23,http://www.healthspace.ca/fha/childcare,N,Y,N,Durant Kids Center<br>Licensed Family<br>604-552-5775<br><br>Vacancy:<br>&nbsp;&nbsp;&nbsp;&nbsp;<36 months: Y<br>&nbsp;&nbsp;&nbsp;&nbsp;30 months -- 5 years: Y<br>&nbsp;&nbsp;&nbsp;&nbsp;Preschool: N<br>&nbsp;&nbsp;&nbsp;&nbsp;Grade 1 - Age 12: N<br>
4971,Licensed Group,The Maria Montessori School,8597 156 St,,Surrey,V3S 3R8,49.158972,-122.790394,604-597-0638,,,N,N,N,N,N,N,N,N,N,N,N,N,N,N,N,N,N,,,N,N,N,N,N,N,N,N,N,N,N,2026-05-02,http://www.healthspace.ca/fha/childcare,N,Y,N,The Maria Montessori School<br>Licensed Group<br>604-597-0638<br><br>Vacancy:<br>&nbsp;&nbsp;&nbsp;&nbsp;<36 months: N<br>&nbsp;&nbsp;&nbsp;&nbsp;30 months -- 5 years: N<br>&nbsp;&nbsp;&nbsp;&nbsp;Preschool: N<br>&nbsp;&nbsp;&nbsp;&nbsp;Grade 1 - Age 12: N<br>
4972,Licensed Group,Core Education & Fine Arts - Kingsway,4021 Kingsway,,Burnaby,V5H 1Y9,49.233263,-123.015456,604-719-4050,,,N,N,N,N,N,N,N,N,N,N,N,N,N,N,N,N,N,,,N,N,N,N,N,N,N,N,N,N,N,2026-05-14,http://www.healthspace.ca/fha/childcare,N,Y,N,Core Education & Fine Arts - Kingsway<br>Licensed Group<br>604-719-4050<br><br>Vacancy:<br>&nbsp;&nbsp;&nbsp;&nbsp;<36 months: N<br>&nbsp;&nbsp;&nbsp;&nbsp;30 months -- 5 years: N<br>&nbsp;&nbsp;&nbsp;&nbsp;Preschool: N<br>&nbsp;&nbsp;&nbsp;&nbsp;Grade 1 - Age 12: N<br>
4973,Licensed Group,Baby Panda Childcare Centre,6060 Redfern Cres,,Richmond,V7C 2V7,49.164259,-123.148992,604-295-9100,,,N,N,N,N,N,N,N,N,N,N,N,N,N,N,N,N,N,,,N,N,N,N,N,N,N,Y,N,N,N,2026-05-20,https://inspections.vcha.ca/ChildCare/Table,N,Y,N,Baby Panda Childcare Centre<br>Licensed Group<br>604-295-9100<br><br>Vacancy:<br>&nbsp;&nbsp;&nbsp;&nbsp;<36 months: Y<br>&nbsp;&nbsp;&nbsp;&nbsp;30 months -- 5 years: N<br>&nbsp;&nbsp;&nbsp;&nbsp;Preschool: N<br>&nbsp;&nbsp;&nbsp;&nbsp;Grade 1 - Age 12: N<br>
4974,Licensed Family,Kelly's Daycare,1797 Sloan Ave,,Prince Rupert,V8J 4B8,54.296024,-130.336875,250-627-8986,,,N,N,N,N,N,N,N,N,N,N,N,N,N,N,N,N,N,,,N,N,N,N,N,N,N,N,N,N,N,2026-05-15,https://www.healthspace.ca/Clients/NHA/NHA_Website.nsf/CCFL-Frameset,N,Y,N,Kelly's Daycare<br>Licensed Family<br>250-627-8986<br><br>Vacancy:<br>&nbsp;&nbsp;&nbsp;&nbsp;<36 months: N<br>&nbsp;&nbsp;&nbsp;&nbsp;30 months -- 5 years: N<br>&nbsp;&nbsp;&nbsp;&nbsp;Preschool: N<br>&nbsp;&nbsp;&nbsp;&nbsp;Grade 1 - Age 12: N<br>
4975,Licensed Family,Giggles Day Care,10861 Hollymount Dr,,Richmond,V7E 4Z3,49.134939,-123.164748,604-764-5157,,,N,N,N,N,N,N,N,N,N,N,N,N,N,N,N,N,N,,,N,N,N,N,N,N,N,N,N,N,N,2026-05-16,https://inspections.vcha.ca/ChildCare/Table,N,Y,N,Giggles Day Care<br>Licensed Family<br>604-764-5157<br><br>Vacancy:<br>&nbsp;&nbsp;&nbsp;&nbsp;<36 months: N<br>&nbsp;&nbsp;&nbsp;&nbsp;30 months -- 5 years: N<br>&nbsp;&nbsp;&nbsp;&nbsp;Preschool: N<br>&nbsp;&nbsp;&nbsp;&nbsp;Grade 1 - Age 12: N<br>
4976,Licensed Group,Lund Puddlejumpers Preschool,9656 Larson Rd,,Lund,V0N 2G0,49.979085,-124.756471,604-483-9000,,,N,N,N,N,N,N,N,N,N,N,N,N,N,N,N,N,N,,,N,N,N,N,N,N,N,N,N,Y,N,2026-05-18,https://inspections.vcha.ca/ChildCare/Table,N,Y,N,Lund Puddlejumpers Preschool<br>Licensed Group<br>604-483-9000<br><br>Vacancy:<br>&nbsp;&nbsp;&nbsp;&nbsp;<36 months: N<br>&nbsp;&nbsp;&nbsp;&nbsp;30 months -- 5 years: N<br>&nbsp;&nbsp;&nbsp;&nbsp;Preschool: Y<br>&nbsp;&nbsp;&nbsp;&nbsp;Grade 1 - Age 12: N<br>
4977,Licensed Group,Caring Hearts Child Care,1805 Aire Cres,,Port Coquitlam,V3C 2W6,49.249377,-122.778666,604-464-3399,,,N,N,N,N,N,N,N,N,N,N,N,N,N,N,N,N,N,,,N,N,N,N,N,N,N,Y,N,N,N,2026-04-20,http://www.healthspace.ca/fha/childcare,N,N,N,Caring Hearts Child Care<br>Licensed Group<br>604-464-3399<br><br>Vacancy:<br>&nbsp;&nbsp;&nbsp;&nbsp;<36 months: Y<br>&nbsp;&nbsp;&nbsp;&nbsp;30 months -- 5 years: N<br>&nbsp;&nbsp;&nbsp;&nbsp;Preschool: N<br>&nbsp;&nbsp;&nbsp;&nbsp;Grade 1 - Age 12: N<br>
4978,Licensed Group,Little Acorn Care Centre,2629 Victor St,,Victoria,V8R 4E3,48.437032,-123.336965,250-370-9103,,,N,N,N,N,N,N,N,N,N,N,N,N,N,N,N,N,N,,,N,N,N,N,N,N,N,N,N,N,N,2026-05-05,https://www.healthspace.ca/clients/viha/viha_website.nsf/CCFL-Main?OpenView,N,Y,N,Little Acorn Care Centre<br>Licensed Group<br>250-370-9103<br><br>Vacancy:<br>&nbsp;&nbsp;&nbsp;&nbsp;<36 months: N<br>&nbsp;&nbsp;&nbsp;&nbsp;30 months -- 5 years: N<br>&nbsp;&nbsp;&nbsp;&nbsp;Preschool: N<br>&nbsp;&nbsp;&nbsp;&nbsp;Grade 1 - Age 12: N<br>
4979,Licensed Group,Haney-Pitt Meadows Chistian School Association,12140 204B St,,Maple Ridge,V2X 2Z5,49.223307,-122.653413,604-465-4442,,,N,N,N,N,N,N,N,N,N,N,N,N,N,N,N,N,N,,,N,N,N,N,N,N,N,N,N,N,Y,2026-04-30,http://www.healthspace.ca/fha/childcare,N,Y,N,Haney-Pitt Meadows Chistian School Association<br>Licensed Group<br>604-465-4442<br><br>Vacancy:<br>&nbsp;&nbsp;&nbsp;&nbsp;<36 months: N<br>&nbsp;&nbsp;&nbsp;&nbsp;30 months -- 5 years: N<br>&nbsp;&nbsp;&nbsp;&nbsp;Preschool: N<br>&nbsp;&nbsp;&nbsp;&nbsp;Grade 1 - Age 12: Y<br>
4980,Licensed Group,Kuddles Early Infant Stimulation Centre,370 Mathers Ave,,West Vancouver,V7S 1H3,49.336941,-123.125435,604-729-6538,,,N,N,N,N,N,N,N,N,N,N,N,N,N,N,N,N,N,,,N,N,N,N,N,N,N,N,N,N,N,2026-04-30,https://inspections.vcha.ca/ChildCare/Table,N,Y,Y,Kuddles Early Infant Stimulation Centre<br>Licensed Group<br>604-729-6538<br><br>Vacancy:<br>&nbsp;&nbsp;&nbsp;&nbsp;<36 months: N<br>&nbsp;&nbsp;&nbsp;&nbsp;30 months -- 5 years: N<br>&nbsp;&nbsp;&nbsp;&nbsp;Preschool: N<br>&nbsp;&nbsp;&nbsp;&nbsp;Grade 1 - Age 12: N<br>
4981,Licensed Group,Wind And Tide Preschool - Alice Brown,20011 44 Ave,,Langley,V3A 6L8,49.0831,-122.668019,604-575-0549,,,N,N,N,N,N,N,N,N,N,N,N,N,N,N,N,N,N,,,N,N,N,N,N,N,N,N,N,Y,N,2026-05-15,http://www.healthspace.ca/fha/childcare,N,Y,N,Wind And Tide Preschool - Alice Brown<br>Licensed Group<br>604-575-0549<br><br>Vacancy:<br>&nbsp;&nbsp;&nbsp;&nbsp;<36 months: N<br>&nbsp;&nbsp;&nbsp;&nbsp;30 months -- 5 years: N<br>&nbsp;&nbsp;&nbsp;&nbsp;Preschool: Y<br>&nbsp;&nbsp;&nbsp;&nbsp;Grade 1 - Age 12: N<br>
4982,Licensed Group,Happy May Child Care Centre Ii,170-4751 Garden City Rd,,Richmond,V6X 3M7,49.177926,-123.124703,604-218-6581,,,N,N,N,N,N,N,N,N,N,N,N,N,N,N,N,N,N,,,N,N,N,N,N,N,N,N,N,N,N,2026-05-14,https://inspections.vcha.ca/ChildCare/Table,N,Y,N,Happy May Child Care Centre Ii<br>Licensed Group<br>604-218-6581<br><br>Vacancy:<br>&nbsp;&nbsp;&nbsp;&nbsp;<36 months: N<br>&nbsp;&nbsp;&nbsp;&nbsp;30 months -- 5 years: N<br>&nbsp;&nbsp;&nbsp;&nbsp;Preschool: N<br>&nbsp;&nbsp;&nbsp;&nbsp;Grade 1 - Age 12: N<br>
4983,Licensed Group,Ntacs After School Program,4936 Barriere Town Rd,,Barriere,V0E 1E0,51.188983,-120.134287,250-672-0033,,,Y,N,N,N,N,N,N,N,N,Y,Y,N,N,N,N,N,N,Not offered,Not offered,N,N,N,N,Y,N,Y,N,N,N,Y,2026-05-21,https://hedgehogportal.interiorhealth.ca/ChildCare/Map,N,N,N,Ntacs After School Program<br>Licensed Group<br>250-672-0033<br><br>Vacancy:<br>&nbsp;&nbsp;&nbsp;&nbsp;<36 months: N<br>&nbsp;&nbsp;&nbsp;&nbsp;30 months -- 5 years: N<br>&nbsp;&nbsp;&nbsp;&nbsp;Preschool: N<br>&nbsp;&nbsp;&nbsp;&nbsp;Grade 1 - Age 12: Y<br>
4984,Licensed Group,5 Corners Day Care,13620 Grosvenor Rd,,Surrey,V3R 5C9,49.19918,-122.844829,604-496-5050,,,N,N,N,N,N,N,N,N,N,N,N,N,N,N,N,N,N,,,N,N,N,N,N,N,N,Y,Y,N,N,2026-05-17,http://www.healthspace.ca/fha/childcare,N,Y,N,5 Corners Day Care<br>Licensed Group<br>604-496-5050<br><br>Vacancy:<br>&nbsp;&nbsp;&nbsp;&nbsp;<36 months: Y<br>&nbsp;&nbsp;&nbsp;&nbsp;30 months -- 5 years: Y<br>&nbsp;&nbsp;&nbsp;&nbsp;Preschool: N<br>&nbsp;&nbsp;&nbsp;&nbsp;Grade 1 - Age 12: N<br>
4985,Licensed Group,Little Harvard Learning Centre Ltd.,6985 142 St,,Surrey,V3W 5N1,49.129197,-122.830481,778-893-5437,,,N,N,N,N,N,N,N,N,N,N,N,N,N,N,N,N,N,,,N,N,N,N,N,N,N,N,N,N,N,2026-05-19,http://www.healthspace.ca/fha/childcare,N,Y,N,Little Harvard Learning Centre Ltd.<br>Licensed Group<br>778-893-5437<br><br>Vacancy:<br>&nbsp;&nbsp;&nbsp;&nbsp;<36 months: N<br>&nbsp;&nbsp;&nbsp;&nbsp;30 months -- 5 years: N<br>&nbsp;&nbsp;&nbsp;&nbsp;Preschool: N<br>&nbsp;&nbsp;&nbsp;&nbsp;Grade 1 - Age 12: N<br>
4986,Licensed Group,A To Z Childcare Centre #4,15438 92Nd Ave,,Surrey,V3R 5W1,49.169925,-122.794654,604-719-6736,,,N,N,N,N,N,N,N,N,N,N,N,N,N,N,N,N,N,,,N,N,N,N,N,N,N,Y,Y,N,N,2026-05-15,http://www.healthspace.ca/fha/childcare,N,Y,N,A To Z Childcare Centre #4<br>Licensed Group<br>604-719-6736<br><br>Vacancy:<br>&nbsp;&nbsp;&nbsp;&nbsp;<36 months: Y<br>&nbsp;&nbsp;&nbsp;&nbsp;30 months -- 5 years: Y<br>&nbsp;&nbsp;&nbsp;&nbsp;Preschool: N<br>&nbsp;&nbsp;&nbsp;&nbsp;Grade 1 - Age 12: N<br>
4987,Licensed Family,Cuties Child Care Centre,6619 141B St,,Surrey,V3W 9P1,49.122959,-122.830156,604-593-1666,,,N,N,N,N,N,N,N,N,N,N,N,N,N,N,N,N,N,,,N,N,N,N,N,N,N,Y,Y,N,Y,2026-05-03,http://www.healthspace.ca/fha/childcare,N,Y,N,Cuties Child Care Centre<br>Licensed Family<br>604-593-1666<br><br>Vacancy:<br>&nbsp;&nbsp;&nbsp;&nbsp;<36 months: Y<br>&nbsp;&nbsp;&nbsp;&nbsp;30 months -- 5 years: Y<br>&nbsp;&nbsp;&nbsp;&nbsp;Preschool: N<br>&nbsp;&nbsp;&nbsp;&nbsp;Grade 1 - Age 12: Y<br>
4988,Licensed Group,Ladybug Landing Preschool,31789 Thornhill Pl,,Abbotsford,V2T 6Y3,49.067202,-122.344067,604-850-2474,,,N,N,N,N,N,N,N,N,N,N,N,N,N,N,N,N,N,,,N,N,N,N,N,N,N,N,N,Y,N,2026-05-03,http://www.healthspace.ca/fha/childcare,N,Y,N,Ladybug Landing Preschool<br>Licensed Group<br>604-850-2474<br><br>Vacancy:<br>&nbsp;&nbsp;&nbsp;&nbsp;<36 months: N<br>&nbsp;&nbsp;&nbsp;&nbsp;30 months -- 5 years: N<br>&nbsp;&nbsp;&nbsp;&nbsp;Preschool: Y<br>&nbsp;&nbsp;&nbsp;&nbsp;Grade 1 - Age 12: N<br>
4989,Licensed Family,Monkey Minders,220 Blackman St,,New Westminster,V3L 2A7,49.220868,-122.921667,604-518-1419,,,N,N,N,N,N,N,Y,N,N,N,N,N,N,N,N,N,N,Extra fee,Extra fee,N,N,N,N,N,N,N,N,N,N,N,2026-05-14,http://www.healthspace.ca/fha/childcare,N,Y,N,Monkey Minders<br>Licensed Family<br>604-518-1419<br><br>Vacancy:<br>&nbsp;&nbsp;&nbsp;&nbsp;<36 months: N<br>&nbsp;&nbsp;&nbsp;&nbsp;30 months -- 5 years: N<br>&nbsp;&nbsp;&nbsp;&nbsp;Preschool: N<br>&nbsp;&nbsp;&nbsp;&nbsp;Grade 1 - Age 12: N<br>
4990,Licensed Group,Caring Hearts Child Care,1854 Western Dr,,Port Coquitlam,V3C 2X7,49.250595,-122.778527,604-464-3399,,,N,N,N,N,N,N,N,N,N,N,N,N,N,N,N,N,N,,,N,N,N,N,N,N,N,N,N,N,N,2026-04-14,http://www.healthspace.ca/fha/childcare,N,Y,N,Caring Hearts Child Care<br>Licensed Group<br>604-464-3399<br><br>Vacancy:<br>&nbsp;&nbsp;&nbsp;&nbsp;<36 months: N<br>&nbsp;&nbsp;&nbsp;&nbsp;30 months -- 5 years: N<br>&nbsp;&nbsp;&nbsp;&nbsp;Preschool: N<br>&nbsp;&nbsp;&nbsp;&nbsp;Grade 1 - Age 12: N<br>
4991,Licensed Group,Gokidz Child Services,106 2255 King George Blvd,,Surrey,V4A 5A4,49.042932,-122.790762,604-910-7968,,,N,N,N,N,N,N,N,N,N,N,N,N,N,N,N,N,N,,,N,N,N,N,N,N,N,N,N,N,N,2026-05-15,http://www.healthspace.ca/fha/childcare,N,Y,N,Gokidz Child Services<br>Licensed Group<br>604-910-7968<br><br>Vacancy:<br>&nbsp;&nbsp;&nbsp;&nbsp;<36 months: N<br>&nbsp;&nbsp;&nbsp;&nbsp;30 months -- 5 years: N<br>&nbsp;&nbsp;&nbsp;&nbsp;Preschool: N<br>&nbsp;&nbsp;&nbsp;&nbsp;Grade 1 - Age 12: N<br>
4992,Licensed Family,Morning Star Child Educare,1345 Aldrin Pl,,Burnaby,V5A 2N9,49.272097,-122.955298,604-325-9996,,,N,N,N,N,N,N,N,N,N,N,N,N,N,N,N,N,N,,,N,N,N,N,N,N,N,N,N,N,N,2026-05-18,http://www.healthspace.ca/fha/childcare,N,Y,N,Morning Star Child Educare<br>Licensed Family<br>604-325-9996<br><br>Vacancy:<br>&nbsp;&nbsp;&nbsp;&nbsp;<36 months: N<br>&nbsp;&nbsp;&nbsp;&nbsp;30 months -- 5 years: N<br>&nbsp;&nbsp;&nbsp;&nbsp;Preschool: N<br>&nbsp;&nbsp;&nbsp;&nbsp;Grade 1 - Age 12: N<br>
4993,Licensed Family,Precious Moments Family Child Care,1860 Langan Ave,,Port Coquitlam,V3C 5K2,49.249874,-122.768439,604-942-7503,,,Y,N,N,N,N,N,Y,Y,N,N,N,N,N,N,N,N,N,Included in fee,Not offered,N,N,N,N,N,Y,N,N,N,N,N,2026-05-21,http://www.healthspace.ca/fha/childcare,N,Y,N,Precious Moments Family Child Care<br>Licensed Family<br>604-942-7503<br><br>Vacancy:<br>&nbsp;&nbsp;&nbsp;&nbsp;<36 months: N<br>&nbsp;&nbsp;&nbsp;&nbsp;30 months -- 5 years: N<br>&nbsp;&nbsp;&nbsp;&nbsp;Preschool: N<br>&nbsp;&nbsp;&nbsp;&nbsp;Grade 1 - Age 12: N<br>
4994,Licensed Group,Angels Playhouse Infant & Toddler Child Care Centre,103 7339 Macpherson Ave,,Burnaby,V5J 0B1,49.21707,-122.983556,604-809-3868,,,N,N,N,N,N,N,N,N,N,N,N,N,N,N,N,N,N,,,N,N,N,N,N,N,N,Y,N,N,N,2026-04-30,http://www.healthspace.ca/fha/childcare,N,Y,N,Angels Playhouse Infant & Toddler Child Care Centre<br>Licensed Group<br>604-809-3868<br><br>Vacancy:<br>&nbsp;&nbsp;&nbsp;&nbsp;<36 months: Y<br>&nbsp;&nbsp;&nbsp;&nbsp;30 months -- 5 years: N<br>&nbsp;&nbsp;&nbsp;&nbsp;Preschool: N<br>&nbsp;&nbsp;&nbsp;&nbsp;Grade 1 - Age 12: N<br>
4995,Licensed Group,Little Friends Children's Centre #3,11061 160 St,,Surrey,V4N 1J2,49.203442,-122.778876,778-385-4120,,,,,,,,,,,,,,,,,,,,,,,,,,,,,,,,,,,Y,Y,N,Little Friends Children's Centre #3<br>Licensed Group<br>778-385-4120<br><br>Vacancy:<br>&nbsp;&nbsp;&nbsp;&nbsp;<36 months: None<br>&nbsp;&nbsp;&nbsp;&nbsp;30 months -- 5 years: None<br>&nbsp;&nbsp;&nbsp;&nbsp;Preschool: None<br>&nbsp;&nbsp;&nbsp;&nbsp;Grade 1 - Age 12: None<br>
4996,Licensed Group,Wonder Years Daycare - Murrayville,4748 222 St,,Langley,V2Z 1B1,49.088416,-122.606909,604-612-0439,,,N,N,N,N,N,N,N,N,N,N,N,N,N,N,N,N,N,,,N,N,N,N,N,N,N,Y,N,N,N,2026-05-15,http://www.healthspace.ca/fha/childcare,N,Y,N,Wonder Years Daycare - Murrayville<br>Licensed Group<br>604-612-0439<br><br>Vacancy:<br>&nbsp;&nbsp;&nbsp;&nbsp;<36 months: Y<br>&nbsp;&nbsp;&nbsp;&nbsp;30 months -- 5 years: N<br>&nbsp;&nbsp;&nbsp;&nbsp;Preschool: N<br>&nbsp;&nbsp;&nbsp;&nbsp;Grade 1 - Age 12: N<br>
4997,Licensed Group,Movin On Up,270 9Th Ave,,Burns Lake,V0J 1E0,54.235854,-125.756531,250-692-9486,,,N,N,N,N,N,N,N,N,N,N,N,N,N,N,N,N,N,,,N,N,N,N,N,N,N,N,N,N,N,2026-05-15,https://www.healthspace.ca/Clients/NHA/NHA_Website.nsf/CCFL-Frameset,N,Y,N,Movin On Up<br>Licensed Group<br>250-692-9486<br><br>Vacancy:<br>&nbsp;&nbsp;&nbsp;&nbsp;<36 months: N<br>&nbsp;&nbsp;&nbsp;&nbsp;30 months -- 5 years: N<br>&nbsp;&nbsp;&nbsp;&nbsp;Preschool: N<br>&nbsp;&nbsp;&nbsp;&nbsp;Grade 1 - Age 12: N<br>
4998,Licensed Family,Multi Colours Daycare,18841 68Th Ave,,Surrey,V4N 0B3,49.126314,-122.700162,778-992-2744,,,N,N,N,N,N,N,N,N,N,N,N,N,N,N,N,N,N,,,N,N,N,N,N,N,N,N,N,N,N,2026-05-04,http://www.healthspace.ca/fha/childcare,N,Y,N,Multi Colours Daycare<br>Licensed Family<br>778-992-2744<br><br>Vacancy:<br>&nbsp;&nbsp;&nbsp;&nbsp;<36 months: N<br>&nbsp;&nbsp;&nbsp;&nbsp;30 months -- 5 years: N<br>&nbsp;&nbsp;&nbsp;&nbsp;Preschool: N<br>&nbsp;&nbsp;&nbsp;&nbsp;Grade 1 - Age 12: N<br>
4999,Licensed Family,Rock N Tots Daycare,20216 53 Ave,,Langley,V3A 3V1,49.0982,-122.662264,604-530-9644,,,N,N,N,N,N,N,N,N,N,N,N,N,N,N,N,N,N,,,N,N,N,N,N,N,N,N,N,N,N,2026-05-15,http://www.healthspace.ca/fha/childcare,N,Y,N,Rock N Tots Daycare<br>Licensed Family<br>604-530-9644<br><br>Vacancy:<br>&nbsp;&nbsp;&nbsp;&nbsp;<36 months: N<br>&nbsp;&nbsp;&nbsp;&nbsp;30 months -- 5 years: N<br>&nbsp;&nbsp;&nbsp;&nbsp;Preschool: N<br>&nbsp;&nbsp;&nbsp;&nbsp;Grade 1 - Age 12: N<br>
5000,Licensed Family,Fleetwood Gardens Childcare Centre,8086 158 St,,Surrey,V4N 0S6,49.149777,-122.784241,778-881-1064,,,N,N,N,N,N,N,N,N,N,N,N,N,N,N,N,N,N,,,N,N,N,N,N,N,N,N,N,N,N,2026-05-15,http://www.healthspace.ca/fha/childcare,N,Y,N,Fleetwood Gardens Childcare Centre<br>Licensed Family<br>778-881-1064<br><br>Vacancy:<br>&nbsp;&nbsp;&nbsp;&nbsp;<36 months: N<br>&nbsp;&nbsp;&nbsp;&nbsp;30 months -- 5 years: N<br>&nbsp;&nbsp;&nbsp;&nbsp;Preschool: N<br>&nbsp;&nbsp;&nbsp;&nbsp;Grade 1 - Age 12: N<br>
5001,Licensed Family,Small Explorers Family Daycare,5488 Tatton Stn Rd,,100 Mile House,V0K 2E1,51.712523,-121.409864,250-395-6695,,,N,N,N,N,N,N,N,N,N,N,N,N,N,N,N,N,N,,,N,N,N,N,N,N,N,N,N,N,N,2026-05-15,https://hedgehogportal.interiorhealth.ca/ChildCare/Map,N,Y,N,Small Explorers Family Daycare<br>Licensed Family<br>250-395-6695<br><br>Vacancy:<br>&nbsp;&nbsp;&nbsp;&nbsp;<36 months: N<br>&nbsp;&nbsp;&nbsp;&nbsp;30 months -- 5 years: N<br>&nbsp;&nbsp;&nbsp;&nbsp;Preschool: N<br>&nbsp;&nbsp;&nbsp;&nbsp;Grade 1 - Age 12: N<br>
5002,Licensed Family,Cat & Mouse Playhouse,395 Phipps Cres,,Kelowna,V1X 7N9,49.902538,-119.381399,250-870-3486,,,N,N,N,N,N,N,N,N,N,N,N,N,N,N,N,N,N,,,N,N,N,N,N,N,N,N,N,N,N,2026-04-30,https://hedgehogportal.interiorhealth.ca/ChildCare/Map,N,Y,N,Cat & Mouse Playhouse<br>Licensed Family<br>250-870-3486<br><br>Vacancy:<br>&nbsp;&nbsp;&nbsp;&nbsp;<36 months: N<br>&nbsp;&nbsp;&nbsp;&nbsp;30 months -- 5 years: N<br>&nbsp;&nbsp;&nbsp;&nbsp;Preschool: N<br>&nbsp;&nbsp;&nbsp;&nbsp;Grade 1 - Age 12: N<br>
5003,Licensed Group,Core Education & Fine Arts (0-3 Gdc),2946 Commercial Dr,,Vancouver,V5N 4C9,49.258109,-123.069454,604-879-2332,,,N,N,N,N,N,N,N,N,N,N,N,N,N,N,N,N,N,,,N,N,N,N,N,N,N,N,N,N,N,2026-05-14,https://inspections.vcha.ca/ChildCare/Table,N,Y,N,Core Education & Fine Arts (0-3 Gdc)<br>Licensed Group<br>604-879-2332<br><br>Vacancy:<br>&nbsp;&nbsp;&nbsp;&nbsp;<36 months: N<br>&nbsp;&nbsp;&nbsp;&nbsp;30 months -- 5 years: N<br>&nbsp;&nbsp;&nbsp;&nbsp;Preschool: N<br>&nbsp;&nbsp;&nbsp;&nbsp;Grade 1 - Age 12: N<br>
5004,Licensed Group,Montessori Minds Childcare Centre Ltd #2,526 1310 Cariboo St,,New Westminster,V3M 1X2,49.204356,-122.930357,778-837-9496,,,N,N,N,N,N,N,N,N,N,N,N,N,N,N,N,N,N,,,N,N,N,N,N,N,N,N,Y,N,N,2026-05-13,http://www.healthspace.ca/fha/childcare,N,Y,N,Montessori Minds Childcare Centre Ltd #2<br>Licensed Group<br>778-837-9496<br><br>Vacancy:<br>&nbsp;&nbsp;&nbsp;&nbsp;<36 months: N<br>&nbsp;&nbsp;&nbsp;&nbsp;30 months -- 5 years: Y<br>&nbsp;&nbsp;&nbsp;&nbsp;Preschool: N<br>&nbsp;&nbsp;&nbsp;&nbsp;Grade 1 - Age 12: N<br>
5005,Licensed Group,Blueberry Field Child Care Inc. - Under 36 Months,9440 Williams Rd,,Richmond,V7A 1H1,49.140531,-123.119607,778-708-1751,,,N,N,N,N,N,N,N,N,N,N,N,N,N,N,N,N,N,,,N,N,N,N,N,N,N,N,N,N,N,2026-05-19,https://inspections.vcha.ca/ChildCare/Table,N,Y,N,Blueberry Field Child Care Inc. - Under 36 Months<br>Licensed Group<br>778-708-1751<br><br>Vacancy:<br>&nbsp;&nbsp;&nbsp;&nbsp;<36 months: N<br>&nbsp;&nbsp;&nbsp;&nbsp;30 months -- 5 years: N<br>&nbsp;&nbsp;&nbsp;&nbsp;Preschool: N<br>&nbsp;&nbsp;&nbsp;&nbsp;Grade 1 - Age 12: N<br>
5006,Licensed Family,Crawl To Walk Day Care Centre Ltd,12678 68 Ave,,Surrey,V3W 1G4,49.126479,-122.871451,604-767-0248,,,N,N,N,N,N,N,N,N,N,N,N,N,N,N,N,N,N,,,N,N,N,N,N,N,N,N,N,N,N,2026-04-27,http://www.healthspace.ca/fha/childcare,N,Y,N,Crawl To Walk Day Care Centre Ltd<br>Licensed Family<br>604-767-0248<br><br>Vacancy:<br>&nbsp;&nbsp;&nbsp;&nbsp;<36 months: N<br>&nbsp;&nbsp;&nbsp;&nbsp;30 months -- 5 years: N<br>&nbsp;&nbsp;&nbsp;&nbsp;Preschool: N<br>&nbsp;&nbsp;&nbsp;&nbsp;Grade 1 - Age 12: N<br>
5007,Licensed Group,St. Francis Xavier Montessori Child Care Centre-Daycare,428 Great Northern Way,,Vancouver,V5T 4S5,49.266462,-123.094521,604-356-7605,,,N,N,N,N,N,N,N,N,N,N,N,N,N,N,N,N,N,,,N,N,N,N,N,N,N,N,Y,N,N,2026-05-04,https://inspections.vcha.ca/ChildCare/Table,N,N,N,St. Francis Xavier Montessori Child Care Centre-Daycare<br>Licensed Group<br>604-356-7605<br><br>Vacancy:<br>&nbsp;&nbsp;&nbsp;&nbsp;<36 months: N<br>&nbsp;&nbsp;&nbsp;&nbsp;30 months -- 5 years: Y<br>&nbsp;&nbsp;&nbsp;&nbsp;Preschool: N<br>&nbsp;&nbsp;&nbsp;&nbsp;Grade 1 - Age 12: N<br>
5008,Licensed Group,Les Petits Artistes Montessori Centre,3150 Ash St,,Vancouver,V5Z 3C9,49.257917,-123.117502,604-569-1206,,,N,N,N,N,N,N,N,N,N,N,N,N,N,N,N,N,N,,,N,N,N,N,N,N,N,N,N,N,N,2026-05-04,https://inspections.vcha.ca/ChildCare/Table,N,Y,N,Les Petits Artistes Montessori Centre<br>Licensed Group<br>604-569-1206<br><br>Vacancy:<br>&nbsp;&nbsp;&nbsp;&nbsp;<36 months: N<br>&nbsp;&nbsp;&nbsp;&nbsp;30 months -- 5 years: N<br>&nbsp;&nbsp;&nbsp;&nbsp;Preschool: N<br>&nbsp;&nbsp;&nbsp;&nbsp;Grade 1 - Age 12: N<br>
5009,Licensed Group,Kidz-R-Brite At The Farm,5120 Christie Rd,,Ladysmith,V9G 1J2,49.008924,-123.846152,250-245-2189,,,Y,N,N,N,N,N,Y,Y,Y,N,N,N,N,N,N,N,N,Included in fee,Not offered,Y,N,N,Y,Y,Y,N,N,N,N,N,2026-05-14,https://www.healthspace.ca/clients/viha/viha_website.nsf/CCFL-Main?OpenView,N,Y,N,Kidz-R-Brite At The Farm<br>Licensed Group<br>250-245-2189<br><br>Vacancy:<br>&nbsp;&nbsp;&nbsp;&nbsp;<36 months: N<br>&nbsp;&nbsp;&nbsp;&nbsp;30 months -- 5 years: N<br>&nbsp;&nbsp;&nbsp;&nbsp;Preschool: N<br>&nbsp;&nbsp;&nbsp;&nbsp;Grade 1 - Age 12: N<br>
5010,Licensed Group,Kinder Play Child Care Canoe Centre,7210 51 St Ne,,Salmon Arm,V0E 1K0,50.752678,-119.225979,250-803-1104,,,N,N,N,N,N,N,N,N,N,N,N,N,N,N,N,N,N,,,N,N,N,N,N,N,N,Y,Y,N,N,2026-05-20,https://hedgehogportal.interiorhealth.ca/ChildCare/Map,N,Y,N,Kinder Play Child Care Canoe Centre<br>Licensed Group<br>250-803-1104<br><br>Vacancy:<br>&nbsp;&nbsp;&nbsp;&nbsp;<36 months: Y<br>&nbsp;&nbsp;&nbsp;&nbsp;30 months -- 5 years: Y<br>&nbsp;&nbsp;&nbsp;&nbsp;Preschool: N<br>&nbsp;&nbsp;&nbsp;&nbsp;Grade 1 - Age 12: N<br>
5011,Licensed Group,Kiddyland Multiple Intelligence Children Centre,11331 Williams Rd,,Richmond,V7A 1J2,49.140927,-123.098718,604-241-2733,,,N,N,N,N,N,N,N,N,N,N,N,N,N,N,N,N,N,,,N,N,N,N,N,N,N,N,N,N,N,2026-04-26,https://inspections.vcha.ca/ChildCare/Table,N,Y,N,Kiddyland Multiple Intelligence Children Centre<br>Licensed Group<br>604-241-2733<br><br>Vacancy:<br>&nbsp;&nbsp;&nbsp;&nbsp;<36 months: N<br>&nbsp;&nbsp;&nbsp;&nbsp;30 months -- 5 years: N<br>&nbsp;&nbsp;&nbsp;&nbsp;Preschool: N<br>&nbsp;&nbsp;&nbsp;&nbsp;Grade 1 - Age 12: N<br>
5012,Licensed Group,Little Birds Child Care Centre,14750 108 Ave,,Surrey,V3R 1V8,49.198552,-122.81368,778-394-3210,,,N,N,N,N,N,N,N,N,N,N,N,N,N,N,N,N,N,,,N,N,N,N,N,N,N,N,N,N,N,2026-05-15,http://www.healthspace.ca/fha/childcare,N,Y,N,Little Birds Child Care Centre<br>Licensed Group<br>778-394-3210<br><br>Vacancy:<br>&nbsp;&nbsp;&nbsp;&nbsp;<36 months: N<br>&nbsp;&nbsp;&nbsp;&nbsp;30 months -- 5 years: N<br>&nbsp;&nbsp;&nbsp;&nbsp;Preschool: N<br>&nbsp;&nbsp;&nbsp;&nbsp;Grade 1 - Age 12: N<br>
5013,Licensed Group,Creative Moments Childcare Centre,105 6977 128 St,,Surrey,V3W 4E1,49.129685,-122.868064,604-417-1135,,,N,N,N,N,N,N,N,N,N,N,N,N,N,N,N,N,N,,,N,N,N,N,N,N,N,N,N,N,N,2026-05-20,http://www.healthspace.ca/fha/childcare,N,Y,N,Creative Moments Childcare Centre<br>Licensed Group<br>604-417-1135<br><br>Vacancy:<br>&nbsp;&nbsp;&nbsp;&nbsp;<36 months: N<br>&nbsp;&nbsp;&nbsp;&nbsp;30 months -- 5 years: N<br>&nbsp;&nbsp;&nbsp;&nbsp;Preschool: N<br>&nbsp;&nbsp;&nbsp;&nbsp;Grade 1 - Age 12: N<br>
5014,Licensed Group,Agassiz Christian Preschool,7571 Morrow Rd,,Agassiz,V0M 1A2,49.236275,-121.750301,604-796-9310,,,N,N,N,N,N,N,N,N,N,N,N,N,N,N,N,N,N,,,N,N,N,N,N,N,N,N,N,Y,N,2026-05-04,http://www.healthspace.ca/fha/childcare,N,Y,N,Agassiz Christian Preschool<br>Licensed Group<br>604-796-9310<br><br>Vacancy:<br>&nbsp;&nbsp;&nbsp;&nbsp;<36 months: N<br>&nbsp;&nbsp;&nbsp;&nbsp;30 months -- 5 years: N<br>&nbsp;&nbsp;&nbsp;&nbsp;Preschool: Y<br>&nbsp;&nbsp;&nbsp;&nbsp;Grade 1 - Age 12: N<br>
5015,Licensed Group,Les Petits Du Pacifique,5538 Shorncliffe Ave,,Sechelt,V0N 3A0,49.473342,-123.763801,604-741-5852,,,N,N,N,N,N,N,N,N,N,N,N,N,N,N,N,N,N,,,N,N,N,N,N,N,N,N,Y,N,N,2026-05-11,https://inspections.vcha.ca/ChildCare/Table,N,Y,N,Les Petits Du Pacifique<br>Licensed Group<br>604-741-5852<br><br>Vacancy:<br>&nbsp;&nbsp;&nbsp;&nbsp;<36 months: N<br>&nbsp;&nbsp;&nbsp;&nbsp;30 months -- 5 years: Y<br>&nbsp;&nbsp;&nbsp;&nbsp;Preschool: N<br>&nbsp;&nbsp;&nbsp;&nbsp;Grade 1 - Age 12: N<br>
5016,Licensed Group,Brightstart Children's Academy Ltd,1450 Johnson St,,Coquitlam,V3E 2T1,49.3001,-122.800542,778-883-0529,,,N,N,N,N,N,N,N,N,N,N,N,N,N,N,N,N,N,Not offered,Not offered,N,N,N,N,N,N,N,N,Y,Y,N,2026-05-11,http://www.healthspace.ca/fha/childcare,N,Y,N,Brightstart Children's Academy Ltd<br>Licensed Group<br>778-883-0529<br><br>Vacancy:<br>&nbsp;&nbsp;&nbsp;&nbsp;<36 months: N<br>&nbsp;&nbsp;&nbsp;&nbsp;30 months -- 5 years: Y<br>&nbsp;&nbsp;&nbsp;&nbsp;Preschool: Y<br>&nbsp;&nbsp;&nbsp;&nbsp;Grade 1 - Age 12: N<br>
5017,Licensed Group,Reach For The Stars Montessori,3440 Boundary Rd,,Burnaby,V5M 4A5,49.25376,-123.023111,604-688-7827,,,N,N,N,N,N,N,N,N,N,N,N,N,N,N,N,N,N,,,N,N,N,N,N,N,N,N,N,N,N,2026-04-28,http://www.healthspace.ca/fha/childcare,N,Y,N,Reach For The Stars Montessori<br>Licensed Group<br>604-688-7827<br><br>Vacancy:<br>&nbsp;&nbsp;&nbsp;&nbsp;<36 months: N<br>&nbsp;&nbsp;&nbsp;&nbsp;30 months -- 5 years: N<br>&nbsp;&nbsp;&nbsp;&nbsp;Preschool: N<br>&nbsp;&nbsp;&nbsp;&nbsp;Grade 1 - Age 12: N<br>
5018,Licensed Group,Mountain View Childcare,2725 Lonsdale Ave,,North Vancouver,V7N 3J2,49.334652,-123.072123,604-723-1494,,,N,N,N,N,N,N,N,N,N,N,N,N,N,N,N,N,N,,,N,N,N,N,N,N,N,N,Y,N,N,2026-04-20,https://inspections.vcha.ca/ChildCare/Table,N,Y,N,Mountain View Childcare<br>Licensed Group<br>604-723-1494<br><br>Vacancy:<br>&nbsp;&nbsp;&nbsp;&nbsp;<36 months: N<br>&nbsp;&nbsp;&nbsp;&nbsp;30 months -- 5 years: Y<br>&nbsp;&nbsp;&nbsp;&nbsp;Preschool: N<br>&nbsp;&nbsp;&nbsp;&nbsp;Grade 1 - Age 12: N<br>
5019,Licensed Group,Bowen Child Care Centre,9160 Pauleshin Cres,,Richmond,V7E 5X1,49.145419,-123.163932,778-320-5758,,,N,N,N,N,N,N,N,N,N,N,N,N,N,N,N,N,N,,,N,N,N,N,N,N,N,Y,N,N,N,2026-04-15,https://inspections.vcha.ca/ChildCare/Table,N,Y,N,Bowen Child Care Centre<br>Licensed Group<br>778-320-5758<br><br>Vacancy:<br>&nbsp;&nbsp;&nbsp;&nbsp;<36 months: Y<br>&nbsp;&nbsp;&nbsp;&nbsp;30 months -- 5 years: N<br>&nbsp;&nbsp;&nbsp;&nbsp;Preschool: N<br>&nbsp;&nbsp;&nbsp;&nbsp;Grade 1 - Age 12: N<br>
5020,Licensed Group,Westview Child Care Centre,800 Summit Ave,,Prince Rupert,V8J 2A3,54.306401,-130.326709,250-622-2298,,,N,N,N,N,N,N,N,N,N,N,N,N,N,N,N,N,N,,,N,N,N,N,N,N,N,N,N,N,N,2026-05-01,https://www.healthspace.ca/Clients/NHA/NHA_Website.nsf/CCFL-Frameset,N,Y,N,Westview Child Care Centre<br>Licensed Group<br>250-622-2298<br><br>Vacancy:<br>&nbsp;&nbsp;&nbsp;&nbsp;<36 months: N<br>&nbsp;&nbsp;&nbsp;&nbsp;30 months -- 5 years: N<br>&nbsp;&nbsp;&nbsp;&nbsp;Preschool: N<br>&nbsp;&nbsp;&nbsp;&nbsp;Grade 1 - Age 12: N<br>
5021,Licensed Group,Katies Korner Northfield,2249 Northfield Rd,,Nanaimo,V9S 3C3,49.191614,-123.99603,250-714-4555,,,N,N,N,N,N,N,N,N,N,N,N,N,N,N,N,N,N,,,N,N,N,N,N,N,N,N,N,N,N,2026-05-15,https://www.healthspace.ca/clients/viha/viha_website.nsf/CCFL-Main?OpenView,N,Y,N,Katies Korner Northfield<br>Licensed Group<br>250-714-4555<br><br>Vacancy:<br>&nbsp;&nbsp;&nbsp;&nbsp;<36 months: N<br>&nbsp;&nbsp;&nbsp;&nbsp;30 months -- 5 years: N<br>&nbsp;&nbsp;&nbsp;&nbsp;Preschool: N<br>&nbsp;&nbsp;&nbsp;&nbsp;Grade 1 - Age 12: N<br>
5022,Licensed Group,Olive Grove Childcare,1070 Lynn Valley Rd,,North Vancouver,V7J 1Z8,49.334151,-123.044733,604-982-5871,,,N,N,N,N,N,N,N,N,N,N,N,N,N,N,N,N,N,,,N,N,N,N,N,N,N,N,N,N,N,2026-05-16,https://inspections.vcha.ca/ChildCare/Table,N,Y,Y,Olive Grove Childcare<br>Licensed Group<br>604-982-5871<br><br>Vacancy:<br>&nbsp;&nbsp;&nbsp;&nbsp;<36 months: N<br>&nbsp;&nbsp;&nbsp;&nbsp;30 months -- 5 years: N<br>&nbsp;&nbsp;&nbsp;&nbsp;Preschool: N<br>&nbsp;&nbsp;&nbsp;&nbsp;Grade 1 - Age 12: N<br>
5023,Licensed Group,Highlands Child Care,3150 Colwood Dr,,North Vancouver,V7R 2R6,49.338469,-123.097063,604-985-6958,,,N,N,N,N,N,N,N,N,N,N,N,N,N,N,N,N,N,,,N,N,N,N,N,N,N,N,N,N,N,2026-05-06,https://inspections.vcha.ca/ChildCare/Table,N,Y,N,Highlands Child Care<br>Licensed Group<br>604-985-6958<br><br>Vacancy:<br>&nbsp;&nbsp;&nbsp;&nbsp;<36 months: N<br>&nbsp;&nbsp;&nbsp;&nbsp;30 months -- 5 years: N<br>&nbsp;&nbsp;&nbsp;&nbsp;Preschool: N<br>&nbsp;&nbsp;&nbsp;&nbsp;Grade 1 - Age 12: N<br>
5024,Licensed Group,Smiling Stars Daycare,1602 Pemberton Ave,,North Vancouver,V7P 2S6,49.323092,-123.107344,604-986-3380,,,N,N,N,N,N,N,N,N,N,N,N,N,N,N,N,N,N,,,N,N,N,N,N,N,N,N,N,N,N,2026-05-15,https://inspections.vcha.ca/ChildCare/Table,N,Y,Y,Smiling Stars Daycare<br>Licensed Group<br>604-986-3380<br><br>Vacancy:<br>&nbsp;&nbsp;&nbsp;&nbsp;<36 months: N<br>&nbsp;&nbsp;&nbsp;&nbsp;30 months -- 5 years: N<br>&nbsp;&nbsp;&nbsp;&nbsp;Preschool: N<br>&nbsp;&nbsp;&nbsp;&nbsp;Grade 1 - Age 12: N<br>
5025,Licensed Group,Smiling Stars Daycare,1602 Pemberton Ave,,North Vancouver,V7P 2S6,49.323092,-123.107344,604-986-3380,,,N,N,N,N,N,N,N,N,N,N,N,N,N,N,N,N,N,,,N,N,N,N,N,N,N,N,N,N,N,2026-05-15,https://inspections.vcha.ca/ChildCare/Table,N,Y,Y,Smiling Stars Daycare<br>Licensed Group<br>604-986-3380<br><br>Vacancy:<br>&nbsp;&nbsp;&nbsp;&nbsp;<36 months: N<br>&nbsp;&nbsp;&nbsp;&nbsp;30 months -- 5 years: N<br>&nbsp;&nbsp;&nbsp;&nbsp;Preschool: N<br>&nbsp;&nbsp;&nbsp;&nbsp;Grade 1 - Age 12: N<br>
5026,Licensed Group,Little Cedar School Age Care,1530 E 22Nd Ave,,Vancouver,V5N 2P1,49.250157,-123.07284,604-872-3303,,,N,N,N,N,N,N,N,N,N,N,N,N,N,N,N,N,N,,,N,N,N,N,N,N,N,N,N,N,N,2026-05-05,https://inspections.vcha.ca/ChildCare/Table,N,Y,N,Little Cedar School Age Care<br>Licensed Group<br>604-872-3303<br><br>Vacancy:<br>&nbsp;&nbsp;&nbsp;&nbsp;<36 months: N<br>&nbsp;&nbsp;&nbsp;&nbsp;30 months -- 5 years: N<br>&nbsp;&nbsp;&nbsp;&nbsp;Preschool: N<br>&nbsp;&nbsp;&nbsp;&nbsp;Grade 1 - Age 12: N<br>
5027,Licensed Group,North Vancouver Child Development Centre (Under 36 Months),1090 Berkley Rd,,North Vancouver,V7H 1Y4,49.316947,-123.004659,604-924-0222,,,N,N,N,N,N,N,N,N,N,N,N,N,N,N,N,N,N,,,N,N,N,N,N,N,N,N,N,N,N,2026-05-19,https://inspections.vcha.ca/ChildCare/Table,N,Y,N,North Vancouver Child Development Centre (Under 36 Months)<br>Licensed Group<br>604-924-0222<br><br>Vacancy:<br>&nbsp;&nbsp;&nbsp;&nbsp;<36 months: N<br>&nbsp;&nbsp;&nbsp;&nbsp;30 months -- 5 years: N<br>&nbsp;&nbsp;&nbsp;&nbsp;Preschool: N<br>&nbsp;&nbsp;&nbsp;&nbsp;Grade 1 - Age 12: N<br>
5028,Licensed Group,North Vancouver Child Development Centre (Multi-Age),1090 Berkley Rd,,North Vancouver,V7H 1Y4,49.316947,-123.004659,604-924-0222,,,N,N,N,N,N,N,N,N,N,N,N,N,N,N,N,N,N,,,N,N,N,N,N,N,N,N,N,N,N,2026-04-17,https://inspections.vcha.ca/ChildCare/Table,N,Y,N,North Vancouver Child Development Centre (Multi-Age)<br>Licensed Group<br>604-924-0222<br><br>Vacancy:<br>&nbsp;&nbsp;&nbsp;&nbsp;<36 months: N<br>&nbsp;&nbsp;&nbsp;&nbsp;30 months -- 5 years: N<br>&nbsp;&nbsp;&nbsp;&nbsp;Preschool: N<br>&nbsp;&nbsp;&nbsp;&nbsp;Grade 1 - Age 12: N<br>
5029,Licensed Group,Frog Hollow Montessori House,529 Queens Ave,,New Westminster,V3L 1K2,49.207379,-122.912331,604-521-1355,,,N,N,N,N,N,N,N,N,N,N,N,N,N,N,N,N,N,,,N,N,N,N,N,N,N,N,N,N,N,2026-05-15,http://www.healthspace.ca/fha/childcare,N,Y,N,Frog Hollow Montessori House<br>Licensed Group<br>604-521-1355<br><br>Vacancy:<br>&nbsp;&nbsp;&nbsp;&nbsp;<36 months: N<br>&nbsp;&nbsp;&nbsp;&nbsp;30 months -- 5 years: N<br>&nbsp;&nbsp;&nbsp;&nbsp;Preschool: N<br>&nbsp;&nbsp;&nbsp;&nbsp;Grade 1 - Age 12: N<br>
5030,Licensed Family,Leandra's Lil' Explorers,1883 Grouse Crt,,Kamloops,V2B 8S9,50.718953,-120.370355,250-320-9392,,,N,N,N,N,N,N,N,N,N,N,N,N,N,N,N,N,N,,,N,N,N,N,N,N,N,N,Y,N,N,2026-05-18,https://hedgehogportal.interiorhealth.ca/ChildCare/Map,N,Y,N,Leandra's Lil' Explorers<br>Licensed Family<br>250-320-9392<br><br>Vacancy:<br>&nbsp;&nbsp;&nbsp;&nbsp;<36 months: N<br>&nbsp;&nbsp;&nbsp;&nbsp;30 months -- 5 years: Y<br>&nbsp;&nbsp;&nbsp;&nbsp;Preschool: N<br>&nbsp;&nbsp;&nbsp;&nbsp;Grade 1 - Age 12: N<br>
5031,Licensed Family,Kinder Paradise Child Care Centre,2635 Walton Ave,,Coquitlam,V3B 6M6,49.290232,-122.806233,778-989-1741,,,N,N,N,N,N,N,N,N,N,N,N,N,N,N,N,N,N,,,N,N,N,N,N,N,N,Y,N,N,N,2026-05-10,http://www.healthspace.ca/fha/childcare,N,Y,N,Kinder Paradise Child Care Centre<br>Licensed Family<br>778-989-1741<br><br>Vacancy:<br>&nbsp;&nbsp;&nbsp;&nbsp;<36 months: Y<br>&nbsp;&nbsp;&nbsp;&nbsp;30 months -- 5 years: N<br>&nbsp;&nbsp;&nbsp;&nbsp;Preschool: N<br>&nbsp;&nbsp;&nbsp;&nbsp;Grade 1 - Age 12: N<br>
5032,Licensed Group,Kidsland Childcare Centre,443 5Th St E,,North Vancouver,V7L 1M3,49.310272,-123.064074,604-338-7551,,,N,N,N,N,N,N,N,N,N,N,N,N,N,N,N,N,N,,,N,N,N,N,N,N,N,N,N,N,N,2026-05-15,https://inspections.vcha.ca/ChildCare/Table,N,Y,Y,Kidsland Childcare Centre<br>Licensed Group<br>604-338-7551<br><br>Vacancy:<br>&nbsp;&nbsp;&nbsp;&nbsp;<36 months: N<br>&nbsp;&nbsp;&nbsp;&nbsp;30 months -- 5 years: N<br>&nbsp;&nbsp;&nbsp;&nbsp;Preschool: N<br>&nbsp;&nbsp;&nbsp;&nbsp;Grade 1 - Age 12: N<br>
5033,Licensed Family,Tara Brown's Family Daycare,200 Maliview Dr,,Salt Spring Island,V8K 1B7,48.906188,-123.5294,250-538-8721,,,N,N,N,N,N,N,N,N,N,N,N,N,N,N,N,N,N,,,N,N,N,N,N,N,N,N,N,N,N,2026-04-21,https://www.healthspace.ca/clients/viha/viha_website.nsf/CCFL-Main?OpenView,N,Y,N,Tara Brown's Family Daycare<br>Licensed Family<br>250-538-8721<br><br>Vacancy:<br>&nbsp;&nbsp;&nbsp;&nbsp;<36 months: N<br>&nbsp;&nbsp;&nbsp;&nbsp;30 months -- 5 years: N<br>&nbsp;&nbsp;&nbsp;&nbsp;Preschool: N<br>&nbsp;&nbsp;&nbsp;&nbsp;Grade 1 - Age 12: N<br>
5034,Licensed Group,Renaissance Kids,1-12491 No. 2 Rd,,Richmond,V7E 2G3,49.122897,-123.160749,604-241-0141,,,N,N,N,N,N,N,N,N,N,N,N,N,N,N,N,N,N,,,N,N,N,N,N,N,N,Y,N,N,N,2026-05-15,https://inspections.vcha.ca/ChildCare/Table,N,Y,N,Renaissance Kids<br>Licensed Group<br>604-241-0141<br><br>Vacancy:<br>&nbsp;&nbsp;&nbsp;&nbsp;<36 months: Y<br>&nbsp;&nbsp;&nbsp;&nbsp;30 months -- 5 years: N<br>&nbsp;&nbsp;&nbsp;&nbsp;Preschool: N<br>&nbsp;&nbsp;&nbsp;&nbsp;Grade 1 - Age 12: N<br>
5035,Licensed Family,Meadowood Munchkins F.C.C.,1915 Pierce Way,,Qualicum Beach,V9K 2V1,49.321158,-124.570179,250-738-0701,,,N,N,N,N,N,N,N,N,N,N,N,N,N,N,N,N,N,,,N,N,N,N,N,N,N,N,N,N,N,2026-05-19,https://www.healthspace.ca/clients/viha/viha_website.nsf/CCFL-Main?OpenView,N,Y,N,Meadowood Munchkins F.C.C.<br>Licensed Family<br>250-738-0701<br><br>Vacancy:<br>&nbsp;&nbsp;&nbsp;&nbsp;<36 months: N<br>&nbsp;&nbsp;&nbsp;&nbsp;30 months -- 5 years: N<br>&nbsp;&nbsp;&nbsp;&nbsp;Preschool: N<br>&nbsp;&nbsp;&nbsp;&nbsp;Grade 1 - Age 12: N<br>
5036,Licensed Group,Mulgrave Early Learning Centre,2330 Cypress Lane,,West Vancouver,V7S 3H9,49.349178,-123.196132,604-922-3223,,,N,N,N,N,N,N,N,N,N,N,N,N,N,N,N,N,N,,,N,N,N,N,N,N,N,N,N,N,N,2026-05-20,https://inspections.vcha.ca/ChildCare/Table,N,N,N,Mulgrave Early Learning Centre<br>Licensed Group<br>604-922-3223<br><br>Vacancy:<br>&nbsp;&nbsp;&nbsp;&nbsp;<36 months: N<br>&nbsp;&nbsp;&nbsp;&nbsp;30 months -- 5 years: N<br>&nbsp;&nbsp;&nbsp;&nbsp;Preschool: N<br>&nbsp;&nbsp;&nbsp;&nbsp;Grade 1 - Age 12: N<br>
5037,Licensed Group,Tlingit Family Learning Centre,19 Taku Dr,,Atlin,V0W 1A0,59.567545,-133.703737,250-651-7739,,,N,N,N,N,N,N,N,N,N,N,N,N,N,N,N,N,N,,,N,N,N,N,N,N,N,N,N,N,Y,2026-04-15,http://www.healthspace.ca/Clients/NHA/NHA_Website.nsf,N,Y,N,Tlingit Family Learning Centre<br>Licensed Group<br>250-651-7739<br><br>Vacancy:<br>&nbsp;&nbsp;&nbsp;&nbsp;<36 months: N<br>&nbsp;&nbsp;&nbsp;&nbsp;30 months -- 5 years: N<br>&nbsp;&nbsp;&nbsp;&nbsp;Preschool: N<br>&nbsp;&nbsp;&nbsp;&nbsp;Grade 1 - Age 12: Y<br>
5038,Licensed Group,"Cousteau, L'ecole Francaise Internationale De Vancouver",3657 Fromme Rd,,North Vancouver,V7K 2E6,49.342892,-123.045235,604-924-2457,,,N,N,N,N,N,N,N,N,N,N,N,N,N,N,N,N,N,,,N,N,N,N,N,N,N,N,Y,N,N,2026-05-08,https://inspections.vcha.ca/ChildCare/Table,N,N,Y,"Cousteau, L'ecole Francaise Internationale De Vancouver<br>Licensed Group<br>604-924-2457<br><br>Vacancy:<br>&nbsp;&nbsp;&nbsp;&nbsp;<36 months: N<br>&nbsp;&nbsp;&nbsp;&nbsp;30 months -- 5 years: Y<br>&nbsp;&nbsp;&nbsp;&nbsp;Preschool: N<br>&nbsp;&nbsp;&nbsp;&nbsp;Grade 1 - Age 12: N<br>"
5039,Licensed Group,"Cousteau, L'ecole Francaise Internationale De Vancouver",3657 Fromme Rd,,North Vancouver,V7K 2E6,49.342892,-123.045235,604-924-2457,,,N,N,N,N,N,N,N,N,N,N,N,N,N,N,N,N,N,,,N,N,N,N,N,N,N,N,N,N,N,2026-05-08,https://inspections.vcha.ca/ChildCare/Table,N,Y,Y,"Cousteau, L'ecole Francaise Internationale De Vancouver<br>Licensed Group<br>604-924-2457<br><br>Vacancy:<br>&nbsp;&nbsp;&nbsp;&nbsp;<36 months: N<br>&nbsp;&nbsp;&nbsp;&nbsp;30 months -- 5 years: N<br>&nbsp;&nbsp;&nbsp;&nbsp;Preschool: N<br>&nbsp;&nbsp;&nbsp;&nbsp;Grade 1 - Age 12: N<br>"
5040,Licensed Group,Rise N Shine Childcare Center Inc. #2,16784 80Th Ave,,Surrey,V4N 0G9,49.146976,-122.757156,604-779-1940,,,N,N,N,N,N,N,N,N,N,N,N,N,N,N,N,N,N,,,N,N,N,N,N,N,N,N,N,N,N,2026-05-18,http://www.healthspace.ca/fha/childcare,N,Y,N,Rise N Shine Childcare Center Inc. #2<br>Licensed Group<br>604-779-1940<br><br>Vacancy:<br>&nbsp;&nbsp;&nbsp;&nbsp;<36 months: N<br>&nbsp;&nbsp;&nbsp;&nbsp;30 months -- 5 years: N<br>&nbsp;&nbsp;&nbsp;&nbsp;Preschool: N<br>&nbsp;&nbsp;&nbsp;&nbsp;Grade 1 - Age 12: N<br>
5041,Licensed Group,Smilestones Junior Kindergarten Inc.,4162 Norland Ave,,Burnaby,V5G 3S8,49.247144,-122.973925,604-298-9006,,,N,N,N,N,N,N,N,N,N,N,N,N,N,N,N,N,N,,,N,N,N,N,N,N,N,N,N,N,N,2026-05-19,http://www.healthspace.ca/fha/childcare,N,Y,N,Smilestones Junior Kindergarten Inc.<br>Licensed Group<br>604-298-9006<br><br>Vacancy:<br>&nbsp;&nbsp;&nbsp;&nbsp;<36 months: N<br>&nbsp;&nbsp;&nbsp;&nbsp;30 months -- 5 years: N<br>&nbsp;&nbsp;&nbsp;&nbsp;Preschool: N<br>&nbsp;&nbsp;&nbsp;&nbsp;Grade 1 - Age 12: N<br>
5042,Licensed Group,Cambridge Montessori Children's Centre,57 7Th Ave,,New Westminster,V3L 1V9,49.219161,-122.913372,778-668-7188,,,N,N,N,N,N,N,N,N,N,N,N,N,N,N,N,N,N,,,N,N,N,N,N,N,N,Y,Y,N,N,2026-04-30,http://www.healthspace.ca/fha/childcare,N,Y,N,Cambridge Montessori Children's Centre<br>Licensed Group<br>778-668-7188<br><br>Vacancy:<br>&nbsp;&nbsp;&nbsp;&nbsp;<36 months: Y<br>&nbsp;&nbsp;&nbsp;&nbsp;30 months -- 5 years: Y<br>&nbsp;&nbsp;&nbsp;&nbsp;Preschool: N<br>&nbsp;&nbsp;&nbsp;&nbsp;Grade 1 - Age 12: N<br>
5043,Licensed Group,Happy Feet Childcare Centre,6550 Clinton St,,Burnaby,V5E 1A4,49.212662,-122.968238,604-808-7623,,,N,N,N,N,N,N,N,N,N,N,N,N,N,N,N,N,N,,,N,N,N,N,N,N,N,N,N,N,N,2026-04-21,http://www.healthspace.ca/fha/childcare,N,Y,N,Happy Feet Childcare Centre<br>Licensed Group<br>604-808-7623<br><br>Vacancy:<br>&nbsp;&nbsp;&nbsp;&nbsp;<36 months: N<br>&nbsp;&nbsp;&nbsp;&nbsp;30 months -- 5 years: N<br>&nbsp;&nbsp;&nbsp;&nbsp;Preschool: N<br>&nbsp;&nbsp;&nbsp;&nbsp;Grade 1 - Age 12: N<br>
5044,Licensed Group,Bella Vita- Kettle Valley,205 5315 Main St,,Kelowna,V1W 4V3,49.794539,-119.511865,250-764-0122,,,N,N,N,N,N,N,N,N,N,N,N,N,N,N,N,N,N,,,N,N,N,N,N,N,N,N,N,N,N,2026-05-19,https://hedgehogportal.interiorhealth.ca/ChildCare/Map,N,Y,N,Bella Vita- Kettle Valley<br>Licensed Group<br>250-764-0122<br><br>Vacancy:<br>&nbsp;&nbsp;&nbsp;&nbsp;<36 months: N<br>&nbsp;&nbsp;&nbsp;&nbsp;30 months -- 5 years: N<br>&nbsp;&nbsp;&nbsp;&nbsp;Preschool: N<br>&nbsp;&nbsp;&nbsp;&nbsp;Grade 1 - Age 12: N<br>
5045,Licensed Family,Eaglecrest Daycare,6280 187 St,,Surrey,V3S 7N8,49.116599,-122.704197,778-574-7877,,,Y,N,N,N,N,N,Y,Y,N,N,N,N,N,N,N,N,N,Extra fee,Extra fee,N,N,N,N,N,N,N,N,Y,N,N,2026-04-23,http://www.healthspace.ca/fha/childcare,N,Y,N,Eaglecrest Daycare<br>Licensed Family<br>778-574-7877<br><br>Vacancy:<br>&nbsp;&nbsp;&nbsp;&nbsp;<36 months: N<br>&nbsp;&nbsp;&nbsp;&nbsp;30 months -- 5 years: Y<br>&nbsp;&nbsp;&nbsp;&nbsp;Preschool: N<br>&nbsp;&nbsp;&nbsp;&nbsp;Grade 1 - Age 12: N<br>
5046,Licensed Family,Ruki's Day Care,4330 Gordon Dr,,Kelowna,V1W 2L3,49.828399,-119.483638,250-764-3664,,,Y,N,N,N,N,N,Y,Y,N,N,N,N,N,N,N,N,N,Included in fee,Not offered,N,N,N,N,N,N,N,N,N,N,N,2026-05-15,https://hedgehogportal.interiorhealth.ca/ChildCare/Map,N,Y,N,Ruki's Day Care<br>Licensed Family<br>250-764-3664<br><br>Vacancy:<br>&nbsp;&nbsp;&nbsp;&nbsp;<36 months: N<br>&nbsp;&nbsp;&nbsp;&nbsp;30 months -- 5 years: N<br>&nbsp;&nbsp;&nbsp;&nbsp;Preschool: N<br>&nbsp;&nbsp;&nbsp;&nbsp;Grade 1 - Age 12: N<br>
5047,Licensed Family,Hollyday Daycare,6319 Fairview Pl,,Duncan,V9L 3Y6,48.796757,-123.724282,250-710-5583,,,N,N,N,N,N,N,N,N,N,N,N,N,N,N,N,N,N,,,N,N,N,N,N,N,N,N,N,N,N,2026-05-05,https://www.healthspace.ca/clients/viha/viha_website.nsf/CCFL-Main?OpenView,N,Y,N,Hollyday Daycare<br>Licensed Family<br>250-710-5583<br><br>Vacancy:<br>&nbsp;&nbsp;&nbsp;&nbsp;<36 months: N<br>&nbsp;&nbsp;&nbsp;&nbsp;30 months -- 5 years: N<br>&nbsp;&nbsp;&nbsp;&nbsp;Preschool: N<br>&nbsp;&nbsp;&nbsp;&nbsp;Grade 1 - Age 12: N<br>
5048,Licensed Family,Bright Stars Daycare,7726 124 St,,Surrey,V3W 3X5,49.143445,-122.878831,604-591-6261,,,N,N,N,N,N,N,N,N,N,N,N,N,N,N,N,N,N,,,N,N,N,N,N,N,N,N,N,N,N,2026-05-20,http://www.healthspace.ca/fha/childcare,N,Y,N,Bright Stars Daycare<br>Licensed Family<br>604-591-6261<br><br>Vacancy:<br>&nbsp;&nbsp;&nbsp;&nbsp;<36 months: N<br>&nbsp;&nbsp;&nbsp;&nbsp;30 months -- 5 years: N<br>&nbsp;&nbsp;&nbsp;&nbsp;Preschool: N<br>&nbsp;&nbsp;&nbsp;&nbsp;Grade 1 - Age 12: N<br>
5049,Licensed Family,Pitter Patter Daycare,1267 Nestor St,,Coquitlam,V3E 1H4,49.290293,-122.778115,604-626-3952,,,N,N,N,N,N,N,N,N,N,N,N,N,N,N,N,N,N,,,N,N,N,N,N,N,N,N,N,N,N,2026-05-01,http://www.healthspace.ca/fha/childcare,N,Y,N,Pitter Patter Daycare<br>Licensed Family<br>604-626-3952<br><br>Vacancy:<br>&nbsp;&nbsp;&nbsp;&nbsp;<36 months: N<br>&nbsp;&nbsp;&nbsp;&nbsp;30 months -- 5 years: N<br>&nbsp;&nbsp;&nbsp;&nbsp;Preschool: N<br>&nbsp;&nbsp;&nbsp;&nbsp;Grade 1 - Age 12: N<br>
5050,Licensed Group,Glen Childcare,2977 Glen Dr,,Coquitlam,V3B 2P7,49.283166,-122.794865,778-285-3589,,,N,N,N,N,N,N,N,N,N,N,N,N,N,N,N,N,N,,,N,N,N,N,N,N,N,N,N,N,N,2026-05-01,http://www.healthspace.ca/fha/childcare,N,Y,N,Glen Childcare<br>Licensed Group<br>778-285-3589<br><br>Vacancy:<br>&nbsp;&nbsp;&nbsp;&nbsp;<36 months: N<br>&nbsp;&nbsp;&nbsp;&nbsp;30 months -- 5 years: N<br>&nbsp;&nbsp;&nbsp;&nbsp;Preschool: N<br>&nbsp;&nbsp;&nbsp;&nbsp;Grade 1 - Age 12: N<br>
5051,Licensed Group,Kiddy Junction Academy Division Ii,8686 Hudson St,,Vancouver,V6P 4N2,49.207172,-123.134608,604-558-2552,,,N,N,N,N,N,N,N,N,N,N,N,N,N,N,N,N,N,,,N,N,N,N,N,N,N,N,N,N,N,2026-05-21,https://inspections.vcha.ca/ChildCare/Table,N,Y,N,Kiddy Junction Academy Division Ii<br>Licensed Group<br>604-558-2552<br><br>Vacancy:<br>&nbsp;&nbsp;&nbsp;&nbsp;<36 months: N<br>&nbsp;&nbsp;&nbsp;&nbsp;30 months -- 5 years: N<br>&nbsp;&nbsp;&nbsp;&nbsp;Preschool: N<br>&nbsp;&nbsp;&nbsp;&nbsp;Grade 1 - Age 12: N<br>
5052,Licensed Group,Apple Tree Roselea Child Care Centre,8740 Roselea Pl,,Richmond,V7A 2K4,49.135194,-123.127453,604-726-0301,,,N,N,N,N,N,N,N,N,N,N,N,N,N,N,N,N,N,,,N,N,N,N,N,N,N,N,N,N,N,2026-05-15,https://inspections.vcha.ca/ChildCare/Table,N,Y,N,Apple Tree Roselea Child Care Centre<br>Licensed Group<br>604-726-0301<br><br>Vacancy:<br>&nbsp;&nbsp;&nbsp;&nbsp;<36 months: N<br>&nbsp;&nbsp;&nbsp;&nbsp;30 months -- 5 years: N<br>&nbsp;&nbsp;&nbsp;&nbsp;Preschool: N<br>&nbsp;&nbsp;&nbsp;&nbsp;Grade 1 - Age 12: N<br>
5053,Licensed Family,Kids Wonderland Child Care,6781 148 St,,Surrey,V3S 3C7,49.126047,-122.812573,604-591-2249,,,N,N,N,N,N,N,N,N,N,N,N,N,N,N,N,N,N,,,N,N,N,N,N,N,N,N,N,N,N,2026-04-28,http://www.healthspace.ca/fha/childcare,N,Y,N,Kids Wonderland Child Care<br>Licensed Family<br>604-591-2249<br><br>Vacancy:<br>&nbsp;&nbsp;&nbsp;&nbsp;<36 months: N<br>&nbsp;&nbsp;&nbsp;&nbsp;30 months -- 5 years: N<br>&nbsp;&nbsp;&nbsp;&nbsp;Preschool: N<br>&nbsp;&nbsp;&nbsp;&nbsp;Grade 1 - Age 12: N<br>
5054,Licensed Group,19 Wing Family Centre,1473 Snowberry Ave,,Lazo,V0R 2K0,48.896942,-125.01049,250-339-8211,,,Y,Y,Y,N,N,Y,Y,Y,N,Y,Y,N,N,N,N,N,N,Extra fee,Extra fee,N,N,N,N,N,N,N,N,N,N,N,2026-05-04,https://www.healthspace.ca/clients/viha/viha_website.nsf/CCFL-Main?OpenView,N,Y,N,19 Wing Family Centre<br>Licensed Group<br>250-339-8211<br><br>Vacancy:<br>&nbsp;&nbsp;&nbsp;&nbsp;<36 months: N<br>&nbsp;&nbsp;&nbsp;&nbsp;30 months -- 5 years: N<br>&nbsp;&nbsp;&nbsp;&nbsp;Preschool: N<br>&nbsp;&nbsp;&nbsp;&nbsp;Grade 1 - Age 12: N<br>
5055,Licensed Group,Kinder Kampus - Heritage Mountain,103-300 Panorama Pl,,Port Moody,V3H 4Z2,49.302025,-122.829782,604-417-9109,,,N,N,N,N,N,N,N,N,N,N,N,N,N,N,N,N,N,,,N,N,N,N,N,N,N,N,Y,N,Y,2026-05-15,http://www.healthspace.ca/fha/childcare,N,Y,N,Kinder Kampus - Heritage Mountain<br>Licensed Group<br>604-417-9109<br><br>Vacancy:<br>&nbsp;&nbsp;&nbsp;&nbsp;<36 months: N<br>&nbsp;&nbsp;&nbsp;&nbsp;30 months -- 5 years: Y<br>&nbsp;&nbsp;&nbsp;&nbsp;Preschool: N<br>&nbsp;&nbsp;&nbsp;&nbsp;Grade 1 - Age 12: Y<br>
5056,Licensed Group,Constellation Montessori Daycare,122 Moody St,,Port Moody,V3H 2P8,49.275842,-122.850145,604-461-3172,,,N,N,N,N,N,N,N,N,N,N,N,N,N,N,N,N,N,,,N,N,N,N,N,N,N,N,Y,N,N,2026-05-15,http://www.healthspace.ca/fha/childcare,N,Y,N,Constellation Montessori Daycare<br>Licensed Group<br>604-461-3172<br><br>Vacancy:<br>&nbsp;&nbsp;&nbsp;&nbsp;<36 months: N<br>&nbsp;&nbsp;&nbsp;&nbsp;30 months -- 5 years: Y<br>&nbsp;&nbsp;&nbsp;&nbsp;Preschool: N<br>&nbsp;&nbsp;&nbsp;&nbsp;Grade 1 - Age 12: N<br>
5057,Licensed Group,Pathway Montessori Children's Center,9025 Glover Rd,,Langley,V1M 2R7,49.166513,-122.582531,604-644-7547,,,N,N,N,N,N,N,N,N,N,N,N,N,N,N,N,N,N,,,N,N,N,N,N,N,N,N,N,N,N,2026-05-16,http://www.healthspace.ca/fha/childcare,N,Y,N,Pathway Montessori Children's Center<br>Licensed Group<br>604-644-7547<br><br>Vacancy:<br>&nbsp;&nbsp;&nbsp;&nbsp;<36 months: N<br>&nbsp;&nbsp;&nbsp;&nbsp;30 months -- 5 years: N<br>&nbsp;&nbsp;&nbsp;&nbsp;Preschool: N<br>&nbsp;&nbsp;&nbsp;&nbsp;Grade 1 - Age 12: N<br>
5058,Licensed Group,Bear Paws Child Care,6842 Gilley Ave,,Burnaby,V5J 4W7,49.221406,-122.971572,604-563-6825,,,N,N,N,N,N,N,N,N,N,N,N,N,N,N,N,N,N,,,N,N,N,N,N,N,N,N,N,N,N,2026-05-11,http://www.healthspace.ca/fha/childcare,N,Y,N,Bear Paws Child Care<br>Licensed Group<br>604-563-6825<br><br>Vacancy:<br>&nbsp;&nbsp;&nbsp;&nbsp;<36 months: N<br>&nbsp;&nbsp;&nbsp;&nbsp;30 months -- 5 years: N<br>&nbsp;&nbsp;&nbsp;&nbsp;Preschool: N<br>&nbsp;&nbsp;&nbsp;&nbsp;Grade 1 - Age 12: N<br>
5059,Licensed Group,Baby Bears Infant And Toddler Daycare Ltd.,7973 Dunsmuir St,,Mission,V2V 4S2,49.147013,-122.298988,604-826-5612,,,N,N,N,N,N,N,N,N,N,N,N,N,N,N,N,N,N,,,N,N,N,N,N,N,N,Y,N,N,N,2026-05-15,http://www.healthspace.ca/fha/childcare,N,Y,N,Baby Bears Infant And Toddler Daycare Ltd.<br>Licensed Group<br>604-826-5612<br><br>Vacancy:<br>&nbsp;&nbsp;&nbsp;&nbsp;<36 months: Y<br>&nbsp;&nbsp;&nbsp;&nbsp;30 months -- 5 years: N<br>&nbsp;&nbsp;&nbsp;&nbsp;Preschool: N<br>&nbsp;&nbsp;&nbsp;&nbsp;Grade 1 - Age 12: N<br>
5060,Licensed Group,Hope Infant Toddler Group Daycare,9520 mcburney Dr,,Richmond,V6Y 3C6,49.153293,-123.11788,604-282-7278,,,N,N,N,N,N,N,N,N,N,N,N,N,N,N,N,N,N,,,N,N,N,N,N,N,N,N,N,N,N,2026-05-16,https://inspections.vcha.ca/ChildCare/Table,N,Y,N,Hope Infant Toddler Group Daycare<br>Licensed Group<br>604-282-7278<br><br>Vacancy:<br>&nbsp;&nbsp;&nbsp;&nbsp;<36 months: N<br>&nbsp;&nbsp;&nbsp;&nbsp;30 months -- 5 years: N<br>&nbsp;&nbsp;&nbsp;&nbsp;Preschool: N<br>&nbsp;&nbsp;&nbsp;&nbsp;Grade 1 - Age 12: N<br>
5061,Licensed Group,Cambridge Learning Centre Inc,14898 Spencer Dr,,Surrey,V3S 7K7,49.157327,-122.809731,604-655-5005,,,,,,,,,,,,,,,,,,,,,,,,,,,,,,,,,,,Y,Y,N,Cambridge Learning Centre Inc<br>Licensed Group<br>604-655-5005<br><br>Vacancy:<br>&nbsp;&nbsp;&nbsp;&nbsp;<36 months: None<br>&nbsp;&nbsp;&nbsp;&nbsp;30 months -- 5 years: None<br>&nbsp;&nbsp;&nbsp;&nbsp;Preschool: None<br>&nbsp;&nbsp;&nbsp;&nbsp;Grade 1 - Age 12: None<br>
5062,Licensed Group,Caterpillar Fun House #1,101-9868 120 St,,Surrey,V3V 4C9,49.182031,-122.889732,604-589-0009,,,N,N,N,N,N,N,N,N,N,N,N,N,N,N,N,N,N,,,N,N,N,N,N,N,N,N,N,N,N,2026-05-15,http://www.healthspace.ca/fha/childcare,N,Y,N,Caterpillar Fun House #1<br>Licensed Group<br>604-589-0009<br><br>Vacancy:<br>&nbsp;&nbsp;&nbsp;&nbsp;<36 months: N<br>&nbsp;&nbsp;&nbsp;&nbsp;30 months -- 5 years: N<br>&nbsp;&nbsp;&nbsp;&nbsp;Preschool: N<br>&nbsp;&nbsp;&nbsp;&nbsp;Grade 1 - Age 12: N<br>
5063,Licensed Group,Kamloops Village Garden Montessori Early Learning Center,700 Hugh Allan Dr,,Kamloops,V1S 1N3,50.646259,-120.357178,604-338-6787,,,N,N,N,N,N,N,N,N,N,N,N,N,N,N,N,N,N,,,N,N,N,N,N,N,N,Y,Y,N,Y,2026-04-28,https://hedgehogportal.interiorhealth.ca/ChildCare/Map,N,Y,N,Kamloops Village Garden Montessori Early Learning Center<br>Licensed Group<br>604-338-6787<br><br>Vacancy:<br>&nbsp;&nbsp;&nbsp;&nbsp;<36 months: Y<br>&nbsp;&nbsp;&nbsp;&nbsp;30 months -- 5 years: Y<br>&nbsp;&nbsp;&nbsp;&nbsp;Preschool: N<br>&nbsp;&nbsp;&nbsp;&nbsp;Grade 1 - Age 12: Y<br>
5064,Licensed Group,Creative Kids Montessori & Fine Arts Academy (Multi-Age),2663 West King Edward,,Vancouver,V6L 1T5,49.248444,-123.164317,604-612-9281,,,N,N,N,N,N,N,N,N,N,N,N,N,N,N,N,N,N,,,N,N,N,N,N,N,N,N,N,N,N,2026-05-15,https://inspections.vcha.ca/ChildCare/Table,N,Y,N,Creative Kids Montessori & Fine Arts Academy (Multi-Age)<br>Licensed Group<br>604-612-9281<br><br>Vacancy:<br>&nbsp;&nbsp;&nbsp;&nbsp;<36 months: N<br>&nbsp;&nbsp;&nbsp;&nbsp;30 months -- 5 years: N<br>&nbsp;&nbsp;&nbsp;&nbsp;Preschool: N<br>&nbsp;&nbsp;&nbsp;&nbsp;Grade 1 - Age 12: N<br>
5065,Licensed Family,Play-N-Grow Childcare Centre,13639 92 Ave,,Surrey,V3V 7J2,49.170207,-122.844695,604-782-3546,,,N,N,N,N,N,N,N,N,N,N,N,N,N,N,N,N,N,,,N,N,N,N,N,N,N,Y,N,N,N,2026-05-15,http://www.healthspace.ca/fha/childcare,N,Y,N,Play-N-Grow Childcare Centre<br>Licensed Family<br>604-782-3546<br><br>Vacancy:<br>&nbsp;&nbsp;&nbsp;&nbsp;<36 months: Y<br>&nbsp;&nbsp;&nbsp;&nbsp;30 months -- 5 years: N<br>&nbsp;&nbsp;&nbsp;&nbsp;Preschool: N<br>&nbsp;&nbsp;&nbsp;&nbsp;Grade 1 - Age 12: N<br>
5066,Licensed Group,New Horizon Montessori School Ltd,20338 91A Ave,,Langley,V1M 2G2,49.168254,-122.658665,604-552-7542,,,N,N,N,N,N,N,N,N,N,N,N,N,N,N,N,N,N,,,N,N,N,N,N,N,N,N,Y,N,N,2026-04-30,http://www.healthspace.ca/fha/childcare,N,Y,N,New Horizon Montessori School Ltd<br>Licensed Group<br>604-552-7542<br><br>Vacancy:<br>&nbsp;&nbsp;&nbsp;&nbsp;<36 months: N<br>&nbsp;&nbsp;&nbsp;&nbsp;30 months -- 5 years: Y<br>&nbsp;&nbsp;&nbsp;&nbsp;Preschool: N<br>&nbsp;&nbsp;&nbsp;&nbsp;Grade 1 - Age 12: N<br>
5067,Licensed Group,University Hill Kinderclub (Preschool),5395 Chancellor Blvd,,Vancouver,V6T 1E2,49.27423,-123.237318,604-222-0700,,,N,N,N,N,N,N,N,N,N,N,N,N,N,N,N,N,N,,,N,N,N,N,N,N,N,N,N,Y,N,2026-04-10,https://inspections.vcha.ca/ChildCare/Table,N,Y,N,University Hill Kinderclub (Preschool)<br>Licensed Group<br>604-222-0700<br><br>Vacancy:<br>&nbsp;&nbsp;&nbsp;&nbsp;<36 months: N<br>&nbsp;&nbsp;&nbsp;&nbsp;30 months -- 5 years: N<br>&nbsp;&nbsp;&nbsp;&nbsp;Preschool: Y<br>&nbsp;&nbsp;&nbsp;&nbsp;Grade 1 - Age 12: N<br>
5068,Licensed Group,Curious Minds Learning Centre Ltd,20820 River Rd,,Maple Ridge,V2X 1Z7,49.211976,-122.644278,604-315-3240,,,,,,,,,,,,,,,,,,,,,,,,,,,,,,,,,,,Y,Y,N,Curious Minds Learning Centre Ltd<br>Licensed Group<br>604-315-3240<br><br>Vacancy:<br>&nbsp;&nbsp;&nbsp;&nbsp;<36 months: None<br>&nbsp;&nbsp;&nbsp;&nbsp;30 months -- 5 years: None<br>&nbsp;&nbsp;&nbsp;&nbsp;Preschool: None<br>&nbsp;&nbsp;&nbsp;&nbsp;Grade 1 - Age 12: None<br>
5069,Licensed Group,Almosthome Goldstream It,999 Goldstream Ave,,Victoria,V9B 2Y2,48.449974,-123.512168,250-590-7666,,,N,N,N,N,N,N,N,N,N,N,N,N,N,N,N,N,N,,,N,N,N,N,N,N,N,Y,N,N,N,2026-04-29,https://www.healthspace.ca/clients/viha/viha_website.nsf/CCFL-Main?OpenView,N,Y,N,Almosthome Goldstream It<br>Licensed Group<br>250-590-7666<br><br>Vacancy:<br>&nbsp;&nbsp;&nbsp;&nbsp;<36 months: Y<br>&nbsp;&nbsp;&nbsp;&nbsp;30 months -- 5 years: N<br>&nbsp;&nbsp;&nbsp;&nbsp;Preschool: N<br>&nbsp;&nbsp;&nbsp;&nbsp;Grade 1 - Age 12: N<br>
5070,Licensed Group,King's Christian Preschool,3151 6 Ave Ne,,Salmon Arm,V1E 1J2,50.704687,-119.249368,250-463-5200,,,N,N,N,N,N,N,N,N,N,N,N,N,N,N,N,N,N,,,N,N,N,N,N,N,N,N,N,Y,N,2026-05-02,https://hedgehogportal.interiorhealth.ca/ChildCare/Map,N,Y,N,King's Christian Preschool<br>Licensed Group<br>250-463-5200<br><br>Vacancy:<br>&nbsp;&nbsp;&nbsp;&nbsp;<36 months: N<br>&nbsp;&nbsp;&nbsp;&nbsp;30 months -- 5 years: N<br>&nbsp;&nbsp;&nbsp;&nbsp;Preschool: Y<br>&nbsp;&nbsp;&nbsp;&nbsp;Grade 1 - Age 12: N<br>
5071,Licensed Group,Kuddles Early Infant Stimulation Centre,370 Mathers Ave,,West Vancouver,V7S 1H3,49.33703,-123.125457,604-729-6538,,,N,N,N,N,N,N,N,N,N,N,N,N,N,N,N,N,N,,,N,N,N,N,N,N,N,N,N,N,N,2026-04-30,https://inspections.vcha.ca/ChildCare/Table,N,Y,Y,Kuddles Early Infant Stimulation Centre<br>Licensed Group<br>604-729-6538<br><br>Vacancy:<br>&nbsp;&nbsp;&nbsp;&nbsp;<36 months: N<br>&nbsp;&nbsp;&nbsp;&nbsp;30 months -- 5 years: N<br>&nbsp;&nbsp;&nbsp;&nbsp;Preschool: N<br>&nbsp;&nbsp;&nbsp;&nbsp;Grade 1 - Age 12: N<br>
5072,Licensed Group,Kaleidoscope Early Learning Centre,1555 mclean St,,Trail,V1R 1Z1,49.09753,-117.695349,250-512-7492,,,N,N,N,N,N,N,N,N,N,N,N,N,N,N,N,N,N,,,N,N,N,N,N,N,N,N,Y,N,N,2026-05-15,https://hedgehogportal.interiorhealth.ca/ChildCare/Map,N,Y,N,Kaleidoscope Early Learning Centre<br>Licensed Group<br>250-512-7492<br><br>Vacancy:<br>&nbsp;&nbsp;&nbsp;&nbsp;<36 months: N<br>&nbsp;&nbsp;&nbsp;&nbsp;30 months -- 5 years: Y<br>&nbsp;&nbsp;&nbsp;&nbsp;Preschool: N<br>&nbsp;&nbsp;&nbsp;&nbsp;Grade 1 - Age 12: N<br>
5073,Licensed Group,Early Learning Childcare Centre,3635 Coast Meridian Rd,,Port Coquitlam,V3B 3N9,49.276944,-122.756568,604-475-4809,,,N,N,N,N,N,N,N,N,N,N,N,N,N,N,N,N,N,,,N,N,N,N,N,N,N,Y,N,N,N,2026-05-18,http://www.healthspace.ca/fha/childcare,N,Y,N,Early Learning Childcare Centre<br>Licensed Group<br>604-475-4809<br><br>Vacancy:<br>&nbsp;&nbsp;&nbsp;&nbsp;<36 months: Y<br>&nbsp;&nbsp;&nbsp;&nbsp;30 months -- 5 years: N<br>&nbsp;&nbsp;&nbsp;&nbsp;Preschool: N<br>&nbsp;&nbsp;&nbsp;&nbsp;Grade 1 - Age 12: N<br>
5074,Licensed Group,Artscalibre Academy,3220 Cedar Hill Rd,,Victoria,V8P 3Y3,48.449615,-123.344154,778-350-0427,,,N,N,N,N,N,N,N,N,N,N,N,N,N,N,N,N,N,Not offered,Not offered,N,N,N,N,N,N,N,N,Y,N,N,2026-05-06,https://www.healthspace.ca/clients/viha/viha_website.nsf/CCFL-Main?OpenView,N,N,N,Artscalibre Academy<br>Licensed Group<br>778-350-0427<br><br>Vacancy:<br>&nbsp;&nbsp;&nbsp;&nbsp;<36 months: N<br>&nbsp;&nbsp;&nbsp;&nbsp;30 months -- 5 years: Y<br>&nbsp;&nbsp;&nbsp;&nbsp;Preschool: N<br>&nbsp;&nbsp;&nbsp;&nbsp;Grade 1 - Age 12: N<br>
5075,Licensed Group,Creative All Stars Childcare,13474 96Th Ave,,Surrey,V3V 1Y9,49.176855,-122.849014,604-306-4073,,,N,N,N,N,N,N,N,N,N,N,N,N,N,N,N,N,N,,,N,N,N,N,N,N,N,N,N,N,Y,2026-05-15,http://www.healthspace.ca/fha/childcare,N,Y,N,Creative All Stars Childcare<br>Licensed Group<br>604-306-4073<br><br>Vacancy:<br>&nbsp;&nbsp;&nbsp;&nbsp;<36 months: N<br>&nbsp;&nbsp;&nbsp;&nbsp;30 months -- 5 years: N<br>&nbsp;&nbsp;&nbsp;&nbsp;Preschool: N<br>&nbsp;&nbsp;&nbsp;&nbsp;Grade 1 - Age 12: Y<br>
5076,Licensed Group,New Hope Child Care (3-5 Gdc),2551 49Th Ave E,,Vancouver,V5S 1J6,49.225119,-123.055462,604-321-6130,,,N,N,N,N,N,N,N,N,N,N,N,N,N,N,N,N,N,,,N,N,N,N,N,N,N,N,N,N,N,2026-05-18,https://inspections.vcha.ca/ChildCare/Table,N,Y,N,New Hope Child Care (3-5 Gdc)<br>Licensed Group<br>604-321-6130<br><br>Vacancy:<br>&nbsp;&nbsp;&nbsp;&nbsp;<36 months: N<br>&nbsp;&nbsp;&nbsp;&nbsp;30 months -- 5 years: N<br>&nbsp;&nbsp;&nbsp;&nbsp;Preschool: N<br>&nbsp;&nbsp;&nbsp;&nbsp;Grade 1 - Age 12: N<br>
5077,Licensed Group,Shalom Day Care,1461 Blanshard,,Victoria,V8W 2J3,48.427422,-123.361364,778-977-2898,,,N,N,N,N,N,N,N,N,N,N,N,N,N,N,N,N,N,,,N,N,N,N,N,N,N,N,N,N,N,2026-05-14,https://www.healthspace.ca/clients/viha/viha_website.nsf/CCFL-Main?OpenView,N,Y,N,Shalom Day Care<br>Licensed Group<br>778-977-2898<br><br>Vacancy:<br>&nbsp;&nbsp;&nbsp;&nbsp;<36 months: N<br>&nbsp;&nbsp;&nbsp;&nbsp;30 months -- 5 years: N<br>&nbsp;&nbsp;&nbsp;&nbsp;Preschool: N<br>&nbsp;&nbsp;&nbsp;&nbsp;Grade 1 - Age 12: N<br>
5078,Licensed Group,Squamish Montessori - Head Office,103-42000 Loggers Lane,,Squamish,V8B 0H2,49.726258,-123.139273,604-892-1180,,,N,N,N,N,N,N,N,N,N,N,N,N,N,N,N,N,N,,,N,N,N,N,N,N,N,N,N,N,N,2026-03-23,https://inspections.vcha.ca/ChildCare/Table,N,Y,N,Squamish Montessori - Head Office<br>Licensed Group<br>604-892-1180<br><br>Vacancy:<br>&nbsp;&nbsp;&nbsp;&nbsp;<36 months: N<br>&nbsp;&nbsp;&nbsp;&nbsp;30 months -- 5 years: N<br>&nbsp;&nbsp;&nbsp;&nbsp;Preschool: N<br>&nbsp;&nbsp;&nbsp;&nbsp;Grade 1 - Age 12: N<br>
5079,Licensed Family,Love Bugs Family Childcare,1062 Jenkins Ave,,Victoria,V9B 2N7,48.442043,-123.520193,250-220-5718,,,N,N,N,N,N,N,N,N,N,N,N,N,N,N,N,N,N,,,N,N,N,N,N,N,N,N,N,N,N,2026-04-26,https://www.healthspace.ca/clients/viha/viha_website.nsf/CCFL-Main?OpenView,N,Y,N,Love Bugs Family Childcare<br>Licensed Family<br>250-220-5718<br><br>Vacancy:<br>&nbsp;&nbsp;&nbsp;&nbsp;<36 months: N<br>&nbsp;&nbsp;&nbsp;&nbsp;30 months -- 5 years: N<br>&nbsp;&nbsp;&nbsp;&nbsp;Preschool: N<br>&nbsp;&nbsp;&nbsp;&nbsp;Grade 1 - Age 12: N<br>
5080,Licensed Group,Eagle Harbour Montessori Childcare,5575 Marine Dr,,West Vancouver,V7W 2R4,49.353729,-123.260119,604-783-6604,,,N,N,N,N,N,N,N,N,N,N,N,N,N,N,N,N,N,,,N,N,N,N,N,N,N,N,Y,N,N,2026-05-04,https://inspections.vcha.ca/ChildCare/Table,N,Y,N,Eagle Harbour Montessori Childcare<br>Licensed Group<br>604-783-6604<br><br>Vacancy:<br>&nbsp;&nbsp;&nbsp;&nbsp;<36 months: N<br>&nbsp;&nbsp;&nbsp;&nbsp;30 months -- 5 years: Y<br>&nbsp;&nbsp;&nbsp;&nbsp;Preschool: N<br>&nbsp;&nbsp;&nbsp;&nbsp;Grade 1 - Age 12: N<br>
5081,Licensed Group,Bulkley Valley Christian School - Preschool,3575 14Th Ave,,Smithers,V0J 2N0,54.777828,-127.155923,250-847-4238,,,N,N,N,N,N,N,N,N,N,N,N,N,N,N,N,N,N,,,N,N,N,N,N,N,N,N,N,Y,N,2026-05-05,https://www.healthspace.ca/Clients/NHA/NHA_Website.nsf/CCFL-Frameset,N,N,N,Bulkley Valley Christian School - Preschool<br>Licensed Group<br>250-847-4238<br><br>Vacancy:<br>&nbsp;&nbsp;&nbsp;&nbsp;<36 months: N<br>&nbsp;&nbsp;&nbsp;&nbsp;30 months -- 5 years: N<br>&nbsp;&nbsp;&nbsp;&nbsp;Preschool: Y<br>&nbsp;&nbsp;&nbsp;&nbsp;Grade 1 - Age 12: N<br>
5082,Licensed Family,Lil' Boot Camp Day Care,3314 Gibbins Rd,,Duncan,V9L 6E5,48.780252,-123.737347,250-732-6209,,,N,N,N,N,N,N,N,N,N,N,N,N,N,N,N,N,N,,,N,N,N,N,N,N,N,N,N,N,N,2026-05-15,https://www.healthspace.ca/clients/viha/viha_website.nsf/CCFL-Main?OpenView,N,Y,N,Lil' Boot Camp Day Care<br>Licensed Family<br>250-732-6209<br><br>Vacancy:<br>&nbsp;&nbsp;&nbsp;&nbsp;<36 months: N<br>&nbsp;&nbsp;&nbsp;&nbsp;30 months -- 5 years: N<br>&nbsp;&nbsp;&nbsp;&nbsp;Preschool: N<br>&nbsp;&nbsp;&nbsp;&nbsp;Grade 1 - Age 12: N<br>
5083,Licensed Group,Little Stars Child Care,2011 mcneill Rd,,Port mcneill,V0N 2R0,50.586839,-127.079516,250-956-2774,,,N,N,N,N,N,N,N,N,N,N,N,N,N,N,N,N,N,,,N,N,N,N,N,N,N,N,N,N,N,2026-05-20,https://www.healthspace.ca/clients/viha/viha_website.nsf/CCFL-Main?OpenView,N,Y,N,Little Stars Child Care<br>Licensed Group<br>250-956-2774<br><br>Vacancy:<br>&nbsp;&nbsp;&nbsp;&nbsp;<36 months: N<br>&nbsp;&nbsp;&nbsp;&nbsp;30 months -- 5 years: N<br>&nbsp;&nbsp;&nbsp;&nbsp;Preschool: N<br>&nbsp;&nbsp;&nbsp;&nbsp;Grade 1 - Age 12: N<br>
5084,Licensed Group,Qt Daycare #2,32034 Hillcrest Ave,,Abbotsford,V2T 1S4,49.047712,-122.336193,604-851-2201,,,N,N,N,N,N,N,N,N,N,N,N,N,N,N,N,N,N,,,N,N,N,N,N,N,N,N,N,N,N,2026-05-20,http://www.healthspace.ca/fha/childcare,N,Y,N,Qt Daycare #2<br>Licensed Group<br>604-851-2201<br><br>Vacancy:<br>&nbsp;&nbsp;&nbsp;&nbsp;<36 months: N<br>&nbsp;&nbsp;&nbsp;&nbsp;30 months -- 5 years: N<br>&nbsp;&nbsp;&nbsp;&nbsp;Preschool: N<br>&nbsp;&nbsp;&nbsp;&nbsp;Grade 1 - Age 12: N<br>
5085,Licensed Group,Torquay School Kids Klub,4413 Torquay Dr,,Victoria,V8N 3L3,48.486356,-123.322755,250-589-6762,,,N,N,N,N,N,N,N,N,N,N,N,N,N,N,N,N,N,,,N,N,N,N,N,N,N,N,N,N,Y,2026-05-15,https://www.healthspace.ca/clients/viha/viha_website.nsf/CCFL-Main?OpenView,N,N,N,Torquay School Kids Klub<br>Licensed Group<br>250-589-6762<br><br>Vacancy:<br>&nbsp;&nbsp;&nbsp;&nbsp;<36 months: N<br>&nbsp;&nbsp;&nbsp;&nbsp;30 months -- 5 years: N<br>&nbsp;&nbsp;&nbsp;&nbsp;Preschool: N<br>&nbsp;&nbsp;&nbsp;&nbsp;Grade 1 - Age 12: Y<br>
5086,Licensed Group,Wind And Tide Child Development Centre - Sunnyside,15639 24 Ave,,Surrey,V4A 2J6,49.045738,-122.788817,604-575-0549,,,N,N,N,N,N,N,N,N,N,N,N,N,N,N,N,N,N,,,N,N,N,N,N,N,N,N,N,N,N,2026-05-18,http://www.healthspace.ca/fha/childcare,N,Y,N,Wind And Tide Child Development Centre - Sunnyside<br>Licensed Group<br>604-575-0549<br><br>Vacancy:<br>&nbsp;&nbsp;&nbsp;&nbsp;<36 months: N<br>&nbsp;&nbsp;&nbsp;&nbsp;30 months -- 5 years: N<br>&nbsp;&nbsp;&nbsp;&nbsp;Preschool: N<br>&nbsp;&nbsp;&nbsp;&nbsp;Grade 1 - Age 12: N<br>
5087,Licensed Group,Wind And Tide - Maple Ridge,20639 123 Ave,,Maple Ridge,V4K 2Y9,49.227268,-122.648637,604-575-0549,,,N,N,N,N,N,N,N,N,N,N,N,N,N,N,N,N,N,,,N,N,N,N,N,N,N,N,N,N,N,2026-05-15,http://www.healthspace.ca/fha/childcare,N,Y,N,Wind And Tide - Maple Ridge<br>Licensed Group<br>604-575-0549<br><br>Vacancy:<br>&nbsp;&nbsp;&nbsp;&nbsp;<36 months: N<br>&nbsp;&nbsp;&nbsp;&nbsp;30 months -- 5 years: N<br>&nbsp;&nbsp;&nbsp;&nbsp;Preschool: N<br>&nbsp;&nbsp;&nbsp;&nbsp;Grade 1 - Age 12: N<br>
5088,Licensed Family,Little Hedgehog Child Care Centre,7311 Francis Rd,,Richmond,V6Y 1A1,49.148554,-123.143706,604-204-2014,,,N,N,N,N,N,N,N,N,N,N,N,N,N,N,N,N,N,,,N,N,N,N,N,N,N,N,N,N,N,2026-05-16,https://inspections.vcha.ca/ChildCare/Table,N,Y,N,Little Hedgehog Child Care Centre<br>Licensed Family<br>604-204-2014<br><br>Vacancy:<br>&nbsp;&nbsp;&nbsp;&nbsp;<36 months: N<br>&nbsp;&nbsp;&nbsp;&nbsp;30 months -- 5 years: N<br>&nbsp;&nbsp;&nbsp;&nbsp;Preschool: N<br>&nbsp;&nbsp;&nbsp;&nbsp;Grade 1 - Age 12: N<br>
5089,Licensed Group,Kiddie Hall Childcare Inc.,104 166 Main St,,Penticton,V2A 5A4,49.501113,-119.593615,778-476-5963,,,N,N,N,N,N,N,N,N,N,N,N,N,N,N,N,N,N,,,N,N,N,N,N,N,N,N,N,N,N,2026-05-19,https://hedgehogportal.interiorhealth.ca/ChildCare/Map,N,Y,N,Kiddie Hall Childcare Inc.<br>Licensed Group<br>778-476-5963<br><br>Vacancy:<br>&nbsp;&nbsp;&nbsp;&nbsp;<36 months: N<br>&nbsp;&nbsp;&nbsp;&nbsp;30 months -- 5 years: N<br>&nbsp;&nbsp;&nbsp;&nbsp;Preschool: N<br>&nbsp;&nbsp;&nbsp;&nbsp;Grade 1 - Age 12: N<br>
5090,Licensed Group,Cloverdale Recreation Centre Preschool,6188 176Th St,,Surrey,V3S 4E7,49.115196,-122.733208,604-598-7967,,,N,N,N,N,N,N,N,N,N,N,N,N,N,N,N,N,N,,,N,N,N,N,N,N,N,N,N,Y,N,2026-04-30,http://www.healthspace.ca/fha/childcare,N,Y,N,Cloverdale Recreation Centre Preschool<br>Licensed Group<br>604-598-7967<br><br>Vacancy:<br>&nbsp;&nbsp;&nbsp;&nbsp;<36 months: N<br>&nbsp;&nbsp;&nbsp;&nbsp;30 months -- 5 years: N<br>&nbsp;&nbsp;&nbsp;&nbsp;Preschool: Y<br>&nbsp;&nbsp;&nbsp;&nbsp;Grade 1 - Age 12: N<br>
5091,Licensed Group,Pineridge Elementary School Before And After School Daycare,1700 Sloan Ave,,Prince Rupert,V8J 2B6,54.298774,-130.336657,250-627-7054,,,N,N,N,N,N,N,N,N,N,N,N,N,N,N,N,N,N,,,N,N,N,N,N,N,N,N,Y,N,Y,2026-05-19,http://www.healthspace.ca/Clients/NHA/NHA_Website.nsf/CCFL-Frameset,N,Y,N,Pineridge Elementary School Before And After School Daycare<br>Licensed Group<br>250-627-7054<br><br>Vacancy:<br>&nbsp;&nbsp;&nbsp;&nbsp;<36 months: N<br>&nbsp;&nbsp;&nbsp;&nbsp;30 months -- 5 years: Y<br>&nbsp;&nbsp;&nbsp;&nbsp;Preschool: N<br>&nbsp;&nbsp;&nbsp;&nbsp;Grade 1 - Age 12: Y<br>
5092,Licensed Family,Learning Ladder Childcare,8455 116 St,,Delta,V4C 5V5,49.156846,-122.901992,604-594-0596,,,N,N,N,N,N,N,N,N,N,N,N,N,N,N,N,N,N,,,N,N,N,N,N,N,N,Y,Y,N,N,2026-05-16,http://www.healthspace.ca/fha/childcare,N,Y,N,Learning Ladder Childcare<br>Licensed Family<br>604-594-0596<br><br>Vacancy:<br>&nbsp;&nbsp;&nbsp;&nbsp;<36 months: Y<br>&nbsp;&nbsp;&nbsp;&nbsp;30 months -- 5 years: Y<br>&nbsp;&nbsp;&nbsp;&nbsp;Preschool: N<br>&nbsp;&nbsp;&nbsp;&nbsp;Grade 1 - Age 12: N<br>
5093,Licensed Family,Apple Tree Childcare Centre,5482 124B St,,Surrey,V3X 3T1,49.102494,-122.876634,604-593-5056,,,N,N,N,N,N,N,N,N,N,N,N,N,N,N,N,N,N,,,N,N,N,N,N,N,N,N,N,N,N,2026-05-07,http://www.healthspace.ca/fha/childcare,N,Y,N,Apple Tree Childcare Centre<br>Licensed Family<br>604-593-5056<br><br>Vacancy:<br>&nbsp;&nbsp;&nbsp;&nbsp;<36 months: N<br>&nbsp;&nbsp;&nbsp;&nbsp;30 months -- 5 years: N<br>&nbsp;&nbsp;&nbsp;&nbsp;Preschool: N<br>&nbsp;&nbsp;&nbsp;&nbsp;Grade 1 - Age 12: N<br>
5094,Licensed Group,Creative Kids Learning Centers - Rosemary,15350 34 Ave,,Surrey,V3S 0X7,49.06361,-122.796989,604-560-5002,,,N,N,N,N,N,N,N,N,N,N,N,N,N,N,N,N,N,,,N,N,N,N,N,N,N,N,Y,Y,N,2026-05-19,http://www.healthspace.ca/fha/childcare,N,N,N,Creative Kids Learning Centers - Rosemary<br>Licensed Group<br>604-560-5002<br><br>Vacancy:<br>&nbsp;&nbsp;&nbsp;&nbsp;<36 months: N<br>&nbsp;&nbsp;&nbsp;&nbsp;30 months -- 5 years: Y<br>&nbsp;&nbsp;&nbsp;&nbsp;Preschool: Y<br>&nbsp;&nbsp;&nbsp;&nbsp;Grade 1 - Age 12: N<br>
5095,Licensed Group,Oasis Montessori Academy,655 8Th Ave W,,Vancouver,V5Z 1C7,49.264435,-123.118957,604-928-0951,,,N,N,N,N,N,N,N,N,N,N,N,N,N,N,N,N,N,,,N,N,N,N,N,N,N,Y,Y,N,N,2026-05-19,https://inspections.vcha.ca/ChildCare/Table,N,Y,N,Oasis Montessori Academy<br>Licensed Group<br>604-928-0951<br><br>Vacancy:<br>&nbsp;&nbsp;&nbsp;&nbsp;<36 months: Y<br>&nbsp;&nbsp;&nbsp;&nbsp;30 months -- 5 years: Y<br>&nbsp;&nbsp;&nbsp;&nbsp;Preschool: N<br>&nbsp;&nbsp;&nbsp;&nbsp;Grade 1 - Age 12: N<br>
5096,Licensed Group,Le Coin Des Petits,1752 Fir St,,Prince George,V2L 1E7,53.907998,-122.736563,250-561-2565,,,N,N,N,N,N,N,N,N,N,N,N,N,N,N,N,N,N,,,N,N,N,N,N,N,N,N,N,Y,N,2026-05-01,https://www.healthspace.ca/Clients/NHA/NHA_Website.nsf/CCFL-Frameset,N,N,N,Le Coin Des Petits<br>Licensed Group<br>250-561-2565<br><br>Vacancy:<br>&nbsp;&nbsp;&nbsp;&nbsp;<36 months: N<br>&nbsp;&nbsp;&nbsp;&nbsp;30 months -- 5 years: N<br>&nbsp;&nbsp;&nbsp;&nbsp;Preschool: Y<br>&nbsp;&nbsp;&nbsp;&nbsp;Grade 1 - Age 12: N<br>
5097,Licensed Group,Little Friends Children's Centre #4,16126 93A Ave,,Surrey,V4N 3A2,49.173163,-122.775443,778-385-4120,,,N,N,N,N,N,N,N,N,N,N,N,N,N,N,N,N,N,,,N,N,N,N,N,N,N,N,Y,N,Y,2026-04-29,http://www.healthspace.ca/fha/childcare,N,Y,N,Little Friends Children's Centre #4<br>Licensed Group<br>778-385-4120<br><br>Vacancy:<br>&nbsp;&nbsp;&nbsp;&nbsp;<36 months: N<br>&nbsp;&nbsp;&nbsp;&nbsp;30 months -- 5 years: Y<br>&nbsp;&nbsp;&nbsp;&nbsp;Preschool: N<br>&nbsp;&nbsp;&nbsp;&nbsp;Grade 1 - Age 12: Y<br>
5098,Licensed Group,Nsnh - Queen Mary Kid's Club,230 Keith Rd W,,North Vancouver,V7M 1L8,49.319433,-123.077844,604-987-8138,,,N,N,N,N,N,N,N,N,N,N,N,N,N,N,N,N,N,,,N,N,N,N,N,N,N,N,N,N,N,2026-05-11,https://inspections.vcha.ca/ChildCare/Table,N,Y,N,Nsnh - Queen Mary Kid's Club<br>Licensed Group<br>604-987-8138<br><br>Vacancy:<br>&nbsp;&nbsp;&nbsp;&nbsp;<36 months: N<br>&nbsp;&nbsp;&nbsp;&nbsp;30 months -- 5 years: N<br>&nbsp;&nbsp;&nbsp;&nbsp;Preschool: N<br>&nbsp;&nbsp;&nbsp;&nbsp;Grade 1 - Age 12: N<br>
5099,Licensed Group,Graham Montessori School (Oos),8260 13Th Ave,,Burnaby,V3N 2G5,49.226128,-122.920292,778-397-0191,,,N,N,N,N,N,N,N,N,N,N,N,N,N,N,N,N,N,,,N,N,N,N,N,N,N,N,N,N,Y,2026-05-16,http://www.healthspace.ca/fha/childcare,N,Y,N,Graham Montessori School (Oos)<br>Licensed Group<br>778-397-0191<br><br>Vacancy:<br>&nbsp;&nbsp;&nbsp;&nbsp;<36 months: N<br>&nbsp;&nbsp;&nbsp;&nbsp;30 months -- 5 years: N<br>&nbsp;&nbsp;&nbsp;&nbsp;Preschool: N<br>&nbsp;&nbsp;&nbsp;&nbsp;Grade 1 - Age 12: Y<br>
5100,Licensed Group,Riley Park Preschool,4575 Clancy Loranger Way,,Vancouver,V5Y 2M4,49.242933,-123.106821,604-257-8652,,,N,N,N,N,N,N,N,N,N,N,N,N,N,N,N,N,N,,,N,N,N,N,N,N,N,N,N,Y,N,2026-05-20,https://inspections.vcha.ca/ChildCare/Table,N,Y,N,Riley Park Preschool<br>Licensed Group<br>604-257-8652<br><br>Vacancy:<br>&nbsp;&nbsp;&nbsp;&nbsp;<36 months: N<br>&nbsp;&nbsp;&nbsp;&nbsp;30 months -- 5 years: N<br>&nbsp;&nbsp;&nbsp;&nbsp;Preschool: Y<br>&nbsp;&nbsp;&nbsp;&nbsp;Grade 1 - Age 12: N<br>
5101,Licensed Group,Fraser Montessori Daycare,1408 Fifth Ave,,New Westminster,V3M 1Z5,49.204074,-122.932278,604-553-0781,,,N,N,N,N,N,N,N,N,N,N,N,N,N,N,N,N,N,Not offered,Not offered,N,N,N,N,N,N,N,Y,Y,N,Y,2026-04-15,http://www.healthspace.ca/fha/childcare,N,Y,N,Fraser Montessori Daycare<br>Licensed Group<br>604-553-0781<br><br>Vacancy:<br>&nbsp;&nbsp;&nbsp;&nbsp;<36 months: Y<br>&nbsp;&nbsp;&nbsp;&nbsp;30 months -- 5 years: Y<br>&nbsp;&nbsp;&nbsp;&nbsp;Preschool: N<br>&nbsp;&nbsp;&nbsp;&nbsp;Grade 1 - Age 12: Y<br>
5102,Licensed Group,Bright Eyes Academy Inc @ Brooke,8718 Delwood Dr,,Delta,V4C 3Z9,49.162953,-122.925088,604-583-8950,,,N,N,N,N,N,N,N,N,N,N,N,N,N,N,N,N,N,,,N,N,N,N,N,N,N,N,N,N,N,2026-05-15,http://www.healthspace.ca/fha/childcare,N,Y,N,Bright Eyes Academy Inc @ Brooke<br>Licensed Group<br>604-583-8950<br><br>Vacancy:<br>&nbsp;&nbsp;&nbsp;&nbsp;<36 months: N<br>&nbsp;&nbsp;&nbsp;&nbsp;30 months -- 5 years: N<br>&nbsp;&nbsp;&nbsp;&nbsp;Preschool: N<br>&nbsp;&nbsp;&nbsp;&nbsp;Grade 1 - Age 12: N<br>
5103,Licensed Group,Kidscove Childcare,525 Hilchey Rd,,Campbell River,V9W 6S3,49.972262,-125.238891,250-203-9511,,,N,N,N,N,N,N,N,N,N,N,N,N,N,N,N,N,N,,,N,N,N,N,N,N,N,N,Y,N,Y,2026-04-30,https://www.healthspace.ca/clients/viha/viha_website.nsf/CCFL-Main?OpenView,N,Y,N,Kidscove Childcare<br>Licensed Group<br>250-203-9511<br><br>Vacancy:<br>&nbsp;&nbsp;&nbsp;&nbsp;<36 months: N<br>&nbsp;&nbsp;&nbsp;&nbsp;30 months -- 5 years: Y<br>&nbsp;&nbsp;&nbsp;&nbsp;Preschool: N<br>&nbsp;&nbsp;&nbsp;&nbsp;Grade 1 - Age 12: Y<br>
5104,Licensed Group,Redwood Early Childhood Education,107-1785 Clearbrook Rd,,Abbotsford,V2T 5X5,49.034332,-122.337701,778-288-8855,,,N,N,N,N,N,N,N,N,N,N,N,N,N,N,N,N,N,,,N,N,N,N,N,N,N,N,N,N,N,2026-05-12,http://www.healthspace.ca/fha/childcare,N,Y,N,Redwood Early Childhood Education<br>Licensed Group<br>778-288-8855<br><br>Vacancy:<br>&nbsp;&nbsp;&nbsp;&nbsp;<36 months: N<br>&nbsp;&nbsp;&nbsp;&nbsp;30 months -- 5 years: N<br>&nbsp;&nbsp;&nbsp;&nbsp;Preschool: N<br>&nbsp;&nbsp;&nbsp;&nbsp;Grade 1 - Age 12: N<br>
5105,Licensed Group,Apple Tree Child Care Centre,10211 Mortfield Rd,,Richmond,V7A 4H7,49.137179,-123.116767,604-726-0301,,,N,N,N,N,N,N,N,N,N,N,N,N,N,N,N,N,N,,,N,N,N,N,N,N,N,N,N,N,N,2026-05-15,https://inspections.vcha.ca/ChildCare/Table,N,Y,N,Apple Tree Child Care Centre<br>Licensed Group<br>604-726-0301<br><br>Vacancy:<br>&nbsp;&nbsp;&nbsp;&nbsp;<36 months: N<br>&nbsp;&nbsp;&nbsp;&nbsp;30 months -- 5 years: N<br>&nbsp;&nbsp;&nbsp;&nbsp;Preschool: N<br>&nbsp;&nbsp;&nbsp;&nbsp;Grade 1 - Age 12: N<br>
5106,Licensed Family,Alison's Family Daycare,3588 37Th Ave W,,Vancouver,V6N 2V8,49.238316,-123.184814,604-781-6309,,,N,N,N,N,N,N,N,N,N,N,N,N,N,N,N,N,N,,,N,N,N,N,N,N,N,N,N,N,N,2026-05-15,https://inspections.vcha.ca/ChildCare/Table,N,Y,N,Alison's Family Daycare<br>Licensed Family<br>604-781-6309<br><br>Vacancy:<br>&nbsp;&nbsp;&nbsp;&nbsp;<36 months: N<br>&nbsp;&nbsp;&nbsp;&nbsp;30 months -- 5 years: N<br>&nbsp;&nbsp;&nbsp;&nbsp;Preschool: N<br>&nbsp;&nbsp;&nbsp;&nbsp;Grade 1 - Age 12: N<br>
5107,Licensed Group,Tiny Wings Montessori,13067 24Th Ave,,Surrey,V4A 2G2,49.045931,-122.860293,604-531-4718,,,N,N,N,N,N,N,N,N,N,N,N,N,N,N,N,N,N,,,N,N,N,N,N,N,N,N,N,N,N,2026-05-15,http://www.healthspace.ca/fha/childcare,N,Y,N,Tiny Wings Montessori<br>Licensed Group<br>604-531-4718<br><br>Vacancy:<br>&nbsp;&nbsp;&nbsp;&nbsp;<36 months: N<br>&nbsp;&nbsp;&nbsp;&nbsp;30 months -- 5 years: N<br>&nbsp;&nbsp;&nbsp;&nbsp;Preschool: N<br>&nbsp;&nbsp;&nbsp;&nbsp;Grade 1 - Age 12: N<br>
5108,Licensed Group,Wells Gray After School Program,801 Clearwater Village Rd,,Clearwater,V0E 1N0,51.649,-120.009369,250-674-2600,,,,,,,,,,,,,,,,,,,,,,,,,,,,,,,,,,,Y,Y,N,Wells Gray After School Program<br>Licensed Group<br>250-674-2600<br><br>Vacancy:<br>&nbsp;&nbsp;&nbsp;&nbsp;<36 months: None<br>&nbsp;&nbsp;&nbsp;&nbsp;30 months -- 5 years: None<br>&nbsp;&nbsp;&nbsp;&nbsp;Preschool: None<br>&nbsp;&nbsp;&nbsp;&nbsp;Grade 1 - Age 12: None<br>
5109,Licensed Family,Super Kids Daycare,13996 115A Ave,,Surrey,V3R 9Y3,49.212327,-122.834465,778-895-7317,,,N,N,N,N,N,N,N,N,N,N,N,N,N,N,N,N,N,,,N,N,N,N,N,N,N,Y,Y,N,N,2026-05-15,http://www.healthspace.ca/fha/childcare,N,Y,N,Super Kids Daycare<br>Licensed Family<br>778-895-7317<br><br>Vacancy:<br>&nbsp;&nbsp;&nbsp;&nbsp;<36 months: Y<br>&nbsp;&nbsp;&nbsp;&nbsp;30 months -- 5 years: Y<br>&nbsp;&nbsp;&nbsp;&nbsp;Preschool: N<br>&nbsp;&nbsp;&nbsp;&nbsp;Grade 1 - Age 12: N<br>
5110,Licensed Group,East Richmond Community Association Preschool,12800 Cambie Rd,,Richmond,V6V 0A9,49.184488,-123.082317,604-238-8385,,,N,N,N,N,N,N,N,N,N,N,N,N,N,N,N,N,N,,,N,N,N,N,N,N,N,N,N,N,N,2026-05-20,https://inspections.vcha.ca/ChildCare/Table,N,Y,N,East Richmond Community Association Preschool<br>Licensed Group<br>604-238-8385<br><br>Vacancy:<br>&nbsp;&nbsp;&nbsp;&nbsp;<36 months: N<br>&nbsp;&nbsp;&nbsp;&nbsp;30 months -- 5 years: N<br>&nbsp;&nbsp;&nbsp;&nbsp;Preschool: N<br>&nbsp;&nbsp;&nbsp;&nbsp;Grade 1 - Age 12: N<br>
5111,Licensed Group,Cedar Hills Preschool,Rm 17 12370 98Th Ave,,Surrey,V3V 2K3,49.18049,-122.87971,604-598-7967,,,N,N,N,N,N,N,N,N,N,N,N,N,N,N,N,N,N,,,N,N,N,N,N,N,N,N,N,Y,N,2026-04-30,http://www.healthspace.ca/fha/childcare,N,Y,N,Cedar Hills Preschool<br>Licensed Group<br>604-598-7967<br><br>Vacancy:<br>&nbsp;&nbsp;&nbsp;&nbsp;<36 months: N<br>&nbsp;&nbsp;&nbsp;&nbsp;30 months -- 5 years: N<br>&nbsp;&nbsp;&nbsp;&nbsp;Preschool: Y<br>&nbsp;&nbsp;&nbsp;&nbsp;Grade 1 - Age 12: N<br>
5112,Licensed Group,Ahp Matthew Preschool,13367 97Th Ave,,Surrey,V3T 1A4,49.179063,-122.852492,604-598-7967,,,N,N,N,N,N,N,N,N,N,N,N,N,N,N,N,N,N,,,N,N,N,N,N,N,N,N,N,N,N,2026-04-30,http://www.healthspace.ca/fha/childcare,N,Y,N,Ahp Matthew Preschool<br>Licensed Group<br>604-598-7967<br><br>Vacancy:<br>&nbsp;&nbsp;&nbsp;&nbsp;<36 months: N<br>&nbsp;&nbsp;&nbsp;&nbsp;30 months -- 5 years: N<br>&nbsp;&nbsp;&nbsp;&nbsp;Preschool: N<br>&nbsp;&nbsp;&nbsp;&nbsp;Grade 1 - Age 12: N<br>
5113,Licensed Group,Bethany Child Care Centre - Before & After School Care,22680 Westminister Hwy,,Richmond,V6V 1B7,49.173134,-122.969502,604-519-0133,,,N,N,N,N,N,N,N,N,N,N,N,N,N,N,N,N,N,,,N,N,N,N,N,N,N,N,N,N,N,2026-04-30,https://inspections.vcha.ca/ChildCare/Table,N,Y,N,Bethany Child Care Centre - Before & After School Care<br>Licensed Group<br>604-519-0133<br><br>Vacancy:<br>&nbsp;&nbsp;&nbsp;&nbsp;<36 months: N<br>&nbsp;&nbsp;&nbsp;&nbsp;30 months -- 5 years: N<br>&nbsp;&nbsp;&nbsp;&nbsp;Preschool: N<br>&nbsp;&nbsp;&nbsp;&nbsp;Grade 1 - Age 12: N<br>
5114,Licensed Group,Marguerite Out Of School Care,4250 Marguerite St,,Vancouver,V6J 3G3,49.248447,-123.143797,604-879-7104,,,N,N,N,N,N,N,N,N,N,N,N,N,N,N,N,N,N,,,N,N,N,N,N,N,N,N,N,N,N,2026-05-21,https://inspections.vcha.ca/ChildCare/Table,N,Y,N,Marguerite Out Of School Care<br>Licensed Group<br>604-879-7104<br><br>Vacancy:<br>&nbsp;&nbsp;&nbsp;&nbsp;<36 months: N<br>&nbsp;&nbsp;&nbsp;&nbsp;30 months -- 5 years: N<br>&nbsp;&nbsp;&nbsp;&nbsp;Preschool: N<br>&nbsp;&nbsp;&nbsp;&nbsp;Grade 1 - Age 12: N<br>
5115,Licensed Group,Kensington Out Of School Care,5175 Dumfries St,,Vancouver,V5P 3A2,49.237572,-123.074183,604-874-4231,,,N,N,N,N,N,N,N,N,N,N,N,N,N,N,N,N,N,Not offered,Not offered,N,N,N,N,N,N,N,N,N,N,N,2026-04-08,https://inspections.vcha.ca/ChildCare/Table,N,Y,N,Kensington Out Of School Care<br>Licensed Group<br>604-874-4231<br><br>Vacancy:<br>&nbsp;&nbsp;&nbsp;&nbsp;<36 months: N<br>&nbsp;&nbsp;&nbsp;&nbsp;30 months -- 5 years: N<br>&nbsp;&nbsp;&nbsp;&nbsp;Preschool: N<br>&nbsp;&nbsp;&nbsp;&nbsp;Grade 1 - Age 12: N<br>
5116,Licensed Group,Bluebird Daycare Centre (Capilano) Inc.,1434 Woods Dr,,North Vancouver,V7R 1A7,49.334924,-123.11365,604-988-8117,,,N,N,N,N,N,N,N,N,N,N,N,N,N,N,N,N,N,,,N,N,N,N,N,N,N,Y,Y,N,N,2026-04-23,https://inspections.vcha.ca/ChildCare/Table,N,Y,Y,Bluebird Daycare Centre (Capilano) Inc.<br>Licensed Group<br>604-988-8117<br><br>Vacancy:<br>&nbsp;&nbsp;&nbsp;&nbsp;<36 months: Y<br>&nbsp;&nbsp;&nbsp;&nbsp;30 months -- 5 years: Y<br>&nbsp;&nbsp;&nbsp;&nbsp;Preschool: N<br>&nbsp;&nbsp;&nbsp;&nbsp;Grade 1 - Age 12: N<br>
5117,Licensed Group,Nsnh - Ridgeway Kids' Club,420 East 8Th Street,,North Vancouver,V7L 1Z5,49.315184,-123.061663,604-987-8138,,,N,N,N,N,N,N,N,N,N,N,N,N,N,N,N,N,N,,,N,N,N,N,N,N,N,N,N,N,N,2026-05-11,https://inspections.vcha.ca/ChildCare/Table,N,Y,N,Nsnh - Ridgeway Kids' Club<br>Licensed Group<br>604-987-8138<br><br>Vacancy:<br>&nbsp;&nbsp;&nbsp;&nbsp;<36 months: N<br>&nbsp;&nbsp;&nbsp;&nbsp;30 months -- 5 years: N<br>&nbsp;&nbsp;&nbsp;&nbsp;Preschool: N<br>&nbsp;&nbsp;&nbsp;&nbsp;Grade 1 - Age 12: N<br>
5118,Licensed Group,Roots And Wings Montessori Sullivan,101 102 15295 No 10 Hwy,,Surrey,V3S 0X9,49.105336,-122.799101,604-510-2588,,,N,N,N,N,N,N,N,N,N,N,N,N,N,N,N,N,N,,,N,N,N,N,N,N,N,N,Y,N,N,2026-04-21,http://www.healthspace.ca/fha/childcare,N,Y,N,Roots And Wings Montessori Sullivan<br>Licensed Group<br>604-510-2588<br><br>Vacancy:<br>&nbsp;&nbsp;&nbsp;&nbsp;<36 months: N<br>&nbsp;&nbsp;&nbsp;&nbsp;30 months -- 5 years: Y<br>&nbsp;&nbsp;&nbsp;&nbsp;Preschool: N<br>&nbsp;&nbsp;&nbsp;&nbsp;Grade 1 - Age 12: N<br>
5119,Licensed Family,Little Critters Family Daycare,4177 Carey Rd,,Victoria,V8Z 4G9,48.479463,-123.399242,250-889-8922,,,N,N,N,N,N,N,N,N,N,N,N,N,N,N,N,N,N,,,N,N,N,N,N,N,N,N,N,N,N,2026-05-18,https://www.healthspace.ca/clients/viha/viha_website.nsf/CCFL-Main?OpenView,N,Y,N,Little Critters Family Daycare<br>Licensed Family<br>250-889-8922<br><br>Vacancy:<br>&nbsp;&nbsp;&nbsp;&nbsp;<36 months: N<br>&nbsp;&nbsp;&nbsp;&nbsp;30 months -- 5 years: N<br>&nbsp;&nbsp;&nbsp;&nbsp;Preschool: N<br>&nbsp;&nbsp;&nbsp;&nbsp;Grade 1 - Age 12: N<br>
5120,Licensed Group,Dragon's Grove,2201 London St,,New Westminster,V3M 3G1,49.202631,-122.955653,604-540-1688,,,N,N,N,N,N,N,N,N,N,N,N,N,N,N,N,N,N,,,N,N,N,N,N,N,N,N,N,N,N,2026-05-15,http://www.healthspace.ca/fha/childcare,N,Y,N,Dragon's Grove<br>Licensed Group<br>604-540-1688<br><br>Vacancy:<br>&nbsp;&nbsp;&nbsp;&nbsp;<36 months: N<br>&nbsp;&nbsp;&nbsp;&nbsp;30 months -- 5 years: N<br>&nbsp;&nbsp;&nbsp;&nbsp;Preschool: N<br>&nbsp;&nbsp;&nbsp;&nbsp;Grade 1 - Age 12: N<br>
5121,Licensed Group,Little Oysters Preschool And Child Care,7375 Island Hwy S,,Fanny Bay,V0R 1W0,49.50636,-124.828759,778-427-4007,,,N,N,N,N,N,N,N,N,N,N,N,N,N,N,N,N,N,,,N,N,N,N,N,N,N,N,Y,N,N,2026-05-15,https://www.healthspace.ca/clients/viha/viha_website.nsf/CCFL-Main?OpenView,N,Y,N,Little Oysters Preschool And Child Care<br>Licensed Group<br>778-427-4007<br><br>Vacancy:<br>&nbsp;&nbsp;&nbsp;&nbsp;<36 months: N<br>&nbsp;&nbsp;&nbsp;&nbsp;30 months -- 5 years: Y<br>&nbsp;&nbsp;&nbsp;&nbsp;Preschool: N<br>&nbsp;&nbsp;&nbsp;&nbsp;Grade 1 - Age 12: N<br>
5122,Licensed Group,La Pre-Maternelle Appletree Preschool,500 Admirals Rd,,Victoria,V9A 2N4,48.428511,-123.417628,250-479-0292,,,N,N,N,N,N,N,N,N,N,N,N,N,N,N,N,N,N,,,N,N,N,N,N,N,N,N,N,Y,N,2026-05-15,https://www.healthspace.ca/clients/viha/viha_website.nsf/CCFL-Main?OpenView,N,Y,N,La Pre-Maternelle Appletree Preschool<br>Licensed Group<br>250-479-0292<br><br>Vacancy:<br>&nbsp;&nbsp;&nbsp;&nbsp;<36 months: N<br>&nbsp;&nbsp;&nbsp;&nbsp;30 months -- 5 years: N<br>&nbsp;&nbsp;&nbsp;&nbsp;Preschool: Y<br>&nbsp;&nbsp;&nbsp;&nbsp;Grade 1 - Age 12: N<br>
5123,Licensed Group,The Kids Castle Daycare Ltd.,685 Queens Rd W,,North Vancouver,V7N 2L2,49.3363,-123.087648,604-980-7871,,,N,N,N,N,N,N,N,N,N,N,N,N,N,N,N,N,N,,,N,N,N,N,N,N,N,N,N,N,N,2026-05-18,https://inspections.vcha.ca/ChildCare/Table,N,Y,Y,The Kids Castle Daycare Ltd.<br>Licensed Group<br>604-980-7871<br><br>Vacancy:<br>&nbsp;&nbsp;&nbsp;&nbsp;<36 months: N<br>&nbsp;&nbsp;&nbsp;&nbsp;30 months -- 5 years: N<br>&nbsp;&nbsp;&nbsp;&nbsp;Preschool: N<br>&nbsp;&nbsp;&nbsp;&nbsp;Grade 1 - Age 12: N<br>
5124,Licensed Family,Little Eden Child Care Center,3755 Fir St,,Burnaby,V5G 2A4,49.245088,-123.021408,604-565-3376,,,N,N,N,N,N,N,N,N,N,N,N,N,N,N,N,N,N,,,N,N,N,N,N,N,N,N,N,N,N,2026-05-07,http://www.healthspace.ca/fha/childcare,N,Y,N,Little Eden Child Care Center<br>Licensed Family<br>604-565-3376<br><br>Vacancy:<br>&nbsp;&nbsp;&nbsp;&nbsp;<36 months: N<br>&nbsp;&nbsp;&nbsp;&nbsp;30 months -- 5 years: N<br>&nbsp;&nbsp;&nbsp;&nbsp;Preschool: N<br>&nbsp;&nbsp;&nbsp;&nbsp;Grade 1 - Age 12: N<br>
5125,Licensed Group,Young Parents Education Program Day Care,2700 College Way,Mt Fisher Building,Cranbrook,V1C 5L7,49.507605,-115.772663,250-512-1249,,,N,N,N,N,N,N,N,N,N,N,N,N,N,N,N,N,N,,,N,N,N,N,N,N,N,N,N,N,N,2026-05-19,https://hedgehogportal.interiorhealth.ca/ChildCare/Map,N,Y,N,Young Parents Education Program Day Care<br>Licensed Group<br>250-512-1249<br><br>Vacancy:<br>&nbsp;&nbsp;&nbsp;&nbsp;<36 months: N<br>&nbsp;&nbsp;&nbsp;&nbsp;30 months -- 5 years: N<br>&nbsp;&nbsp;&nbsp;&nbsp;Preschool: N<br>&nbsp;&nbsp;&nbsp;&nbsp;Grade 1 - Age 12: N<br>
5126,Licensed Group,Fernie School Aged Care Ltd.,44 Mt Washburn St,,Fernie,V0B 1M3,49.490622,-115.071003,250-430-3155,,,N,N,N,N,N,N,N,N,N,N,N,N,N,N,N,N,N,,,N,N,N,N,N,N,N,N,N,N,N,2026-04-22,https://hedgehogportal.interiorhealth.ca/ChildCare/Map,N,Y,N,Fernie School Aged Care Ltd.<br>Licensed Group<br>250-430-3155<br><br>Vacancy:<br>&nbsp;&nbsp;&nbsp;&nbsp;<36 months: N<br>&nbsp;&nbsp;&nbsp;&nbsp;30 months -- 5 years: N<br>&nbsp;&nbsp;&nbsp;&nbsp;Preschool: N<br>&nbsp;&nbsp;&nbsp;&nbsp;Grade 1 - Age 12: N<br>
5127,Licensed Group,Cr Generations Children's Centre,850 14Th Ave,,Campbell River,V9W 4H4,50.029709,-125.253781,250-830-8396,,,N,N,N,N,N,N,N,N,N,N,N,N,N,N,N,N,N,,,N,N,N,N,N,N,N,N,N,N,N,2026-05-19,https://www.healthspace.ca/clients/viha/viha_website.nsf/CCFL-Main?OpenView,N,Y,N,Cr Generations Children's Centre<br>Licensed Group<br>250-830-8396<br><br>Vacancy:<br>&nbsp;&nbsp;&nbsp;&nbsp;<36 months: N<br>&nbsp;&nbsp;&nbsp;&nbsp;30 months -- 5 years: N<br>&nbsp;&nbsp;&nbsp;&nbsp;Preschool: N<br>&nbsp;&nbsp;&nbsp;&nbsp;Grade 1 - Age 12: N<br>
5128,Licensed Group,Como Lake Kids Village Daycare,825 St. Laurence St,,Coquitlam,V3J 6G7,49.264709,-122.841593,,,,N,N,N,N,N,N,N,N,N,N,N,N,N,N,N,N,N,,,N,N,N,N,N,N,N,Y,Y,N,N,2026-05-04,http://www.healthspace.ca/fha/childcare,N,Y,N,Como Lake Kids Village Daycare<br>Licensed Group<br>None<br><br>Vacancy:<br>&nbsp;&nbsp;&nbsp;&nbsp;<36 months: Y<br>&nbsp;&nbsp;&nbsp;&nbsp;30 months -- 5 years: Y<br>&nbsp;&nbsp;&nbsp;&nbsp;Preschool: N<br>&nbsp;&nbsp;&nbsp;&nbsp;Grade 1 - Age 12: N<br>
5129,Licensed Group,Ilm Education Centre Ltd.,3850 South Oyster School Rd,,Ladysmith,V9G 1Z4,48.957985,-123.761798,250-924-7774,,,N,N,N,N,N,N,N,N,N,N,N,N,N,N,N,N,N,,,N,N,N,N,N,N,N,Y,N,N,N,2026-05-15,https://www.healthspace.ca/clients/viha/viha_website.nsf/CCFL-Main?OpenView,N,Y,N,Ilm Education Centre Ltd.<br>Licensed Group<br>250-924-7774<br><br>Vacancy:<br>&nbsp;&nbsp;&nbsp;&nbsp;<36 months: Y<br>&nbsp;&nbsp;&nbsp;&nbsp;30 months -- 5 years: N<br>&nbsp;&nbsp;&nbsp;&nbsp;Preschool: N<br>&nbsp;&nbsp;&nbsp;&nbsp;Grade 1 - Age 12: N<br>
5130,Licensed Group,Building Blocks Child Care,10805 14 St,,Dawson Creek,V1G 4V6,50.005219,-114.935182,250-782-1497,,,N,N,N,N,N,N,N,N,N,N,N,N,N,N,N,N,N,,,N,N,N,N,N,N,N,N,N,N,N,2026-05-05,https://www.healthspace.ca/Clients/NHA/NHA_Website.nsf/CCFL-Frameset,N,N,N,Building Blocks Child Care<br>Licensed Group<br>250-782-1497<br><br>Vacancy:<br>&nbsp;&nbsp;&nbsp;&nbsp;<36 months: N<br>&nbsp;&nbsp;&nbsp;&nbsp;30 months -- 5 years: N<br>&nbsp;&nbsp;&nbsp;&nbsp;Preschool: N<br>&nbsp;&nbsp;&nbsp;&nbsp;Grade 1 - Age 12: N<br>
5131,Licensed Group,Montessori Mes Petits Academy 2010,1046 St. Georges Ave,,North Vancouver,V7L 3H6,49.317563,-123.068995,604-980-1102,,,N,N,N,N,N,N,N,N,N,N,N,N,N,N,N,N,N,,,N,N,N,N,N,N,N,Y,Y,N,N,2026-05-12,https://inspections.vcha.ca/ChildCare/Table,N,Y,N,Montessori Mes Petits Academy 2010<br>Licensed Group<br>604-980-1102<br><br>Vacancy:<br>&nbsp;&nbsp;&nbsp;&nbsp;<36 months: Y<br>&nbsp;&nbsp;&nbsp;&nbsp;30 months -- 5 years: Y<br>&nbsp;&nbsp;&nbsp;&nbsp;Preschool: N<br>&nbsp;&nbsp;&nbsp;&nbsp;Grade 1 - Age 12: N<br>
5132,Licensed Group,Elation Education Child Care Centre,100 & 200 938 Brunette Ave,,Coquitlam,V3K 1C9,49.23704,-122.86994,604-515-8846,,,N,N,N,N,N,N,N,N,N,N,N,N,N,N,N,N,N,,,N,N,N,N,N,N,N,N,N,N,N,2026-05-14,http://www.healthspace.ca/fha/childcare,N,Y,N,Elation Education Child Care Centre<br>Licensed Group<br>604-515-8846<br><br>Vacancy:<br>&nbsp;&nbsp;&nbsp;&nbsp;<36 months: N<br>&nbsp;&nbsp;&nbsp;&nbsp;30 months -- 5 years: N<br>&nbsp;&nbsp;&nbsp;&nbsp;Preschool: N<br>&nbsp;&nbsp;&nbsp;&nbsp;Grade 1 - Age 12: N<br>
5133,Licensed Family,Pink And Blue Family Child Care,562 16Th Ave E,,Vancouver,V5T 2V2,49.256204,-123.092355,604-879-6799,,,N,N,N,N,N,N,N,N,N,N,N,N,N,N,N,N,N,,,N,N,N,N,N,N,N,N,Y,N,N,2026-04-28,https://inspections.vcha.ca/ChildCare/Table,N,Y,N,Pink And Blue Family Child Care<br>Licensed Family<br>604-879-6799<br><br>Vacancy:<br>&nbsp;&nbsp;&nbsp;&nbsp;<36 months: N<br>&nbsp;&nbsp;&nbsp;&nbsp;30 months -- 5 years: Y<br>&nbsp;&nbsp;&nbsp;&nbsp;Preschool: N<br>&nbsp;&nbsp;&nbsp;&nbsp;Grade 1 - Age 12: N<br>
5134,Licensed Family,Sunshine Day Care,326 Blackman St,,New Westminster,V3L 2A7,49.219834,-122.923545,604-803-5873,,,N,N,N,N,N,N,N,N,N,N,N,N,N,N,N,N,N,,,N,N,N,N,N,N,N,N,N,N,N,2026-05-15,http://www.healthspace.ca/fha/childcare,N,Y,N,Sunshine Day Care<br>Licensed Family<br>604-803-5873<br><br>Vacancy:<br>&nbsp;&nbsp;&nbsp;&nbsp;<36 months: N<br>&nbsp;&nbsp;&nbsp;&nbsp;30 months -- 5 years: N<br>&nbsp;&nbsp;&nbsp;&nbsp;Preschool: N<br>&nbsp;&nbsp;&nbsp;&nbsp;Grade 1 - Age 12: N<br>
5135,Licensed Group,Little Koala Montessori Academy Childcare,10011 Blundell Rd,,Richmond,V6Y 1K9,49.155761,-123.113767,604-271-7068,,,N,N,N,N,N,N,N,N,N,N,N,N,N,N,N,N,N,,,N,N,N,N,N,N,N,N,N,N,N,2026-05-19,https://inspections.vcha.ca/ChildCare/Table,N,Y,N,Little Koala Montessori Academy Childcare<br>Licensed Group<br>604-271-7068<br><br>Vacancy:<br>&nbsp;&nbsp;&nbsp;&nbsp;<36 months: N<br>&nbsp;&nbsp;&nbsp;&nbsp;30 months -- 5 years: N<br>&nbsp;&nbsp;&nbsp;&nbsp;Preschool: N<br>&nbsp;&nbsp;&nbsp;&nbsp;Grade 1 - Age 12: N<br>
5136,Licensed Group,Lil' Saints Early Learning Centre,3900 Arthur Dr,,Delta,V4K 3N5,49.074811,-123.078879,604-683-0281,,,N,N,N,N,N,N,N,N,N,N,N,N,N,N,N,N,N,,,N,N,N,N,N,N,N,N,N,N,N,2026-05-04,http://www.healthspace.ca/fha/childcare,N,Y,N,Lil' Saints Early Learning Centre<br>Licensed Group<br>604-683-0281<br><br>Vacancy:<br>&nbsp;&nbsp;&nbsp;&nbsp;<36 months: N<br>&nbsp;&nbsp;&nbsp;&nbsp;30 months -- 5 years: N<br>&nbsp;&nbsp;&nbsp;&nbsp;Preschool: N<br>&nbsp;&nbsp;&nbsp;&nbsp;Grade 1 - Age 12: N<br>
5137,Licensed Group,Garderie Les Aventuriers,8736 216 St,,Langley,V1M 2X9,49.161383,-122.622793,604-736-5056,,,N,N,N,N,N,N,N,N,N,N,N,N,N,N,N,N,N,Not offered,Not offered,N,N,N,N,N,N,N,Y,Y,N,Y,2026-04-30,http://www.healthspace.ca/fha/childcare,N,Y,N,Garderie Les Aventuriers<br>Licensed Group<br>604-736-5056<br><br>Vacancy:<br>&nbsp;&nbsp;&nbsp;&nbsp;<36 months: Y<br>&nbsp;&nbsp;&nbsp;&nbsp;30 months -- 5 years: Y<br>&nbsp;&nbsp;&nbsp;&nbsp;Preschool: N<br>&nbsp;&nbsp;&nbsp;&nbsp;Grade 1 - Age 12: Y<br>
5138,Licensed Group,St. Mary's Daycare And After School Program,1701 5Th Ave,,Cranbrook,V1C 1K1,49.503004,-115.756691,250-762-2905,,,N,N,N,N,N,N,N,N,N,N,N,N,N,N,N,N,N,,,N,N,N,N,N,N,N,N,N,N,N,2026-05-01,https://hedgehogportal.interiorhealth.ca/ChildCare/Map,N,Y,N,St. Mary's Daycare And After School Program<br>Licensed Group<br>250-762-2905<br><br>Vacancy:<br>&nbsp;&nbsp;&nbsp;&nbsp;<36 months: N<br>&nbsp;&nbsp;&nbsp;&nbsp;30 months -- 5 years: N<br>&nbsp;&nbsp;&nbsp;&nbsp;Preschool: N<br>&nbsp;&nbsp;&nbsp;&nbsp;Grade 1 - Age 12: N<br>
5139,Licensed Family,Hazelgrove Day Care,18959 70 Ave,,Surrey,V4N 5K4,49.130099,-122.697208,604-575-2900,,,Y,N,N,N,N,N,Y,Y,N,Y,Y,N,N,N,N,N,N,Not offered,Include in fee,N,N,N,N,N,Y,N,N,N,N,N,2026-05-13,http://www.healthspace.ca/fha/childcare,N,Y,N,Hazelgrove Day Care<br>Licensed Family<br>604-575-2900<br><br>Vacancy:<br>&nbsp;&nbsp;&nbsp;&nbsp;<36 months: N<br>&nbsp;&nbsp;&nbsp;&nbsp;30 months -- 5 years: N<br>&nbsp;&nbsp;&nbsp;&nbsp;Preschool: N<br>&nbsp;&nbsp;&nbsp;&nbsp;Grade 1 - Age 12: N<br>
5140,Licensed Group,Extra Steps Preschool,726 16Th Ave W,,Vancouver,V5Z 1S7,49.256963,-123.120651,604-569-0388,,,N,N,N,N,N,N,N,N,N,N,N,N,N,N,N,N,N,,,N,N,N,N,N,N,N,N,N,Y,N,2026-05-16,https://inspections.vcha.ca/ChildCare/Table,N,Y,N,Extra Steps Preschool<br>Licensed Group<br>604-569-0388<br><br>Vacancy:<br>&nbsp;&nbsp;&nbsp;&nbsp;<36 months: N<br>&nbsp;&nbsp;&nbsp;&nbsp;30 months -- 5 years: N<br>&nbsp;&nbsp;&nbsp;&nbsp;Preschool: Y<br>&nbsp;&nbsp;&nbsp;&nbsp;Grade 1 - Age 12: N<br>
5141,Licensed Group,Warfield Preschool - Webster,395 Schofield Highway,,Trail,V1R 2G5,49.095411,-117.743935,250-368-8202,,,N,N,N,N,N,N,N,N,N,N,N,N,N,N,N,N,N,,,N,N,N,N,N,N,N,N,N,Y,N,2026-04-30,https://hedgehogportal.interiorhealth.ca/ChildCare/Map,N,Y,N,Warfield Preschool - Webster<br>Licensed Group<br>250-368-8202<br><br>Vacancy:<br>&nbsp;&nbsp;&nbsp;&nbsp;<36 months: N<br>&nbsp;&nbsp;&nbsp;&nbsp;30 months -- 5 years: N<br>&nbsp;&nbsp;&nbsp;&nbsp;Preschool: Y<br>&nbsp;&nbsp;&nbsp;&nbsp;Grade 1 - Age 12: N<br>
5142,Licensed Family,Vme Montessori Educare,1012 Falaise Pl,,Victoria,V8Y 2W7,48.498663,-123.37962,250-881-8666,,,N,N,N,N,N,N,N,N,N,N,N,N,N,N,N,N,N,,,N,N,N,N,N,N,N,N,N,N,N,2026-05-15,https://www.healthspace.ca/clients/viha/viha_website.nsf/CCFL-Main?OpenView,N,N,N,Vme Montessori Educare<br>Licensed Family<br>250-881-8666<br><br>Vacancy:<br>&nbsp;&nbsp;&nbsp;&nbsp;<36 months: N<br>&nbsp;&nbsp;&nbsp;&nbsp;30 months -- 5 years: N<br>&nbsp;&nbsp;&nbsp;&nbsp;Preschool: N<br>&nbsp;&nbsp;&nbsp;&nbsp;Grade 1 - Age 12: N<br>
5143,Licensed Family,The Yellow Door Daycare,6053 48A Ave,,Delta,V4K 1Y7,49.090971,-123.05547,604-813-5224,,,N,N,N,N,N,N,N,N,N,N,N,N,N,N,N,N,N,,,N,N,N,N,N,N,N,N,N,N,N,2026-05-18,http://www.healthspace.ca/fha/childcare,N,Y,N,The Yellow Door Daycare<br>Licensed Family<br>604-813-5224<br><br>Vacancy:<br>&nbsp;&nbsp;&nbsp;&nbsp;<36 months: N<br>&nbsp;&nbsp;&nbsp;&nbsp;30 months -- 5 years: N<br>&nbsp;&nbsp;&nbsp;&nbsp;Preschool: N<br>&nbsp;&nbsp;&nbsp;&nbsp;Grade 1 - Age 12: N<br>
5144,Licensed Group,Fraser Valley Montessori Preschool & School Age Care,32717 Chilcotin Dr,,Abbotsford,V2T 4M7,49.071851,-122.319654,604-859-5061,,,N,N,N,N,N,N,N,N,N,N,N,N,N,N,N,N,N,,,N,N,N,N,N,N,N,N,N,N,N,2026-05-11,http://www.healthspace.ca/fha/childcare,N,Y,N,Fraser Valley Montessori Preschool & School Age Care<br>Licensed Group<br>604-859-5061<br><br>Vacancy:<br>&nbsp;&nbsp;&nbsp;&nbsp;<36 months: N<br>&nbsp;&nbsp;&nbsp;&nbsp;30 months -- 5 years: N<br>&nbsp;&nbsp;&nbsp;&nbsp;Preschool: N<br>&nbsp;&nbsp;&nbsp;&nbsp;Grade 1 - Age 12: N<br>
5145,Licensed Group,Kamloops Kidz Early Learning Center (Sahali Campus),1585 Summit Dr,,Kamloops,V2E 1E9,50.656758,-120.339261,250-319-9044,,,N,N,N,N,N,N,N,N,N,N,N,N,N,N,N,N,N,,,N,N,N,N,N,N,N,N,Y,N,Y,2026-05-12,http://www.healthspace.ca/fha/childcare,N,Y,N,Kamloops Kidz Early Learning Center (Sahali Campus)<br>Licensed Group<br>250-319-9044<br><br>Vacancy:<br>&nbsp;&nbsp;&nbsp;&nbsp;<36 months: N<br>&nbsp;&nbsp;&nbsp;&nbsp;30 months -- 5 years: Y<br>&nbsp;&nbsp;&nbsp;&nbsp;Preschool: N<br>&nbsp;&nbsp;&nbsp;&nbsp;Grade 1 - Age 12: Y<br>
5146,Licensed Family,Martha's Family Childcare,7731 Montcalm St,,Vancouver,V6P 4P1,49.215535,-123.135902,604-327-2451,,,N,N,N,N,N,N,N,N,N,N,N,N,N,N,N,N,N,,,N,N,N,N,N,N,N,N,N,N,N,2026-05-16,https://inspections.vcha.ca/ChildCare/Table,N,Y,N,Martha's Family Childcare<br>Licensed Family<br>604-327-2451<br><br>Vacancy:<br>&nbsp;&nbsp;&nbsp;&nbsp;<36 months: N<br>&nbsp;&nbsp;&nbsp;&nbsp;30 months -- 5 years: N<br>&nbsp;&nbsp;&nbsp;&nbsp;Preschool: N<br>&nbsp;&nbsp;&nbsp;&nbsp;Grade 1 - Age 12: N<br>
5147,Licensed Family,Amber's Family Daycare,6445 189A St,,Surrey,V3S 8V4,49.119702,-122.69792,604-785-5786,,,N,N,N,N,N,N,N,N,N,N,N,N,N,N,N,N,N,,,N,N,N,N,N,N,N,Y,N,N,N,2026-05-21,,N,Y,N,Amber's Family Daycare<br>Licensed Family<br>604-785-5786<br><br>Vacancy:<br>&nbsp;&nbsp;&nbsp;&nbsp;<36 months: Y<br>&nbsp;&nbsp;&nbsp;&nbsp;30 months -- 5 years: N<br>&nbsp;&nbsp;&nbsp;&nbsp;Preschool: N<br>&nbsp;&nbsp;&nbsp;&nbsp;Grade 1 - Age 12: N<br>
5148,Licensed Group,Cambie Montessori Children Centre,3535 Cambie St,,Vancouver,V5Z 2W9,49.253506,-123.115317,604-558-3535,,,N,N,N,N,N,N,N,N,N,N,N,N,N,N,N,N,N,,,N,N,N,N,N,N,N,N,N,N,N,2026-04-20,https://inspections.vcha.ca/ChildCare/Table,N,Y,N,Cambie Montessori Children Centre<br>Licensed Group<br>604-558-3535<br><br>Vacancy:<br>&nbsp;&nbsp;&nbsp;&nbsp;<36 months: N<br>&nbsp;&nbsp;&nbsp;&nbsp;30 months -- 5 years: N<br>&nbsp;&nbsp;&nbsp;&nbsp;Preschool: N<br>&nbsp;&nbsp;&nbsp;&nbsp;Grade 1 - Age 12: N<br>
5149,Licensed Group,Produckidvity Academy - Sutherland,1521 Sutherland Ave,,Kelowna,V1Y 5Y7,49.880408,-119.464731,778-214-7406,,,N,N,N,N,N,N,N,N,N,N,N,N,N,N,N,N,N,,,N,N,N,N,N,N,N,N,N,N,N,2026-05-14,https://hedgehogportal.interiorhealth.ca/ChildCare/Map,N,Y,N,Produckidvity Academy - Sutherland<br>Licensed Group<br>778-214-7406<br><br>Vacancy:<br>&nbsp;&nbsp;&nbsp;&nbsp;<36 months: N<br>&nbsp;&nbsp;&nbsp;&nbsp;30 months -- 5 years: N<br>&nbsp;&nbsp;&nbsp;&nbsp;Preschool: N<br>&nbsp;&nbsp;&nbsp;&nbsp;Grade 1 - Age 12: N<br>
5150,Licensed Group,T.O.O.S.C.S. Preschool,4020 Trafalgar St,,Vancouver,V6L 2M5,49.250131,-123.164268,604-732-8220,,,N,N,N,N,N,N,N,N,N,N,N,N,N,N,N,N,N,,,N,N,N,N,N,N,N,N,N,N,N,2026-04-21,https://inspections.vcha.ca/ChildCare/Table,N,Y,N,T.O.O.S.C.S. Preschool<br>Licensed Group<br>604-732-8220<br><br>Vacancy:<br>&nbsp;&nbsp;&nbsp;&nbsp;<36 months: N<br>&nbsp;&nbsp;&nbsp;&nbsp;30 months -- 5 years: N<br>&nbsp;&nbsp;&nbsp;&nbsp;Preschool: N<br>&nbsp;&nbsp;&nbsp;&nbsp;Grade 1 - Age 12: N<br>
5151,Licensed Group,Sparwood Treehouse Daycare Centre,421 Pine Ave,,Sparwood,V0B 2G0,49.729009,-114.895314,250-425-4443,,,N,N,N,N,N,N,N,N,N,N,N,N,N,N,N,N,N,,,N,N,N,N,N,N,N,N,N,N,N,2026-04-26,https://hedgehogportal.interiorhealth.ca/ChildCare/Map,N,Y,N,Sparwood Treehouse Daycare Centre<br>Licensed Group<br>250-425-4443<br><br>Vacancy:<br>&nbsp;&nbsp;&nbsp;&nbsp;<36 months: N<br>&nbsp;&nbsp;&nbsp;&nbsp;30 months -- 5 years: N<br>&nbsp;&nbsp;&nbsp;&nbsp;Preschool: N<br>&nbsp;&nbsp;&nbsp;&nbsp;Grade 1 - Age 12: N<br>
5152,Licensed Family,Swashbucklers Child Care,665 Crestview Dr,,Comox,V9M 3E6,49.685053,-124.911072,250-650-5309,,,N,N,N,N,N,N,Y,Y,N,Y,Y,N,N,N,N,N,N,Extra fee,Extra fee,N,N,N,N,N,N,N,N,N,N,N,2026-05-18,https://www.healthspace.ca/clients/viha/viha_website.nsf/CCFL-Main?OpenView,N,Y,N,Swashbucklers Child Care<br>Licensed Family<br>250-650-5309<br><br>Vacancy:<br>&nbsp;&nbsp;&nbsp;&nbsp;<36 months: N<br>&nbsp;&nbsp;&nbsp;&nbsp;30 months -- 5 years: N<br>&nbsp;&nbsp;&nbsp;&nbsp;Preschool: N<br>&nbsp;&nbsp;&nbsp;&nbsp;Grade 1 - Age 12: N<br>
5153,Licensed Family,D'ace Little Angels Family Child Care,506 62Nd Ave W,,Vancouver,V6P 2C9,49.213904,-123.117548,778-329-5683,,,N,N,N,N,N,N,N,N,N,N,N,N,N,N,N,N,N,,,N,N,N,N,N,N,N,Y,Y,N,N,2026-05-20,https://inspections.vcha.ca/ChildCare/Table,N,Y,N,D'ace Little Angels Family Child Care<br>Licensed Family<br>778-329-5683<br><br>Vacancy:<br>&nbsp;&nbsp;&nbsp;&nbsp;<36 months: Y<br>&nbsp;&nbsp;&nbsp;&nbsp;30 months -- 5 years: Y<br>&nbsp;&nbsp;&nbsp;&nbsp;Preschool: N<br>&nbsp;&nbsp;&nbsp;&nbsp;Grade 1 - Age 12: N<br>
5154,Licensed Group,Trout Lake Community Centre Preschool,3360 Victoria Dr,,Vancouver,V5N 4M4,49.254942,-123.066073,604-351-1366,,,N,N,N,N,N,N,N,N,N,N,N,N,N,N,N,N,N,,,N,N,N,N,N,N,N,N,N,Y,N,2026-04-15,https://inspections.vcha.ca/ChildCare/Table,N,Y,N,Trout Lake Community Centre Preschool<br>Licensed Group<br>604-351-1366<br><br>Vacancy:<br>&nbsp;&nbsp;&nbsp;&nbsp;<36 months: N<br>&nbsp;&nbsp;&nbsp;&nbsp;30 months -- 5 years: N<br>&nbsp;&nbsp;&nbsp;&nbsp;Preschool: Y<br>&nbsp;&nbsp;&nbsp;&nbsp;Grade 1 - Age 12: N<br>
5155,Licensed Group,Kit's Cottage Day Care,2926 5Th Ave W,,Vancouver,V6K 1T6,49.267264,-123.170878,604-737-2440,,,N,N,N,N,N,N,N,N,N,N,N,N,N,N,N,N,N,,,N,N,N,N,N,N,N,N,N,N,N,2026-05-01,https://inspections.vcha.ca/ChildCare/Table,N,Y,N,Kit's Cottage Day Care<br>Licensed Group<br>604-737-2440<br><br>Vacancy:<br>&nbsp;&nbsp;&nbsp;&nbsp;<36 months: N<br>&nbsp;&nbsp;&nbsp;&nbsp;30 months -- 5 years: N<br>&nbsp;&nbsp;&nbsp;&nbsp;Preschool: N<br>&nbsp;&nbsp;&nbsp;&nbsp;Grade 1 - Age 12: N<br>
5156,Licensed Group,Graham Montessori School,76 Jamieson Ct,,New Westminster,V3L 5R6,49.215977,-122.896265,778-397-0191,,,N,N,N,N,N,N,N,N,N,N,N,N,N,N,N,N,N,,,N,N,N,N,N,N,N,N,N,N,N,2026-05-16,http://www.healthspace.ca/fha/childcare,N,Y,N,Graham Montessori School<br>Licensed Group<br>778-397-0191<br><br>Vacancy:<br>&nbsp;&nbsp;&nbsp;&nbsp;<36 months: N<br>&nbsp;&nbsp;&nbsp;&nbsp;30 months -- 5 years: N<br>&nbsp;&nbsp;&nbsp;&nbsp;Preschool: N<br>&nbsp;&nbsp;&nbsp;&nbsp;Grade 1 - Age 12: N<br>
5157,Licensed Group,Tapestry Christian Early Learning,9280 No. 2 Rd,,Richmond,V7E 2C8,49.145795,-123.157725,604-277-1079,,,Y,N,N,N,N,N,N,Y,N,N,N,N,N,N,N,N,N,Not offered,Not offered,N,N,N,Y,Y,Y,Y,N,Y,N,N,2026-05-19,https://inspections.vcha.ca/ChildCare/Table,N,Y,N,Tapestry Christian Early Learning<br>Licensed Group<br>604-277-1079<br><br>Vacancy:<br>&nbsp;&nbsp;&nbsp;&nbsp;<36 months: N<br>&nbsp;&nbsp;&nbsp;&nbsp;30 months -- 5 years: Y<br>&nbsp;&nbsp;&nbsp;&nbsp;Preschool: N<br>&nbsp;&nbsp;&nbsp;&nbsp;Grade 1 - Age 12: N<br>
5158,Licensed Family,Giggle Wiggle Bugs,3413 Logan Rd,,West Kelowna,V4T 1N4,49.840028,-119.626585,250-768-1311,,,N,N,N,N,N,N,N,N,N,N,N,N,N,N,N,N,N,,,N,N,N,N,N,N,N,N,N,N,N,2026-04-20,https://hedgehogportal.interiorhealth.ca/ChildCare/Map,N,Y,N,Giggle Wiggle Bugs<br>Licensed Family<br>250-768-1311<br><br>Vacancy:<br>&nbsp;&nbsp;&nbsp;&nbsp;<36 months: N<br>&nbsp;&nbsp;&nbsp;&nbsp;30 months -- 5 years: N<br>&nbsp;&nbsp;&nbsp;&nbsp;Preschool: N<br>&nbsp;&nbsp;&nbsp;&nbsp;Grade 1 - Age 12: N<br>
5159,Licensed Family,Creekside Child Care,8416 Bradshaw Pl,,Chilliwack,V4Z 0A7,49.156022,-121.817938,604-745-4697,,,N,N,N,N,N,N,N,N,N,N,N,N,N,N,N,N,N,,,N,N,N,N,N,N,N,Y,Y,N,N,2026-05-16,http://www.healthspace.ca/fha/childcare,N,Y,N,Creekside Child Care<br>Licensed Family<br>604-745-4697<br><br>Vacancy:<br>&nbsp;&nbsp;&nbsp;&nbsp;<36 months: Y<br>&nbsp;&nbsp;&nbsp;&nbsp;30 months -- 5 years: Y<br>&nbsp;&nbsp;&nbsp;&nbsp;Preschool: N<br>&nbsp;&nbsp;&nbsp;&nbsp;Grade 1 - Age 12: N<br>
5160,Licensed Group,Kelowna Family ymca Child Care,375 Hartman Rd,,Kelowna,V1X 2M9,49.899861,-119.379765,250-764-9621,,,N,N,N,N,N,N,N,N,N,N,N,N,N,N,N,N,N,,,N,N,N,N,N,N,N,N,N,N,N,2026-04-28,https://hedgehogportal.interiorhealth.ca/ChildCare/Map,N,Y,N,Kelowna Family ymca Child Care<br>Licensed Group<br>250-764-9621<br><br>Vacancy:<br>&nbsp;&nbsp;&nbsp;&nbsp;<36 months: N<br>&nbsp;&nbsp;&nbsp;&nbsp;30 months -- 5 years: N<br>&nbsp;&nbsp;&nbsp;&nbsp;Preschool: N<br>&nbsp;&nbsp;&nbsp;&nbsp;Grade 1 - Age 12: N<br>
5161,Licensed Group,Kim's Daycare,11157 Huff Blvd,,Delta,V4E 2E9,49.127075,-122.913992,604-591-7364,,,N,N,N,N,N,N,N,N,N,N,N,N,N,N,N,N,N,,,N,N,N,N,N,N,N,N,N,N,N,2026-05-21,http://www.healthspace.ca/fha/childcare,N,Y,N,Kim's Daycare<br>Licensed Group<br>604-591-7364<br><br>Vacancy:<br>&nbsp;&nbsp;&nbsp;&nbsp;<36 months: N<br>&nbsp;&nbsp;&nbsp;&nbsp;30 months -- 5 years: N<br>&nbsp;&nbsp;&nbsp;&nbsp;Preschool: N<br>&nbsp;&nbsp;&nbsp;&nbsp;Grade 1 - Age 12: N<br>
5162,Licensed Group,North Fleetwood Montessori School,8415 160 St,,Surrey,V4N 0V6,49.155702,-122.779088,778-829-9051,,,N,N,N,N,N,N,N,N,N,N,N,N,N,N,N,N,N,,,N,N,N,N,N,N,N,N,N,N,N,2026-05-04,http://www.healthspace.ca/fha/childcare,N,Y,N,North Fleetwood Montessori School<br>Licensed Group<br>778-829-9051<br><br>Vacancy:<br>&nbsp;&nbsp;&nbsp;&nbsp;<36 months: N<br>&nbsp;&nbsp;&nbsp;&nbsp;30 months -- 5 years: N<br>&nbsp;&nbsp;&nbsp;&nbsp;Preschool: N<br>&nbsp;&nbsp;&nbsp;&nbsp;Grade 1 - Age 12: N<br>
5163,Licensed Family,Lisa's Daycare,4262 Merton Cres,,Prince George,V2M 5B8,53.9173,-122.805339,250-564-5411,,,N,N,N,N,N,N,N,N,N,N,N,N,N,N,N,N,N,,,N,N,N,N,N,N,N,N,N,N,N,2026-05-15,https://www.healthspace.ca/Clients/NHA/NHA_Website.nsf/CCFL-Frameset,N,Y,N,Lisa's Daycare<br>Licensed Family<br>250-564-5411<br><br>Vacancy:<br>&nbsp;&nbsp;&nbsp;&nbsp;<36 months: N<br>&nbsp;&nbsp;&nbsp;&nbsp;30 months -- 5 years: N<br>&nbsp;&nbsp;&nbsp;&nbsp;Preschool: N<br>&nbsp;&nbsp;&nbsp;&nbsp;Grade 1 - Age 12: N<br>
5164,Licensed Group,Wiggles And Giggles Group Daycare,9820 110 Ave,,Fort St. John,V1J 2T1,56.255465,-120.845472,250-793-5437,,,N,N,N,N,N,N,N,N,N,N,N,N,N,N,N,N,N,,,N,N,N,N,N,N,N,N,N,N,N,2026-05-15,https://www.healthspace.ca/Clients/NHA/NHA_Website.nsf/CCFL-Frameset,N,Y,N,Wiggles And Giggles Group Daycare<br>Licensed Group<br>250-793-5437<br><br>Vacancy:<br>&nbsp;&nbsp;&nbsp;&nbsp;<36 months: N<br>&nbsp;&nbsp;&nbsp;&nbsp;30 months -- 5 years: N<br>&nbsp;&nbsp;&nbsp;&nbsp;Preschool: N<br>&nbsp;&nbsp;&nbsp;&nbsp;Grade 1 - Age 12: N<br>
5165,Licensed Group,Smile N Grow Daycare #2,9269 155A St,,Surrey,V3R 9B7,49.171799,-122.791772,604-649-9769,,,N,N,N,N,N,N,N,N,N,N,N,N,N,N,N,N,N,,,N,N,N,N,N,N,N,N,N,N,N,2026-05-17,http://www.healthspace.ca/fha/childcare,N,Y,N,Smile N Grow Daycare #2<br>Licensed Group<br>604-649-9769<br><br>Vacancy:<br>&nbsp;&nbsp;&nbsp;&nbsp;<36 months: N<br>&nbsp;&nbsp;&nbsp;&nbsp;30 months -- 5 years: N<br>&nbsp;&nbsp;&nbsp;&nbsp;Preschool: N<br>&nbsp;&nbsp;&nbsp;&nbsp;Grade 1 - Age 12: N<br>
5166,Licensed Group,Educare Children's  Centre,5715 Royal Oak Ave,,Burnaby,V5H 3N3,49.232414,-122.989306,604-808-7623,,,,,,,,,,,,,,,,,,,,,,,,,,,,,,,,,,,Y,Y,N,Educare Children's  Centre<br>Licensed Group<br>604-808-7623<br><br>Vacancy:<br>&nbsp;&nbsp;&nbsp;&nbsp;<36 months: None<br>&nbsp;&nbsp;&nbsp;&nbsp;30 months -- 5 years: None<br>&nbsp;&nbsp;&nbsp;&nbsp;Preschool: None<br>&nbsp;&nbsp;&nbsp;&nbsp;Grade 1 - Age 12: None<br>
5167,Licensed Group,Spare Time Treehouse,315 23Rd Ave E,,Vancouver,V5V 1X6,49.250674,-123.097678,604-875-1818,,,N,N,N,N,N,N,N,N,N,N,N,N,N,N,N,N,N,,,N,N,N,N,N,N,N,N,N,N,N,2026-05-07,,N,Y,N,Spare Time Treehouse<br>Licensed Group<br>604-875-1818<br><br>Vacancy:<br>&nbsp;&nbsp;&nbsp;&nbsp;<36 months: N<br>&nbsp;&nbsp;&nbsp;&nbsp;30 months -- 5 years: N<br>&nbsp;&nbsp;&nbsp;&nbsp;Preschool: N<br>&nbsp;&nbsp;&nbsp;&nbsp;Grade 1 - Age 12: N<br>
5168,Licensed Family,Sunshine Family Care,15445 93A Ave,,Surrey,V3R 9P9,49.172987,-122.794888,778-929-7577,,,N,N,N,N,N,N,N,N,N,N,N,N,N,N,N,N,N,,,N,N,N,N,N,N,N,N,N,N,Y,2026-05-10,http://www.healthspace.ca/fha/childcare,N,Y,N,Sunshine Family Care<br>Licensed Family<br>778-929-7577<br><br>Vacancy:<br>&nbsp;&nbsp;&nbsp;&nbsp;<36 months: N<br>&nbsp;&nbsp;&nbsp;&nbsp;30 months -- 5 years: N<br>&nbsp;&nbsp;&nbsp;&nbsp;Preschool: N<br>&nbsp;&nbsp;&nbsp;&nbsp;Grade 1 - Age 12: Y<br>
5169,Licensed Group,Alegria Childcare,3433 Coast Meridian Rd,,Port Coquitlam,V3B 3N7,49.273919,-122.756604,604-475-7727,,,N,N,N,N,N,N,Y,Y,N,N,N,N,N,N,N,Y,Y,Not offered,Extra fee,N,N,N,N,N,Y,Y,N,Y,N,N,2026-04-29,http://www.healthspace.ca/fha/childcare,N,Y,N,Alegria Childcare<br>Licensed Group<br>604-475-7727<br><br>Vacancy:<br>&nbsp;&nbsp;&nbsp;&nbsp;<36 months: N<br>&nbsp;&nbsp;&nbsp;&nbsp;30 months -- 5 years: Y<br>&nbsp;&nbsp;&nbsp;&nbsp;Preschool: N<br>&nbsp;&nbsp;&nbsp;&nbsp;Grade 1 - Age 12: N<br>
5170,Licensed Family,B & W Montessori Learning Academy,2462 Yangtze Gate,,Port Coquitlam,V3B 7X1,49.260259,-122.747482,604-941-6068,,,N,N,N,N,N,N,N,N,N,N,N,N,N,N,N,N,N,,,N,N,N,N,N,N,N,N,N,N,N,2026-05-20,http://www.healthspace.ca/fha/childcare,N,Y,N,B & W Montessori Learning Academy<br>Licensed Family<br>604-941-6068<br><br>Vacancy:<br>&nbsp;&nbsp;&nbsp;&nbsp;<36 months: N<br>&nbsp;&nbsp;&nbsp;&nbsp;30 months -- 5 years: N<br>&nbsp;&nbsp;&nbsp;&nbsp;Preschool: N<br>&nbsp;&nbsp;&nbsp;&nbsp;Grade 1 - Age 12: N<br>
5171,Licensed Group,Starchild Centre,992 Nightingale Rd,,Mill Bay,V0R 2P2,48.67733,-123.569046,250-929-3240,,,N,N,N,N,N,N,N,N,N,N,N,N,N,N,N,N,N,,,N,N,N,N,N,N,N,N,N,N,N,2026-05-19,https://www.healthspace.ca/clients/viha/viha_website.nsf/CCFL-Main?OpenView,N,Y,N,Starchild Centre<br>Licensed Group<br>250-929-3240<br><br>Vacancy:<br>&nbsp;&nbsp;&nbsp;&nbsp;<36 months: N<br>&nbsp;&nbsp;&nbsp;&nbsp;30 months -- 5 years: N<br>&nbsp;&nbsp;&nbsp;&nbsp;Preschool: N<br>&nbsp;&nbsp;&nbsp;&nbsp;Grade 1 - Age 12: N<br>
5172,Licensed Group,Holistic Roots Childcare Centre,102-5844 Glover Rd,,Langley,V3A 4H9,49.108657,-122.649097,604-532-7977,,,N,N,N,N,N,N,N,N,N,N,N,N,N,N,N,N,N,,,N,N,N,N,N,N,N,Y,Y,N,N,2026-05-19,http://www.healthspace.ca/fha/childcare,N,Y,N,Holistic Roots Childcare Centre<br>Licensed Group<br>604-532-7977<br><br>Vacancy:<br>&nbsp;&nbsp;&nbsp;&nbsp;<36 months: Y<br>&nbsp;&nbsp;&nbsp;&nbsp;30 months -- 5 years: Y<br>&nbsp;&nbsp;&nbsp;&nbsp;Preschool: N<br>&nbsp;&nbsp;&nbsp;&nbsp;Grade 1 - Age 12: N<br>
5173,Licensed Family,Jeanette In-Home Multi-Age Child Care,230-2915 Kaslo St,,Vancouver,V5M 4S6,49.257369,-123.04707,778-883-2732,,,N,N,N,N,N,N,N,N,N,N,N,N,N,N,N,N,N,,,N,N,N,N,N,N,N,N,N,N,N,2026-05-20,https://inspections.vcha.ca/ChildCare/Table,N,Y,N,Jeanette In-Home Multi-Age Child Care<br>Licensed Family<br>778-883-2732<br><br>Vacancy:<br>&nbsp;&nbsp;&nbsp;&nbsp;<36 months: N<br>&nbsp;&nbsp;&nbsp;&nbsp;30 months -- 5 years: N<br>&nbsp;&nbsp;&nbsp;&nbsp;Preschool: N<br>&nbsp;&nbsp;&nbsp;&nbsp;Grade 1 - Age 12: N<br>
5174,Licensed Group,Colorful World Montessori - < 36 Months,106-9780 Cambie Rd,,Richmond,V6X 1K4,49.184328,-123.114698,604-270-8870,,,N,N,N,N,N,N,N,N,N,N,N,N,N,N,N,N,N,,,N,N,N,N,N,N,N,Y,N,N,N,2026-05-20,https://inspections.vcha.ca/ChildCare/Table,N,Y,N,Colorful World Montessori - < 36 Months<br>Licensed Group<br>604-270-8870<br><br>Vacancy:<br>&nbsp;&nbsp;&nbsp;&nbsp;<36 months: Y<br>&nbsp;&nbsp;&nbsp;&nbsp;30 months -- 5 years: N<br>&nbsp;&nbsp;&nbsp;&nbsp;Preschool: N<br>&nbsp;&nbsp;&nbsp;&nbsp;Grade 1 - Age 12: N<br>
5175,Licensed Group,Colorful World Montessori,106-9780 Cambie Rd,,Richmond,V6X 1K4,49.18422,-123.114695,604-270-8870,,,N,N,N,N,N,N,N,N,N,N,N,N,N,N,N,N,N,,,N,N,N,N,N,N,N,N,Y,N,N,2026-05-20,https://inspections.vcha.ca/ChildCare/Table,N,Y,N,Colorful World Montessori<br>Licensed Group<br>604-270-8870<br><br>Vacancy:<br>&nbsp;&nbsp;&nbsp;&nbsp;<36 months: N<br>&nbsp;&nbsp;&nbsp;&nbsp;30 months -- 5 years: Y<br>&nbsp;&nbsp;&nbsp;&nbsp;Preschool: N<br>&nbsp;&nbsp;&nbsp;&nbsp;Grade 1 - Age 12: N<br>
5176,Licensed Group,Kiwi Childcare Centre,8688 162 St,,Surrey,V4N 1B5,49.160799,-122.773051,778-828-5494,,,N,N,N,N,N,N,N,N,N,N,N,N,N,N,N,N,N,,,N,N,N,N,N,N,N,Y,N,N,N,2026-05-10,http://www.healthspace.ca/fha/childcare,N,Y,N,Kiwi Childcare Centre<br>Licensed Group<br>778-828-5494<br><br>Vacancy:<br>&nbsp;&nbsp;&nbsp;&nbsp;<36 months: Y<br>&nbsp;&nbsp;&nbsp;&nbsp;30 months -- 5 years: N<br>&nbsp;&nbsp;&nbsp;&nbsp;Preschool: N<br>&nbsp;&nbsp;&nbsp;&nbsp;Grade 1 - Age 12: N<br>
5177,Licensed Family,Crawling Critters Family Child Care,2228 Galt St,,Vancouver,V5N 2Z9,49.243895,-123.060762,604-434-6241,,,N,N,N,N,N,N,N,N,N,N,N,N,N,N,N,N,N,,,N,N,N,N,N,N,N,N,N,N,N,2026-04-23,https://inspections.vcha.ca/ChildCare/Table,N,Y,N,Crawling Critters Family Child Care<br>Licensed Family<br>604-434-6241<br><br>Vacancy:<br>&nbsp;&nbsp;&nbsp;&nbsp;<36 months: N<br>&nbsp;&nbsp;&nbsp;&nbsp;30 months -- 5 years: N<br>&nbsp;&nbsp;&nbsp;&nbsp;Preschool: N<br>&nbsp;&nbsp;&nbsp;&nbsp;Grade 1 - Age 12: N<br>
5178,Licensed Group,Roots & Wings Montessori Heritage House,15250 54A Ave,,Surrey,V3S 8R7,49.101553,-122.79891,604-510-2588,,,N,N,N,N,N,N,N,N,N,N,N,N,N,N,N,N,N,,,N,N,N,N,N,N,N,N,Y,Y,Y,2026-04-17,http://www.healthspace.ca/fha/childcare,N,Y,N,Roots & Wings Montessori Heritage House<br>Licensed Group<br>604-510-2588<br><br>Vacancy:<br>&nbsp;&nbsp;&nbsp;&nbsp;<36 months: N<br>&nbsp;&nbsp;&nbsp;&nbsp;30 months -- 5 years: Y<br>&nbsp;&nbsp;&nbsp;&nbsp;Preschool: Y<br>&nbsp;&nbsp;&nbsp;&nbsp;Grade 1 - Age 12: Y<br>
5179,Licensed Group,Astro Childcare,4108 Manor St,,Burnaby,V5G 1B1,49.256961,-123.013675,604-438-8585,,,N,N,N,N,N,N,N,N,N,N,N,N,N,N,N,N,N,,,N,N,N,N,N,N,N,N,N,N,N,2026-05-20,http://www.healthspace.ca/fha/childcare,N,Y,N,Astro Childcare<br>Licensed Group<br>604-438-8585<br><br>Vacancy:<br>&nbsp;&nbsp;&nbsp;&nbsp;<36 months: N<br>&nbsp;&nbsp;&nbsp;&nbsp;30 months -- 5 years: N<br>&nbsp;&nbsp;&nbsp;&nbsp;Preschool: N<br>&nbsp;&nbsp;&nbsp;&nbsp;Grade 1 - Age 12: N<br>
5180,Licensed Family,Little Country Daycare,27316 26B Ave,,Aldergrove,V4W 3K2,49.05061,-122.46761,604-719-3725,,,N,N,N,N,N,N,N,N,N,N,N,N,N,N,N,N,N,,,N,N,N,N,N,N,N,N,N,N,N,2026-05-15,http://www.healthspace.ca/fha/childcare,N,Y,N,Little Country Daycare<br>Licensed Family<br>604-719-3725<br><br>Vacancy:<br>&nbsp;&nbsp;&nbsp;&nbsp;<36 months: N<br>&nbsp;&nbsp;&nbsp;&nbsp;30 months -- 5 years: N<br>&nbsp;&nbsp;&nbsp;&nbsp;Preschool: N<br>&nbsp;&nbsp;&nbsp;&nbsp;Grade 1 - Age 12: N<br>
5181,Licensed Group,One World Childcare Center,7655 120Th St,,Delta,V4C 6P6,49.142473,-122.891158,604-726-0404,,,N,N,N,N,N,N,N,N,N,N,N,N,N,N,N,N,N,,,N,N,N,N,N,N,N,N,Y,N,N,2026-05-01,http://www.healthspace.ca/fha/childcare,N,Y,N,One World Childcare Center<br>Licensed Group<br>604-726-0404<br><br>Vacancy:<br>&nbsp;&nbsp;&nbsp;&nbsp;<36 months: N<br>&nbsp;&nbsp;&nbsp;&nbsp;30 months -- 5 years: Y<br>&nbsp;&nbsp;&nbsp;&nbsp;Preschool: N<br>&nbsp;&nbsp;&nbsp;&nbsp;Grade 1 - Age 12: N<br>
5182,Licensed Family,Lynne's Daycare,4363 48A St,,Delta,V4K 2P8,49.082414,-123.090225,604-220-4007,,,N,N,N,N,N,N,N,N,N,N,N,N,N,N,N,N,N,,,N,N,N,N,N,N,N,N,N,N,N,2026-04-24,http://www.healthspace.ca/fha/childcare,N,Y,N,Lynne's Daycare<br>Licensed Family<br>604-220-4007<br><br>Vacancy:<br>&nbsp;&nbsp;&nbsp;&nbsp;<36 months: N<br>&nbsp;&nbsp;&nbsp;&nbsp;30 months -- 5 years: N<br>&nbsp;&nbsp;&nbsp;&nbsp;Preschool: N<br>&nbsp;&nbsp;&nbsp;&nbsp;Grade 1 - Age 12: N<br>
5183,Licensed Family,Greenfield Child Care Center,7476 148 St,,Surrey,V3S 3E7,49.13888,-122.812027,604-572-5120,,,N,N,N,N,N,N,N,N,N,N,N,N,N,N,N,N,N,,,N,N,N,N,N,N,N,Y,Y,N,Y,2026-05-02,http://www.healthspace.ca/fha/childcare,N,Y,N,Greenfield Child Care Center<br>Licensed Family<br>604-572-5120<br><br>Vacancy:<br>&nbsp;&nbsp;&nbsp;&nbsp;<36 months: Y<br>&nbsp;&nbsp;&nbsp;&nbsp;30 months -- 5 years: Y<br>&nbsp;&nbsp;&nbsp;&nbsp;Preschool: N<br>&nbsp;&nbsp;&nbsp;&nbsp;Grade 1 - Age 12: Y<br>
5184,Licensed Group,Fraser Heights Out Of School Care #2 / Smarties,15678 106A Ave,,Surrey,V4N 1K4,49.195985,-122.788219,604-582-1335,,,N,N,N,N,N,N,N,N,N,N,N,N,N,N,N,N,N,,,N,N,N,N,N,N,N,N,N,N,N,2026-05-01,http://www.healthspace.ca/fha/childcare,N,Y,N,Fraser Heights Out Of School Care #2 / Smarties<br>Licensed Group<br>604-582-1335<br><br>Vacancy:<br>&nbsp;&nbsp;&nbsp;&nbsp;<36 months: N<br>&nbsp;&nbsp;&nbsp;&nbsp;30 months -- 5 years: N<br>&nbsp;&nbsp;&nbsp;&nbsp;Preschool: N<br>&nbsp;&nbsp;&nbsp;&nbsp;Grade 1 - Age 12: N<br>
5185,Licensed Group,Wibble Wobble Childcare - Vedder,7258 Vedder Rd,,Chilliwack,V2R 4E4,49.134418,-121.959767,604-392-9300,,,N,N,N,N,N,N,N,N,N,N,N,N,N,N,N,N,N,,,N,N,N,N,N,N,N,N,N,N,N,2026-05-18,http://www.healthspace.ca/fha/childcare,N,Y,N,Wibble Wobble Childcare - Vedder<br>Licensed Group<br>604-392-9300<br><br>Vacancy:<br>&nbsp;&nbsp;&nbsp;&nbsp;<36 months: N<br>&nbsp;&nbsp;&nbsp;&nbsp;30 months -- 5 years: N<br>&nbsp;&nbsp;&nbsp;&nbsp;Preschool: N<br>&nbsp;&nbsp;&nbsp;&nbsp;Grade 1 - Age 12: N<br>
5186,Licensed Group,Little Saints Learning Ctr Inc,200 22530 Dewdney Trunk Rd,,Maple Ridge,V2X 3J9,49.220174,-122.598067,604-771-0423,,,N,N,N,N,N,N,N,N,N,N,N,N,N,N,N,N,N,,,N,N,N,N,N,N,N,N,N,N,N,2026-05-17,http://www.healthspace.ca/fha/childcare,N,Y,N,Little Saints Learning Ctr Inc<br>Licensed Group<br>604-771-0423<br><br>Vacancy:<br>&nbsp;&nbsp;&nbsp;&nbsp;<36 months: N<br>&nbsp;&nbsp;&nbsp;&nbsp;30 months -- 5 years: N<br>&nbsp;&nbsp;&nbsp;&nbsp;Preschool: N<br>&nbsp;&nbsp;&nbsp;&nbsp;Grade 1 - Age 12: N<br>
5187,Licensed Group,Early Learning Centre,1602 2Nd Ave,,Fernie,V0B 1M0,49.51165,-115.052848,778-519-5288,,,N,N,N,N,N,N,N,N,N,N,N,N,N,N,N,N,N,,,N,N,N,N,N,N,N,N,N,N,N,2026-05-03,https://hedgehogportal.interiorhealth.ca/ChildCare/Map,N,Y,N,Early Learning Centre<br>Licensed Group<br>778-519-5288<br><br>Vacancy:<br>&nbsp;&nbsp;&nbsp;&nbsp;<36 months: N<br>&nbsp;&nbsp;&nbsp;&nbsp;30 months -- 5 years: N<br>&nbsp;&nbsp;&nbsp;&nbsp;Preschool: N<br>&nbsp;&nbsp;&nbsp;&nbsp;Grade 1 - Age 12: N<br>
5188,Licensed Group,Laugh And Learn Daycare,22762 Lougheed Hwy,,Maple Ridge,V2X 2V6,49.216285,-122.591272,604-479-5815,,,N,N,N,N,N,N,N,N,N,N,N,N,N,N,N,N,N,,,N,N,N,N,N,N,N,N,Y,N,Y,2026-05-04,http://www.healthspace.ca/fha/childcare,N,Y,N,Laugh And Learn Daycare<br>Licensed Group<br>604-479-5815<br><br>Vacancy:<br>&nbsp;&nbsp;&nbsp;&nbsp;<36 months: N<br>&nbsp;&nbsp;&nbsp;&nbsp;30 months -- 5 years: Y<br>&nbsp;&nbsp;&nbsp;&nbsp;Preschool: N<br>&nbsp;&nbsp;&nbsp;&nbsp;Grade 1 - Age 12: Y<br>
5189,Licensed Group,Dreamkids Childcare,207-1194 Lansdowne Dr,,Coquitlam,V3E 1J7,49.283498,-122.810031,604-809-1823,,,N,N,N,N,N,N,N,N,N,N,N,N,N,N,N,N,N,,,N,N,N,N,N,N,N,N,N,N,N,2026-05-15,http://www.healthspace.ca/fha/childcare,N,Y,N,Dreamkids Childcare<br>Licensed Group<br>604-809-1823<br><br>Vacancy:<br>&nbsp;&nbsp;&nbsp;&nbsp;<36 months: N<br>&nbsp;&nbsp;&nbsp;&nbsp;30 months -- 5 years: N<br>&nbsp;&nbsp;&nbsp;&nbsp;Preschool: N<br>&nbsp;&nbsp;&nbsp;&nbsp;Grade 1 - Age 12: N<br>
5190,Licensed Group,Little Eagle Childcare Centre Ltd,200-2188 Austin Ave,,Coquitlam,V3K 3R8,49.248793,-122.834711,604-931-6777,,,N,N,N,N,N,N,N,N,N,N,N,N,N,N,N,N,N,,,N,N,N,N,N,N,N,N,N,N,N,2026-05-01,http://www.healthspace.ca/fha/childcare,N,Y,N,Little Eagle Childcare Centre Ltd<br>Licensed Group<br>604-931-6777<br><br>Vacancy:<br>&nbsp;&nbsp;&nbsp;&nbsp;<36 months: N<br>&nbsp;&nbsp;&nbsp;&nbsp;30 months -- 5 years: N<br>&nbsp;&nbsp;&nbsp;&nbsp;Preschool: N<br>&nbsp;&nbsp;&nbsp;&nbsp;Grade 1 - Age 12: N<br>
5191,Licensed Family,Caring Daycare,7544 14Th Ave,,Burnaby,V3N 2A1,49.218311,-122.938879,604-525-9580,,,N,N,N,N,N,N,N,N,N,N,N,N,N,N,N,N,N,,,N,N,N,N,N,N,N,Y,Y,N,N,2026-04-22,http://www.healthspace.ca/fha/childcare,N,Y,N,Caring Daycare<br>Licensed Family<br>604-525-9580<br><br>Vacancy:<br>&nbsp;&nbsp;&nbsp;&nbsp;<36 months: Y<br>&nbsp;&nbsp;&nbsp;&nbsp;30 months -- 5 years: Y<br>&nbsp;&nbsp;&nbsp;&nbsp;Preschool: N<br>&nbsp;&nbsp;&nbsp;&nbsp;Grade 1 - Age 12: N<br>
5192,Licensed Group,Kids Learning Castle Daycare 2,12430 76 Ave,,Surrey,V3W 2T5,49.140765,-122.878203,604-600-3310,,,N,N,N,N,N,N,N,N,N,N,N,N,N,N,N,N,N,,,N,N,N,N,N,N,N,N,N,N,N,2026-05-16,http://www.healthspace.ca/fha/childcare,N,Y,N,Kids Learning Castle Daycare 2<br>Licensed Group<br>604-600-3310<br><br>Vacancy:<br>&nbsp;&nbsp;&nbsp;&nbsp;<36 months: N<br>&nbsp;&nbsp;&nbsp;&nbsp;30 months -- 5 years: N<br>&nbsp;&nbsp;&nbsp;&nbsp;Preschool: N<br>&nbsp;&nbsp;&nbsp;&nbsp;Grade 1 - Age 12: N<br>
5193,Licensed Group,Agassiz/Harrison Childcare Centres Inc,501 Hot Springs Rd,,Harrison Hot Springs,V0M 1K0,49.298194,-121.783898,604-378-9227,,,N,N,N,N,N,N,N,N,N,N,N,N,N,N,N,N,N,,,N,N,N,N,N,N,N,N,N,N,Y,2026-05-16,http://www.healthspace.ca/fha/childcare,N,Y,N,Agassiz/Harrison Childcare Centres Inc<br>Licensed Group<br>604-378-9227<br><br>Vacancy:<br>&nbsp;&nbsp;&nbsp;&nbsp;<36 months: N<br>&nbsp;&nbsp;&nbsp;&nbsp;30 months -- 5 years: N<br>&nbsp;&nbsp;&nbsp;&nbsp;Preschool: N<br>&nbsp;&nbsp;&nbsp;&nbsp;Grade 1 - Age 12: Y<br>
5194,Licensed Group,Brightpath Lawrence Avenue,1370 Lawrence Ave,,Kelowna,V1Y 6M7,49.885588,-119.468571,250-860-9788,,,N,N,N,N,N,N,N,N,N,N,N,N,N,N,N,N,N,,,N,N,N,N,N,N,N,N,N,N,N,2026-05-05,https://hedgehogportal.interiorhealth.ca/ChildCare/Map,N,Y,N,Brightpath Lawrence Avenue<br>Licensed Group<br>250-860-9788<br><br>Vacancy:<br>&nbsp;&nbsp;&nbsp;&nbsp;<36 months: N<br>&nbsp;&nbsp;&nbsp;&nbsp;30 months -- 5 years: N<br>&nbsp;&nbsp;&nbsp;&nbsp;Preschool: N<br>&nbsp;&nbsp;&nbsp;&nbsp;Grade 1 - Age 12: N<br>
5195,Licensed Group,Yarrow Community School Society,4605 Wilson Rd,,Yarrow,V2R 5C4,49.085959,-122.04558,604-823-0257,,,N,N,N,N,N,N,N,N,N,N,N,N,N,N,N,N,N,,,N,N,N,N,N,N,N,N,N,N,N,2026-04-29,http://www.healthspace.ca/fha/childcare,N,Y,N,Yarrow Community School Society<br>Licensed Group<br>604-823-0257<br><br>Vacancy:<br>&nbsp;&nbsp;&nbsp;&nbsp;<36 months: N<br>&nbsp;&nbsp;&nbsp;&nbsp;30 months -- 5 years: N<br>&nbsp;&nbsp;&nbsp;&nbsp;Preschool: N<br>&nbsp;&nbsp;&nbsp;&nbsp;Grade 1 - Age 12: N<br>
5196,Licensed Family,Apple Family Child Care Centre,15793 99A Ave,,Surrey,V4N 2B1,49.183541,-122.784621,604-438-9264,,,N,N,N,N,N,N,N,N,N,N,N,N,N,N,N,N,N,,,N,N,N,N,N,N,N,N,N,N,N,2026-05-20,http://www.healthspace.ca/fha/childcare,N,Y,N,Apple Family Child Care Centre<br>Licensed Family<br>604-438-9264<br><br>Vacancy:<br>&nbsp;&nbsp;&nbsp;&nbsp;<36 months: N<br>&nbsp;&nbsp;&nbsp;&nbsp;30 months -- 5 years: N<br>&nbsp;&nbsp;&nbsp;&nbsp;Preschool: N<br>&nbsp;&nbsp;&nbsp;&nbsp;Grade 1 - Age 12: N<br>
5197,Licensed Group,Bella Coola Early Learning Facility,808 Mackay St,,Bella Coola,V0T 1C0,52.373457,-126.75869,250-799-5556,,,N,N,N,N,N,N,N,N,N,N,N,N,N,N,N,N,N,,,N,N,N,N,N,N,N,N,Y,N,N,2026-05-12,https://inspections.vcha.ca/ChildCare/Table,N,Y,N,Bella Coola Early Learning Facility<br>Licensed Group<br>250-799-5556<br><br>Vacancy:<br>&nbsp;&nbsp;&nbsp;&nbsp;<36 months: N<br>&nbsp;&nbsp;&nbsp;&nbsp;30 months -- 5 years: Y<br>&nbsp;&nbsp;&nbsp;&nbsp;Preschool: N<br>&nbsp;&nbsp;&nbsp;&nbsp;Grade 1 - Age 12: N<br>
5198,Licensed Family,Fun Ville Daycare Center,19399 73A Ave,,Surrey,V4N 5Y1,49.135993,-122.685392,778-996-5244,,,N,N,N,N,N,N,N,N,N,N,N,N,N,N,N,N,N,,,N,N,N,N,N,N,N,Y,Y,N,Y,2026-05-06,http://www.healthspace.ca/fha/childcare,N,Y,N,Fun Ville Daycare Center<br>Licensed Family<br>778-996-5244<br><br>Vacancy:<br>&nbsp;&nbsp;&nbsp;&nbsp;<36 months: Y<br>&nbsp;&nbsp;&nbsp;&nbsp;30 months -- 5 years: Y<br>&nbsp;&nbsp;&nbsp;&nbsp;Preschool: N<br>&nbsp;&nbsp;&nbsp;&nbsp;Grade 1 - Age 12: Y<br>
5199,Licensed Group,Fraser Montessori Daycare,6269  14Th Ave,,Burnaby,V3N 1Y7,49.202534,-122.966665,604-553-0781,,,N,N,N,N,N,N,N,N,N,N,N,N,N,N,N,N,N,,,N,N,N,N,N,N,N,Y,N,N,N,2026-05-01,http://www.healthspace.ca/fha/childcare,N,Y,N,Fraser Montessori Daycare<br>Licensed Group<br>604-553-0781<br><br>Vacancy:<br>&nbsp;&nbsp;&nbsp;&nbsp;<36 months: Y<br>&nbsp;&nbsp;&nbsp;&nbsp;30 months -- 5 years: N<br>&nbsp;&nbsp;&nbsp;&nbsp;Preschool: N<br>&nbsp;&nbsp;&nbsp;&nbsp;Grade 1 - Age 12: N<br>
5200,Licensed Family,Lil Tykes Daycare,350 Banks St,,Kimberley,V1A 1H7,49.669214,-115.974637,250-427-1991,,,N,N,N,N,N,N,N,N,N,N,N,N,N,N,N,N,N,,,N,N,N,N,N,N,N,N,N,N,N,2026-04-24,https://hedgehogportal.interiorhealth.ca/ChildCare/Map,N,Y,N,Lil Tykes Daycare<br>Licensed Family<br>250-427-1991<br><br>Vacancy:<br>&nbsp;&nbsp;&nbsp;&nbsp;<36 months: N<br>&nbsp;&nbsp;&nbsp;&nbsp;30 months -- 5 years: N<br>&nbsp;&nbsp;&nbsp;&nbsp;Preschool: N<br>&nbsp;&nbsp;&nbsp;&nbsp;Grade 1 - Age 12: N<br>
5201,Licensed Group,Park Place Daycare Ltd.,1225 Keith Rd E,,North Vancouver,V7J 3T5,49.312636,-123.039243,604-990-5572,,,N,N,N,N,N,N,N,N,N,N,N,N,N,N,N,N,N,,,N,N,N,N,N,N,N,Y,Y,N,Y,2026-05-15,https://inspections.vcha.ca/ChildCare/Table,N,Y,Y,Park Place Daycare Ltd.<br>Licensed Group<br>604-990-5572<br><br>Vacancy:<br>&nbsp;&nbsp;&nbsp;&nbsp;<36 months: Y<br>&nbsp;&nbsp;&nbsp;&nbsp;30 months -- 5 years: Y<br>&nbsp;&nbsp;&nbsp;&nbsp;Preschool: N<br>&nbsp;&nbsp;&nbsp;&nbsp;Grade 1 - Age 12: Y<br>
5202,Licensed Group,Park Place Daycare Ltd.,1225 Keith Rd E,,North Vancouver,V7J 3T5,49.312636,-123.039243,604-990-5572,,,N,N,N,N,N,N,N,N,N,N,N,N,N,N,N,N,N,,,N,N,N,N,N,N,N,Y,Y,N,Y,2026-05-15,https://inspections.vcha.ca/ChildCare/Table,N,Y,Y,Park Place Daycare Ltd.<br>Licensed Group<br>604-990-5572<br><br>Vacancy:<br>&nbsp;&nbsp;&nbsp;&nbsp;<36 months: Y<br>&nbsp;&nbsp;&nbsp;&nbsp;30 months -- 5 years: Y<br>&nbsp;&nbsp;&nbsp;&nbsp;Preschool: N<br>&nbsp;&nbsp;&nbsp;&nbsp;Grade 1 - Age 12: Y<br>
5203,Licensed Group,Park Place Daycare Ltd.,1225 Keith Rd E,,North Vancouver,V7J 3T5,49.312636,-123.039243,604-990-5572,,,N,N,N,N,N,N,N,N,N,N,N,N,N,N,N,N,N,,,N,N,N,N,N,N,N,Y,Y,N,Y,2026-05-15,https://inspections.vcha.ca/ChildCare/Table,N,Y,Y,Park Place Daycare Ltd.<br>Licensed Group<br>604-990-5572<br><br>Vacancy:<br>&nbsp;&nbsp;&nbsp;&nbsp;<36 months: Y<br>&nbsp;&nbsp;&nbsp;&nbsp;30 months -- 5 years: Y<br>&nbsp;&nbsp;&nbsp;&nbsp;Preschool: N<br>&nbsp;&nbsp;&nbsp;&nbsp;Grade 1 - Age 12: Y<br>
5204,Licensed Family,Little Seedlings,4173 Macaulay Rd,,Black Creek,V9J 1C9,49.861288,-125.202698,250-337-8807,,,N,N,N,N,N,N,N,N,N,N,N,N,N,N,N,N,N,,,N,N,N,N,N,N,N,Y,Y,N,Y,2026-04-27,https://www.healthspace.ca/clients/viha/viha_website.nsf/CCFL-Main?OpenView,N,N,N,Little Seedlings<br>Licensed Family<br>250-337-8807<br><br>Vacancy:<br>&nbsp;&nbsp;&nbsp;&nbsp;<36 months: Y<br>&nbsp;&nbsp;&nbsp;&nbsp;30 months -- 5 years: Y<br>&nbsp;&nbsp;&nbsp;&nbsp;Preschool: N<br>&nbsp;&nbsp;&nbsp;&nbsp;Grade 1 - Age 12: Y<br>
5205,Licensed Group,Newport Child Care Center,235 Newport Dr,,Port Moody,V3H 5C9,49.283018,-122.826552,604-792-3337,,,N,N,N,N,N,N,N,N,N,N,N,N,N,N,N,N,N,,,N,N,N,N,N,N,N,N,N,N,N,2026-05-15,http://www.healthspace.ca/fha/childcare,N,Y,N,Newport Child Care Center<br>Licensed Group<br>604-792-3337<br><br>Vacancy:<br>&nbsp;&nbsp;&nbsp;&nbsp;<36 months: N<br>&nbsp;&nbsp;&nbsp;&nbsp;30 months -- 5 years: N<br>&nbsp;&nbsp;&nbsp;&nbsp;Preschool: N<br>&nbsp;&nbsp;&nbsp;&nbsp;Grade 1 - Age 12: N<br>
5206,Licensed Family,Westhaven Kids Corner,5358 Westhaven Pl,,Nanaimo,V9V 1T1,49.235164,-123.999086,250-585-3300,,,N,N,N,N,N,N,N,N,N,N,N,N,N,N,N,N,N,,,N,N,N,N,N,N,N,N,Y,N,N,2026-05-21,https://www.healthspace.ca/clients/viha/viha_website.nsf/CCFL-Main?OpenView,N,N,N,Westhaven Kids Corner<br>Licensed Family<br>250-585-3300<br><br>Vacancy:<br>&nbsp;&nbsp;&nbsp;&nbsp;<36 months: N<br>&nbsp;&nbsp;&nbsp;&nbsp;30 months -- 5 years: Y<br>&nbsp;&nbsp;&nbsp;&nbsp;Preschool: N<br>&nbsp;&nbsp;&nbsp;&nbsp;Grade 1 - Age 12: N<br>
5207,Licensed Family,Betty's Family Daycare,972 Graham Ave,,Quesnel,V2J 3C8,52.974171,-122.48347,250-992-7781,,,N,N,N,N,N,N,N,N,N,N,N,N,N,N,N,N,N,,,N,N,N,N,N,N,N,N,N,N,N,2026-05-15,https://www.healthspace.ca/Clients/NHA/NHA_Website.nsf/CCFL-Frameset,N,Y,N,Betty's Family Daycare<br>Licensed Family<br>250-992-7781<br><br>Vacancy:<br>&nbsp;&nbsp;&nbsp;&nbsp;<36 months: N<br>&nbsp;&nbsp;&nbsp;&nbsp;30 months -- 5 years: N<br>&nbsp;&nbsp;&nbsp;&nbsp;Preschool: N<br>&nbsp;&nbsp;&nbsp;&nbsp;Grade 1 - Age 12: N<br>
5208,Licensed Family,Prince And Princess Daycare,329 5Th Ave W,,Prince Rupert,V8J 1T6,54.311716,-130.321744,250-295-2478,,,N,N,N,N,N,N,N,N,N,N,N,N,N,N,N,N,N,,,N,N,N,N,N,N,N,Y,Y,N,N,2026-05-11,https://www.healthspace.ca/Clients/NHA/NHA_Website.nsf/CCFL-Frameset,N,Y,N,Prince And Princess Daycare<br>Licensed Family<br>250-295-2478<br><br>Vacancy:<br>&nbsp;&nbsp;&nbsp;&nbsp;<36 months: Y<br>&nbsp;&nbsp;&nbsp;&nbsp;30 months -- 5 years: Y<br>&nbsp;&nbsp;&nbsp;&nbsp;Preschool: N<br>&nbsp;&nbsp;&nbsp;&nbsp;Grade 1 - Age 12: N<br>
5209,Licensed Group,Little Rainbow House Preschool & Daycare,700 Clearwater Way,,Coquitlam,V3C 6A3,49.25724,-122.805973,604-945-2727,,,N,N,N,N,N,N,N,N,N,N,N,N,N,N,N,N,N,,,N,N,N,N,N,N,N,N,N,N,N,2026-05-05,http://www.healthspace.ca/fha/childcare,N,Y,N,Little Rainbow House Preschool & Daycare<br>Licensed Group<br>604-945-2727<br><br>Vacancy:<br>&nbsp;&nbsp;&nbsp;&nbsp;<36 months: N<br>&nbsp;&nbsp;&nbsp;&nbsp;30 months -- 5 years: N<br>&nbsp;&nbsp;&nbsp;&nbsp;Preschool: N<br>&nbsp;&nbsp;&nbsp;&nbsp;Grade 1 - Age 12: N<br>
5210,Licensed Group,Cedars Child Care,600 Preston Rd,,Prince George,V2K 1A8,53.92999,-122.78405,250-564-0707,,,N,N,N,N,N,N,N,N,N,N,N,N,N,N,N,N,N,,,N,N,N,N,N,N,N,N,N,N,N,2026-05-01,https://www.healthspace.ca/Clients/NHA/NHA_Website.nsf/CCFL-Frameset,N,N,N,Cedars Child Care<br>Licensed Group<br>250-564-0707<br><br>Vacancy:<br>&nbsp;&nbsp;&nbsp;&nbsp;<36 months: N<br>&nbsp;&nbsp;&nbsp;&nbsp;30 months -- 5 years: N<br>&nbsp;&nbsp;&nbsp;&nbsp;Preschool: N<br>&nbsp;&nbsp;&nbsp;&nbsp;Grade 1 - Age 12: N<br>
5211,Licensed Group,Laity View Active Kids Club,21023 123Rd Ave,,Maple Ridge,V2X 4B5,49.227211,-122.637708,604-467-7453,,,N,N,N,N,N,N,N,N,N,N,N,N,N,N,N,N,N,,,N,N,N,N,N,N,N,N,N,N,N,2026-05-21,http://www.healthspace.ca/fha/childcare,N,Y,N,Laity View Active Kids Club<br>Licensed Group<br>604-467-7453<br><br>Vacancy:<br>&nbsp;&nbsp;&nbsp;&nbsp;<36 months: N<br>&nbsp;&nbsp;&nbsp;&nbsp;30 months -- 5 years: N<br>&nbsp;&nbsp;&nbsp;&nbsp;Preschool: N<br>&nbsp;&nbsp;&nbsp;&nbsp;Grade 1 - Age 12: N<br>
5212,Licensed Group,Kamloops Kidz Early Learning Center (Pineview Campus),1711 Copperhead Dr,,Kamloops,V1S 0C2,50.653633,-120.398084,250-319-9044,,,N,N,N,N,N,N,N,N,N,N,N,N,N,N,N,N,N,,,N,N,N,N,N,N,N,Y,Y,Y,N,2026-05-12,https://hedgehogportal.interiorhealth.ca/ChildCare/Map,N,Y,N,Kamloops Kidz Early Learning Center (Pineview Campus)<br>Licensed Group<br>250-319-9044<br><br>Vacancy:<br>&nbsp;&nbsp;&nbsp;&nbsp;<36 months: Y<br>&nbsp;&nbsp;&nbsp;&nbsp;30 months -- 5 years: Y<br>&nbsp;&nbsp;&nbsp;&nbsp;Preschool: Y<br>&nbsp;&nbsp;&nbsp;&nbsp;Grade 1 - Age 12: N<br>
5213,Licensed Group,Fraser Valley Montessori School Age Care,3060 Old Clayburn Rd,,Abbotsford,V2T 4M7,49.057618,-122.269171,604-859-5061,,,N,N,N,N,N,N,N,N,N,N,N,N,N,N,N,N,N,,,N,N,N,N,N,N,N,N,N,N,N,2026-05-11,http://www.healthspace.ca/fha/childcare,N,Y,N,Fraser Valley Montessori School Age Care<br>Licensed Group<br>604-859-5061<br><br>Vacancy:<br>&nbsp;&nbsp;&nbsp;&nbsp;<36 months: N<br>&nbsp;&nbsp;&nbsp;&nbsp;30 months -- 5 years: N<br>&nbsp;&nbsp;&nbsp;&nbsp;Preschool: N<br>&nbsp;&nbsp;&nbsp;&nbsp;Grade 1 - Age 12: N<br>
5214,Licensed Group,Les Papillons,6887 132 St,,Surrey,V3W 4L9,49.128389,-122.856909,604-597-1590,,,N,N,N,N,N,N,N,N,N,N,N,N,N,N,N,N,N,,,N,N,N,N,N,N,N,N,Y,N,Y,2026-05-05,http://www.healthspace.ca/fha/childcare,N,Y,N,Les Papillons<br>Licensed Group<br>604-597-1590<br><br>Vacancy:<br>&nbsp;&nbsp;&nbsp;&nbsp;<36 months: N<br>&nbsp;&nbsp;&nbsp;&nbsp;30 months -- 5 years: Y<br>&nbsp;&nbsp;&nbsp;&nbsp;Preschool: N<br>&nbsp;&nbsp;&nbsp;&nbsp;Grade 1 - Age 12: Y<br>
5215,Licensed Group,Bgccvi - Brooklyn Elementary,1290 Guthrie Rd,,Comox,V9M 4G2,49.687399,-124.905421,250-650-1458,,,N,N,N,N,N,N,N,N,N,N,N,N,N,N,N,N,N,Not offered,Not offered,N,N,N,N,N,N,N,N,Y,N,Y,2026-05-15,https://www.healthspace.ca/clients/viha/viha_website.nsf/CCFL-Main?OpenView,N,Y,N,Bgccvi - Brooklyn Elementary<br>Licensed Group<br>250-650-1458<br><br>Vacancy:<br>&nbsp;&nbsp;&nbsp;&nbsp;<36 months: N<br>&nbsp;&nbsp;&nbsp;&nbsp;30 months -- 5 years: Y<br>&nbsp;&nbsp;&nbsp;&nbsp;Preschool: N<br>&nbsp;&nbsp;&nbsp;&nbsp;Grade 1 - Age 12: Y<br>
5216,Licensed Group,A To Z Childcare Centre #3,16433 86B,,Surrey,V4N 5L9,49.16064,-122.766852,604-719-6736,,,N,N,N,N,N,N,N,N,N,N,N,N,N,N,N,N,N,,,N,N,N,N,N,N,N,N,Y,N,N,2026-05-15,http://www.healthspace.ca/fha/childcare,N,Y,N,A To Z Childcare Centre #3<br>Licensed Group<br>604-719-6736<br><br>Vacancy:<br>&nbsp;&nbsp;&nbsp;&nbsp;<36 months: N<br>&nbsp;&nbsp;&nbsp;&nbsp;30 months -- 5 years: Y<br>&nbsp;&nbsp;&nbsp;&nbsp;Preschool: N<br>&nbsp;&nbsp;&nbsp;&nbsp;Grade 1 - Age 12: N<br>
5217,Licensed Group,Mamma Bears Cub House Daycare Ltd.,250 Gibbs Road W,,Kelowna,V1X 2W3,49.891263,-119.382065,250-681-4845,,,N,N,N,N,N,N,N,N,N,N,N,N,N,N,N,N,N,,,N,N,N,N,N,N,N,N,N,N,N,2026-05-15,https://hedgehogportal.interiorhealth.ca/ChildCare/Map,N,Y,N,Mamma Bears Cub House Daycare Ltd.<br>Licensed Group<br>250-681-4845<br><br>Vacancy:<br>&nbsp;&nbsp;&nbsp;&nbsp;<36 months: N<br>&nbsp;&nbsp;&nbsp;&nbsp;30 months -- 5 years: N<br>&nbsp;&nbsp;&nbsp;&nbsp;Preschool: N<br>&nbsp;&nbsp;&nbsp;&nbsp;Grade 1 - Age 12: N<br>
5218,Licensed Family,Sunny Fields Daycare,46090 Avalon Ave,,Chilliwack,V2P 3P9,49.18423,-121.949731,604-799-8131,,,N,N,N,N,N,N,N,N,N,N,N,N,N,N,N,N,N,,,N,N,N,N,N,N,N,Y,N,N,N,2026-05-15,http://www.healthspace.ca/fha/childcare,N,Y,N,Sunny Fields Daycare<br>Licensed Family<br>604-799-8131<br><br>Vacancy:<br>&nbsp;&nbsp;&nbsp;&nbsp;<36 months: Y<br>&nbsp;&nbsp;&nbsp;&nbsp;30 months -- 5 years: N<br>&nbsp;&nbsp;&nbsp;&nbsp;Preschool: N<br>&nbsp;&nbsp;&nbsp;&nbsp;Grade 1 - Age 12: N<br>
5219,Licensed Group,Rise N Shine Childcare Center #4,9340 151A St,,Surrey,V3R 9H6,49.172492,-122.80238,604-779-1940,,,N,N,N,N,N,N,N,N,N,N,N,N,N,N,N,N,N,,,N,N,N,N,N,N,N,N,N,N,N,2026-05-18,http://www.healthspace.ca/fha/childcare,N,Y,N,Rise N Shine Childcare Center #4<br>Licensed Group<br>604-779-1940<br><br>Vacancy:<br>&nbsp;&nbsp;&nbsp;&nbsp;<36 months: N<br>&nbsp;&nbsp;&nbsp;&nbsp;30 months -- 5 years: N<br>&nbsp;&nbsp;&nbsp;&nbsp;Preschool: N<br>&nbsp;&nbsp;&nbsp;&nbsp;Grade 1 - Age 12: N<br>
5220,Licensed Group,South Vancouver Community Montessori Daycare,2325 E 54 Ave,,Vancouver,V5S 1X1,49.220583,-123.059003,604-325-4049,,,N,N,N,N,N,N,N,N,N,N,N,N,N,N,N,N,N,,,N,N,N,N,N,N,N,Y,Y,N,N,2026-05-21,https://inspections.vcha.ca/ChildCare/Table,N,Y,N,South Vancouver Community Montessori Daycare<br>Licensed Group<br>604-325-4049<br><br>Vacancy:<br>&nbsp;&nbsp;&nbsp;&nbsp;<36 months: Y<br>&nbsp;&nbsp;&nbsp;&nbsp;30 months -- 5 years: Y<br>&nbsp;&nbsp;&nbsp;&nbsp;Preschool: N<br>&nbsp;&nbsp;&nbsp;&nbsp;Grade 1 - Age 12: N<br>
5221,Licensed Group,Collingwood School Age Child Care Centre,107 3417 Euclid Ave,,Vancouver,V5R 6H2,49.236397,-123.032241,604-412-3836,,,N,N,N,N,N,N,N,N,N,N,N,N,N,N,N,N,N,,,N,N,N,N,N,N,N,N,N,N,N,2026-05-05,https://inspections.vcha.ca/ChildCare/Table,N,Y,N,Collingwood School Age Child Care Centre<br>Licensed Group<br>604-412-3836<br><br>Vacancy:<br>&nbsp;&nbsp;&nbsp;&nbsp;<36 months: N<br>&nbsp;&nbsp;&nbsp;&nbsp;30 months -- 5 years: N<br>&nbsp;&nbsp;&nbsp;&nbsp;Preschool: N<br>&nbsp;&nbsp;&nbsp;&nbsp;Grade 1 - Age 12: N<br>
5222,Licensed Group,Renfrew School Age Child Care Centre,3315 E 22 Ave,,Vancouver,V5M 2Z2,49.250749,-123.031954,604-435-0323,,,N,N,N,N,N,N,N,N,N,N,N,N,N,N,N,N,N,,,N,N,N,N,N,N,N,N,N,N,N,2026-05-05,https://inspections.vcha.ca/ChildCare/Table,N,Y,N,Renfrew School Age Child Care Centre<br>Licensed Group<br>604-435-0323<br><br>Vacancy:<br>&nbsp;&nbsp;&nbsp;&nbsp;<36 months: N<br>&nbsp;&nbsp;&nbsp;&nbsp;30 months -- 5 years: N<br>&nbsp;&nbsp;&nbsp;&nbsp;Preschool: N<br>&nbsp;&nbsp;&nbsp;&nbsp;Grade 1 - Age 12: N<br>
5223,Licensed Group,Little Butterflies Daycare,16-2773 Barnet Hwy,,Coquitlam,V3B 1C2,49.27849,-122.806964,778-875-2570,,,N,N,N,N,N,N,N,N,N,N,N,N,N,N,N,N,N,,,N,N,N,N,N,N,N,N,N,N,N,2026-05-15,http://www.healthspace.ca/fha/childcare,N,Y,N,Little Butterflies Daycare<br>Licensed Group<br>778-875-2570<br><br>Vacancy:<br>&nbsp;&nbsp;&nbsp;&nbsp;<36 months: N<br>&nbsp;&nbsp;&nbsp;&nbsp;30 months -- 5 years: N<br>&nbsp;&nbsp;&nbsp;&nbsp;Preschool: N<br>&nbsp;&nbsp;&nbsp;&nbsp;Grade 1 - Age 12: N<br>
5224,Licensed Group,Fb Appletree,1406 32Nd Ave,,Vernon,V1T 2H7,50.265123,-119.250128,250-550-4471,,,N,N,N,N,N,N,N,N,N,N,N,N,N,N,N,N,N,,,N,N,N,N,N,N,N,N,N,N,N,2026-05-14,https://hedgehogportal.interiorhealth.ca/ChildCare/Map,N,Y,N,Fb Appletree<br>Licensed Group<br>250-550-4471<br><br>Vacancy:<br>&nbsp;&nbsp;&nbsp;&nbsp;<36 months: N<br>&nbsp;&nbsp;&nbsp;&nbsp;30 months -- 5 years: N<br>&nbsp;&nbsp;&nbsp;&nbsp;Preschool: N<br>&nbsp;&nbsp;&nbsp;&nbsp;Grade 1 - Age 12: N<br>
5225,Licensed Family,The Kinder Garden Learning Centre,1406 Duchess St,,Coquitlam,V3E 0G1,49.298906,-122.75548,604-862-8567,www.thekindergardenlc.com,,N,N,N,N,N,N,N,N,N,N,N,N,N,N,N,N,N,,,N,N,N,N,N,N,N,N,N,N,N,2026-04-23,http://www.healthspace.ca/fha/childcare,N,Y,N,The Kinder Garden Learning Centre<br>Licensed Family<br>604-862-8567<br><br>Vacancy:<br>&nbsp;&nbsp;&nbsp;&nbsp;<36 months: N<br>&nbsp;&nbsp;&nbsp;&nbsp;30 months -- 5 years: N<br>&nbsp;&nbsp;&nbsp;&nbsp;Preschool: N<br>&nbsp;&nbsp;&nbsp;&nbsp;Grade 1 - Age 12: N<br>
5226,Licensed Group,Curious Minds Learning Centre Ltd - Mrss,21911 122 Ave,,Maple Ridge,V2X 3X2,49.225722,-122.614463,604-476-0232,,,,,,,,,,,,,,,,,,,,,,,,,,,,,,,,,,,Y,Y,N,Curious Minds Learning Centre Ltd - Mrss<br>Licensed Group<br>604-476-0232<br><br>Vacancy:<br>&nbsp;&nbsp;&nbsp;&nbsp;<36 months: None<br>&nbsp;&nbsp;&nbsp;&nbsp;30 months -- 5 years: None<br>&nbsp;&nbsp;&nbsp;&nbsp;Preschool: None<br>&nbsp;&nbsp;&nbsp;&nbsp;Grade 1 - Age 12: None<br>
5227,Licensed Group,Vwca Little Steps Childcare,521 Craigflower Rd,,Victoria,V9A 6Z5,48.438162,-123.388409,250-590-8922,,,N,N,N,N,N,N,N,N,N,N,N,N,N,N,N,N,N,,,N,N,N,N,N,N,N,N,Y,Y,Y,2026-04-22,https://www.healthspace.ca/clients/viha/viha_website.nsf/CCFL-Main?OpenView,N,Y,N,Vwca Little Steps Childcare<br>Licensed Group<br>250-590-8922<br><br>Vacancy:<br>&nbsp;&nbsp;&nbsp;&nbsp;<36 months: N<br>&nbsp;&nbsp;&nbsp;&nbsp;30 months -- 5 years: Y<br>&nbsp;&nbsp;&nbsp;&nbsp;Preschool: Y<br>&nbsp;&nbsp;&nbsp;&nbsp;Grade 1 - Age 12: Y<br>
5228,Licensed Group,Fundamentals Childcare Centre Inc,20601 Westfield Ave,,Maple Ridge,V2X 1L7,49.211666,-122.65111,604-465-8515,,,N,N,N,N,N,N,N,N,N,N,N,N,N,N,N,N,N,,,N,N,N,N,N,N,N,N,Y,N,N,2026-05-21,http://www.healthspace.ca/fha/childcare,N,Y,N,Fundamentals Childcare Centre Inc<br>Licensed Group<br>604-465-8515<br><br>Vacancy:<br>&nbsp;&nbsp;&nbsp;&nbsp;<36 months: N<br>&nbsp;&nbsp;&nbsp;&nbsp;30 months -- 5 years: Y<br>&nbsp;&nbsp;&nbsp;&nbsp;Preschool: N<br>&nbsp;&nbsp;&nbsp;&nbsp;Grade 1 - Age 12: N<br>
5229,Licensed Group,Creative Kids Learning Centers - Sullivan,206 6355 152Nd St,,Surrey,V3S 3K8,49.118078,-122.801109,604-560-5002,,,N,N,N,N,N,N,N,N,N,N,N,N,N,N,N,N,N,,,N,N,N,N,N,N,N,Y,Y,N,Y,2026-05-19,http://www.healthspace.ca/fha/childcare,N,Y,N,Creative Kids Learning Centers - Sullivan<br>Licensed Group<br>604-560-5002<br><br>Vacancy:<br>&nbsp;&nbsp;&nbsp;&nbsp;<36 months: Y<br>&nbsp;&nbsp;&nbsp;&nbsp;30 months -- 5 years: Y<br>&nbsp;&nbsp;&nbsp;&nbsp;Preschool: N<br>&nbsp;&nbsp;&nbsp;&nbsp;Grade 1 - Age 12: Y<br>
5230,Licensed Group,Wind And Tide Child Development Centre - Prospect,15138 Prospect Ave,,White Rock,V4B 2B9,49.024516,-122.802803,604-575-0549,,,N,N,N,N,N,N,N,N,N,N,N,N,N,N,N,N,N,,,N,N,N,N,N,N,N,N,N,N,N,2026-05-18,http://www.healthspace.ca/fha/childcare,N,Y,N,Wind And Tide Child Development Centre - Prospect<br>Licensed Group<br>604-575-0549<br><br>Vacancy:<br>&nbsp;&nbsp;&nbsp;&nbsp;<36 months: N<br>&nbsp;&nbsp;&nbsp;&nbsp;30 months -- 5 years: N<br>&nbsp;&nbsp;&nbsp;&nbsp;Preschool: N<br>&nbsp;&nbsp;&nbsp;&nbsp;Grade 1 - Age 12: N<br>
5231,Licensed Group,Wind And Tide Child Development Centre - Matheson House,19893 64 Ave,,Langley,V2Y 1G9,49.119842,-122.671485,604-575-0549,,,N,N,N,N,N,N,N,N,N,N,N,N,N,N,N,N,N,,,N,N,N,N,N,N,N,Y,Y,N,N,2026-05-18,http://www.healthspace.ca/fha/childcare,N,Y,N,Wind And Tide Child Development Centre - Matheson House<br>Licensed Group<br>604-575-0549<br><br>Vacancy:<br>&nbsp;&nbsp;&nbsp;&nbsp;<36 months: Y<br>&nbsp;&nbsp;&nbsp;&nbsp;30 months -- 5 years: Y<br>&nbsp;&nbsp;&nbsp;&nbsp;Preschool: N<br>&nbsp;&nbsp;&nbsp;&nbsp;Grade 1 - Age 12: N<br>
5232,Licensed Group,Wind And Tide Preschool - Matheson House,19893 64 Ave,,Langley,V2Y 1C1,49.119842,-122.671485,604-575-0549,,,N,N,N,N,N,N,N,N,N,N,N,N,N,N,N,N,N,,,N,N,N,N,N,N,N,N,N,Y,N,2026-05-15,http://www.healthspace.ca/fha/childcare,N,Y,N,Wind And Tide Preschool - Matheson House<br>Licensed Group<br>604-575-0549<br><br>Vacancy:<br>&nbsp;&nbsp;&nbsp;&nbsp;<36 months: N<br>&nbsp;&nbsp;&nbsp;&nbsp;30 months -- 5 years: N<br>&nbsp;&nbsp;&nbsp;&nbsp;Preschool: Y<br>&nbsp;&nbsp;&nbsp;&nbsp;Grade 1 - Age 12: N<br>
5233,Licensed Group,Wind And Tide - Tsawwassen,5575 6 Ave,,Delta,V4M 1M2,49.014095,-123.069329,604-575-0549,,,N,N,N,N,N,N,N,N,N,N,N,N,N,N,N,N,N,,,N,N,N,N,N,N,N,N,Y,N,N,2026-05-15,http://www.healthspace.ca/fha/childcare,N,Y,N,Wind And Tide - Tsawwassen<br>Licensed Group<br>604-575-0549<br><br>Vacancy:<br>&nbsp;&nbsp;&nbsp;&nbsp;<36 months: N<br>&nbsp;&nbsp;&nbsp;&nbsp;30 months -- 5 years: Y<br>&nbsp;&nbsp;&nbsp;&nbsp;Preschool: N<br>&nbsp;&nbsp;&nbsp;&nbsp;Grade 1 - Age 12: N<br>
5234,Licensed Group,Love 2 Learn Childcare Services,107-12069 Harris Rd,,Pitt Meadows,V3Y 0C8,49.221957,-122.691101,604-942-9262,,,N,N,N,N,N,N,N,N,N,N,N,N,N,N,N,N,N,,,N,N,N,N,N,N,N,N,N,N,N,2026-04-23,http://www.healthspace.ca/fha/childcare,N,Y,N,Love 2 Learn Childcare Services<br>Licensed Group<br>604-942-9262<br><br>Vacancy:<br>&nbsp;&nbsp;&nbsp;&nbsp;<36 months: N<br>&nbsp;&nbsp;&nbsp;&nbsp;30 months -- 5 years: N<br>&nbsp;&nbsp;&nbsp;&nbsp;Preschool: N<br>&nbsp;&nbsp;&nbsp;&nbsp;Grade 1 - Age 12: N<br>
5235,Licensed Group,Sunshine Academy Childcare And Learning Center,46510 Teton Ave,,Chilliwack,V2P 7H6,49.193116,-121.937586,604-702-0267,,,,,,,,,,,,,,,,,,,,,,,,,,,,,,,,,,,Y,Y,N,Sunshine Academy Childcare And Learning Center<br>Licensed Group<br>604-702-0267<br><br>Vacancy:<br>&nbsp;&nbsp;&nbsp;&nbsp;<36 months: None<br>&nbsp;&nbsp;&nbsp;&nbsp;30 months -- 5 years: None<br>&nbsp;&nbsp;&nbsp;&nbsp;Preschool: None<br>&nbsp;&nbsp;&nbsp;&nbsp;Grade 1 - Age 12: None<br>
5236,Licensed Group,Stay 'N' Play Group Daycare,3260 Coast Meridian Rd,,Port Coquitlam,V3B 3N4,49.271998,-122.755624,604-942-5455,,,N,N,N,N,N,N,N,N,N,N,N,N,N,N,N,N,N,,,N,N,N,N,N,N,N,N,N,N,N,2026-05-20,http://www.healthspace.ca/fha/childcare,N,Y,N,Stay 'N' Play Group Daycare<br>Licensed Group<br>604-942-5455<br><br>Vacancy:<br>&nbsp;&nbsp;&nbsp;&nbsp;<36 months: N<br>&nbsp;&nbsp;&nbsp;&nbsp;30 months -- 5 years: N<br>&nbsp;&nbsp;&nbsp;&nbsp;Preschool: N<br>&nbsp;&nbsp;&nbsp;&nbsp;Grade 1 - Age 12: N<br>
5237,Licensed Group,Caterpillar Fun House #3,137 12150 92Nd Ave,,Surrey,V3V 1G2,49.170196,-122.885694,604-589-0009,,,N,N,N,N,N,N,N,N,N,N,N,N,N,N,N,N,N,,,N,N,N,N,N,N,N,N,N,N,N,2026-05-15,http://www.healthspace.ca/fha/childcare,N,Y,N,Caterpillar Fun House #3<br>Licensed Group<br>604-589-0009<br><br>Vacancy:<br>&nbsp;&nbsp;&nbsp;&nbsp;<36 months: N<br>&nbsp;&nbsp;&nbsp;&nbsp;30 months -- 5 years: N<br>&nbsp;&nbsp;&nbsp;&nbsp;Preschool: N<br>&nbsp;&nbsp;&nbsp;&nbsp;Grade 1 - Age 12: N<br>
5238,Licensed Group,Burke Mountain Preschool,1386 Coast Meridian Rd,,Coquitlam,V3E 3H1,49.297552,-122.756323,604-475-5834,,,N,N,N,N,N,N,N,N,N,N,N,N,N,N,N,N,N,,,N,N,N,N,N,N,N,N,N,Y,N,2026-05-15,http://www.healthspace.ca/fha/childcare,N,Y,N,Burke Mountain Preschool<br>Licensed Group<br>604-475-5834<br><br>Vacancy:<br>&nbsp;&nbsp;&nbsp;&nbsp;<36 months: N<br>&nbsp;&nbsp;&nbsp;&nbsp;30 months -- 5 years: N<br>&nbsp;&nbsp;&nbsp;&nbsp;Preschool: Y<br>&nbsp;&nbsp;&nbsp;&nbsp;Grade 1 - Age 12: N<br>
5239,Licensed Group,Champions Child Care,7114 148Th St,,Surrey,V3S 3E5,49.132243,-122.811976,604-218-5563,,,N,N,N,N,N,N,N,N,N,N,N,N,N,N,N,N,N,,,N,N,N,N,N,N,N,N,N,N,N,2026-05-15,http://www.healthspace.ca/fha/childcare,N,Y,N,Champions Child Care<br>Licensed Group<br>604-218-5563<br><br>Vacancy:<br>&nbsp;&nbsp;&nbsp;&nbsp;<36 months: N<br>&nbsp;&nbsp;&nbsp;&nbsp;30 months -- 5 years: N<br>&nbsp;&nbsp;&nbsp;&nbsp;Preschool: N<br>&nbsp;&nbsp;&nbsp;&nbsp;Grade 1 - Age 12: N<br>
5240,Licensed Family,Cheeky Monkey Childcare,12743 27A Ave,,Surrey,V4A 2N5,49.052295,-122.868781,604-551-5311,,,N,N,N,N,N,N,N,N,N,N,N,N,N,N,N,N,N,,,N,N,N,N,N,N,N,N,N,N,N,2026-05-14,http://www.healthspace.ca/fha/childcare,N,Y,N,Cheeky Monkey Childcare<br>Licensed Family<br>604-551-5311<br><br>Vacancy:<br>&nbsp;&nbsp;&nbsp;&nbsp;<36 months: N<br>&nbsp;&nbsp;&nbsp;&nbsp;30 months -- 5 years: N<br>&nbsp;&nbsp;&nbsp;&nbsp;Preschool: N<br>&nbsp;&nbsp;&nbsp;&nbsp;Grade 1 - Age 12: N<br>
5241,Licensed Group,Teacher Tracy's Cache Creek Preschool,1260 Cariboo Highway,,Cache Creek,V0K 1H0,50.816907,-121.33006,250-457-7168,,,N,N,N,N,N,N,N,N,N,N,N,N,N,N,N,N,N,,,N,N,N,N,N,N,N,N,N,Y,N,2026-05-20,https://hedgehogportal.interiorhealth.ca/ChildCare/Map,N,Y,N,Teacher Tracy's Cache Creek Preschool<br>Licensed Group<br>250-457-7168<br><br>Vacancy:<br>&nbsp;&nbsp;&nbsp;&nbsp;<36 months: N<br>&nbsp;&nbsp;&nbsp;&nbsp;30 months -- 5 years: N<br>&nbsp;&nbsp;&nbsp;&nbsp;Preschool: Y<br>&nbsp;&nbsp;&nbsp;&nbsp;Grade 1 - Age 12: N<br>
5242,Licensed Group,St. Patrick's School,2850 Quebec,,Vancouver,V5T 3A9,49.259772,-123.103062,604-581-3154,,,N,N,N,N,N,N,N,N,N,N,N,N,N,N,N,N,N,,,N,N,N,N,N,N,N,N,N,N,N,2026-04-16,https://inspections.vcha.ca/ChildCare/Table,N,Y,N,St. Patrick's School<br>Licensed Group<br>604-581-3154<br><br>Vacancy:<br>&nbsp;&nbsp;&nbsp;&nbsp;<36 months: N<br>&nbsp;&nbsp;&nbsp;&nbsp;30 months -- 5 years: N<br>&nbsp;&nbsp;&nbsp;&nbsp;Preschool: N<br>&nbsp;&nbsp;&nbsp;&nbsp;Grade 1 - Age 12: N<br>
5243,Licensed Group,Cranbrook Montessori,1701 5Th St S,,Cranbrook,V1C 1K1,49.503004,-115.756691,250-426-2024,,,Y,N,N,N,N,N,N,N,Y,N,N,N,N,N,N,N,N,Included in fee,Not offered,Y,N,Y,Y,Y,Y,Y,N,N,N,N,2026-05-14,https://hedgehogportal.interiorhealth.ca/ChildCare/Map,N,Y,N,Cranbrook Montessori<br>Licensed Group<br>250-426-2024<br><br>Vacancy:<br>&nbsp;&nbsp;&nbsp;&nbsp;<36 months: N<br>&nbsp;&nbsp;&nbsp;&nbsp;30 months -- 5 years: N<br>&nbsp;&nbsp;&nbsp;&nbsp;Preschool: N<br>&nbsp;&nbsp;&nbsp;&nbsp;Grade 1 - Age 12: N<br>
5244,Licensed Group,Little Bunnies Learning Center,496 Kings Rd W,,North Vancouver,V7N 2M3,49.337711,-123.082113,604-770-3148,,,N,N,N,N,N,N,N,N,N,N,N,N,N,N,N,N,N,,,N,N,N,N,N,N,N,N,N,N,N,2026-05-18,https://inspections.vcha.ca/ChildCare/Table,N,Y,N,Little Bunnies Learning Center<br>Licensed Group<br>604-770-3148<br><br>Vacancy:<br>&nbsp;&nbsp;&nbsp;&nbsp;<36 months: N<br>&nbsp;&nbsp;&nbsp;&nbsp;30 months -- 5 years: N<br>&nbsp;&nbsp;&nbsp;&nbsp;Preschool: N<br>&nbsp;&nbsp;&nbsp;&nbsp;Grade 1 - Age 12: N<br>
5245,Licensed Family,Angel Rhef Family Daycare,2709 39 Ave,,Vernon,V1T 3B9,50.270417,-119.268109,250-307-9253,,,N,N,N,N,N,N,N,N,N,N,N,N,N,N,N,N,N,,,N,N,N,N,N,N,N,N,Y,N,N,2026-05-15,https://hedgehogportal.interiorhealth.ca/ChildCare/Map,N,Y,N,Angel Rhef Family Daycare<br>Licensed Family<br>250-307-9253<br><br>Vacancy:<br>&nbsp;&nbsp;&nbsp;&nbsp;<36 months: N<br>&nbsp;&nbsp;&nbsp;&nbsp;30 months -- 5 years: Y<br>&nbsp;&nbsp;&nbsp;&nbsp;Preschool: N<br>&nbsp;&nbsp;&nbsp;&nbsp;Grade 1 - Age 12: N<br>
5246,Licensed Group,South Shuswap Childcare Center,8-2425 Golf Course Dr,,Blind Bay,V0E 1H2,50.871433,-119.383777,250-675-2755,,,Y,N,N,N,N,N,Y,Y,Y,Y,Y,N,N,N,N,N,Y,Not offered,Not offered,Y,N,N,N,N,Y,N,Y,Y,Y,N,2026-05-19,https://hedgehogportal.interiorhealth.ca/ChildCare/Map,N,Y,N,South Shuswap Childcare Center<br>Licensed Group<br>250-675-2755<br><br>Vacancy:<br>&nbsp;&nbsp;&nbsp;&nbsp;<36 months: Y<br>&nbsp;&nbsp;&nbsp;&nbsp;30 months -- 5 years: Y<br>&nbsp;&nbsp;&nbsp;&nbsp;Preschool: Y<br>&nbsp;&nbsp;&nbsp;&nbsp;Grade 1 - Age 12: N<br>
5247,Licensed Family,Bright Beginnings Learning Centre,2006 Stagecoach Dr,,Kamloops,V2B 0A7,50.726918,-120.365898,778-220-0949,,,N,N,N,N,N,N,N,N,N,N,N,N,N,N,N,N,N,Extra fee,Extra fee,N,N,N,N,N,N,N,N,N,N,N,2026-05-19,https://hedgehogportal.interiorhealth.ca/ChildCare/Map,N,Y,N,Bright Beginnings Learning Centre<br>Licensed Family<br>778-220-0949<br><br>Vacancy:<br>&nbsp;&nbsp;&nbsp;&nbsp;<36 months: N<br>&nbsp;&nbsp;&nbsp;&nbsp;30 months -- 5 years: N<br>&nbsp;&nbsp;&nbsp;&nbsp;Preschool: N<br>&nbsp;&nbsp;&nbsp;&nbsp;Grade 1 - Age 12: N<br>
5248,Licensed Family,Willoughby Heights Little Star Daycare,19906 73A Ave,,Langley,V2Y 3J3,49.135459,-122.67116,604-510-9367,,,N,N,N,N,N,N,N,N,N,N,N,N,N,N,N,N,N,,,N,N,N,N,N,N,N,Y,Y,N,N,2026-05-15,http://www.healthspace.ca/fha/childcare,N,Y,N,Willoughby Heights Little Star Daycare<br>Licensed Family<br>604-510-9367<br><br>Vacancy:<br>&nbsp;&nbsp;&nbsp;&nbsp;<36 months: Y<br>&nbsp;&nbsp;&nbsp;&nbsp;30 months -- 5 years: Y<br>&nbsp;&nbsp;&nbsp;&nbsp;Preschool: N<br>&nbsp;&nbsp;&nbsp;&nbsp;Grade 1 - Age 12: N<br>
5249,Licensed Group,St. Francis De Sales Parish Before & After School Care,6656 Balmoral St,,Burnaby,V5E 1J1,49.219986,-122.966901,604-683-0281,,,N,N,N,N,N,N,N,N,N,N,N,N,N,N,N,N,N,,,N,N,N,N,N,N,N,N,N,N,N,2026-05-04,http://www.healthspace.ca/fha/childcare,N,Y,N,St. Francis De Sales Parish Before & After School Care<br>Licensed Group<br>604-683-0281<br><br>Vacancy:<br>&nbsp;&nbsp;&nbsp;&nbsp;<36 months: N<br>&nbsp;&nbsp;&nbsp;&nbsp;30 months -- 5 years: N<br>&nbsp;&nbsp;&nbsp;&nbsp;Preschool: N<br>&nbsp;&nbsp;&nbsp;&nbsp;Grade 1 - Age 12: N<br>
5250,Licensed Family,Aristo-Kids Children's Centre,11643 78A Ave,,Delta,V4C 6V7,49.146183,-122.900336,604-591-7222,,,N,N,N,N,N,N,N,N,N,N,N,N,N,N,N,N,N,,,N,N,N,N,N,N,N,N,N,N,N,2026-05-09,http://www.healthspace.ca/fha/childcare,N,Y,N,Aristo-Kids Children's Centre<br>Licensed Family<br>604-591-7222<br><br>Vacancy:<br>&nbsp;&nbsp;&nbsp;&nbsp;<36 months: N<br>&nbsp;&nbsp;&nbsp;&nbsp;30 months -- 5 years: N<br>&nbsp;&nbsp;&nbsp;&nbsp;Preschool: N<br>&nbsp;&nbsp;&nbsp;&nbsp;Grade 1 - Age 12: N<br>
5251,Licensed Group,Bridge River Head Start/Daycare,12210 Joseph Rd,,Lillooet,V0K 1V0,50.769015,-121.961677,250-256-7423,,,N,N,N,N,N,N,N,N,N,N,N,N,N,N,N,N,N,,,N,N,N,N,N,N,N,Y,Y,N,N,2026-05-06,,N,Y,N,Bridge River Head Start/Daycare<br>Licensed Group<br>250-256-7423<br><br>Vacancy:<br>&nbsp;&nbsp;&nbsp;&nbsp;<36 months: Y<br>&nbsp;&nbsp;&nbsp;&nbsp;30 months -- 5 years: Y<br>&nbsp;&nbsp;&nbsp;&nbsp;Preschool: N<br>&nbsp;&nbsp;&nbsp;&nbsp;Grade 1 - Age 12: N<br>
5252,Licensed Family,Lulu's Child Care Centre,15887 98 Ave,,Surrey,V4N 2V4,49.180734,-122.781867,604-630-8653,,,N,N,N,N,N,N,N,N,N,N,N,N,N,N,N,N,N,,,N,N,N,N,N,N,N,Y,N,N,N,2026-05-08,http://www.healthspace.ca/fha/childcare,N,Y,N,Lulu's Child Care Centre<br>Licensed Family<br>604-630-8653<br><br>Vacancy:<br>&nbsp;&nbsp;&nbsp;&nbsp;<36 months: Y<br>&nbsp;&nbsp;&nbsp;&nbsp;30 months -- 5 years: N<br>&nbsp;&nbsp;&nbsp;&nbsp;Preschool: N<br>&nbsp;&nbsp;&nbsp;&nbsp;Grade 1 - Age 12: N<br>
5253,Licensed Group,Little Footprints Daycare (85Th),113/114-8532 120 St,,Surrey,V3W 3N5,49.157643,-122.890102,604-328-2091,,,N,N,N,N,N,N,N,N,N,N,N,N,N,N,N,N,N,,,N,N,N,N,N,N,N,N,N,N,N,2026-05-13,http://www.healthspace.ca/fha/childcare,N,Y,N,Little Footprints Daycare (85Th)<br>Licensed Group<br>604-328-2091<br><br>Vacancy:<br>&nbsp;&nbsp;&nbsp;&nbsp;<36 months: N<br>&nbsp;&nbsp;&nbsp;&nbsp;30 months -- 5 years: N<br>&nbsp;&nbsp;&nbsp;&nbsp;Preschool: N<br>&nbsp;&nbsp;&nbsp;&nbsp;Grade 1 - Age 12: N<br>
5254,Licensed Group,Golden Apple Children's House,4620 Coventry Dr,,Richmond,V7C 4R2,49.151436,-123.174753,604-241-1115,,,N,N,N,N,N,N,N,N,N,N,N,N,N,N,N,N,N,,,N,N,N,N,N,N,N,N,N,N,N,2026-04-16,https://inspections.vcha.ca/ChildCare/Table,N,Y,N,Golden Apple Children's House<br>Licensed Group<br>604-241-1115<br><br>Vacancy:<br>&nbsp;&nbsp;&nbsp;&nbsp;<36 months: N<br>&nbsp;&nbsp;&nbsp;&nbsp;30 months -- 5 years: N<br>&nbsp;&nbsp;&nbsp;&nbsp;Preschool: N<br>&nbsp;&nbsp;&nbsp;&nbsp;Grade 1 - Age 12: N<br>
5255,Licensed Group,Happy Campers - Kelly,647 Kelly Rd,,Victoria,V9B 2A6,48.435952,-123.496228,250-391-0909,,,N,N,N,N,N,N,N,N,N,N,N,N,N,N,N,N,N,,,N,N,N,N,N,N,N,N,N,N,N,2026-05-15,https://www.healthspace.ca/clients/viha/viha_website.nsf/CCFL-Main?OpenView,N,Y,N,Happy Campers - Kelly<br>Licensed Group<br>250-391-0909<br><br>Vacancy:<br>&nbsp;&nbsp;&nbsp;&nbsp;<36 months: N<br>&nbsp;&nbsp;&nbsp;&nbsp;30 months -- 5 years: N<br>&nbsp;&nbsp;&nbsp;&nbsp;Preschool: N<br>&nbsp;&nbsp;&nbsp;&nbsp;Grade 1 - Age 12: N<br>
5256,Licensed Group,St. Francis De Sales Preschool,6681 Arcola St,,Burnaby,V5E 1H2,49.219598,-122.965824,604-434-3311,,,N,N,N,N,N,N,N,N,N,N,N,N,N,N,N,N,N,,,N,N,N,N,N,N,N,N,N,Y,N,2026-05-04,http://www.healthspace.ca/fha/childcare,N,Y,N,St. Francis De Sales Preschool<br>Licensed Group<br>604-434-3311<br><br>Vacancy:<br>&nbsp;&nbsp;&nbsp;&nbsp;<36 months: N<br>&nbsp;&nbsp;&nbsp;&nbsp;30 months -- 5 years: N<br>&nbsp;&nbsp;&nbsp;&nbsp;Preschool: Y<br>&nbsp;&nbsp;&nbsp;&nbsp;Grade 1 - Age 12: N<br>
5257,Licensed Group,Here We Grow Child Care,6610 Everest Dr,,Nanaimo,V9T 6H6,49.22771,-124.053251,250-616-9273,,,N,N,N,N,N,N,N,N,N,N,N,N,N,N,N,N,N,Not offered,Not offered,N,N,N,N,N,N,N,N,N,N,N,2026-04-21,https://www.healthspace.ca/clients/viha/viha_website.nsf/CCFL-Main?OpenView,N,Y,N,Here We Grow Child Care<br>Licensed Group<br>250-616-9273<br><br>Vacancy:<br>&nbsp;&nbsp;&nbsp;&nbsp;<36 months: N<br>&nbsp;&nbsp;&nbsp;&nbsp;30 months -- 5 years: N<br>&nbsp;&nbsp;&nbsp;&nbsp;Preschool: N<br>&nbsp;&nbsp;&nbsp;&nbsp;Grade 1 - Age 12: N<br>
5258,Licensed Family,Sherri's Daycare,3806 Clematis Cres,,Port Coquitlam,V3B 4B1,49.28063,-122.764759,604-942-7302,,,N,N,N,N,N,N,N,N,N,N,N,N,N,N,N,N,N,,,N,N,N,N,N,N,N,N,N,N,Y,2026-05-01,http://www.healthspace.ca/fha/childcare,N,Y,N,Sherri's Daycare<br>Licensed Family<br>604-942-7302<br><br>Vacancy:<br>&nbsp;&nbsp;&nbsp;&nbsp;<36 months: N<br>&nbsp;&nbsp;&nbsp;&nbsp;30 months -- 5 years: N<br>&nbsp;&nbsp;&nbsp;&nbsp;Preschool: N<br>&nbsp;&nbsp;&nbsp;&nbsp;Grade 1 - Age 12: Y<br>
5259,Licensed Family,School Of Little Fish Daycare,5799 Longbeach Rd,,Nelson,V1L 6P2,49.615387,-117.072914,250-777-1601,,,N,N,N,N,N,N,N,N,N,N,N,N,N,N,N,N,N,,,N,N,N,N,N,N,N,N,N,N,N,2026-05-16,https://hedgehogportal.interiorhealth.ca/ChildCare/Map,N,Y,N,School Of Little Fish Daycare<br>Licensed Family<br>250-777-1601<br><br>Vacancy:<br>&nbsp;&nbsp;&nbsp;&nbsp;<36 months: N<br>&nbsp;&nbsp;&nbsp;&nbsp;30 months -- 5 years: N<br>&nbsp;&nbsp;&nbsp;&nbsp;Preschool: N<br>&nbsp;&nbsp;&nbsp;&nbsp;Grade 1 - Age 12: N<br>
5260,Licensed Group,Salt Spring Early Learning Centre,115 Drake Rd,,Salt Spring Island,V8K 2K8,48.850406,-123.502813,250-537-2114,,,N,N,N,N,N,N,N,N,N,N,N,N,N,N,N,N,N,,,N,N,N,N,N,N,N,N,Y,N,N,2026-05-19,https://www.healthspace.ca/clients/viha/viha_website.nsf/CCFL-Main?OpenView,N,Y,N,Salt Spring Early Learning Centre<br>Licensed Group<br>250-537-2114<br><br>Vacancy:<br>&nbsp;&nbsp;&nbsp;&nbsp;<36 months: N<br>&nbsp;&nbsp;&nbsp;&nbsp;30 months -- 5 years: Y<br>&nbsp;&nbsp;&nbsp;&nbsp;Preschool: N<br>&nbsp;&nbsp;&nbsp;&nbsp;Grade 1 - Age 12: N<br>
5261,Licensed Family,Blakely Childcare Centre,12125 Blakely Rd,,Pitt Meadows,V3Y 1J3,49.222935,-122.684117,604-460-7606,,,N,N,N,N,N,N,N,N,N,N,N,N,N,N,N,N,N,,,N,N,N,N,N,N,N,N,N,N,N,2026-05-15,http://www.healthspace.ca/fha/childcare,N,Y,N,Blakely Childcare Centre<br>Licensed Family<br>604-460-7606<br><br>Vacancy:<br>&nbsp;&nbsp;&nbsp;&nbsp;<36 months: N<br>&nbsp;&nbsp;&nbsp;&nbsp;30 months -- 5 years: N<br>&nbsp;&nbsp;&nbsp;&nbsp;Preschool: N<br>&nbsp;&nbsp;&nbsp;&nbsp;Grade 1 - Age 12: N<br>
5262,Licensed Family,Little Go Getters Daycare,10343 129 St,,Surrey,V3T 3H1,49.190659,-122.864873,604-603-6106,,,N,N,N,N,N,N,N,N,N,N,N,N,N,N,N,N,N,,,N,N,N,N,N,N,N,Y,Y,N,N,2026-05-20,http://www.healthspace.ca/fha/childcare,N,Y,N,Little Go Getters Daycare<br>Licensed Family<br>604-603-6106<br><br>Vacancy:<br>&nbsp;&nbsp;&nbsp;&nbsp;<36 months: Y<br>&nbsp;&nbsp;&nbsp;&nbsp;30 months -- 5 years: Y<br>&nbsp;&nbsp;&nbsp;&nbsp;Preschool: N<br>&nbsp;&nbsp;&nbsp;&nbsp;Grade 1 - Age 12: N<br>
5263,Licensed Group,Alma Queen Daycare,125 East Queens Rd,,North Vancouver,V7N 1G5,49.335894,-123.070812,778-235-0925,,,N,N,N,N,N,N,N,N,N,N,N,N,N,N,N,N,N,,,N,N,N,N,N,N,N,Y,N,N,N,2026-05-18,https://inspections.vcha.ca/ChildCare/Table,N,Y,N,Alma Queen Daycare<br>Licensed Group<br>778-235-0925<br><br>Vacancy:<br>&nbsp;&nbsp;&nbsp;&nbsp;<36 months: Y<br>&nbsp;&nbsp;&nbsp;&nbsp;30 months -- 5 years: N<br>&nbsp;&nbsp;&nbsp;&nbsp;Preschool: N<br>&nbsp;&nbsp;&nbsp;&nbsp;Grade 1 - Age 12: N<br>
5264,Licensed Group,Richmond Out Of School Care,8220 General Currie Rd,,Richmond,V6Y 1M1,49.158919,-123.133557,778-928-7364,,,N,N,N,N,N,N,N,N,N,N,N,N,N,N,N,N,N,Not offered,Not offered,N,N,N,N,N,N,N,N,N,N,N,2026-05-04,https://inspections.vcha.ca/ChildCare/Table,N,N,N,Richmond Out Of School Care<br>Licensed Group<br>778-928-7364<br><br>Vacancy:<br>&nbsp;&nbsp;&nbsp;&nbsp;<36 months: N<br>&nbsp;&nbsp;&nbsp;&nbsp;30 months -- 5 years: N<br>&nbsp;&nbsp;&nbsp;&nbsp;Preschool: N<br>&nbsp;&nbsp;&nbsp;&nbsp;Grade 1 - Age 12: N<br>
5265,Licensed Group,Kidz Corner,500 Dogwood St S,,Campbell River,V9W 6R4,49.998389,-125.248169,250-287-1179,,,N,N,N,N,N,N,N,N,N,N,N,N,N,N,N,N,N,,,N,N,N,N,N,N,N,N,N,N,N,2026-05-21,https://www.healthspace.ca/clients/viha/viha_website.nsf/CCFL-Main?OpenView,N,Y,N,Kidz Corner<br>Licensed Group<br>250-287-1179<br><br>Vacancy:<br>&nbsp;&nbsp;&nbsp;&nbsp;<36 months: N<br>&nbsp;&nbsp;&nbsp;&nbsp;30 months -- 5 years: N<br>&nbsp;&nbsp;&nbsp;&nbsp;Preschool: N<br>&nbsp;&nbsp;&nbsp;&nbsp;Grade 1 - Age 12: N<br>
5266,Licensed Group,Positive Path Early Learning,2269 Mills Rd,,Sidney,V8L 2C3,48.65484,-123.405378,250-655-7244,,,N,N,N,N,N,N,N,N,N,N,N,N,N,N,N,N,N,,,N,N,N,N,N,N,N,N,N,N,N,2026-05-15,https://www.healthspace.ca/clients/viha/viha_website.nsf/CCFL-Main?OpenView,N,Y,N,Positive Path Early Learning<br>Licensed Group<br>250-655-7244<br><br>Vacancy:<br>&nbsp;&nbsp;&nbsp;&nbsp;<36 months: N<br>&nbsp;&nbsp;&nbsp;&nbsp;30 months -- 5 years: N<br>&nbsp;&nbsp;&nbsp;&nbsp;Preschool: N<br>&nbsp;&nbsp;&nbsp;&nbsp;Grade 1 - Age 12: N<br>
5267,Licensed Group,Smart Dolphin Children's Centre,18790 58 Ave,,Surrey,V3S 1M6,49.106992,-122.702038,604-417-1135,,,N,N,N,N,N,N,N,N,N,N,N,N,N,N,N,N,N,,,N,N,N,N,N,N,N,N,N,N,N,2026-05-20,http://www.healthspace.ca/fha/childcare,N,Y,N,Smart Dolphin Children's Centre<br>Licensed Group<br>604-417-1135<br><br>Vacancy:<br>&nbsp;&nbsp;&nbsp;&nbsp;<36 months: N<br>&nbsp;&nbsp;&nbsp;&nbsp;30 months -- 5 years: N<br>&nbsp;&nbsp;&nbsp;&nbsp;Preschool: N<br>&nbsp;&nbsp;&nbsp;&nbsp;Grade 1 - Age 12: N<br>
5268,Licensed Family,Puddlejumpers Childcare Centre,34824 Orchard Dr,,Abbotsford,V3G 2B4,49.045838,-122.259434,778-809-1416,,,N,N,N,N,N,N,N,N,N,N,N,N,N,N,N,N,N,,,N,N,N,N,N,N,N,N,Y,N,N,2026-05-15,http://www.healthspace.ca/fha/childcare,N,Y,N,Puddlejumpers Childcare Centre<br>Licensed Family<br>778-809-1416<br><br>Vacancy:<br>&nbsp;&nbsp;&nbsp;&nbsp;<36 months: N<br>&nbsp;&nbsp;&nbsp;&nbsp;30 months -- 5 years: Y<br>&nbsp;&nbsp;&nbsp;&nbsp;Preschool: N<br>&nbsp;&nbsp;&nbsp;&nbsp;Grade 1 - Age 12: N<br>
5269,Licensed Group,Little Chiefs Day Care,2659 Indian Dr,,Williams Lake,V2G 5K9,52.108878,-121.993482,250-296-3507,,,N,N,N,N,N,N,N,N,N,N,N,N,N,N,N,N,N,,,N,N,N,N,N,N,N,N,N,N,N,2026-05-21,https://hedgehogportal.interiorhealth.ca/ChildCare/Map,N,Y,N,Little Chiefs Day Care<br>Licensed Group<br>250-296-3507<br><br>Vacancy:<br>&nbsp;&nbsp;&nbsp;&nbsp;<36 months: N<br>&nbsp;&nbsp;&nbsp;&nbsp;30 months -- 5 years: N<br>&nbsp;&nbsp;&nbsp;&nbsp;Preschool: N<br>&nbsp;&nbsp;&nbsp;&nbsp;Grade 1 - Age 12: N<br>
5270,Licensed Group,Brilliant Butterflies Children's Learning Centre,11655 86 Ave,,Delta,V4C 2X5,49.160559,-122.899668,604-961-6934,,,N,N,N,N,N,N,N,N,N,N,N,N,N,N,N,N,N,,,N,N,N,N,N,N,N,Y,Y,N,Y,2026-04-16,http://www.healthspace.ca/fha/childcare,N,Y,N,Brilliant Butterflies Children's Learning Centre<br>Licensed Group<br>604-961-6934<br><br>Vacancy:<br>&nbsp;&nbsp;&nbsp;&nbsp;<36 months: Y<br>&nbsp;&nbsp;&nbsp;&nbsp;30 months -- 5 years: Y<br>&nbsp;&nbsp;&nbsp;&nbsp;Preschool: N<br>&nbsp;&nbsp;&nbsp;&nbsp;Grade 1 - Age 12: Y<br>
5271,Licensed Group,Sun Hang Do Martial Arts Kids Life Skills Club (Abbotsford),6-34100 South Fraser Way,,Abbotsford,V2S 2C6,49.04,-122.279223,604-852-4222,,,N,N,N,N,N,N,N,N,N,N,N,N,N,N,N,N,N,,,N,N,N,N,N,N,N,N,N,N,N,2026-05-04,http://www.healthspace.ca/fha/childcare,N,N,N,Sun Hang Do Martial Arts Kids Life Skills Club (Abbotsford)<br>Licensed Group<br>604-852-4222<br><br>Vacancy:<br>&nbsp;&nbsp;&nbsp;&nbsp;<36 months: N<br>&nbsp;&nbsp;&nbsp;&nbsp;30 months -- 5 years: N<br>&nbsp;&nbsp;&nbsp;&nbsp;Preschool: N<br>&nbsp;&nbsp;&nbsp;&nbsp;Grade 1 - Age 12: N<br>
5272,Licensed Group,Kelowna Creative Advantage Childcare,3070 Benvoulin Rd,,Kelowna,V1W 2E3,49.861683,-119.456201,778-484-3400,,,N,N,N,N,N,N,N,N,N,N,N,N,N,N,N,N,N,,,N,N,N,N,N,N,N,N,N,N,N,2026-05-04,https://hedgehogportal.interiorhealth.ca/ChildCare/Map,N,Y,N,Kelowna Creative Advantage Childcare<br>Licensed Group<br>778-484-3400<br><br>Vacancy:<br>&nbsp;&nbsp;&nbsp;&nbsp;<36 months: N<br>&nbsp;&nbsp;&nbsp;&nbsp;30 months -- 5 years: N<br>&nbsp;&nbsp;&nbsp;&nbsp;Preschool: N<br>&nbsp;&nbsp;&nbsp;&nbsp;Grade 1 - Age 12: N<br>
5273,Licensed Group,Olio,16141 90 Ave,,Surrey,V4N 3A4,49.166634,-122.774518,778-235-2509,,,N,N,N,N,N,N,N,N,N,N,N,N,N,N,N,N,N,,,N,N,N,N,N,N,N,N,N,N,N,2026-05-11,http://www.healthspace.ca/fha/childcare,N,Y,N,Olio<br>Licensed Group<br>778-235-2509<br><br>Vacancy:<br>&nbsp;&nbsp;&nbsp;&nbsp;<36 months: N<br>&nbsp;&nbsp;&nbsp;&nbsp;30 months -- 5 years: N<br>&nbsp;&nbsp;&nbsp;&nbsp;Preschool: N<br>&nbsp;&nbsp;&nbsp;&nbsp;Grade 1 - Age 12: N<br>
5274,Licensed Family,Panorama Montessori Childcare,5913 146 St,,Surrey,V3S 2Z8,49.110179,-122.818162,604-290-3072,,,N,N,N,N,N,N,N,N,N,N,N,N,N,N,N,N,N,,,N,N,N,N,N,N,N,N,N,N,N,2026-05-01,http://www.healthspace.ca/fha/childcare,N,Y,N,Panorama Montessori Childcare<br>Licensed Family<br>604-290-3072<br><br>Vacancy:<br>&nbsp;&nbsp;&nbsp;&nbsp;<36 months: N<br>&nbsp;&nbsp;&nbsp;&nbsp;30 months -- 5 years: N<br>&nbsp;&nbsp;&nbsp;&nbsp;Preschool: N<br>&nbsp;&nbsp;&nbsp;&nbsp;Grade 1 - Age 12: N<br>
5275,Licensed Family,Home Away From Home,2865 Highmoor Rd,,Port Alberni,V9Y 8P9,49.265609,-124.767965,250-735-0574,,,N,N,N,N,N,N,N,N,N,N,N,N,N,N,N,N,N,,,N,N,N,N,N,N,N,N,N,N,N,2026-05-01,https://www.healthspace.ca/clients/viha/viha_website.nsf/CCFL-Main?OpenView,N,Y,N,Home Away From Home<br>Licensed Family<br>250-735-0574<br><br>Vacancy:<br>&nbsp;&nbsp;&nbsp;&nbsp;<36 months: N<br>&nbsp;&nbsp;&nbsp;&nbsp;30 months -- 5 years: N<br>&nbsp;&nbsp;&nbsp;&nbsp;Preschool: N<br>&nbsp;&nbsp;&nbsp;&nbsp;Grade 1 - Age 12: N<br>
5276,Licensed Group,House Of Dwarfs Daycare,5145 26 St,,Vernon,V1T 4Z1,50.284618,-119.265436,250-542-3736,,,N,N,N,N,N,N,N,N,N,N,N,N,N,N,N,N,N,,,N,N,N,N,N,N,N,N,Y,N,Y,2026-05-15,https://hedgehogportal.interiorhealth.ca/ChildCare/Map,N,Y,N,House Of Dwarfs Daycare<br>Licensed Group<br>250-542-3736<br><br>Vacancy:<br>&nbsp;&nbsp;&nbsp;&nbsp;<36 months: N<br>&nbsp;&nbsp;&nbsp;&nbsp;30 months -- 5 years: Y<br>&nbsp;&nbsp;&nbsp;&nbsp;Preschool: N<br>&nbsp;&nbsp;&nbsp;&nbsp;Grade 1 - Age 12: Y<br>
5277,Licensed Group,Bcit Student Association Childcare Centre,4703 Wayburne Dr,,Burnaby,V5G 3L1,49.24273,-122.99823,604-432-8600,,,N,N,N,N,N,N,N,N,N,N,N,N,N,N,N,N,N,,,N,N,N,N,N,N,N,N,N,N,N,2026-04-16,http://www.healthspace.ca/fha/childcare,N,Y,N,Bcit Student Association Childcare Centre<br>Licensed Group<br>604-432-8600<br><br>Vacancy:<br>&nbsp;&nbsp;&nbsp;&nbsp;<36 months: N<br>&nbsp;&nbsp;&nbsp;&nbsp;30 months -- 5 years: N<br>&nbsp;&nbsp;&nbsp;&nbsp;Preschool: N<br>&nbsp;&nbsp;&nbsp;&nbsp;Grade 1 - Age 12: N<br>
5278,Licensed Family,Busy B's Daycare,6987 196 St,,Surrey,V4N 5Z1,49.129736,-122.679858,778-834-7437,,,N,N,N,N,N,N,N,N,N,N,N,N,N,N,N,N,N,,,N,N,N,N,N,N,N,N,N,N,N,2026-05-20,http://www.healthspace.ca/fha/childcare,N,Y,N,Busy B's Daycare<br>Licensed Family<br>778-834-7437<br><br>Vacancy:<br>&nbsp;&nbsp;&nbsp;&nbsp;<36 months: N<br>&nbsp;&nbsp;&nbsp;&nbsp;30 months -- 5 years: N<br>&nbsp;&nbsp;&nbsp;&nbsp;Preschool: N<br>&nbsp;&nbsp;&nbsp;&nbsp;Grade 1 - Age 12: N<br>
5279,Licensed Group,Creative Kids Learning Centers - Hazelmere,388 175 A St,,Surrey,V3S 9S4,49.106866,-122.738101,604-560-5002,,,N,N,N,N,N,N,N,N,N,N,N,N,N,N,N,N,N,,,N,N,N,N,N,N,N,Y,Y,N,N,2026-05-19,http://www.healthspace.ca/fha/childcare,N,Y,N,Creative Kids Learning Centers - Hazelmere<br>Licensed Group<br>604-560-5002<br><br>Vacancy:<br>&nbsp;&nbsp;&nbsp;&nbsp;<36 months: Y<br>&nbsp;&nbsp;&nbsp;&nbsp;30 months -- 5 years: Y<br>&nbsp;&nbsp;&nbsp;&nbsp;Preschool: N<br>&nbsp;&nbsp;&nbsp;&nbsp;Grade 1 - Age 12: N<br>
5280,Licensed Group,Brighter Minds Childcare Centre Ltd.,7035 142Nd St,,Surrey,V3W 5N4,49.130673,-122.829073,604-726-0404,,,N,N,N,N,N,N,N,N,N,N,N,N,N,N,N,N,N,,,N,N,N,N,N,N,N,N,Y,N,N,2026-05-01,http://www.healthspace.ca/fha/childcare,N,Y,N,Brighter Minds Childcare Centre Ltd.<br>Licensed Group<br>604-726-0404<br><br>Vacancy:<br>&nbsp;&nbsp;&nbsp;&nbsp;<36 months: N<br>&nbsp;&nbsp;&nbsp;&nbsp;30 months -- 5 years: Y<br>&nbsp;&nbsp;&nbsp;&nbsp;Preschool: N<br>&nbsp;&nbsp;&nbsp;&nbsp;Grade 1 - Age 12: N<br>
5281,Licensed Group,Bgc Williams Lake Club Kidzone Afterschool/Summer,291 Second Ave N,,Williams Lake,V2G 1Z7,52.132454,-122.145401,250-392-5730,,,N,N,N,N,N,N,N,N,N,N,N,N,N,N,N,N,N,Not offered,Not offered,N,N,N,N,N,N,N,N,N,N,N,2026-05-21,https://hedgehogportal.interiorhealth.ca/ChildCare/Map,N,Y,N,Bgc Williams Lake Club Kidzone Afterschool/Summer<br>Licensed Group<br>250-392-5730<br><br>Vacancy:<br>&nbsp;&nbsp;&nbsp;&nbsp;<36 months: N<br>&nbsp;&nbsp;&nbsp;&nbsp;30 months -- 5 years: N<br>&nbsp;&nbsp;&nbsp;&nbsp;Preschool: N<br>&nbsp;&nbsp;&nbsp;&nbsp;Grade 1 - Age 12: N<br>
5282,Licensed Family,Chatterbugs Daycare,815 2 St W,,Revelstoke,V0E 2S0,51.002798,-118.204254,250-837-3494,,,N,N,N,N,N,N,N,N,N,N,N,N,N,N,N,N,N,,,N,N,N,N,N,N,N,N,N,N,N,2026-04-30,https://hedgehogportal.interiorhealth.ca/ChildCare/Map,N,Y,N,Chatterbugs Daycare<br>Licensed Family<br>250-837-3494<br><br>Vacancy:<br>&nbsp;&nbsp;&nbsp;&nbsp;<36 months: N<br>&nbsp;&nbsp;&nbsp;&nbsp;30 months -- 5 years: N<br>&nbsp;&nbsp;&nbsp;&nbsp;Preschool: N<br>&nbsp;&nbsp;&nbsp;&nbsp;Grade 1 - Age 12: N<br>
5283,Licensed Group,Twelfth Avenue Neighbourhood Care,7622 12Th Ave,,Burnaby,V3N 2K1,49.216955,-122.934222,604-431-0400,,,N,N,N,N,N,N,N,N,N,N,N,N,N,N,N,N,N,,,N,N,N,N,N,N,N,N,N,N,Y,2026-05-14,http://www.healthspace.ca/fha/childcare,N,Y,N,Twelfth Avenue Neighbourhood Care<br>Licensed Group<br>604-431-0400<br><br>Vacancy:<br>&nbsp;&nbsp;&nbsp;&nbsp;<36 months: N<br>&nbsp;&nbsp;&nbsp;&nbsp;30 months -- 5 years: N<br>&nbsp;&nbsp;&nbsp;&nbsp;Preschool: N<br>&nbsp;&nbsp;&nbsp;&nbsp;Grade 1 - Age 12: Y<br>
5284,Licensed Group,Little Fawn Nursery - Head Start Program,360 Chief Alex Thomas Way,,Kamloops,V2H 1H1,50.674839,-120.301201,250-828-9700,,,N,N,N,N,N,N,N,N,N,N,N,N,N,N,N,N,N,,,N,N,N,N,N,N,N,N,N,N,N,2026-05-15,https://hedgehogportal.interiorhealth.ca/ChildCare/Map,N,Y,N,Little Fawn Nursery - Head Start Program<br>Licensed Group<br>250-828-9700<br><br>Vacancy:<br>&nbsp;&nbsp;&nbsp;&nbsp;<36 months: N<br>&nbsp;&nbsp;&nbsp;&nbsp;30 months -- 5 years: N<br>&nbsp;&nbsp;&nbsp;&nbsp;Preschool: N<br>&nbsp;&nbsp;&nbsp;&nbsp;Grade 1 - Age 12: N<br>
5285,Licensed Group,Brentwood Montessori Child Care Ltd.,101-1950 Bellwood Ave,,Burnaby,V5B 4Z3,49.266684,-122.987959,604-294-2671,,,N,N,N,N,N,N,N,N,N,N,N,N,N,N,N,N,N,,,N,N,N,N,N,N,N,N,Y,N,N,2026-05-01,http://www.healthspace.ca/fha/childcare,N,Y,N,Brentwood Montessori Child Care Ltd.<br>Licensed Group<br>604-294-2671<br><br>Vacancy:<br>&nbsp;&nbsp;&nbsp;&nbsp;<36 months: N<br>&nbsp;&nbsp;&nbsp;&nbsp;30 months -- 5 years: Y<br>&nbsp;&nbsp;&nbsp;&nbsp;Preschool: N<br>&nbsp;&nbsp;&nbsp;&nbsp;Grade 1 - Age 12: N<br>
5286,Licensed Group,Elkford Play School,750 Fording Dr,,Elkford,V0B 1H0,50.024166,-114.922805,250-865-2031,,,N,N,N,N,N,N,N,N,N,N,N,N,N,N,N,N,N,,,N,N,N,N,N,N,N,N,N,Y,N,2026-04-17,https://hedgehogportal.interiorhealth.ca/ChildCare/Map,N,Y,N,Elkford Play School<br>Licensed Group<br>250-865-2031<br><br>Vacancy:<br>&nbsp;&nbsp;&nbsp;&nbsp;<36 months: N<br>&nbsp;&nbsp;&nbsp;&nbsp;30 months -- 5 years: N<br>&nbsp;&nbsp;&nbsp;&nbsp;Preschool: Y<br>&nbsp;&nbsp;&nbsp;&nbsp;Grade 1 - Age 12: N<br>
5287,Licensed Group,Bramblewood Montessori Child Care Center Ltd.,201 2255 Wilson Ave,,Port Coquitlam,V3C 1Z4,49.26112,-122.780494,604-942-5432,,,N,N,N,N,N,N,N,N,N,N,N,N,N,N,N,N,N,,,N,N,N,N,N,N,N,N,N,N,N,2026-05-04,http://www.healthspace.ca/fha/childcare,N,Y,N,Bramblewood Montessori Child Care Center Ltd.<br>Licensed Group<br>604-942-5432<br><br>Vacancy:<br>&nbsp;&nbsp;&nbsp;&nbsp;<36 months: N<br>&nbsp;&nbsp;&nbsp;&nbsp;30 months -- 5 years: N<br>&nbsp;&nbsp;&nbsp;&nbsp;Preschool: N<br>&nbsp;&nbsp;&nbsp;&nbsp;Grade 1 - Age 12: N<br>
5288,Licensed Group,Sunny Side Up Afterschool Program,1180 Moon Ave,,Williams Lake,V2G 4A6,52.14644,-122.154364,250-303-0904,,,N,N,N,N,N,N,N,N,N,N,N,N,N,N,N,N,N,,,N,N,N,N,N,N,N,N,N,N,N,2026-05-18,https://hedgehogportal.interiorhealth.ca/ChildCare/Map,N,N,N,Sunny Side Up Afterschool Program<br>Licensed Group<br>250-303-0904<br><br>Vacancy:<br>&nbsp;&nbsp;&nbsp;&nbsp;<36 months: N<br>&nbsp;&nbsp;&nbsp;&nbsp;30 months -- 5 years: N<br>&nbsp;&nbsp;&nbsp;&nbsp;Preschool: N<br>&nbsp;&nbsp;&nbsp;&nbsp;Grade 1 - Age 12: N<br>
5289,Licensed Group,Blind Bay Munchkins Childcare,2570 Forest Dr,,Blind Bay,V0E 1H2,50.875211,-119.374775,250-675-3476,,,N,N,N,N,N,N,N,N,N,N,N,N,N,N,N,N,N,,,N,N,N,N,N,N,N,N,N,N,N,2026-05-20,https://hedgehogportal.interiorhealth.ca/ChildCare/Map,N,Y,N,Blind Bay Munchkins Childcare<br>Licensed Group<br>250-675-3476<br><br>Vacancy:<br>&nbsp;&nbsp;&nbsp;&nbsp;<36 months: N<br>&nbsp;&nbsp;&nbsp;&nbsp;30 months -- 5 years: N<br>&nbsp;&nbsp;&nbsp;&nbsp;Preschool: N<br>&nbsp;&nbsp;&nbsp;&nbsp;Grade 1 - Age 12: N<br>
5290,Licensed Group,Sunningdale Children's Centre,625 Isabella Cres,,Trail,V1R 1B1,49.117175,-117.718337,250-551-5011,,,N,N,N,N,N,N,N,N,N,N,N,N,N,N,N,N,N,,,N,N,N,N,N,N,N,N,N,N,N,2026-05-15,https://hedgehogportal.interiorhealth.ca/ChildCare/Map,N,Y,N,Sunningdale Children's Centre<br>Licensed Group<br>250-551-5011<br><br>Vacancy:<br>&nbsp;&nbsp;&nbsp;&nbsp;<36 months: N<br>&nbsp;&nbsp;&nbsp;&nbsp;30 months -- 5 years: N<br>&nbsp;&nbsp;&nbsp;&nbsp;Preschool: N<br>&nbsp;&nbsp;&nbsp;&nbsp;Grade 1 - Age 12: N<br>
5291,Licensed Family,Tracey's Daycare,61-27044 32 Ave,,Aldergrove,V4W 3S9,49.059338,-122.475418,604-856-8250,,,N,N,N,N,N,N,N,N,N,N,N,N,N,N,N,N,N,,,N,N,N,N,N,N,N,N,N,N,N,2026-04-27,http://www.healthspace.ca/fha/childcare,N,Y,N,Tracey's Daycare<br>Licensed Family<br>604-856-8250<br><br>Vacancy:<br>&nbsp;&nbsp;&nbsp;&nbsp;<36 months: N<br>&nbsp;&nbsp;&nbsp;&nbsp;30 months -- 5 years: N<br>&nbsp;&nbsp;&nbsp;&nbsp;Preschool: N<br>&nbsp;&nbsp;&nbsp;&nbsp;Grade 1 - Age 12: N<br>
5292,Licensed Group,Lions Park Montessori,50 2789 Shaughnessy St,,Port Coquitlam,V3C 3H1,49.265884,-122.778628,604-306-0760,,,N,N,N,N,N,N,N,N,N,N,N,N,N,N,N,N,N,,,N,N,N,N,N,N,N,Y,Y,N,N,2026-05-12,http://www.healthspace.ca/fha/childcare,N,Y,N,Lions Park Montessori<br>Licensed Group<br>604-306-0760<br><br>Vacancy:<br>&nbsp;&nbsp;&nbsp;&nbsp;<36 months: Y<br>&nbsp;&nbsp;&nbsp;&nbsp;30 months -- 5 years: Y<br>&nbsp;&nbsp;&nbsp;&nbsp;Preschool: N<br>&nbsp;&nbsp;&nbsp;&nbsp;Grade 1 - Age 12: N<br>
5293,Licensed Family,Akram's Daycare,2021 Moody Ave,,North Vancouver,V7L 4M6,49.327657,-123.06022,604-765-2154,,,N,N,N,N,N,N,N,N,N,N,N,N,N,N,N,N,N,,,N,N,N,N,N,N,N,N,N,N,N,2026-04-23,https://inspections.vcha.ca/ChildCare/Table,N,Y,N,Akram's Daycare<br>Licensed Family<br>604-765-2154<br><br>Vacancy:<br>&nbsp;&nbsp;&nbsp;&nbsp;<36 months: N<br>&nbsp;&nbsp;&nbsp;&nbsp;30 months -- 5 years: N<br>&nbsp;&nbsp;&nbsp;&nbsp;Preschool: N<br>&nbsp;&nbsp;&nbsp;&nbsp;Grade 1 - Age 12: N<br>
5294,Licensed Group,Kitchener ymca Kids Club,3455 King Edward Ave W,,Vancouver,V6S 0C7,49.250586,-123.18024,604-734-1515,,,N,N,N,N,N,N,N,N,N,N,N,N,N,N,N,N,N,,,N,N,N,N,N,N,N,N,N,N,N,2026-05-14,https://inspections.vcha.ca/ChildCare/Table,N,Y,N,Kitchener ymca Kids Club<br>Licensed Group<br>604-734-1515<br><br>Vacancy:<br>&nbsp;&nbsp;&nbsp;&nbsp;<36 months: N<br>&nbsp;&nbsp;&nbsp;&nbsp;30 months -- 5 years: N<br>&nbsp;&nbsp;&nbsp;&nbsp;Preschool: N<br>&nbsp;&nbsp;&nbsp;&nbsp;Grade 1 - Age 12: N<br>
5295,Licensed Family,Monkey Ville Childcare Cloverdale,18309 60 Ave,,Surrey,V3S 1V7,49.111583,-122.715186,604-723-9590,,,N,N,N,N,N,N,N,N,N,N,N,N,N,N,N,N,N,,,N,N,N,N,N,N,N,N,N,N,N,2026-05-20,http://www.healthspace.ca/fha/childcare,N,Y,N,Monkey Ville Childcare Cloverdale<br>Licensed Family<br>604-723-9590<br><br>Vacancy:<br>&nbsp;&nbsp;&nbsp;&nbsp;<36 months: N<br>&nbsp;&nbsp;&nbsp;&nbsp;30 months -- 5 years: N<br>&nbsp;&nbsp;&nbsp;&nbsp;Preschool: N<br>&nbsp;&nbsp;&nbsp;&nbsp;Grade 1 - Age 12: N<br>
5296,Licensed Group,A Growing Place Early Childhood Centre,4749 William Head Rd,,Victoria,V9C 3Y7,48.36612,-123.540289,250-391-1133,,,N,N,N,N,N,N,N,N,N,N,N,N,N,N,N,N,N,,,N,N,N,N,N,N,N,N,N,N,N,2026-04-29,https://www.healthspace.ca/clients/viha/viha_website.nsf/CCFL-Main?OpenView,N,Y,N,A Growing Place Early Childhood Centre<br>Licensed Group<br>250-391-1133<br><br>Vacancy:<br>&nbsp;&nbsp;&nbsp;&nbsp;<36 months: N<br>&nbsp;&nbsp;&nbsp;&nbsp;30 months -- 5 years: N<br>&nbsp;&nbsp;&nbsp;&nbsp;Preschool: N<br>&nbsp;&nbsp;&nbsp;&nbsp;Grade 1 - Age 12: N<br>
5297,Licensed Group,Leap Forward,2758 Peatt Rd,,Victoria,V9B 3V3,48.451025,-123.500016,250-818-9225,,,N,N,N,N,N,N,N,N,N,N,N,N,N,N,N,N,N,,,N,N,N,N,N,N,N,N,N,N,N,2026-05-01,https://www.healthspace.ca/clients/viha/viha_website.nsf/CCFL-Main?OpenView,N,Y,N,Leap Forward<br>Licensed Group<br>250-818-9225<br><br>Vacancy:<br>&nbsp;&nbsp;&nbsp;&nbsp;<36 months: N<br>&nbsp;&nbsp;&nbsp;&nbsp;30 months -- 5 years: N<br>&nbsp;&nbsp;&nbsp;&nbsp;Preschool: N<br>&nbsp;&nbsp;&nbsp;&nbsp;Grade 1 - Age 12: N<br>
5298,Licensed Group,Garderie Les Petits Coeurs De L'île,566 Linshart Ave,,Comox,V9M 2K8,49.684158,-124.928634,604-736-5056,,,N,N,N,N,N,N,N,N,N,N,N,N,N,N,N,N,N,Not offered,Not offered,N,N,N,N,N,N,N,Y,Y,N,Y,2026-04-30,https://www.healthspace.ca/clients/viha/viha_website.nsf/CCFL-Main?OpenView,N,Y,N,Garderie Les Petits Coeurs De L'île<br>Licensed Group<br>604-736-5056<br><br>Vacancy:<br>&nbsp;&nbsp;&nbsp;&nbsp;<36 months: Y<br>&nbsp;&nbsp;&nbsp;&nbsp;30 months -- 5 years: Y<br>&nbsp;&nbsp;&nbsp;&nbsp;Preschool: N<br>&nbsp;&nbsp;&nbsp;&nbsp;Grade 1 - Age 12: Y<br>
5299,Licensed Group,Lucky Clover Daycare Centre,17579 59 Ave,,Surrey,V3S 1P3,49.109749,-122.735872,604-372-3768,,,N,N,N,N,N,N,N,N,N,N,N,N,N,N,N,N,N,,,N,N,N,N,N,N,N,N,N,N,Y,2026-05-19,http://www.healthspace.ca/fha/childcare,N,Y,N,Lucky Clover Daycare Centre<br>Licensed Group<br>604-372-3768<br><br>Vacancy:<br>&nbsp;&nbsp;&nbsp;&nbsp;<36 months: N<br>&nbsp;&nbsp;&nbsp;&nbsp;30 months -- 5 years: N<br>&nbsp;&nbsp;&nbsp;&nbsp;Preschool: N<br>&nbsp;&nbsp;&nbsp;&nbsp;Grade 1 - Age 12: Y<br>
5300,Licensed Group,Victory Hill Daycare,287 Pallisier Ave,,Victoria,V9B 1C5,48.453995,-123.440978,778-403-5159,,,N,N,N,N,N,N,N,N,N,N,N,N,N,N,N,N,N,,,N,N,N,N,N,N,N,Y,Y,N,N,2026-05-05,https://www.healthspace.ca/clients/viha/viha_website.nsf/CCFL-Main?OpenView,N,Y,N,Victory Hill Daycare<br>Licensed Group<br>778-403-5159<br><br>Vacancy:<br>&nbsp;&nbsp;&nbsp;&nbsp;<36 months: Y<br>&nbsp;&nbsp;&nbsp;&nbsp;30 months -- 5 years: Y<br>&nbsp;&nbsp;&nbsp;&nbsp;Preschool: N<br>&nbsp;&nbsp;&nbsp;&nbsp;Grade 1 - Age 12: N<br>
5301,Licensed Family,123 A Child's World,1115 Dublin St,,New Westminster,V3M 2Z1,49.212705,-122.93524,778-859-4103,,,N,N,N,N,N,N,N,N,N,N,N,N,N,N,N,N,N,,,N,N,N,N,N,N,N,N,N,N,N,2026-05-15,http://www.healthspace.ca/fha/childcare,N,Y,N,123 A Child's World<br>Licensed Family<br>778-859-4103<br><br>Vacancy:<br>&nbsp;&nbsp;&nbsp;&nbsp;<36 months: N<br>&nbsp;&nbsp;&nbsp;&nbsp;30 months -- 5 years: N<br>&nbsp;&nbsp;&nbsp;&nbsp;Preschool: N<br>&nbsp;&nbsp;&nbsp;&nbsp;Grade 1 - Age 12: N<br>
5302,Licensed Group,Happy Kids World Childcare Inc,2611A St Johns St,,Port Moody,V3H 2B5,49.276651,-122.853637,604-900-2412,,,N,N,N,N,N,N,N,N,N,N,N,N,N,N,N,N,N,,,N,N,N,N,N,N,N,N,N,N,N,2026-05-18,http://www.healthspace.ca/fha/childcare,N,Y,N,Happy Kids World Childcare Inc<br>Licensed Group<br>604-900-2412<br><br>Vacancy:<br>&nbsp;&nbsp;&nbsp;&nbsp;<36 months: N<br>&nbsp;&nbsp;&nbsp;&nbsp;30 months -- 5 years: N<br>&nbsp;&nbsp;&nbsp;&nbsp;Preschool: N<br>&nbsp;&nbsp;&nbsp;&nbsp;Grade 1 - Age 12: N<br>
5303,Licensed Family,Small Wonderland,106-1220 Cardero St,,Vancouver,V6G 2H7,49.284846,-123.138698,604-669-8486,,,N,N,N,N,N,N,N,N,N,N,N,N,N,N,N,N,N,,,N,N,N,N,N,N,N,N,N,N,N,2026-05-19,https://inspections.vcha.ca/ChildCare/Table,N,Y,N,Small Wonderland<br>Licensed Family<br>604-669-8486<br><br>Vacancy:<br>&nbsp;&nbsp;&nbsp;&nbsp;<36 months: N<br>&nbsp;&nbsp;&nbsp;&nbsp;30 months -- 5 years: N<br>&nbsp;&nbsp;&nbsp;&nbsp;Preschool: N<br>&nbsp;&nbsp;&nbsp;&nbsp;Grade 1 - Age 12: N<br>
5304,Licensed Family,Monkeytree Daycare,6454 Wilmar Way,,Coldstream,V1B 3G5,50.229675,-119.109041,250-542-2942,,,N,N,N,N,N,N,N,N,N,N,N,N,N,N,N,N,N,,,N,N,N,N,N,N,N,N,N,N,N,2026-05-15,https://hedgehogportal.interiorhealth.ca/ChildCare/Map,N,Y,N,Monkeytree Daycare<br>Licensed Family<br>250-542-2942<br><br>Vacancy:<br>&nbsp;&nbsp;&nbsp;&nbsp;<36 months: N<br>&nbsp;&nbsp;&nbsp;&nbsp;30 months -- 5 years: N<br>&nbsp;&nbsp;&nbsp;&nbsp;Preschool: N<br>&nbsp;&nbsp;&nbsp;&nbsp;Grade 1 - Age 12: N<br>
5305,Licensed Family,Circle Of Friends,40375 Kintyre Dr,,Garibaldi Highlands,V0N 1T0,49.739482,-123.115779,604-389-8759,,,N,N,N,N,N,N,N,N,N,N,N,N,N,N,N,N,N,,,N,N,N,N,N,N,N,N,N,N,N,2026-05-15,https://inspections.vcha.ca/ChildCare/Table,N,Y,N,Circle Of Friends<br>Licensed Family<br>604-389-8759<br><br>Vacancy:<br>&nbsp;&nbsp;&nbsp;&nbsp;<36 months: N<br>&nbsp;&nbsp;&nbsp;&nbsp;30 months -- 5 years: N<br>&nbsp;&nbsp;&nbsp;&nbsp;Preschool: N<br>&nbsp;&nbsp;&nbsp;&nbsp;Grade 1 - Age 12: N<br>
5306,Licensed Group,Golden Apple Daycare,2181 Sperling Ave,,Burnaby,V5B 4K6,49.264121,-122.965021,604-781-1516,,,N,N,N,N,N,N,N,N,N,N,N,N,N,N,N,N,N,,,N,N,N,N,N,N,N,N,N,N,N,2026-05-15,http://www.healthspace.ca/fha/childcare,N,Y,N,Golden Apple Daycare<br>Licensed Group<br>604-781-1516<br><br>Vacancy:<br>&nbsp;&nbsp;&nbsp;&nbsp;<36 months: N<br>&nbsp;&nbsp;&nbsp;&nbsp;30 months -- 5 years: N<br>&nbsp;&nbsp;&nbsp;&nbsp;Preschool: N<br>&nbsp;&nbsp;&nbsp;&nbsp;Grade 1 - Age 12: N<br>
5307,Licensed Family,Lily Pad Family Daycare,11591 Sealord Rd,,Richmond,V7A 3K9,49.137092,-123.095464,604-447-4657,,,N,N,N,N,N,N,N,N,N,N,N,N,N,N,N,N,N,,,N,N,N,N,N,N,N,N,N,N,N,2026-05-15,https://inspections.vcha.ca/ChildCare/Table,N,Y,N,Lily Pad Family Daycare<br>Licensed Family<br>604-447-4657<br><br>Vacancy:<br>&nbsp;&nbsp;&nbsp;&nbsp;<36 months: N<br>&nbsp;&nbsp;&nbsp;&nbsp;30 months -- 5 years: N<br>&nbsp;&nbsp;&nbsp;&nbsp;Preschool: N<br>&nbsp;&nbsp;&nbsp;&nbsp;Grade 1 - Age 12: N<br>
5308,Licensed Family,Kiddieland Child Care,1626 11 Ave E,,Prince Rupert,V8J 2X3,54.323731,-130.290103,250-627-8327,,,N,N,N,N,N,N,N,N,N,N,N,N,N,N,N,N,N,,,N,N,N,N,N,N,N,N,N,N,N,2026-05-15,https://www.healthspace.ca/Clients/NHA/NHA_Website.nsf/CCFL-Frameset,N,Y,N,Kiddieland Child Care<br>Licensed Family<br>250-627-8327<br><br>Vacancy:<br>&nbsp;&nbsp;&nbsp;&nbsp;<36 months: N<br>&nbsp;&nbsp;&nbsp;&nbsp;30 months -- 5 years: N<br>&nbsp;&nbsp;&nbsp;&nbsp;Preschool: N<br>&nbsp;&nbsp;&nbsp;&nbsp;Grade 1 - Age 12: N<br>
5309,Licensed Group,Tune Town Childcare Centre,101-3179 Jacklin Rd,,Victoria,V9B 3Y7,48.434582,-123.514248,778-433-7713,,,N,N,N,N,N,N,N,N,N,N,N,N,N,N,N,N,N,,,N,N,N,N,N,N,N,N,N,N,N,2026-05-15,https://www.healthspace.ca/clients/viha/viha_website.nsf/CCFL-Main?OpenView,N,Y,N,Tune Town Childcare Centre<br>Licensed Group<br>778-433-7713<br><br>Vacancy:<br>&nbsp;&nbsp;&nbsp;&nbsp;<36 months: N<br>&nbsp;&nbsp;&nbsp;&nbsp;30 months -- 5 years: N<br>&nbsp;&nbsp;&nbsp;&nbsp;Preschool: N<br>&nbsp;&nbsp;&nbsp;&nbsp;Grade 1 - Age 12: N<br>
5310,Licensed Group,Exploring The Puddle,279 3 Ave N,,Williams Lake,V2G 2A6,52.132737,-122.143961,250-398-8410,,,N,N,N,N,N,N,N,N,N,N,N,N,N,N,N,N,N,,,N,N,N,N,N,N,N,N,N,N,Y,2026-05-15,https://hedgehogportal.interiorhealth.ca/ChildCare/Map,N,Y,N,Exploring The Puddle<br>Licensed Group<br>250-398-8410<br><br>Vacancy:<br>&nbsp;&nbsp;&nbsp;&nbsp;<36 months: N<br>&nbsp;&nbsp;&nbsp;&nbsp;30 months -- 5 years: N<br>&nbsp;&nbsp;&nbsp;&nbsp;Preschool: N<br>&nbsp;&nbsp;&nbsp;&nbsp;Grade 1 - Age 12: Y<br>
5311,Licensed Group,A World Of Wonder Preschool,645 Clearwater Ave,,Kamloops,V2B 2A9,50.707897,-120.358166,250-571-7101,,,N,N,N,N,N,N,N,N,N,N,N,N,N,N,N,N,N,,,N,N,N,N,N,N,N,N,Y,Y,N,2026-05-15,https://hedgehogportal.interiorhealth.ca/ChildCare/Map,N,Y,N,A World Of Wonder Preschool<br>Licensed Group<br>250-571-7101<br><br>Vacancy:<br>&nbsp;&nbsp;&nbsp;&nbsp;<36 months: N<br>&nbsp;&nbsp;&nbsp;&nbsp;30 months -- 5 years: Y<br>&nbsp;&nbsp;&nbsp;&nbsp;Preschool: Y<br>&nbsp;&nbsp;&nbsp;&nbsp;Grade 1 - Age 12: N<br>
5312,Licensed Family,A Tree House Daycare Centre,6100 Broadway,,Burnaby,V5B 2Y2,49.263811,-122.975551,778-997-2666,,,N,N,N,N,N,N,N,N,N,N,N,N,N,N,N,N,N,,,N,N,N,N,N,N,N,N,N,N,N,2026-05-19,http://www.healthspace.ca/fha/childcare,N,Y,N,A Tree House Daycare Centre<br>Licensed Family<br>778-997-2666<br><br>Vacancy:<br>&nbsp;&nbsp;&nbsp;&nbsp;<36 months: N<br>&nbsp;&nbsp;&nbsp;&nbsp;30 months -- 5 years: N<br>&nbsp;&nbsp;&nbsp;&nbsp;Preschool: N<br>&nbsp;&nbsp;&nbsp;&nbsp;Grade 1 - Age 12: N<br>
5313,Licensed Family,Jennifer's Family Childcare,986 Kent St,,White Rock,V4B 4T1,49.019975,-122.784309,604-788-6918,www.familychildcare.ca,,N,N,N,N,N,N,N,N,N,N,N,N,N,N,N,N,N,,,N,N,N,N,N,N,N,N,N,N,N,2026-05-15,http://www.healthspace.ca/fha/childcare,N,Y,N,Jennifer's Family Childcare<br>Licensed Family<br>604-788-6918<br><br>Vacancy:<br>&nbsp;&nbsp;&nbsp;&nbsp;<36 months: N<br>&nbsp;&nbsp;&nbsp;&nbsp;30 months -- 5 years: N<br>&nbsp;&nbsp;&nbsp;&nbsp;Preschool: N<br>&nbsp;&nbsp;&nbsp;&nbsp;Grade 1 - Age 12: N<br>
5314,Licensed Group,Sweet Peas Cottage,256 1St St E,,North Vancouver,V7L 1B3,49.309888,-123.073262,604-988-9989,,,N,N,N,N,N,N,N,N,N,N,N,N,N,N,N,N,N,,,N,N,N,N,N,N,N,N,N,N,N,2026-05-14,https://inspections.vcha.ca/ChildCare/Table,N,Y,Y,Sweet Peas Cottage<br>Licensed Group<br>604-988-9989<br><br>Vacancy:<br>&nbsp;&nbsp;&nbsp;&nbsp;<36 months: N<br>&nbsp;&nbsp;&nbsp;&nbsp;30 months -- 5 years: N<br>&nbsp;&nbsp;&nbsp;&nbsp;Preschool: N<br>&nbsp;&nbsp;&nbsp;&nbsp;Grade 1 - Age 12: N<br>
5315,Licensed Group,Golden Star Daycare Inc.,248 19 St E,,North Vancouver,V7L 2Z2,49.326473,-123.066906,604-770-2570,,,N,N,N,N,N,N,N,N,N,N,N,N,N,N,N,N,N,,,N,N,N,N,N,N,N,Y,Y,N,N,2026-05-15,https://inspections.vcha.ca/ChildCare/Table,N,Y,Y,Golden Star Daycare Inc.<br>Licensed Group<br>604-770-2570<br><br>Vacancy:<br>&nbsp;&nbsp;&nbsp;&nbsp;<36 months: Y<br>&nbsp;&nbsp;&nbsp;&nbsp;30 months -- 5 years: Y<br>&nbsp;&nbsp;&nbsp;&nbsp;Preschool: N<br>&nbsp;&nbsp;&nbsp;&nbsp;Grade 1 - Age 12: N<br>
5316,Licensed Family,Precious Angels Family Daycare,2920 Christopher Cres,,Prince George,V2N 4S4,53.891387,-122.790317,250-960-0084,,,N,N,N,N,N,N,N,N,N,N,N,N,N,N,N,N,N,,,N,N,N,N,N,N,N,Y,Y,N,N,2026-05-14,https://www.healthspace.ca/Clients/NHA/NHA_Website.nsf/CCFL-Frameset,N,Y,N,Precious Angels Family Daycare<br>Licensed Family<br>250-960-0084<br><br>Vacancy:<br>&nbsp;&nbsp;&nbsp;&nbsp;<36 months: Y<br>&nbsp;&nbsp;&nbsp;&nbsp;30 months -- 5 years: Y<br>&nbsp;&nbsp;&nbsp;&nbsp;Preschool: N<br>&nbsp;&nbsp;&nbsp;&nbsp;Grade 1 - Age 12: N<br>
5317,Licensed Group,Golden Star Daycare Inc.,248 19 St E,,North Vancouver,V7L 2Z2,49.326473,-123.066906,604-770-2570,,,N,N,N,N,N,N,N,N,N,N,N,N,N,N,N,N,N,,,N,N,N,N,N,N,N,Y,Y,N,N,2026-05-15,https://inspections.vcha.ca/ChildCare/Table,N,Y,Y,Golden Star Daycare Inc.<br>Licensed Group<br>604-770-2570<br><br>Vacancy:<br>&nbsp;&nbsp;&nbsp;&nbsp;<36 months: Y<br>&nbsp;&nbsp;&nbsp;&nbsp;30 months -- 5 years: Y<br>&nbsp;&nbsp;&nbsp;&nbsp;Preschool: N<br>&nbsp;&nbsp;&nbsp;&nbsp;Grade 1 - Age 12: N<br>
5318,Licensed Family,Superior Family Child Care,2003 10 Ave E,,Vancouver,V5N 1X9,49.261597,-123.063749,604-445-5830,,,N,N,N,N,N,N,N,N,N,N,N,N,N,N,N,N,N,,,N,N,N,N,N,N,N,N,N,N,N,2026-05-19,https://inspections.vcha.ca/ChildCare/Table,N,Y,N,Superior Family Child Care<br>Licensed Family<br>604-445-5830<br><br>Vacancy:<br>&nbsp;&nbsp;&nbsp;&nbsp;<36 months: N<br>&nbsp;&nbsp;&nbsp;&nbsp;30 months -- 5 years: N<br>&nbsp;&nbsp;&nbsp;&nbsp;Preschool: N<br>&nbsp;&nbsp;&nbsp;&nbsp;Grade 1 - Age 12: N<br>
5319,Licensed Group,Echo Early Learning Center,535 Molnar Rd,,Kelowna,V1X 6P1,49.882781,-119.378934,250-765-8685,,,N,N,N,N,N,N,N,N,N,N,N,N,N,N,N,N,N,,,N,N,N,N,N,N,N,Y,Y,N,N,2026-05-05,https://hedgehogportal.interiorhealth.ca/ChildCare/Map,N,Y,N,Echo Early Learning Center<br>Licensed Group<br>250-765-8685<br><br>Vacancy:<br>&nbsp;&nbsp;&nbsp;&nbsp;<36 months: Y<br>&nbsp;&nbsp;&nbsp;&nbsp;30 months -- 5 years: Y<br>&nbsp;&nbsp;&nbsp;&nbsp;Preschool: N<br>&nbsp;&nbsp;&nbsp;&nbsp;Grade 1 - Age 12: N<br>
5320,Licensed Group,Growing Minds Child Care Centre,7456 19 Ave,,Burnaby,V3N 1E4,49.220338,-122.94553,604-442-4917,,,N,N,N,N,N,N,N,N,N,N,N,N,N,N,N,N,N,,,N,N,N,N,N,N,N,Y,N,N,N,2026-05-15,http://www.healthspace.ca/fha/childcare,N,Y,N,Growing Minds Child Care Centre<br>Licensed Group<br>604-442-4917<br><br>Vacancy:<br>&nbsp;&nbsp;&nbsp;&nbsp;<36 months: Y<br>&nbsp;&nbsp;&nbsp;&nbsp;30 months -- 5 years: N<br>&nbsp;&nbsp;&nbsp;&nbsp;Preschool: N<br>&nbsp;&nbsp;&nbsp;&nbsp;Grade 1 - Age 12: N<br>
5321,Licensed Group,Peek-A-Boo Childcare Inc.,5439 Nancy Greene Way,,North Vancouver,V7R 4N2,49.362855,-123.103907,604-984-6018,,,N,N,N,N,N,N,N,N,N,N,N,N,N,N,N,N,N,,,N,N,N,N,N,N,N,Y,N,N,N,2026-04-20,https://inspections.vcha.ca/ChildCare/Table,N,Y,N,Peek-A-Boo Childcare Inc.<br>Licensed Group<br>604-984-6018<br><br>Vacancy:<br>&nbsp;&nbsp;&nbsp;&nbsp;<36 months: Y<br>&nbsp;&nbsp;&nbsp;&nbsp;30 months -- 5 years: N<br>&nbsp;&nbsp;&nbsp;&nbsp;Preschool: N<br>&nbsp;&nbsp;&nbsp;&nbsp;Grade 1 - Age 12: N<br>
5322,Licensed Family,Sweet Kids Family Daycare,3142 Alder St,,Victoria,V8X 1N8,48.446855,-123.366542,250-813-1886,,,N,N,N,N,N,N,N,N,N,N,N,N,N,N,N,N,N,,,N,N,N,N,N,N,N,Y,Y,N,N,2026-04-13,https://www.healthspace.ca/clients/viha/viha_website.nsf/CCFL-Main?OpenView,N,Y,N,Sweet Kids Family Daycare<br>Licensed Family<br>250-813-1886<br><br>Vacancy:<br>&nbsp;&nbsp;&nbsp;&nbsp;<36 months: Y<br>&nbsp;&nbsp;&nbsp;&nbsp;30 months -- 5 years: Y<br>&nbsp;&nbsp;&nbsp;&nbsp;Preschool: N<br>&nbsp;&nbsp;&nbsp;&nbsp;Grade 1 - Age 12: N<br>
5323,Licensed Family,Angel's Nest Daycare,13241 79A Ave,,Surrey,V3W 6P4,49.147366,-122.855553,778-233-4383,,,N,N,N,N,N,N,N,N,N,N,N,N,N,N,N,N,N,,,N,N,N,N,N,N,N,N,N,N,Y,2026-05-07,http://www.healthspace.ca/fha/childcare,N,Y,N,Angel's Nest Daycare<br>Licensed Family<br>778-233-4383<br><br>Vacancy:<br>&nbsp;&nbsp;&nbsp;&nbsp;<36 months: N<br>&nbsp;&nbsp;&nbsp;&nbsp;30 months -- 5 years: N<br>&nbsp;&nbsp;&nbsp;&nbsp;Preschool: N<br>&nbsp;&nbsp;&nbsp;&nbsp;Grade 1 - Age 12: Y<br>
5324,Licensed Group,Parkview Academy Of Early Learning Inc.,20955 Old Yale Rd,,Langley,V3A 7P8,49.099562,-122.640749,778-689-6721,,,N,N,N,N,N,N,N,N,N,N,N,N,N,N,N,N,N,,,N,N,N,N,N,N,N,N,Y,N,N,2026-05-15,http://www.healthspace.ca/fha/childcare,N,Y,N,Parkview Academy Of Early Learning Inc.<br>Licensed Group<br>778-689-6721<br><br>Vacancy:<br>&nbsp;&nbsp;&nbsp;&nbsp;<36 months: N<br>&nbsp;&nbsp;&nbsp;&nbsp;30 months -- 5 years: Y<br>&nbsp;&nbsp;&nbsp;&nbsp;Preschool: N<br>&nbsp;&nbsp;&nbsp;&nbsp;Grade 1 - Age 12: N<br>
5325,Licensed Family,Little Bear Licensed Child Care,1076 Calmar Pl,,Kamloops,V2B 4T3,50.706358,-120.401469,250-572-0381,,,N,N,N,N,N,N,N,N,N,N,N,N,N,N,N,N,N,,,N,N,N,N,N,N,N,N,N,N,N,2026-05-05,https://hedgehogportal.interiorhealth.ca/ChildCare/Map,N,Y,N,Little Bear Licensed Child Care<br>Licensed Family<br>250-572-0381<br><br>Vacancy:<br>&nbsp;&nbsp;&nbsp;&nbsp;<36 months: N<br>&nbsp;&nbsp;&nbsp;&nbsp;30 months -- 5 years: N<br>&nbsp;&nbsp;&nbsp;&nbsp;Preschool: N<br>&nbsp;&nbsp;&nbsp;&nbsp;Grade 1 - Age 12: N<br>
5326,Licensed Family,"Bug ""A"" Boo Family Daycare",18078 60 Ave,,Surrey,V3S 1V6,49.111289,-122.721578,778-991-7723,,,N,N,N,N,N,N,N,N,N,N,N,N,N,N,N,N,N,,,N,N,N,N,N,N,N,N,N,N,N,2026-05-15,http://www.healthspace.ca/fha/childcare,N,Y,N,"Bug ""A"" Boo Family Daycare<br>Licensed Family<br>778-991-7723<br><br>Vacancy:<br>&nbsp;&nbsp;&nbsp;&nbsp;<36 months: N<br>&nbsp;&nbsp;&nbsp;&nbsp;30 months -- 5 years: N<br>&nbsp;&nbsp;&nbsp;&nbsp;Preschool: N<br>&nbsp;&nbsp;&nbsp;&nbsp;Grade 1 - Age 12: N<br>"
5327,Licensed Group,Just For Kids After School Care,2494 Roome Rd,,Duncan,V9L 4L2,48.795097,-123.693885,250-732-7292,,,N,N,N,N,N,N,N,N,N,N,N,N,N,N,N,N,N,,,N,N,N,N,N,N,N,N,N,N,N,2026-05-05,https://www.healthspace.ca/clients/viha/viha_website.nsf/CCFL-Main?OpenView,N,Y,N,Just For Kids After School Care<br>Licensed Group<br>250-732-7292<br><br>Vacancy:<br>&nbsp;&nbsp;&nbsp;&nbsp;<36 months: N<br>&nbsp;&nbsp;&nbsp;&nbsp;30 months -- 5 years: N<br>&nbsp;&nbsp;&nbsp;&nbsp;Preschool: N<br>&nbsp;&nbsp;&nbsp;&nbsp;Grade 1 - Age 12: N<br>
5328,Licensed Group,St. John's Child Care Centre,1480 George St,,White Rock,V4B 4A3,49.028873,-122.799344,778-997-8614,,,N,N,N,N,N,N,N,N,N,N,N,N,N,N,N,N,N,,,N,N,N,N,N,N,N,Y,Y,N,N,2026-05-16,http://www.healthspace.ca/fha/childcare,N,Y,N,St. John's Child Care Centre<br>Licensed Group<br>778-997-8614<br><br>Vacancy:<br>&nbsp;&nbsp;&nbsp;&nbsp;<36 months: Y<br>&nbsp;&nbsp;&nbsp;&nbsp;30 months -- 5 years: Y<br>&nbsp;&nbsp;&nbsp;&nbsp;Preschool: N<br>&nbsp;&nbsp;&nbsp;&nbsp;Grade 1 - Age 12: N<br>
5329,Licensed Group,Brighter Beginnings Childcare,1203 Main St,,Penticton,V2A 5E9,49.485521,-119.586852,250-493-2223,,,N,N,N,N,N,N,N,N,N,N,N,N,N,N,N,N,N,,,N,N,N,N,N,N,N,N,Y,N,N,2026-05-15,https://hedgehogportal.interiorhealth.ca/ChildCare/Map,N,Y,N,Brighter Beginnings Childcare<br>Licensed Group<br>250-493-2223<br><br>Vacancy:<br>&nbsp;&nbsp;&nbsp;&nbsp;<36 months: N<br>&nbsp;&nbsp;&nbsp;&nbsp;30 months -- 5 years: Y<br>&nbsp;&nbsp;&nbsp;&nbsp;Preschool: N<br>&nbsp;&nbsp;&nbsp;&nbsp;Grade 1 - Age 12: N<br>
5330,Licensed Group,Almosthome Tillicum,2964 Tillicum Rd,,Victoria,V9A 2A8,48.449269,-123.398894,250-590-7666,,,N,N,N,N,N,N,N,N,N,N,N,N,N,N,N,N,N,,,N,N,N,N,N,N,N,N,Y,N,N,2026-04-29,https://www.healthspace.ca/clients/viha/viha_website.nsf/CCFL-Main?OpenView,N,Y,N,Almosthome Tillicum<br>Licensed Group<br>250-590-7666<br><br>Vacancy:<br>&nbsp;&nbsp;&nbsp;&nbsp;<36 months: N<br>&nbsp;&nbsp;&nbsp;&nbsp;30 months -- 5 years: Y<br>&nbsp;&nbsp;&nbsp;&nbsp;Preschool: N<br>&nbsp;&nbsp;&nbsp;&nbsp;Grade 1 - Age 12: N<br>
5331,Licensed Group,Wings Of Life Fine Arts Child Care,2630 Langdon St,,Abbotsford,V2T 3L2,49.050242,-122.330432,604-302-2666,,,N,N,N,N,N,N,N,N,N,N,N,N,N,N,N,N,N,,,N,N,N,N,N,N,N,N,N,N,N,2026-05-15,http://www.healthspace.ca/fha/childcare,N,Y,N,Wings Of Life Fine Arts Child Care<br>Licensed Group<br>604-302-2666<br><br>Vacancy:<br>&nbsp;&nbsp;&nbsp;&nbsp;<36 months: N<br>&nbsp;&nbsp;&nbsp;&nbsp;30 months -- 5 years: N<br>&nbsp;&nbsp;&nbsp;&nbsp;Preschool: N<br>&nbsp;&nbsp;&nbsp;&nbsp;Grade 1 - Age 12: N<br>
5332,Licensed Family,Precious Shepherd Family Daycare,850 Greene St,,Coquitlam,V3C 2C1,49.265553,-122.792764,604-474-4754,,,Y,Y,N,N,N,N,Y,Y,N,N,N,N,N,N,N,N,N,Not offered,Not offered,N,N,N,N,N,N,N,Y,N,N,N,2026-05-15,http://www.healthspace.ca/fha/childcare,N,Y,N,Precious Shepherd Family Daycare<br>Licensed Family<br>604-474-4754<br><br>Vacancy:<br>&nbsp;&nbsp;&nbsp;&nbsp;<36 months: Y<br>&nbsp;&nbsp;&nbsp;&nbsp;30 months -- 5 years: N<br>&nbsp;&nbsp;&nbsp;&nbsp;Preschool: N<br>&nbsp;&nbsp;&nbsp;&nbsp;Grade 1 - Age 12: N<br>
5333,Licensed Group,Rising Sun Montessori Daycare,4306 Victoria Dr,,Vancouver,V5N 4N5,49.246486,-123.064708,604-568-6889,,,N,N,N,N,N,N,N,N,N,N,N,N,N,N,N,N,N,,,N,N,N,N,N,N,N,N,N,N,N,2026-05-15,https://inspections.vcha.ca/ChildCare/Table,N,Y,N,Rising Sun Montessori Daycare<br>Licensed Group<br>604-568-6889<br><br>Vacancy:<br>&nbsp;&nbsp;&nbsp;&nbsp;<36 months: N<br>&nbsp;&nbsp;&nbsp;&nbsp;30 months -- 5 years: N<br>&nbsp;&nbsp;&nbsp;&nbsp;Preschool: N<br>&nbsp;&nbsp;&nbsp;&nbsp;Grade 1 - Age 12: N<br>
5334,Licensed Group,Glenbrooke Daycare (Afterschool),701 6Th St,,New Westminster,V3L 3C6,49.214501,-122.921944,604-522-0666,,,N,N,N,N,N,N,N,N,N,N,N,N,N,N,N,N,N,,,N,N,N,N,N,N,N,N,N,N,Y,2026-05-14,http://www.healthspace.ca/fha/childcare,N,Y,N,Glenbrooke Daycare (Afterschool)<br>Licensed Group<br>604-522-0666<br><br>Vacancy:<br>&nbsp;&nbsp;&nbsp;&nbsp;<36 months: N<br>&nbsp;&nbsp;&nbsp;&nbsp;30 months -- 5 years: N<br>&nbsp;&nbsp;&nbsp;&nbsp;Preschool: N<br>&nbsp;&nbsp;&nbsp;&nbsp;Grade 1 - Age 12: Y<br>
5335,Licensed Group,Mission Montessori Academy,33070 5Th Ave,,Mission,V2V 1V5,49.13776,-122.307744,604-287-0120,,,N,N,N,N,N,N,N,N,N,N,N,N,N,N,N,N,N,,,N,N,N,N,N,N,N,N,Y,N,Y,2026-04-02,http://www.healthspace.ca/fha/childcare,N,Y,N,Mission Montessori Academy<br>Licensed Group<br>604-287-0120<br><br>Vacancy:<br>&nbsp;&nbsp;&nbsp;&nbsp;<36 months: N<br>&nbsp;&nbsp;&nbsp;&nbsp;30 months -- 5 years: Y<br>&nbsp;&nbsp;&nbsp;&nbsp;Preschool: N<br>&nbsp;&nbsp;&nbsp;&nbsp;Grade 1 - Age 12: Y<br>
5336,Licensed Group,Simply Fun Finlayson,3069 Highview St,,Victoria,V8T 3V7,48.446911,-123.352486,,,,N,N,N,N,N,N,N,N,N,N,N,N,N,N,N,N,N,,,N,N,N,N,N,N,N,N,N,N,N,2026-05-06,https://www.healthspace.ca/clients/viha/viha_website.nsf/CCFL-Main?OpenView,N,Y,N,Simply Fun Finlayson<br>Licensed Group<br>None<br><br>Vacancy:<br>&nbsp;&nbsp;&nbsp;&nbsp;<36 months: N<br>&nbsp;&nbsp;&nbsp;&nbsp;30 months -- 5 years: N<br>&nbsp;&nbsp;&nbsp;&nbsp;Preschool: N<br>&nbsp;&nbsp;&nbsp;&nbsp;Grade 1 - Age 12: N<br>
5337,Licensed Group,Hummingbird Child Care Centre,2 4111 Wood Ave,,Port Alberni,V9Y 6C5,49.251666,-124.790205,250-723-4919,,,N,N,N,N,N,N,N,N,N,N,N,N,N,N,N,N,N,,,N,N,N,N,N,N,N,Y,N,N,N,2026-05-04,https://www.healthspace.ca/clients/viha/viha_website.nsf/CCFL-Main?OpenView,N,Y,N,Hummingbird Child Care Centre<br>Licensed Group<br>250-723-4919<br><br>Vacancy:<br>&nbsp;&nbsp;&nbsp;&nbsp;<36 months: Y<br>&nbsp;&nbsp;&nbsp;&nbsp;30 months -- 5 years: N<br>&nbsp;&nbsp;&nbsp;&nbsp;Preschool: N<br>&nbsp;&nbsp;&nbsp;&nbsp;Grade 1 - Age 12: N<br>
5338,Licensed Group,Hummingbird Child Care Centre (2),2 4111 Wood Ave,,Port Alberni,V9Y 5E8,49.251666,-124.790205,250-723-4919,,,N,N,N,N,N,N,N,N,N,N,N,N,N,N,N,N,N,,,N,N,N,N,N,N,N,N,N,N,N,2026-05-04,https://www.healthspace.ca/clients/viha/viha_website.nsf/CCFL-Main?OpenView,N,Y,N,Hummingbird Child Care Centre (2)<br>Licensed Group<br>250-723-4919<br><br>Vacancy:<br>&nbsp;&nbsp;&nbsp;&nbsp;<36 months: N<br>&nbsp;&nbsp;&nbsp;&nbsp;30 months -- 5 years: N<br>&nbsp;&nbsp;&nbsp;&nbsp;Preschool: N<br>&nbsp;&nbsp;&nbsp;&nbsp;Grade 1 - Age 12: N<br>
5339,Licensed Group,Silly Monkeys Childcare,1250 26Th St,,Castlegar,V1N 4C9,49.281732,-117.659945,250-687-0198,,,N,N,N,N,N,N,N,N,N,N,N,N,N,N,N,N,N,,,N,N,N,N,N,N,N,Y,Y,N,Y,2026-05-19,https://hedgehogportal.interiorhealth.ca/ChildCare/Map,N,Y,N,Silly Monkeys Childcare<br>Licensed Group<br>250-687-0198<br><br>Vacancy:<br>&nbsp;&nbsp;&nbsp;&nbsp;<36 months: Y<br>&nbsp;&nbsp;&nbsp;&nbsp;30 months -- 5 years: Y<br>&nbsp;&nbsp;&nbsp;&nbsp;Preschool: N<br>&nbsp;&nbsp;&nbsp;&nbsp;Grade 1 - Age 12: Y<br>
5340,Licensed Group,Hand In Hand - Alexander Elementary,2250 Lobban Rd,,Abbotsford,V2S 3W1,49.042415,-122.287653,604-859-1843,,,N,N,N,N,N,N,N,N,N,N,N,N,N,N,N,N,N,,,N,N,N,N,N,N,N,N,N,N,N,2026-05-06,http://www.healthspace.ca/fha/childcare,N,Y,N,Hand In Hand - Alexander Elementary<br>Licensed Group<br>604-859-1843<br><br>Vacancy:<br>&nbsp;&nbsp;&nbsp;&nbsp;<36 months: N<br>&nbsp;&nbsp;&nbsp;&nbsp;30 months -- 5 years: N<br>&nbsp;&nbsp;&nbsp;&nbsp;Preschool: N<br>&nbsp;&nbsp;&nbsp;&nbsp;Grade 1 - Age 12: N<br>
5341,Licensed Group,Sunshine Early Childhood Centre,2225 Sooke Rd,,Victoria,V9B 1W8,48.43502,-123.490002,250-893-8327,,,Y,N,N,N,N,N,N,Y,N,Y,Y,N,N,N,N,N,N,Not offered,Not offered,N,N,N,Y,Y,Y,Y,N,N,N,N,2026-04-16,https://www.healthspace.ca/clients/viha/viha_website.nsf/CCFL-Main?OpenView,N,Y,N,Sunshine Early Childhood Centre<br>Licensed Group<br>250-893-8327<br><br>Vacancy:<br>&nbsp;&nbsp;&nbsp;&nbsp;<36 months: N<br>&nbsp;&nbsp;&nbsp;&nbsp;30 months -- 5 years: N<br>&nbsp;&nbsp;&nbsp;&nbsp;Preschool: N<br>&nbsp;&nbsp;&nbsp;&nbsp;Grade 1 - Age 12: N<br>
5342,Licensed Family,Little School House Daycare,1020 Napanee St,,New Westminster,V3M 0C2,49.207173,-122.925581,778-928-7539,,,N,N,N,N,N,N,N,N,N,N,N,N,N,N,N,N,N,,,N,N,N,N,N,N,N,N,N,N,N,2026-05-15,http://www.healthspace.ca/fha/childcare,N,Y,N,Little School House Daycare<br>Licensed Family<br>778-928-7539<br><br>Vacancy:<br>&nbsp;&nbsp;&nbsp;&nbsp;<36 months: N<br>&nbsp;&nbsp;&nbsp;&nbsp;30 months -- 5 years: N<br>&nbsp;&nbsp;&nbsp;&nbsp;Preschool: N<br>&nbsp;&nbsp;&nbsp;&nbsp;Grade 1 - Age 12: N<br>
5343,Licensed Family,Lucky Penny Garderie,722 4 St E,,Revelstoke,V0E 2S0,50.991942,-118.188973,250-814-3787,,,N,N,N,N,N,N,N,N,N,N,N,N,N,N,N,N,N,,,N,N,N,N,N,N,N,N,N,N,N,2026-05-19,https://hedgehogportal.interiorhealth.ca/ChildCare/Map,N,Y,N,Lucky Penny Garderie<br>Licensed Family<br>250-814-3787<br><br>Vacancy:<br>&nbsp;&nbsp;&nbsp;&nbsp;<36 months: N<br>&nbsp;&nbsp;&nbsp;&nbsp;30 months -- 5 years: N<br>&nbsp;&nbsp;&nbsp;&nbsp;Preschool: N<br>&nbsp;&nbsp;&nbsp;&nbsp;Grade 1 - Age 12: N<br>
5344,Licensed Group,Country Bumkins Children's Centre - Richard Bulpitt,20965 77A St,,Langley,V2Y 2E6,49.143786,-122.641588,604-856-0979,,,N,N,N,N,N,N,N,N,N,N,N,N,N,N,N,N,N,,,N,N,N,N,N,N,N,N,Y,N,N,2026-04-28,http://www.healthspace.ca/fha/childcare,N,Y,N,Country Bumkins Children's Centre - Richard Bulpitt<br>Licensed Group<br>604-856-0979<br><br>Vacancy:<br>&nbsp;&nbsp;&nbsp;&nbsp;<36 months: N<br>&nbsp;&nbsp;&nbsp;&nbsp;30 months -- 5 years: Y<br>&nbsp;&nbsp;&nbsp;&nbsp;Preschool: N<br>&nbsp;&nbsp;&nbsp;&nbsp;Grade 1 - Age 12: N<br>
5345,Licensed Group,Fraser Montessori Daycare Inc,1917 Marine Way,,New Westminster,V3M 3E4,49.20083,-122.943896,604-553-0781,,,N,N,N,N,N,N,N,N,N,N,N,N,N,N,N,N,N,Not offered,Not offered,N,N,N,N,N,N,N,Y,N,N,N,2026-04-15,http://www.healthspace.ca/fha/childcare,N,Y,N,Fraser Montessori Daycare Inc<br>Licensed Group<br>604-553-0781<br><br>Vacancy:<br>&nbsp;&nbsp;&nbsp;&nbsp;<36 months: Y<br>&nbsp;&nbsp;&nbsp;&nbsp;30 months -- 5 years: N<br>&nbsp;&nbsp;&nbsp;&nbsp;Preschool: N<br>&nbsp;&nbsp;&nbsp;&nbsp;Grade 1 - Age 12: N<br>
5346,Licensed Family,Next Generation Children's Center,15618 90 Ave,,Surrey,V4N 2Y1,49.166367,-122.789602,604-617-9953,,,N,N,N,N,N,N,N,N,N,N,N,N,N,N,N,N,N,,,N,N,N,N,N,N,N,Y,Y,N,Y,2026-05-15,http://www.healthspace.ca/fha/childcare,N,Y,N,Next Generation Children's Center<br>Licensed Family<br>604-617-9953<br><br>Vacancy:<br>&nbsp;&nbsp;&nbsp;&nbsp;<36 months: Y<br>&nbsp;&nbsp;&nbsp;&nbsp;30 months -- 5 years: Y<br>&nbsp;&nbsp;&nbsp;&nbsp;Preschool: N<br>&nbsp;&nbsp;&nbsp;&nbsp;Grade 1 - Age 12: Y<br>
5347,Licensed Group,Avalon Adventist Christian Academy,4640 Byng Rd,,Port Hardy,V0N 2P0,50.68866,-127.400203,250-949-8243,,,N,N,N,N,N,N,N,N,N,N,N,N,N,N,N,N,N,Not offered,Not offered,N,N,N,N,N,N,N,N,N,N,N,2026-05-12,https://www.healthspace.ca/clients/viha/viha_website.nsf/CCFL-Main?OpenView,N,Y,N,Avalon Adventist Christian Academy<br>Licensed Group<br>250-949-8243<br><br>Vacancy:<br>&nbsp;&nbsp;&nbsp;&nbsp;<36 months: N<br>&nbsp;&nbsp;&nbsp;&nbsp;30 months -- 5 years: N<br>&nbsp;&nbsp;&nbsp;&nbsp;Preschool: N<br>&nbsp;&nbsp;&nbsp;&nbsp;Grade 1 - Age 12: N<br>
5348,Licensed Group,Little Owl Early Learning,1648 Richardson St,,Victoria,V8S 1R4,48.417018,-123.334625,250-516-1338,,,N,N,N,N,N,N,N,N,N,N,N,N,N,N,N,N,N,,,N,N,N,N,N,N,N,N,N,N,N,2026-04-15,https://www.healthspace.ca/clients/viha/viha_website.nsf/CCFL-Main?OpenView,N,Y,N,Little Owl Early Learning<br>Licensed Group<br>250-516-1338<br><br>Vacancy:<br>&nbsp;&nbsp;&nbsp;&nbsp;<36 months: N<br>&nbsp;&nbsp;&nbsp;&nbsp;30 months -- 5 years: N<br>&nbsp;&nbsp;&nbsp;&nbsp;Preschool: N<br>&nbsp;&nbsp;&nbsp;&nbsp;Grade 1 - Age 12: N<br>
5349,Licensed Group,Full O' Beans Preschool,3100 Tillicum Rd,,Victoria,V9A 6T2,48.454528,-123.399548,250-360-1148,,,N,N,N,N,N,N,N,N,N,N,N,N,N,N,N,N,N,,,N,N,N,N,N,N,N,N,N,N,N,2026-04-22,https://www.healthspace.ca/clients/viha/viha_website.nsf/CCFL-Main?OpenView,N,Y,N,Full O' Beans Preschool<br>Licensed Group<br>250-360-1148<br><br>Vacancy:<br>&nbsp;&nbsp;&nbsp;&nbsp;<36 months: N<br>&nbsp;&nbsp;&nbsp;&nbsp;30 months -- 5 years: N<br>&nbsp;&nbsp;&nbsp;&nbsp;Preschool: N<br>&nbsp;&nbsp;&nbsp;&nbsp;Grade 1 - Age 12: N<br>
5350,Licensed Group,Reach For The Stars Montessori Iii,3085 Main St,,Vancouver,V5T 3G6,49.257629,-123.101278,604-688-7827,,,N,N,N,N,N,N,N,N,N,N,N,N,N,N,N,N,N,,,N,N,N,N,N,N,N,N,N,Y,N,2026-04-15,https://inspections.vcha.ca/ChildCare/Table,N,Y,N,Reach For The Stars Montessori Iii<br>Licensed Group<br>604-688-7827<br><br>Vacancy:<br>&nbsp;&nbsp;&nbsp;&nbsp;<36 months: N<br>&nbsp;&nbsp;&nbsp;&nbsp;30 months -- 5 years: N<br>&nbsp;&nbsp;&nbsp;&nbsp;Preschool: Y<br>&nbsp;&nbsp;&nbsp;&nbsp;Grade 1 - Age 12: N<br>
5351,Licensed Family,Lil Charlie Browns Daycare,13822 232A St,,Maple Ridge,V4R 0C2,49.253163,-122.578446,604-710-6540,www.lilcharliebrownsdaycare.ca,,N,N,N,N,N,N,N,N,N,N,N,N,N,N,N,N,N,,,N,N,N,N,N,N,N,N,Y,N,N,2026-05-06,http://www.healthspace.ca/fha/childcare,N,Y,N,Lil Charlie Browns Daycare<br>Licensed Family<br>604-710-6540<br><br>Vacancy:<br>&nbsp;&nbsp;&nbsp;&nbsp;<36 months: N<br>&nbsp;&nbsp;&nbsp;&nbsp;30 months -- 5 years: Y<br>&nbsp;&nbsp;&nbsp;&nbsp;Preschool: N<br>&nbsp;&nbsp;&nbsp;&nbsp;Grade 1 - Age 12: N<br>
5352,Licensed Group,Strawberry Hill ymca Kids Club,7633 124 St,,Surrey,V3W 8N2,49.14166,-122.87951,604-362-7480,,,N,N,N,N,N,N,N,N,N,N,N,N,N,N,N,N,N,,,N,N,N,N,N,N,N,N,N,N,N,2026-05-14,http://www.healthspace.ca/fha/childcare,N,Y,N,Strawberry Hill ymca Kids Club<br>Licensed Group<br>604-362-7480<br><br>Vacancy:<br>&nbsp;&nbsp;&nbsp;&nbsp;<36 months: N<br>&nbsp;&nbsp;&nbsp;&nbsp;30 months -- 5 years: N<br>&nbsp;&nbsp;&nbsp;&nbsp;Preschool: N<br>&nbsp;&nbsp;&nbsp;&nbsp;Grade 1 - Age 12: N<br>
5353,Licensed Group,Sweet Peas Cottage,256 1St St E,,North Vancouver,V7M 1T1,49.309888,-123.073262,604-988-9989,,,N,N,N,N,N,N,N,N,N,N,N,N,N,N,N,N,N,,,N,N,N,N,N,N,N,N,N,N,N,2026-05-14,https://inspections.vcha.ca/ChildCare/Table,N,Y,Y,Sweet Peas Cottage<br>Licensed Group<br>604-988-9989<br><br>Vacancy:<br>&nbsp;&nbsp;&nbsp;&nbsp;<36 months: N<br>&nbsp;&nbsp;&nbsp;&nbsp;30 months -- 5 years: N<br>&nbsp;&nbsp;&nbsp;&nbsp;Preschool: N<br>&nbsp;&nbsp;&nbsp;&nbsp;Grade 1 - Age 12: N<br>
5354,Licensed Family,Meraki Learning Centre,4147 15 Ave W,,Vancouver,V6R 3A4,49.25937,-123.198567,604-729-7046,,,N,N,N,N,N,N,N,N,N,N,N,N,N,N,N,N,N,,,N,N,N,N,N,N,N,N,Y,N,N,2026-05-21,,N,Y,N,Meraki Learning Centre<br>Licensed Family<br>604-729-7046<br><br>Vacancy:<br>&nbsp;&nbsp;&nbsp;&nbsp;<36 months: N<br>&nbsp;&nbsp;&nbsp;&nbsp;30 months -- 5 years: Y<br>&nbsp;&nbsp;&nbsp;&nbsp;Preschool: N<br>&nbsp;&nbsp;&nbsp;&nbsp;Grade 1 - Age 12: N<br>
5355,Licensed Group,Core Education And Fine Arts,3380 David Ave,,Coquitlam,V3E 3G8,49.292518,-122.755198,778-980-5641,,,N,N,N,N,N,N,N,N,N,N,N,N,N,N,N,N,N,,,N,N,N,N,N,N,N,Y,Y,N,N,2026-04-27,http://www.healthspace.ca/fha/childcare,N,Y,N,Core Education And Fine Arts<br>Licensed Group<br>778-980-5641<br><br>Vacancy:<br>&nbsp;&nbsp;&nbsp;&nbsp;<36 months: Y<br>&nbsp;&nbsp;&nbsp;&nbsp;30 months -- 5 years: Y<br>&nbsp;&nbsp;&nbsp;&nbsp;Preschool: N<br>&nbsp;&nbsp;&nbsp;&nbsp;Grade 1 - Age 12: N<br>
5356,Licensed Group,St. Joseph's Early Learning Centre,757 Burnside Rd W,,Victoria,V8Z 1M9,48.461844,-123.403824,250-479-1237,,,N,N,N,N,N,N,N,N,N,N,N,N,N,N,N,N,N,,,N,N,N,N,N,N,N,N,N,N,N,2026-04-20,https://www.healthspace.ca/clients/viha/viha_website.nsf/CCFL-Main?OpenView,N,Y,N,St. Joseph's Early Learning Centre<br>Licensed Group<br>250-479-1237<br><br>Vacancy:<br>&nbsp;&nbsp;&nbsp;&nbsp;<36 months: N<br>&nbsp;&nbsp;&nbsp;&nbsp;30 months -- 5 years: N<br>&nbsp;&nbsp;&nbsp;&nbsp;Preschool: N<br>&nbsp;&nbsp;&nbsp;&nbsp;Grade 1 - Age 12: N<br>
5357,Licensed Group,Sexsmith Community Preschool,7410 Columbia St,,Vancouver,V5X 3C1,49.217202,-123.108384,604-324-6355,,,N,N,N,N,N,N,N,N,N,N,N,N,N,N,N,N,N,Not offered,Not offered,N,N,N,N,N,N,N,N,N,N,N,2026-05-11,https://inspections.vcha.ca/ChildCare/Table,N,N,N,Sexsmith Community Preschool<br>Licensed Group<br>604-324-6355<br><br>Vacancy:<br>&nbsp;&nbsp;&nbsp;&nbsp;<36 months: N<br>&nbsp;&nbsp;&nbsp;&nbsp;30 months -- 5 years: N<br>&nbsp;&nbsp;&nbsp;&nbsp;Preschool: N<br>&nbsp;&nbsp;&nbsp;&nbsp;Grade 1 - Age 12: N<br>
5358,Licensed Group,Tigger's Too Playschool,7577 Wallace Dr,,Saanichton,V8M 1V8,48.588266,-123.421283,250-818-7677,,,N,N,N,N,N,N,N,N,N,N,N,N,N,N,N,N,N,,,N,N,N,N,N,N,N,N,Y,N,Y,2026-05-15,https://www.healthspace.ca/clients/viha/viha_website.nsf/CCFL-Main?OpenView,N,Y,N,Tigger's Too Playschool<br>Licensed Group<br>250-818-7677<br><br>Vacancy:<br>&nbsp;&nbsp;&nbsp;&nbsp;<36 months: N<br>&nbsp;&nbsp;&nbsp;&nbsp;30 months -- 5 years: Y<br>&nbsp;&nbsp;&nbsp;&nbsp;Preschool: N<br>&nbsp;&nbsp;&nbsp;&nbsp;Grade 1 - Age 12: Y<br>
5359,Licensed Group,Maple Tree Montessori,931 12 St Se,,Salmon Arm,V1E 2C8,50.693032,-119.271052,250-804-9008,,,N,N,N,N,N,N,N,N,N,N,N,N,N,N,N,N,N,,,N,N,N,N,N,N,N,N,Y,Y,N,2026-04-10,https://hedgehogportal.interiorhealth.ca/ChildCare/Map,N,Y,N,Maple Tree Montessori<br>Licensed Group<br>250-804-9008<br><br>Vacancy:<br>&nbsp;&nbsp;&nbsp;&nbsp;<36 months: N<br>&nbsp;&nbsp;&nbsp;&nbsp;30 months -- 5 years: Y<br>&nbsp;&nbsp;&nbsp;&nbsp;Preschool: Y<br>&nbsp;&nbsp;&nbsp;&nbsp;Grade 1 - Age 12: N<br>
5360,Licensed Group,Little Friends Day Care,1600 3Rd Ave,,Prince George,V2L 3G6,53.918711,-122.751284,250-564-3568,,,N,N,N,N,N,N,N,N,N,N,N,N,N,N,N,N,N,,,N,N,N,N,N,N,N,N,N,N,N,2026-05-20,https://www.healthspace.ca/Clients/NHA/NHA_Website.nsf/CCFL-Frameset,N,Y,N,Little Friends Day Care<br>Licensed Group<br>250-564-3568<br><br>Vacancy:<br>&nbsp;&nbsp;&nbsp;&nbsp;<36 months: N<br>&nbsp;&nbsp;&nbsp;&nbsp;30 months -- 5 years: N<br>&nbsp;&nbsp;&nbsp;&nbsp;Preschool: N<br>&nbsp;&nbsp;&nbsp;&nbsp;Grade 1 - Age 12: N<br>
5361,Licensed Family,Mom And Me Daycare,1275 Pigeon Ave,,Williams Lake,V2G 2C3,52.150807,-122.146783,250-302-2065,,,N,N,N,N,N,N,N,N,N,N,N,N,N,N,N,N,N,,,N,N,N,N,N,N,N,Y,Y,N,Y,2026-05-15,http://www.interiorhealth.ca/YourEnvironment/InspectionReports/Pages/default.aspx,N,Y,N,Mom And Me Daycare<br>Licensed Family<br>250-302-2065<br><br>Vacancy:<br>&nbsp;&nbsp;&nbsp;&nbsp;<36 months: Y<br>&nbsp;&nbsp;&nbsp;&nbsp;30 months -- 5 years: Y<br>&nbsp;&nbsp;&nbsp;&nbsp;Preschool: N<br>&nbsp;&nbsp;&nbsp;&nbsp;Grade 1 - Age 12: Y<br>
5362,Licensed Group,Creative Kids Learning Centers - Morgan Crossing,101-15850 24 Ave,,Surrey,V3S 0G1,49.045396,-122.783699,604-560-5002,,,N,N,N,N,N,N,N,N,N,N,N,N,N,N,N,N,N,,,N,N,N,N,N,N,N,Y,Y,N,Y,2026-05-19,http://www.healthspace.ca/fha/childcare,N,Y,N,Creative Kids Learning Centers - Morgan Crossing<br>Licensed Group<br>604-560-5002<br><br>Vacancy:<br>&nbsp;&nbsp;&nbsp;&nbsp;<36 months: Y<br>&nbsp;&nbsp;&nbsp;&nbsp;30 months -- 5 years: Y<br>&nbsp;&nbsp;&nbsp;&nbsp;Preschool: N<br>&nbsp;&nbsp;&nbsp;&nbsp;Grade 1 - Age 12: Y<br>
5363,Licensed Family,Nana's Playroom Family Child Care,2102A Robbie Pl,,Nanaimo,V9S 2V4,49.188488,-123.986676,250-758-0850,,,N,N,N,N,N,N,N,N,N,N,N,N,N,N,N,N,N,,,N,N,N,N,N,N,N,N,Y,N,N,2026-05-03,https://www.healthspace.ca/clients/viha/viha_website.nsf/CCFL-Main?OpenView,N,N,N,Nana's Playroom Family Child Care<br>Licensed Family<br>250-758-0850<br><br>Vacancy:<br>&nbsp;&nbsp;&nbsp;&nbsp;<36 months: N<br>&nbsp;&nbsp;&nbsp;&nbsp;30 months -- 5 years: Y<br>&nbsp;&nbsp;&nbsp;&nbsp;Preschool: N<br>&nbsp;&nbsp;&nbsp;&nbsp;Grade 1 - Age 12: N<br>
5364,Licensed Family,Bungalow Buddies Daycare,5683 148 St,,Surrey,V3S 3B7,49.106047,-122.8125,604-309-3481,www.bungalowbuddies.com,,N,N,N,N,N,N,N,N,N,N,N,N,N,N,N,N,N,,,N,N,N,N,N,N,N,Y,Y,N,N,2026-04-26,http://www.healthspace.ca/fha/childcare,N,Y,N,Bungalow Buddies Daycare<br>Licensed Family<br>604-309-3481<br><br>Vacancy:<br>&nbsp;&nbsp;&nbsp;&nbsp;<36 months: Y<br>&nbsp;&nbsp;&nbsp;&nbsp;30 months -- 5 years: Y<br>&nbsp;&nbsp;&nbsp;&nbsp;Preschool: N<br>&nbsp;&nbsp;&nbsp;&nbsp;Grade 1 - Age 12: N<br>
5365,Licensed Family,Aunty May,16380 Glenwood Cres S,,Surrey,V4N 1V3,49.194124,-122.768009,778-246-1816,,,N,N,N,N,N,N,N,N,N,N,N,N,N,N,N,N,N,,,N,N,N,N,N,N,N,N,N,N,N,2026-05-15,http://www.healthspace.ca/fha/childcare,N,Y,N,Aunty May<br>Licensed Family<br>778-246-1816<br><br>Vacancy:<br>&nbsp;&nbsp;&nbsp;&nbsp;<36 months: N<br>&nbsp;&nbsp;&nbsp;&nbsp;30 months -- 5 years: N<br>&nbsp;&nbsp;&nbsp;&nbsp;Preschool: N<br>&nbsp;&nbsp;&nbsp;&nbsp;Grade 1 - Age 12: N<br>
5366,Licensed Group,Robert Ogilvie Preschool,9907 86 St,,Fort St. John,V1J 3G4,56.245915,-120.820421,250-794-1955,,,N,N,N,N,N,N,N,N,N,N,N,N,N,N,N,N,N,Not offered,Not offered,N,N,N,N,N,N,N,N,N,N,N,2026-05-04,https://www.healthspace.ca/Clients/NHA/NHA_Website.nsf/CCFL-Frameset,N,Y,N,Robert Ogilvie Preschool<br>Licensed Group<br>250-794-1955<br><br>Vacancy:<br>&nbsp;&nbsp;&nbsp;&nbsp;<36 months: N<br>&nbsp;&nbsp;&nbsp;&nbsp;30 months -- 5 years: N<br>&nbsp;&nbsp;&nbsp;&nbsp;Preschool: N<br>&nbsp;&nbsp;&nbsp;&nbsp;Grade 1 - Age 12: N<br>
5367,Licensed Group,Brave Spaces Early Learning Commons,22756 48 Ave,,Langley,V2Z 2T6,49.088606,-122.593309,604-514-1000,,,N,N,N,N,N,N,N,N,N,N,N,N,N,N,N,N,N,,,N,N,N,N,N,N,N,N,Y,N,N,2026-05-20,http://www.healthspace.ca/fha/childcare,N,Y,N,Brave Spaces Early Learning Commons<br>Licensed Group<br>604-514-1000<br><br>Vacancy:<br>&nbsp;&nbsp;&nbsp;&nbsp;<36 months: N<br>&nbsp;&nbsp;&nbsp;&nbsp;30 months -- 5 years: Y<br>&nbsp;&nbsp;&nbsp;&nbsp;Preschool: N<br>&nbsp;&nbsp;&nbsp;&nbsp;Grade 1 - Age 12: N<br>
5368,Licensed Family,Nette's Family Childcare,3175 Stevenson Pl,,Victoria,V8X 1C4,48.449114,-123.35574,250-385-4877,,,N,N,N,N,N,N,N,N,N,N,N,N,N,N,N,N,N,,,N,N,N,N,N,N,N,Y,Y,N,N,2026-05-01,https://www.healthspace.ca/clients/viha/viha_website.nsf/CCFL-Main?OpenView,N,Y,N,Nette's Family Childcare<br>Licensed Family<br>250-385-4877<br><br>Vacancy:<br>&nbsp;&nbsp;&nbsp;&nbsp;<36 months: Y<br>&nbsp;&nbsp;&nbsp;&nbsp;30 months -- 5 years: Y<br>&nbsp;&nbsp;&nbsp;&nbsp;Preschool: N<br>&nbsp;&nbsp;&nbsp;&nbsp;Grade 1 - Age 12: N<br>
5369,Licensed Family,Aida Place,102-1122 Burnaby St,,Vancouver,V6E 1P1,49.279853,-123.133152,778-881-7702,,,N,N,N,N,N,N,N,N,N,N,N,N,N,N,N,N,N,,,N,N,N,N,N,N,N,Y,Y,N,N,2026-05-15,https://inspections.vcha.ca/ChildCare/Table,N,Y,N,Aida Place<br>Licensed Family<br>778-881-7702<br><br>Vacancy:<br>&nbsp;&nbsp;&nbsp;&nbsp;<36 months: Y<br>&nbsp;&nbsp;&nbsp;&nbsp;30 months -- 5 years: Y<br>&nbsp;&nbsp;&nbsp;&nbsp;Preschool: N<br>&nbsp;&nbsp;&nbsp;&nbsp;Grade 1 - Age 12: N<br>
5370,Licensed Group,Rocky Point Montessori,2709 Clarke St,,Port Moody,V3H 1Z5,49.277478,-122.85188,604-619-5308,,,N,N,N,N,N,N,N,N,N,N,N,N,N,N,N,N,N,,,N,N,N,N,N,N,N,Y,Y,N,N,2026-05-20,http://www.healthspace.ca/fha/childcare,N,Y,N,Rocky Point Montessori<br>Licensed Group<br>604-619-5308<br><br>Vacancy:<br>&nbsp;&nbsp;&nbsp;&nbsp;<36 months: Y<br>&nbsp;&nbsp;&nbsp;&nbsp;30 months -- 5 years: Y<br>&nbsp;&nbsp;&nbsp;&nbsp;Preschool: N<br>&nbsp;&nbsp;&nbsp;&nbsp;Grade 1 - Age 12: N<br>
5371,Licensed Group,Okanagan Christian School Preschool,1035 Hollywood Rd S,,Kelowna,V1X 4N3,49.877261,-119.397215,604-853-5451,,,,,,,,,,,,,,,,,,,,,,,,,,,,,,,,,,,Y,Y,N,Okanagan Christian School Preschool<br>Licensed Group<br>604-853-5451<br><br>Vacancy:<br>&nbsp;&nbsp;&nbsp;&nbsp;<36 months: None<br>&nbsp;&nbsp;&nbsp;&nbsp;30 months -- 5 years: None<br>&nbsp;&nbsp;&nbsp;&nbsp;Preschool: None<br>&nbsp;&nbsp;&nbsp;&nbsp;Grade 1 - Age 12: None<br>
5372,Licensed Group,Smilestones Junior Kindergarten South Surrey,3590 King George Blvd,,Surrey,V4P 1B5,49.067338,-122.819839,604-298-9006,,,N,N,N,N,N,N,N,N,N,N,N,N,N,N,N,N,N,,,N,N,N,N,N,N,N,N,N,N,N,2026-05-19,http://www.healthspace.ca/fha/childcare,N,Y,N,Smilestones Junior Kindergarten South Surrey<br>Licensed Group<br>604-298-9006<br><br>Vacancy:<br>&nbsp;&nbsp;&nbsp;&nbsp;<36 months: N<br>&nbsp;&nbsp;&nbsp;&nbsp;30 months -- 5 years: N<br>&nbsp;&nbsp;&nbsp;&nbsp;Preschool: N<br>&nbsp;&nbsp;&nbsp;&nbsp;Grade 1 - Age 12: N<br>
5373,Licensed Group,St. Andrew Kim Early Childhood Education Centre (>30Mos),10218 161 St,,Surrey,V4N 2J8,49.188141,-122.774916,778-989-6780,,,N,N,N,N,N,N,N,N,N,N,N,N,N,N,N,N,N,,,N,N,N,N,N,N,N,N,N,N,N,2026-05-08,http://www.healthspace.ca/fha/childcare,N,Y,N,St. Andrew Kim Early Childhood Education Centre (>30Mos)<br>Licensed Group<br>778-989-6780<br><br>Vacancy:<br>&nbsp;&nbsp;&nbsp;&nbsp;<36 months: N<br>&nbsp;&nbsp;&nbsp;&nbsp;30 months -- 5 years: N<br>&nbsp;&nbsp;&nbsp;&nbsp;Preschool: N<br>&nbsp;&nbsp;&nbsp;&nbsp;Grade 1 - Age 12: N<br>
5374,Licensed Group,Seeds And Roots Montessori,1630 Edinburgh St,,New Westminster,V3M 2W8,49.206975,-122.9429,604-516-7777,,,,,,,,,,,,,,,,,,,,,,,,,,,,,,,,,,,Y,N,N,Seeds And Roots Montessori<br>Licensed Group<br>604-516-7777<br><br>Vacancy:<br>&nbsp;&nbsp;&nbsp;&nbsp;<36 months: None<br>&nbsp;&nbsp;&nbsp;&nbsp;30 months -- 5 years: None<br>&nbsp;&nbsp;&nbsp;&nbsp;Preschool: None<br>&nbsp;&nbsp;&nbsp;&nbsp;Grade 1 - Age 12: None<br>
5375,Licensed Family,Lil' Boundary Parker's Childcare,12227 Boundary Dr N,,Surrey,V3X 1Z5,49.117566,-122.884962,604-722-1430,,,N,N,N,N,N,N,N,N,N,N,N,N,N,N,N,N,N,,,N,N,N,N,N,N,N,N,N,N,N,2026-05-12,http://www.healthspace.ca/fha/childcare,N,Y,N,Lil' Boundary Parker's Childcare<br>Licensed Family<br>604-722-1430<br><br>Vacancy:<br>&nbsp;&nbsp;&nbsp;&nbsp;<36 months: N<br>&nbsp;&nbsp;&nbsp;&nbsp;30 months -- 5 years: N<br>&nbsp;&nbsp;&nbsp;&nbsp;Preschool: N<br>&nbsp;&nbsp;&nbsp;&nbsp;Grade 1 - Age 12: N<br>
5376,Licensed Family,Tiny Turtles Daycare,34324 Old Yale Rd,,Abbotsford,V2S 2K5,49.046015,-122.273476,778-835-0149,,,N,N,N,N,N,N,N,N,N,N,N,N,N,N,N,N,N,,,N,N,N,N,N,N,N,N,N,N,N,2026-05-17,http://www.healthspace.ca/fha/childcare,N,Y,N,Tiny Turtles Daycare<br>Licensed Family<br>778-835-0149<br><br>Vacancy:<br>&nbsp;&nbsp;&nbsp;&nbsp;<36 months: N<br>&nbsp;&nbsp;&nbsp;&nbsp;30 months -- 5 years: N<br>&nbsp;&nbsp;&nbsp;&nbsp;Preschool: N<br>&nbsp;&nbsp;&nbsp;&nbsp;Grade 1 - Age 12: N<br>
5377,Licensed Family,Solid Foundation Day Care Centre,8656 151B St,,Surrey,V3S 4V4,49.160184,-122.802098,604-596-8189,,,N,N,N,N,N,N,N,N,N,N,N,N,N,N,N,N,N,,,N,N,N,N,N,N,N,Y,N,N,Y,2026-04-16,http://www.healthspace.ca/fha/childcare,N,Y,N,Solid Foundation Day Care Centre<br>Licensed Family<br>604-596-8189<br><br>Vacancy:<br>&nbsp;&nbsp;&nbsp;&nbsp;<36 months: Y<br>&nbsp;&nbsp;&nbsp;&nbsp;30 months -- 5 years: N<br>&nbsp;&nbsp;&nbsp;&nbsp;Preschool: N<br>&nbsp;&nbsp;&nbsp;&nbsp;Grade 1 - Age 12: Y<br>
5378,Licensed Family,Kolobok Family Child Care,5097 Elgin St,,Vancouver,V5W 3J7,49.238323,-123.08388,778-995-2672,,,N,N,N,N,N,N,N,N,N,N,N,N,N,N,N,N,N,,,N,N,N,N,N,N,N,N,N,N,N,2026-05-15,https://inspections.vcha.ca/ChildCare/Table,N,Y,N,Kolobok Family Child Care<br>Licensed Family<br>778-995-2672<br><br>Vacancy:<br>&nbsp;&nbsp;&nbsp;&nbsp;<36 months: N<br>&nbsp;&nbsp;&nbsp;&nbsp;30 months -- 5 years: N<br>&nbsp;&nbsp;&nbsp;&nbsp;Preschool: N<br>&nbsp;&nbsp;&nbsp;&nbsp;Grade 1 - Age 12: N<br>
5379,Licensed Group,Bee Haven - The Hive,706 7Th St E,,North Vancouver,V7L 1S6,49.312764,-123.056797,604-770-0051,,,N,N,N,N,N,N,N,N,N,N,N,N,N,N,N,N,N,,,N,N,N,N,N,N,N,N,N,N,N,2026-05-14,https://inspections.vcha.ca/ChildCare/Table,N,Y,N,Bee Haven - The Hive<br>Licensed Group<br>604-770-0051<br><br>Vacancy:<br>&nbsp;&nbsp;&nbsp;&nbsp;<36 months: N<br>&nbsp;&nbsp;&nbsp;&nbsp;30 months -- 5 years: N<br>&nbsp;&nbsp;&nbsp;&nbsp;Preschool: N<br>&nbsp;&nbsp;&nbsp;&nbsp;Grade 1 - Age 12: N<br>
5380,Licensed Group,Bridges Childcare And Learning Center - Rosewood,5896 189 St,,Surrey,V3S 7T2,49.109887,-122.69921,778-384-9353,,,N,N,N,N,N,N,N,N,N,N,N,N,N,N,N,N,N,,,N,N,N,N,N,N,N,Y,N,N,N,2026-03-30,http://www.healthspace.ca/fha/childcare,N,Y,N,Bridges Childcare And Learning Center - Rosewood<br>Licensed Group<br>778-384-9353<br><br>Vacancy:<br>&nbsp;&nbsp;&nbsp;&nbsp;<36 months: Y<br>&nbsp;&nbsp;&nbsp;&nbsp;30 months -- 5 years: N<br>&nbsp;&nbsp;&nbsp;&nbsp;Preschool: N<br>&nbsp;&nbsp;&nbsp;&nbsp;Grade 1 - Age 12: N<br>
5381,Licensed Group,Boundary Park Preschool,12332 Boundary Dr N,,Surrey,V3X 1Z6,49.117287,-122.881104,604-598-7967,,,N,N,N,N,N,N,N,N,N,N,N,N,N,N,N,N,N,,,N,N,N,N,N,N,N,N,N,Y,Y,2026-04-30,http://www.healthspace.ca/fha/childcare,N,Y,N,Boundary Park Preschool<br>Licensed Group<br>604-598-7967<br><br>Vacancy:<br>&nbsp;&nbsp;&nbsp;&nbsp;<36 months: N<br>&nbsp;&nbsp;&nbsp;&nbsp;30 months -- 5 years: N<br>&nbsp;&nbsp;&nbsp;&nbsp;Preschool: Y<br>&nbsp;&nbsp;&nbsp;&nbsp;Grade 1 - Age 12: Y<br>
5382,Licensed Group,Cambridge Learning Centres @ Mj Norris Elementry,12928 66A St,,Surrey,V3W 8Z7,49.123724,-122.864265,604-897-8553,,,N,N,N,N,N,N,N,N,N,N,N,N,N,N,N,N,N,,,N,N,N,N,N,N,N,N,Y,N,N,2026-04-08,http://www.healthspace.ca/fha/childcare,N,Y,N,Cambridge Learning Centres @ Mj Norris Elementry<br>Licensed Group<br>604-897-8553<br><br>Vacancy:<br>&nbsp;&nbsp;&nbsp;&nbsp;<36 months: N<br>&nbsp;&nbsp;&nbsp;&nbsp;30 months -- 5 years: Y<br>&nbsp;&nbsp;&nbsp;&nbsp;Preschool: N<br>&nbsp;&nbsp;&nbsp;&nbsp;Grade 1 - Age 12: N<br>
5383,Licensed Group,Acorn To Oaks Academy Group 2,9120 Granville Ave,,Richmond,V6Y 1P8,49.162545,-123.123527,604-284-5499,,,N,N,N,N,N,N,N,N,N,N,N,N,N,N,N,N,N,,,N,N,N,N,N,N,N,N,N,N,N,2026-04-22,https://inspections.vcha.ca/ChildCare/Table,N,Y,N,Acorn To Oaks Academy Group 2<br>Licensed Group<br>604-284-5499<br><br>Vacancy:<br>&nbsp;&nbsp;&nbsp;&nbsp;<36 months: N<br>&nbsp;&nbsp;&nbsp;&nbsp;30 months -- 5 years: N<br>&nbsp;&nbsp;&nbsp;&nbsp;Preschool: N<br>&nbsp;&nbsp;&nbsp;&nbsp;Grade 1 - Age 12: N<br>
5384,Licensed Family,Munchkin Manor Early Years Childcare Centre,497 Glenbrook Dr,,New Westminster,V3L 5K2,49.220747,-122.905686,604-540-2818,,,N,N,N,N,N,N,N,N,N,N,N,N,N,N,N,N,N,,,N,N,N,N,N,N,N,N,N,N,N,2026-05-15,http://www.healthspace.ca/fha/childcare,N,Y,N,Munchkin Manor Early Years Childcare Centre<br>Licensed Family<br>604-540-2818<br><br>Vacancy:<br>&nbsp;&nbsp;&nbsp;&nbsp;<36 months: N<br>&nbsp;&nbsp;&nbsp;&nbsp;30 months -- 5 years: N<br>&nbsp;&nbsp;&nbsp;&nbsp;Preschool: N<br>&nbsp;&nbsp;&nbsp;&nbsp;Grade 1 - Age 12: N<br>
5385,Licensed Family,Busy Bee's Family Childcare,1039 Nagle St,,Duncan,V9L 2E6,48.786755,-123.715936,250-709-9609,,,N,N,N,N,N,N,N,N,N,N,N,N,N,N,N,N,N,,,N,N,N,N,N,N,N,N,Y,N,N,2026-05-15,https://www.healthspace.ca/clients/viha/viha_website.nsf/CCFL-Main?OpenView,N,Y,N,Busy Bee's Family Childcare<br>Licensed Family<br>250-709-9609<br><br>Vacancy:<br>&nbsp;&nbsp;&nbsp;&nbsp;<36 months: N<br>&nbsp;&nbsp;&nbsp;&nbsp;30 months -- 5 years: Y<br>&nbsp;&nbsp;&nbsp;&nbsp;Preschool: N<br>&nbsp;&nbsp;&nbsp;&nbsp;Grade 1 - Age 12: N<br>
5386,Licensed Group,Choo Choo Train Montessori Learning Centre,9555 Geal Rd,,Richmond,V7E 1R4,49.143071,-123.170661,604-727-0289,,,N,N,N,N,N,N,N,N,N,N,N,N,N,N,N,N,N,,,N,N,N,N,N,N,N,Y,Y,N,N,2026-05-17,https://inspections.vcha.ca/ChildCare/Table,N,Y,N,Choo Choo Train Montessori Learning Centre<br>Licensed Group<br>604-727-0289<br><br>Vacancy:<br>&nbsp;&nbsp;&nbsp;&nbsp;<36 months: Y<br>&nbsp;&nbsp;&nbsp;&nbsp;30 months -- 5 years: Y<br>&nbsp;&nbsp;&nbsp;&nbsp;Preschool: N<br>&nbsp;&nbsp;&nbsp;&nbsp;Grade 1 - Age 12: N<br>
5387,Licensed Group,Rosser ymca Kids Club,4375 Pandora St,,Burnaby,V5C 2B6,49.283279,-123.006839,604-297-0979,,,N,N,N,N,N,N,N,N,N,N,N,N,N,N,N,N,N,,,N,N,N,N,N,N,N,N,N,N,N,2026-05-14,http://www.healthspace.ca/fha/childcare,N,Y,N,Rosser ymca Kids Club<br>Licensed Group<br>604-297-0979<br><br>Vacancy:<br>&nbsp;&nbsp;&nbsp;&nbsp;<36 months: N<br>&nbsp;&nbsp;&nbsp;&nbsp;30 months -- 5 years: N<br>&nbsp;&nbsp;&nbsp;&nbsp;Preschool: N<br>&nbsp;&nbsp;&nbsp;&nbsp;Grade 1 - Age 12: N<br>
5388,Licensed Family,Shiny Days Family Child Care,304 1205 Howe St,,Vancouver,V6Z 0B2,49.277761,-123.127787,604-970-9391,,,N,N,N,N,N,N,N,N,N,N,N,N,N,N,N,N,N,,,N,N,N,N,N,N,N,Y,N,N,N,2026-05-16,https://inspections.vcha.ca/ChildCare/Table,N,Y,N,Shiny Days Family Child Care<br>Licensed Family<br>604-970-9391<br><br>Vacancy:<br>&nbsp;&nbsp;&nbsp;&nbsp;<36 months: Y<br>&nbsp;&nbsp;&nbsp;&nbsp;30 months -- 5 years: N<br>&nbsp;&nbsp;&nbsp;&nbsp;Preschool: N<br>&nbsp;&nbsp;&nbsp;&nbsp;Grade 1 - Age 12: N<br>
5389,Licensed Group,South Delta Recreation Centre,1720 56 St,,Delta,V4L 2B1,49.035905,-123.066829,604-952-3054,,,,,,,,,,,,,,,,,,,,,,,,,,,,,,,,,,,Y,Y,N,South Delta Recreation Centre<br>Licensed Group<br>604-952-3054<br><br>Vacancy:<br>&nbsp;&nbsp;&nbsp;&nbsp;<36 months: None<br>&nbsp;&nbsp;&nbsp;&nbsp;30 months -- 5 years: None<br>&nbsp;&nbsp;&nbsp;&nbsp;Preschool: None<br>&nbsp;&nbsp;&nbsp;&nbsp;Grade 1 - Age 12: None<br>
5390,Licensed Family,Anna's Playhouse Daycare,2581 Kitchener Ave,,Port Coquitlam,V3B 2B5,49.275027,-122.785299,604-353-4872,,,N,N,N,N,N,N,N,N,N,N,N,N,N,N,N,N,N,,,N,N,N,N,N,N,N,N,N,N,N,2026-05-05,http://www.healthspace.ca/fha/childcare,N,Y,N,Anna's Playhouse Daycare<br>Licensed Family<br>604-353-4872<br><br>Vacancy:<br>&nbsp;&nbsp;&nbsp;&nbsp;<36 months: N<br>&nbsp;&nbsp;&nbsp;&nbsp;30 months -- 5 years: N<br>&nbsp;&nbsp;&nbsp;&nbsp;Preschool: N<br>&nbsp;&nbsp;&nbsp;&nbsp;Grade 1 - Age 12: N<br>
5391,Licensed Group,The Biggest Little Learning Center #2,14885 60Th Ave,,Surrey,V3S 1R8,49.111972,-122.809928,604-583-0635,,,N,N,N,N,N,N,N,N,N,N,N,N,N,N,N,N,N,,,N,N,N,N,N,N,N,N,Y,N,Y,2026-05-19,http://www.healthspace.ca/fha/childcare,N,Y,N,The Biggest Little Learning Center #2<br>Licensed Group<br>604-583-0635<br><br>Vacancy:<br>&nbsp;&nbsp;&nbsp;&nbsp;<36 months: N<br>&nbsp;&nbsp;&nbsp;&nbsp;30 months -- 5 years: Y<br>&nbsp;&nbsp;&nbsp;&nbsp;Preschool: N<br>&nbsp;&nbsp;&nbsp;&nbsp;Grade 1 - Age 12: Y<br>
5392,Licensed Family,Little Bunny,800 Dundee Rd,,Kelowna,V1X 1R4,49.886075,-119.402036,250-212-1870,,,Y,N,N,N,N,N,Y,Y,N,N,N,N,N,N,N,N,N,Not offered,Not offered,N,N,N,N,N,N,N,N,N,N,N,2026-05-15,https://hedgehogportal.interiorhealth.ca/ChildCare/Map,N,Y,N,Little Bunny<br>Licensed Family<br>250-212-1870<br><br>Vacancy:<br>&nbsp;&nbsp;&nbsp;&nbsp;<36 months: N<br>&nbsp;&nbsp;&nbsp;&nbsp;30 months -- 5 years: N<br>&nbsp;&nbsp;&nbsp;&nbsp;Preschool: N<br>&nbsp;&nbsp;&nbsp;&nbsp;Grade 1 - Age 12: N<br>
5393,Licensed Family,Brown Bear Family Daycare,101 2035 Barclay St,,Vancouver,V6G 1L6,49.292474,-123.140713,778-859-7048,,,N,N,N,N,N,N,N,N,N,N,N,N,N,N,N,N,N,,,N,N,N,N,N,N,N,N,N,N,N,2026-05-19,https://inspections.vcha.ca/ChildCare/Table,N,Y,N,Brown Bear Family Daycare<br>Licensed Family<br>778-859-7048<br><br>Vacancy:<br>&nbsp;&nbsp;&nbsp;&nbsp;<36 months: N<br>&nbsp;&nbsp;&nbsp;&nbsp;30 months -- 5 years: N<br>&nbsp;&nbsp;&nbsp;&nbsp;Preschool: N<br>&nbsp;&nbsp;&nbsp;&nbsp;Grade 1 - Age 12: N<br>
5394,Licensed Family,At Play Child Care,21501 Telegraph Trail,,Langley,V1M 2K7,49.15668,-122.627511,604-226-7972,,,N,N,N,N,N,N,N,N,N,N,N,N,N,N,N,N,N,,,N,N,N,N,N,N,N,N,N,N,N,2026-05-15,http://www.healthspace.ca/fha/childcare,N,Y,N,At Play Child Care<br>Licensed Family<br>604-226-7972<br><br>Vacancy:<br>&nbsp;&nbsp;&nbsp;&nbsp;<36 months: N<br>&nbsp;&nbsp;&nbsp;&nbsp;30 months -- 5 years: N<br>&nbsp;&nbsp;&nbsp;&nbsp;Preschool: N<br>&nbsp;&nbsp;&nbsp;&nbsp;Grade 1 - Age 12: N<br>
5395,Licensed Group,Cefa Crestwood Junior Kindergarten,120-13700 International Pl,,Richmond,V6V 2X8,49.173261,-123.07047,604-273-0118,,,N,N,N,N,N,N,N,N,N,N,N,N,N,N,N,N,N,,,N,N,N,N,N,N,N,N,N,N,N,2026-05-04,https://inspections.vcha.ca/ChildCare/Table,N,Y,N,Cefa Crestwood Junior Kindergarten<br>Licensed Group<br>604-273-0118<br><br>Vacancy:<br>&nbsp;&nbsp;&nbsp;&nbsp;<36 months: N<br>&nbsp;&nbsp;&nbsp;&nbsp;30 months -- 5 years: N<br>&nbsp;&nbsp;&nbsp;&nbsp;Preschool: N<br>&nbsp;&nbsp;&nbsp;&nbsp;Grade 1 - Age 12: N<br>
5396,Licensed Group,Best Friends Children's Centre Inc,201 19141 Ford Rd,,Pitt Meadows,V3Y 2P8,49.223148,-122.691604,604-767-0858,,,N,N,N,N,N,N,N,N,N,N,N,N,N,N,N,N,N,,,N,N,N,N,N,N,N,Y,Y,Y,Y,2026-05-21,http://www.healthspace.ca/fha/childcare,N,Y,N,Best Friends Children's Centre Inc<br>Licensed Group<br>604-767-0858<br><br>Vacancy:<br>&nbsp;&nbsp;&nbsp;&nbsp;<36 months: Y<br>&nbsp;&nbsp;&nbsp;&nbsp;30 months -- 5 years: Y<br>&nbsp;&nbsp;&nbsp;&nbsp;Preschool: Y<br>&nbsp;&nbsp;&nbsp;&nbsp;Grade 1 - Age 12: Y<br>
5397,Licensed Group,Stars Of Tomorrow Early Learning,12191 1 Ave,,Richmond,V7E 3M3,49.124751,-123.183144,604-370-1221,,,N,N,N,N,N,N,N,N,N,N,N,N,N,N,N,N,N,,,N,N,N,N,N,N,N,N,Y,N,N,2026-05-02,https://inspections.vcha.ca/ChildCare/Table,N,Y,N,Stars Of Tomorrow Early Learning<br>Licensed Group<br>604-370-1221<br><br>Vacancy:<br>&nbsp;&nbsp;&nbsp;&nbsp;<36 months: N<br>&nbsp;&nbsp;&nbsp;&nbsp;30 months -- 5 years: Y<br>&nbsp;&nbsp;&nbsp;&nbsp;Preschool: N<br>&nbsp;&nbsp;&nbsp;&nbsp;Grade 1 - Age 12: N<br>
5398,Licensed Group,Just For Kids After School Care At Mt. Prevost,6177 Somenos Rd,,Duncan,V9L 4E7,48.794972,-123.734142,250-732-7292,,,N,N,N,N,N,N,N,N,N,N,N,N,N,N,N,N,N,,,N,N,N,N,N,N,N,N,N,N,N,2026-05-05,https://www.healthspace.ca/clients/viha/viha_website.nsf/CCFL-Main?OpenView,N,Y,N,Just For Kids After School Care At Mt. Prevost<br>Licensed Group<br>250-732-7292<br><br>Vacancy:<br>&nbsp;&nbsp;&nbsp;&nbsp;<36 months: N<br>&nbsp;&nbsp;&nbsp;&nbsp;30 months -- 5 years: N<br>&nbsp;&nbsp;&nbsp;&nbsp;Preschool: N<br>&nbsp;&nbsp;&nbsp;&nbsp;Grade 1 - Age 12: N<br>
5399,Licensed Group,Imagination Station Childcare Centre-Albion,24133 102 Ave,,Maple Ridge,V2W 2C6,49.187727,-122.55273,604-476-7529,,,N,N,N,N,N,N,N,N,N,N,N,N,N,N,N,N,N,,,N,N,N,N,N,N,N,N,N,N,N,2026-05-15,http://www.healthspace.ca/fha/childcare,N,Y,N,Imagination Station Childcare Centre-Albion<br>Licensed Group<br>604-476-7529<br><br>Vacancy:<br>&nbsp;&nbsp;&nbsp;&nbsp;<36 months: N<br>&nbsp;&nbsp;&nbsp;&nbsp;30 months -- 5 years: N<br>&nbsp;&nbsp;&nbsp;&nbsp;Preschool: N<br>&nbsp;&nbsp;&nbsp;&nbsp;Grade 1 - Age 12: N<br>
5400,Licensed Group,Early Learning Childcare Centre,101 3200 Westwood St,,Port Coquitlam,V3C 6C7,49.269871,-122.79008,604-475-4800,,,N,N,N,N,N,N,N,N,N,N,N,N,N,N,N,N,N,,,N,N,N,N,N,N,N,Y,Y,N,N,2026-05-18,http://www.healthspace.ca/fha/childcare,N,Y,N,Early Learning Childcare Centre<br>Licensed Group<br>604-475-4800<br><br>Vacancy:<br>&nbsp;&nbsp;&nbsp;&nbsp;<36 months: Y<br>&nbsp;&nbsp;&nbsp;&nbsp;30 months -- 5 years: Y<br>&nbsp;&nbsp;&nbsp;&nbsp;Preschool: N<br>&nbsp;&nbsp;&nbsp;&nbsp;Grade 1 - Age 12: N<br>
5401,Licensed Group,Little Koala Montessori Surrey,14947 108 Ave,,Surrey,V3R 1W3,49.19886,-122.807849,604-951-4008,,,N,N,N,N,N,N,N,N,N,N,N,N,N,N,N,N,N,,,N,N,N,N,N,N,N,N,Y,N,N,2026-05-19,http://www.healthspace.ca/fha/childcare,N,Y,N,Little Koala Montessori Surrey<br>Licensed Group<br>604-951-4008<br><br>Vacancy:<br>&nbsp;&nbsp;&nbsp;&nbsp;<36 months: N<br>&nbsp;&nbsp;&nbsp;&nbsp;30 months -- 5 years: Y<br>&nbsp;&nbsp;&nbsp;&nbsp;Preschool: N<br>&nbsp;&nbsp;&nbsp;&nbsp;Grade 1 - Age 12: N<br>
5402,Licensed Group,G.A.D. Childcare Centre & Preschool,13479 77 Ave,,Surrey,V3W 6Y1,49.142876,-122.848987,604-595-0888,,,N,N,N,N,N,N,N,N,N,N,N,N,N,N,N,N,N,,,N,N,N,N,N,N,N,N,Y,Y,N,2026-05-06,http://www.healthspace.ca/fha/childcare,N,Y,N,G.A.D. Childcare Centre & Preschool<br>Licensed Group<br>604-595-0888<br><br>Vacancy:<br>&nbsp;&nbsp;&nbsp;&nbsp;<36 months: N<br>&nbsp;&nbsp;&nbsp;&nbsp;30 months -- 5 years: Y<br>&nbsp;&nbsp;&nbsp;&nbsp;Preschool: Y<br>&nbsp;&nbsp;&nbsp;&nbsp;Grade 1 - Age 12: N<br>
5403,Licensed Group,St. Matthew's Preschool & Out Of School Care,16065 88 Ave,,Surrey,V4N 1G3,49.163838,-122.776355,604-683-0281,,,N,N,N,N,N,N,N,N,N,N,N,N,N,N,N,N,N,,,N,N,N,N,N,N,N,N,N,N,N,2026-05-04,http://www.healthspace.ca/fha/childcare,N,Y,N,St. Matthew's Preschool & Out Of School Care<br>Licensed Group<br>604-683-0281<br><br>Vacancy:<br>&nbsp;&nbsp;&nbsp;&nbsp;<36 months: N<br>&nbsp;&nbsp;&nbsp;&nbsp;30 months -- 5 years: N<br>&nbsp;&nbsp;&nbsp;&nbsp;Preschool: N<br>&nbsp;&nbsp;&nbsp;&nbsp;Grade 1 - Age 12: N<br>
5404,Licensed Group,Grow And Learn Preschool And Childcare Center Ltd,13838 91 Ave,,Surrey,V3V 7K4,49.168019,-122.839702,604-445-3276,,,N,N,N,N,N,N,N,N,N,N,N,N,N,N,N,N,N,Not offered,Not offered,N,N,N,N,N,N,N,N,N,Y,Y,2026-04-06,http://www.healthspace.ca/fha/childcare,N,N,N,Grow And Learn Preschool And Childcare Center Ltd<br>Licensed Group<br>604-445-3276<br><br>Vacancy:<br>&nbsp;&nbsp;&nbsp;&nbsp;<36 months: N<br>&nbsp;&nbsp;&nbsp;&nbsp;30 months -- 5 years: N<br>&nbsp;&nbsp;&nbsp;&nbsp;Preschool: Y<br>&nbsp;&nbsp;&nbsp;&nbsp;Grade 1 - Age 12: Y<br>
5405,Licensed Group,Cefa - Junior Kindergarten (Surrey Guildford),101-10172 152A St,,Surrey,V3R 1J7,49.187318,-122.799254,604-589-2332,,,N,N,N,N,N,N,N,N,N,N,N,N,N,N,N,N,N,,,N,N,N,N,N,N,N,N,N,N,N,2026-05-14,http://www.healthspace.ca/fha/childcare,N,Y,N,Cefa - Junior Kindergarten (Surrey Guildford)<br>Licensed Group<br>604-589-2332<br><br>Vacancy:<br>&nbsp;&nbsp;&nbsp;&nbsp;<36 months: N<br>&nbsp;&nbsp;&nbsp;&nbsp;30 months -- 5 years: N<br>&nbsp;&nbsp;&nbsp;&nbsp;Preschool: N<br>&nbsp;&nbsp;&nbsp;&nbsp;Grade 1 - Age 12: N<br>
5406,Licensed Group,Cefa Crestwood Junior Kindergarten,120 13700 International Place,,Richmond,V6V 2X8,49.173265,-123.07048,604-273-0118,,,N,N,N,N,N,N,N,N,N,N,N,N,N,N,N,N,N,,,N,N,N,N,N,N,N,N,Y,N,N,2026-05-04,https://inspections.vcha.ca/ChildCare/Table,N,Y,N,Cefa Crestwood Junior Kindergarten<br>Licensed Group<br>604-273-0118<br><br>Vacancy:<br>&nbsp;&nbsp;&nbsp;&nbsp;<36 months: N<br>&nbsp;&nbsp;&nbsp;&nbsp;30 months -- 5 years: Y<br>&nbsp;&nbsp;&nbsp;&nbsp;Preschool: N<br>&nbsp;&nbsp;&nbsp;&nbsp;Grade 1 - Age 12: N<br>
5407,Licensed Group,Children's Choice Day Care Ltd,1-12044 88 Ave,,Surrey,V3W 3J2,49.163028,-122.889084,604-715-0782,,,N,N,N,N,N,N,N,N,N,N,N,N,N,N,N,N,N,,,N,N,N,N,N,N,N,N,Y,N,N,2026-05-19,http://www.healthspace.ca/fha/childcare,N,Y,N,Children's Choice Day Care Ltd<br>Licensed Group<br>604-715-0782<br><br>Vacancy:<br>&nbsp;&nbsp;&nbsp;&nbsp;<36 months: N<br>&nbsp;&nbsp;&nbsp;&nbsp;30 months -- 5 years: Y<br>&nbsp;&nbsp;&nbsp;&nbsp;Preschool: N<br>&nbsp;&nbsp;&nbsp;&nbsp;Grade 1 - Age 12: N<br>
5408,Licensed Group,Victoria Nature School Gordon Head,4100 Lambrick Way,,Victoria,V8N 5R3,48.476027,-123.328435,604-732-3627,,,N,N,N,N,N,N,N,N,N,N,N,N,N,N,N,N,N,,,N,N,N,N,N,N,N,N,Y,N,N,2026-05-08,,N,Y,N,Victoria Nature School Gordon Head<br>Licensed Group<br>604-732-3627<br><br>Vacancy:<br>&nbsp;&nbsp;&nbsp;&nbsp;<36 months: N<br>&nbsp;&nbsp;&nbsp;&nbsp;30 months -- 5 years: Y<br>&nbsp;&nbsp;&nbsp;&nbsp;Preschool: N<br>&nbsp;&nbsp;&nbsp;&nbsp;Grade 1 - Age 12: N<br>
5409,Licensed Group,Mountain Minis,40 1040 Legacy Way,,Whistler,V8E 0J8,50.079196,-123.041921,604-962-5437,,,N,N,N,N,N,N,N,N,N,N,N,N,N,N,N,N,N,,,N,N,N,N,N,N,N,N,N,N,N,2026-05-15,https://inspections.vcha.ca/ChildCare/Table,N,Y,N,Mountain Minis<br>Licensed Group<br>604-962-5437<br><br>Vacancy:<br>&nbsp;&nbsp;&nbsp;&nbsp;<36 months: N<br>&nbsp;&nbsp;&nbsp;&nbsp;30 months -- 5 years: N<br>&nbsp;&nbsp;&nbsp;&nbsp;Preschool: N<br>&nbsp;&nbsp;&nbsp;&nbsp;Grade 1 - Age 12: N<br>
5410,Licensed Group,Adventure Junction Early Learning Centre,102 Snowsell St N,,Kelowna,V1V 2E2,49.928784,-119.437893,250-878-2326,,,N,N,N,N,N,N,N,N,N,N,N,N,N,N,N,N,N,,,N,N,N,N,N,N,N,N,N,N,N,2026-05-11,https://hedgehogportal.interiorhealth.ca/ChildCare/Map,N,Y,N,Adventure Junction Early Learning Centre<br>Licensed Group<br>250-878-2326<br><br>Vacancy:<br>&nbsp;&nbsp;&nbsp;&nbsp;<36 months: N<br>&nbsp;&nbsp;&nbsp;&nbsp;30 months -- 5 years: N<br>&nbsp;&nbsp;&nbsp;&nbsp;Preschool: N<br>&nbsp;&nbsp;&nbsp;&nbsp;Grade 1 - Age 12: N<br>
5411,Licensed Group,Cefa Early Learning - Willowbrook,20510 Langley Bypass,,Langley,V3A 6K8,49.113117,-122.655088,604-727-8842,,,N,N,N,N,N,N,N,N,N,N,N,N,N,N,N,N,N,,,N,N,N,N,N,N,N,Y,N,N,N,2026-05-20,http://www.healthspace.ca/fha/childcare,N,Y,N,Cefa Early Learning - Willowbrook<br>Licensed Group<br>604-727-8842<br><br>Vacancy:<br>&nbsp;&nbsp;&nbsp;&nbsp;<36 months: Y<br>&nbsp;&nbsp;&nbsp;&nbsp;30 months -- 5 years: N<br>&nbsp;&nbsp;&nbsp;&nbsp;Preschool: N<br>&nbsp;&nbsp;&nbsp;&nbsp;Grade 1 - Age 12: N<br>
5412,Licensed Group,Smilestones Junior Kindergarten - Langley,150-8661 201 St,,Langley,V2Y 0G9,49.160655,-122.66593,604-888-8085,,,N,N,N,N,N,N,N,N,N,N,N,N,N,N,N,N,N,,,N,N,N,N,N,N,N,N,N,N,N,2026-05-14,http://www.healthspace.ca/fha/childcare,N,Y,N,Smilestones Junior Kindergarten - Langley<br>Licensed Group<br>604-888-8085<br><br>Vacancy:<br>&nbsp;&nbsp;&nbsp;&nbsp;<36 months: N<br>&nbsp;&nbsp;&nbsp;&nbsp;30 months -- 5 years: N<br>&nbsp;&nbsp;&nbsp;&nbsp;Preschool: N<br>&nbsp;&nbsp;&nbsp;&nbsp;Grade 1 - Age 12: N<br>
5413,Licensed Group,Cypress Park Kids Club,4355 Marine Dr,,West Vancouver,V7V 1P2,49.341196,-123.237761,604-202-1918,,,N,N,N,N,N,N,N,N,N,N,N,N,N,N,N,N,N,,,N,N,N,N,N,N,N,N,Y,N,Y,2026-05-17,https://inspections.vcha.ca/ChildCare/Table,N,Y,N,Cypress Park Kids Club<br>Licensed Group<br>604-202-1918<br><br>Vacancy:<br>&nbsp;&nbsp;&nbsp;&nbsp;<36 months: N<br>&nbsp;&nbsp;&nbsp;&nbsp;30 months -- 5 years: Y<br>&nbsp;&nbsp;&nbsp;&nbsp;Preschool: N<br>&nbsp;&nbsp;&nbsp;&nbsp;Grade 1 - Age 12: Y<br>
5414,Licensed Group,Richmond Star Academy,8851 Heather St,,Richmond,V6Y 2R7,49.149436,-123.122966,604-726-9000,,,N,N,N,N,N,N,N,N,N,N,N,N,N,N,N,N,N,,,N,N,N,N,N,N,N,N,N,N,N,2026-05-12,https://inspections.vcha.ca/ChildCare/Table,N,Y,Y,Richmond Star Academy<br>Licensed Group<br>604-726-9000<br><br>Vacancy:<br>&nbsp;&nbsp;&nbsp;&nbsp;<36 months: N<br>&nbsp;&nbsp;&nbsp;&nbsp;30 months -- 5 years: N<br>&nbsp;&nbsp;&nbsp;&nbsp;Preschool: N<br>&nbsp;&nbsp;&nbsp;&nbsp;Grade 1 - Age 12: N<br>
5415,Licensed Group,Richmond Star Academy,8851 Heather St,,Richmond,V6Y 2R7,49.149436,-123.122966,604-726-9000,,,N,N,N,N,N,N,N,N,N,N,N,N,N,N,N,N,N,,,N,N,N,N,N,N,N,N,N,N,N,2026-05-12,https://inspections.vcha.ca/ChildCare/Table,N,Y,Y,Richmond Star Academy<br>Licensed Group<br>604-726-9000<br><br>Vacancy:<br>&nbsp;&nbsp;&nbsp;&nbsp;<36 months: N<br>&nbsp;&nbsp;&nbsp;&nbsp;30 months -- 5 years: N<br>&nbsp;&nbsp;&nbsp;&nbsp;Preschool: N<br>&nbsp;&nbsp;&nbsp;&nbsp;Grade 1 - Age 12: N<br>
5416,Licensed Family,Mickey's Playhouse Family Child Care,1657 Bowser Ave,,North Vancouver,V7P 2Y6,49.324602,-123.11654,604-984-7105,,,N,N,N,N,N,N,N,N,N,N,N,N,N,N,N,N,N,,,N,N,N,N,N,N,N,Y,Y,N,N,2026-05-15,https://inspections.vcha.ca/ChildCare/Table,N,Y,N,Mickey's Playhouse Family Child Care<br>Licensed Family<br>604-984-7105<br><br>Vacancy:<br>&nbsp;&nbsp;&nbsp;&nbsp;<36 months: Y<br>&nbsp;&nbsp;&nbsp;&nbsp;30 months -- 5 years: Y<br>&nbsp;&nbsp;&nbsp;&nbsp;Preschool: N<br>&nbsp;&nbsp;&nbsp;&nbsp;Grade 1 - Age 12: N<br>
5417,Licensed Family,Bright Dawn Licensed Family Child Care,3085 268 St,,Aldergrove,V4W 3C6,49.058257,-122.482204,604-381-3443,,,N,N,N,N,N,N,N,N,N,N,N,N,N,N,N,N,N,,,N,N,N,N,N,N,N,N,N,N,N,2026-04-29,http://www.healthspace.ca/fha/childcare,N,Y,N,Bright Dawn Licensed Family Child Care<br>Licensed Family<br>604-381-3443<br><br>Vacancy:<br>&nbsp;&nbsp;&nbsp;&nbsp;<36 months: N<br>&nbsp;&nbsp;&nbsp;&nbsp;30 months -- 5 years: N<br>&nbsp;&nbsp;&nbsp;&nbsp;Preschool: N<br>&nbsp;&nbsp;&nbsp;&nbsp;Grade 1 - Age 12: N<br>
5418,Licensed Group,You Care We Care Daycare Inc.,32965 Lougheed Hwy,,Mission,V2V 1B4,49.134171,-122.311068,604-820-4946,,,N,N,N,N,N,N,N,N,N,N,N,N,N,N,N,N,N,,,N,N,N,N,N,N,N,N,N,N,N,2026-05-15,http://www.healthspace.ca/fha/childcare,N,Y,N,You Care We Care Daycare Inc.<br>Licensed Group<br>604-820-4946<br><br>Vacancy:<br>&nbsp;&nbsp;&nbsp;&nbsp;<36 months: N<br>&nbsp;&nbsp;&nbsp;&nbsp;30 months -- 5 years: N<br>&nbsp;&nbsp;&nbsp;&nbsp;Preschool: N<br>&nbsp;&nbsp;&nbsp;&nbsp;Grade 1 - Age 12: N<br>
5419,Licensed Group,Thrive Out Of School Care - Mountainview,271 Snowsell St,,Kelowna,V1V 1V6,49.921522,-119.441833,250-826-5436,,,N,N,N,N,N,N,N,N,N,N,N,N,N,N,N,N,N,,,N,N,N,N,N,N,N,N,N,N,N,2026-05-08,https://hedgehogportal.interiorhealth.ca/ChildCare/Map,N,Y,N,Thrive Out Of School Care - Mountainview<br>Licensed Group<br>250-826-5436<br><br>Vacancy:<br>&nbsp;&nbsp;&nbsp;&nbsp;<36 months: N<br>&nbsp;&nbsp;&nbsp;&nbsp;30 months -- 5 years: N<br>&nbsp;&nbsp;&nbsp;&nbsp;Preschool: N<br>&nbsp;&nbsp;&nbsp;&nbsp;Grade 1 - Age 12: N<br>
5420,Licensed Group,Beginners Kollege Child Care Centre Ltd,7-12350 Harris Rd,,Pitt Meadows,V3Y 0C5,49.226864,-122.688952,604-457-2555,,,N,N,N,N,N,N,N,N,N,N,N,N,N,N,N,N,N,,,N,N,N,N,N,N,N,N,N,N,N,2026-05-16,http://www.healthspace.ca/fha/childcare,N,Y,N,Beginners Kollege Child Care Centre Ltd<br>Licensed Group<br>604-457-2555<br><br>Vacancy:<br>&nbsp;&nbsp;&nbsp;&nbsp;<36 months: N<br>&nbsp;&nbsp;&nbsp;&nbsp;30 months -- 5 years: N<br>&nbsp;&nbsp;&nbsp;&nbsp;Preschool: N<br>&nbsp;&nbsp;&nbsp;&nbsp;Grade 1 - Age 12: N<br>
5421,Licensed Family,Red Apple Montessori Child Care,1030 55 Ave E,,Vancouver,V5X 1N9,49.21962,-123.084508,778-829-8752,,,N,N,N,N,N,N,N,N,N,N,N,N,N,N,N,N,N,,,N,N,N,N,N,N,N,N,Y,N,N,2026-05-17,https://inspections.vcha.ca/ChildCare/Table,N,Y,N,Red Apple Montessori Child Care<br>Licensed Family<br>778-829-8752<br><br>Vacancy:<br>&nbsp;&nbsp;&nbsp;&nbsp;<36 months: N<br>&nbsp;&nbsp;&nbsp;&nbsp;30 months -- 5 years: Y<br>&nbsp;&nbsp;&nbsp;&nbsp;Preschool: N<br>&nbsp;&nbsp;&nbsp;&nbsp;Grade 1 - Age 12: N<br>
5422,Licensed Family,Family First Child Care,83 Battleford Ave,,Victoria,V8Z 1K5,48.455913,-123.382395,250-893-3980,,,N,N,N,N,N,N,N,N,N,N,N,N,N,N,N,N,N,,,N,N,N,N,N,N,N,N,N,N,N,2026-05-15,https://www.healthspace.ca/clients/viha/viha_website.nsf/CCFL-Main?OpenView,N,Y,N,Family First Child Care<br>Licensed Family<br>250-893-3980<br><br>Vacancy:<br>&nbsp;&nbsp;&nbsp;&nbsp;<36 months: N<br>&nbsp;&nbsp;&nbsp;&nbsp;30 months -- 5 years: N<br>&nbsp;&nbsp;&nbsp;&nbsp;Preschool: N<br>&nbsp;&nbsp;&nbsp;&nbsp;Grade 1 - Age 12: N<br>
5423,Licensed Family,Happiness Starts Here Childcare Centre,18720 66 Ave,,Surrey,V3S 0T1,49.122398,-122.703713,604-576-5706,,,N,N,N,N,N,N,N,N,N,N,N,N,N,N,N,N,N,,,N,N,N,N,N,N,N,N,N,N,N,2026-05-18,http://www.healthspace.ca/fha/childcare,N,Y,N,Happiness Starts Here Childcare Centre<br>Licensed Family<br>604-576-5706<br><br>Vacancy:<br>&nbsp;&nbsp;&nbsp;&nbsp;<36 months: N<br>&nbsp;&nbsp;&nbsp;&nbsp;30 months -- 5 years: N<br>&nbsp;&nbsp;&nbsp;&nbsp;Preschool: N<br>&nbsp;&nbsp;&nbsp;&nbsp;Grade 1 - Age 12: N<br>
5424,Licensed Family,A B Children Family Daycare,7857 211B St,,Langley,V2Y 0H5,49.145176,-122.636262,778-829-5905,,,N,N,N,N,N,N,N,N,N,N,N,N,N,N,N,N,N,,,N,N,N,N,N,N,N,Y,N,N,N,2026-05-05,http://www.healthspace.ca/fha/childcare,N,Y,N,A B Children Family Daycare<br>Licensed Family<br>778-829-5905<br><br>Vacancy:<br>&nbsp;&nbsp;&nbsp;&nbsp;<36 months: Y<br>&nbsp;&nbsp;&nbsp;&nbsp;30 months -- 5 years: N<br>&nbsp;&nbsp;&nbsp;&nbsp;Preschool: N<br>&nbsp;&nbsp;&nbsp;&nbsp;Grade 1 - Age 12: N<br>
5425,Licensed Group,Able Child Academy Early Learning Ltd,2200 Austin Ave,,Coquitlam,V3K 3S1,49.247891,-122.833196,778-877-6831,,,N,N,N,N,N,N,N,N,N,N,N,N,N,N,N,N,N,,,N,N,N,N,N,N,N,Y,Y,N,N,2026-04-16,http://www.healthspace.ca/fha/childcare,N,Y,N,Able Child Academy Early Learning Ltd<br>Licensed Group<br>778-877-6831<br><br>Vacancy:<br>&nbsp;&nbsp;&nbsp;&nbsp;<36 months: Y<br>&nbsp;&nbsp;&nbsp;&nbsp;30 months -- 5 years: Y<br>&nbsp;&nbsp;&nbsp;&nbsp;Preschool: N<br>&nbsp;&nbsp;&nbsp;&nbsp;Grade 1 - Age 12: N<br>
5426,Licensed Group,Smile N Learn Childcare,15699 81 Ave,,Surrey,V4N 0X6,49.150202,-122.787328,778-919-6153,,,N,N,N,N,N,N,N,N,N,N,N,N,N,N,N,N,N,,,N,N,N,N,N,N,N,N,N,N,N,2026-05-20,http://www.healthspace.ca/fha/childcare,N,Y,N,Smile N Learn Childcare<br>Licensed Group<br>778-919-6153<br><br>Vacancy:<br>&nbsp;&nbsp;&nbsp;&nbsp;<36 months: N<br>&nbsp;&nbsp;&nbsp;&nbsp;30 months -- 5 years: N<br>&nbsp;&nbsp;&nbsp;&nbsp;Preschool: N<br>&nbsp;&nbsp;&nbsp;&nbsp;Grade 1 - Age 12: N<br>
5427,Licensed Group,Kids And Company - Group Day Care,200 3851 Shell Rd,,Richmond,V6X 2W2,49.185785,-123.103267,416-938-8024,,,N,N,N,N,N,N,N,N,N,N,N,N,N,N,N,N,N,Not offered,Not offered,N,N,N,N,N,N,N,N,N,N,N,2026-05-10,https://inspections.vcha.ca/ChildCare/Table,N,N,Y,Kids And Company - Group Day Care<br>Licensed Group<br>416-938-8024<br><br>Vacancy:<br>&nbsp;&nbsp;&nbsp;&nbsp;<36 months: N<br>&nbsp;&nbsp;&nbsp;&nbsp;30 months -- 5 years: N<br>&nbsp;&nbsp;&nbsp;&nbsp;Preschool: N<br>&nbsp;&nbsp;&nbsp;&nbsp;Grade 1 - Age 12: N<br>
5428,Licensed Group,Kids And Company - Group Day Care,200 3851 Shell Rd,,Richmond,V6X 2W2,49.185785,-123.103267,416-938-8024,,,N,N,N,N,N,N,N,N,N,N,N,N,N,N,N,N,N,Not offered,Not offered,N,N,N,N,N,N,N,N,N,N,N,2026-05-10,https://inspections.vcha.ca/ChildCare/Table,N,Y,Y,Kids And Company - Group Day Care<br>Licensed Group<br>416-938-8024<br><br>Vacancy:<br>&nbsp;&nbsp;&nbsp;&nbsp;<36 months: N<br>&nbsp;&nbsp;&nbsp;&nbsp;30 months -- 5 years: N<br>&nbsp;&nbsp;&nbsp;&nbsp;Preschool: N<br>&nbsp;&nbsp;&nbsp;&nbsp;Grade 1 - Age 12: N<br>
5429,Licensed Group,Kids & Company North Vancouver,1035 Marine Dr,,North Vancouver,V7P 1S6,49.323785,-123.102915,416-938-8024,,,N,N,N,N,N,N,N,N,N,N,N,N,N,N,N,N,N,Not offered,Not offered,N,N,N,N,N,N,N,N,Y,N,N,2026-05-10,https://inspections.vcha.ca/ChildCare/Table,N,Y,N,Kids & Company North Vancouver<br>Licensed Group<br>416-938-8024<br><br>Vacancy:<br>&nbsp;&nbsp;&nbsp;&nbsp;<36 months: N<br>&nbsp;&nbsp;&nbsp;&nbsp;30 months -- 5 years: Y<br>&nbsp;&nbsp;&nbsp;&nbsp;Preschool: N<br>&nbsp;&nbsp;&nbsp;&nbsp;Grade 1 - Age 12: N<br>
5430,Licensed Group,Kids And Company North Vancouver (30 Months To School Age),1035 Marine Dr,,North Vancouver,V7P 3C4,49.323785,-123.102915,416-938-8024,,,N,N,N,N,N,N,N,N,N,N,N,N,N,N,N,N,N,Not offered,Not offered,N,N,N,N,N,N,N,Y,N,N,N,2026-05-10,https://inspections.vcha.ca/ChildCare/Table,N,N,N,Kids And Company North Vancouver (30 Months To School Age)<br>Licensed Group<br>416-938-8024<br><br>Vacancy:<br>&nbsp;&nbsp;&nbsp;&nbsp;<36 months: Y<br>&nbsp;&nbsp;&nbsp;&nbsp;30 months -- 5 years: N<br>&nbsp;&nbsp;&nbsp;&nbsp;Preschool: N<br>&nbsp;&nbsp;&nbsp;&nbsp;Grade 1 - Age 12: N<br>
5431,Licensed Group,Kids & Company Victoria,131 3500 Uptown Blvd,,Victoria,V8Z 0B9,48.454483,-123.374665,416-938-8024,,,N,N,N,N,N,N,N,N,N,N,N,N,N,N,N,N,N,Not offered,Not offered,N,N,N,N,N,N,N,N,Y,N,N,2026-05-10,https://www.healthspace.ca/clients/viha/viha_website.nsf/CCFL-Main?OpenView,N,Y,N,Kids & Company Victoria<br>Licensed Group<br>416-938-8024<br><br>Vacancy:<br>&nbsp;&nbsp;&nbsp;&nbsp;<36 months: N<br>&nbsp;&nbsp;&nbsp;&nbsp;30 months -- 5 years: Y<br>&nbsp;&nbsp;&nbsp;&nbsp;Preschool: N<br>&nbsp;&nbsp;&nbsp;&nbsp;Grade 1 - Age 12: N<br>
5432,Licensed Group,Kids And Company - Vancouver West (Gdc<3),910 W 6 Ave,,Vancouver,V5Z 1B2,49.265711,-123.12467,416-938-8024,,,N,N,N,N,N,N,N,N,N,N,N,N,N,N,N,N,N,Not offered,Not offered,N,N,N,N,N,N,N,N,N,N,N,2026-05-10,https://inspections.vcha.ca/ChildCare/Table,N,Y,N,Kids And Company - Vancouver West (Gdc<3)<br>Licensed Group<br>416-938-8024<br><br>Vacancy:<br>&nbsp;&nbsp;&nbsp;&nbsp;<36 months: N<br>&nbsp;&nbsp;&nbsp;&nbsp;30 months -- 5 years: N<br>&nbsp;&nbsp;&nbsp;&nbsp;Preschool: N<br>&nbsp;&nbsp;&nbsp;&nbsp;Grade 1 - Age 12: N<br>
5433,Licensed Group,Kids And Company - Vancouver West (Gdc 3-5),910 W 6 Ave,,Vancouver,V5Z 1B2,49.265711,-123.12467,416-938-8024,,,N,N,N,N,N,N,N,N,N,N,N,N,N,N,N,N,N,Not offered,Not offered,N,N,N,N,N,N,N,N,N,N,N,2026-05-10,https://inspections.vcha.ca/ChildCare/Table,N,N,N,Kids And Company - Vancouver West (Gdc 3-5)<br>Licensed Group<br>416-938-8024<br><br>Vacancy:<br>&nbsp;&nbsp;&nbsp;&nbsp;<36 months: N<br>&nbsp;&nbsp;&nbsp;&nbsp;30 months -- 5 years: N<br>&nbsp;&nbsp;&nbsp;&nbsp;Preschool: N<br>&nbsp;&nbsp;&nbsp;&nbsp;Grade 1 - Age 12: N<br>
5434,Licensed Group,Kids And Company - Vancouver West (School Age),910 W 6Th Ave,,Vancouver,V5Z 1B2,49.265711,-123.12467,416-938-8024,,,N,N,N,N,N,N,N,N,N,N,N,N,N,N,N,N,N,Not offered,Not offered,N,N,N,N,N,N,N,N,N,N,N,2026-05-10,https://inspections.vcha.ca/ChildCare/Table,N,Y,N,Kids And Company - Vancouver West (School Age)<br>Licensed Group<br>416-938-8024<br><br>Vacancy:<br>&nbsp;&nbsp;&nbsp;&nbsp;<36 months: N<br>&nbsp;&nbsp;&nbsp;&nbsp;30 months -- 5 years: N<br>&nbsp;&nbsp;&nbsp;&nbsp;Preschool: N<br>&nbsp;&nbsp;&nbsp;&nbsp;Grade 1 - Age 12: N<br>
5435,Licensed Group,Kids & Company Langley,8506 200Th St,,Langley,V2Y 0M1,49.157507,-122.667021,416-938-8024,,,N,N,N,N,N,N,N,N,N,N,N,N,N,N,N,N,N,Not offered,Not offered,N,N,N,N,N,N,N,Y,Y,N,N,2026-05-10,http://www.healthspace.ca/fha/childcare,N,Y,N,Kids & Company Langley<br>Licensed Group<br>416-938-8024<br><br>Vacancy:<br>&nbsp;&nbsp;&nbsp;&nbsp;<36 months: Y<br>&nbsp;&nbsp;&nbsp;&nbsp;30 months -- 5 years: Y<br>&nbsp;&nbsp;&nbsp;&nbsp;Preschool: N<br>&nbsp;&nbsp;&nbsp;&nbsp;Grade 1 - Age 12: N<br>
5436,Licensed Group,Kids & Company New Westminster,109 - 274 Nelson's Ct,,New Westminster,V3L 0E3,49.224554,-122.891343,416-938-8024,,,N,N,N,N,N,N,N,N,N,N,N,N,N,N,N,N,N,Not offered,Not offered,N,N,N,N,N,N,N,N,N,N,N,2026-05-10,http://www.healthspace.ca/fha/childcare,N,Y,N,Kids & Company New Westminster<br>Licensed Group<br>416-938-8024<br><br>Vacancy:<br>&nbsp;&nbsp;&nbsp;&nbsp;<36 months: N<br>&nbsp;&nbsp;&nbsp;&nbsp;30 months -- 5 years: N<br>&nbsp;&nbsp;&nbsp;&nbsp;Preschool: N<br>&nbsp;&nbsp;&nbsp;&nbsp;Grade 1 - Age 12: N<br>
5437,Licensed Group,Kids And Company Langford,Building D 965 Langford Parkway,,Victoria,V9B 4V5,48.442354,-123.513389,416-938-8024,,,N,N,N,N,N,N,N,N,N,N,N,N,N,N,N,N,N,Not offered,Not offered,N,N,N,N,N,N,N,N,N,N,N,2026-05-10,https://www.healthspace.ca/clients/viha/viha_website.nsf/CCFL-Main?OpenView,N,Y,N,Kids And Company Langford<br>Licensed Group<br>416-938-8024<br><br>Vacancy:<br>&nbsp;&nbsp;&nbsp;&nbsp;<36 months: N<br>&nbsp;&nbsp;&nbsp;&nbsp;30 months -- 5 years: N<br>&nbsp;&nbsp;&nbsp;&nbsp;Preschool: N<br>&nbsp;&nbsp;&nbsp;&nbsp;Grade 1 - Age 12: N<br>
5438,Licensed Group,Kids And Company Kamloops,702 1801 Princeton Kamloops Hwy,,Kamloops,V2E 2J7,50.652591,-120.366741,416-938-8024,,,N,N,N,N,N,N,N,N,N,N,N,N,N,N,N,N,N,Not offered,Not offered,N,N,N,N,N,N,N,Y,Y,N,N,2026-05-10,https://hedgehogportal.interiorhealth.ca/ChildCare/Map,N,Y,N,Kids And Company Kamloops<br>Licensed Group<br>416-938-8024<br><br>Vacancy:<br>&nbsp;&nbsp;&nbsp;&nbsp;<36 months: Y<br>&nbsp;&nbsp;&nbsp;&nbsp;30 months -- 5 years: Y<br>&nbsp;&nbsp;&nbsp;&nbsp;Preschool: N<br>&nbsp;&nbsp;&nbsp;&nbsp;Grade 1 - Age 12: N<br>
5439,Licensed Family,Little Star Montessori Daycare Centre,9660 150A St,,Surrey,V3R 7M3,49.177965,-122.805067,604-729-9365,,,N,N,N,N,N,N,N,N,N,N,N,N,N,N,N,N,N,,,N,N,N,N,N,N,N,N,N,N,N,2026-05-15,http://www.healthspace.ca/fha/childcare,N,Y,N,Little Star Montessori Daycare Centre<br>Licensed Family<br>604-729-9365<br><br>Vacancy:<br>&nbsp;&nbsp;&nbsp;&nbsp;<36 months: N<br>&nbsp;&nbsp;&nbsp;&nbsp;30 months -- 5 years: N<br>&nbsp;&nbsp;&nbsp;&nbsp;Preschool: N<br>&nbsp;&nbsp;&nbsp;&nbsp;Grade 1 - Age 12: N<br>
5440,Licensed Family,Happy Kid Family Child Care,6569 193B St,,Surrey,V4N 5R1,49.12318,-122.686532,604-533-6504,,,N,N,N,N,N,N,N,N,N,N,N,N,N,N,N,N,N,,,N,N,N,N,N,N,N,N,N,N,N,2026-05-15,http://www.healthspace.ca/fha/childcare,N,Y,N,Happy Kid Family Child Care<br>Licensed Family<br>604-533-6504<br><br>Vacancy:<br>&nbsp;&nbsp;&nbsp;&nbsp;<36 months: N<br>&nbsp;&nbsp;&nbsp;&nbsp;30 months -- 5 years: N<br>&nbsp;&nbsp;&nbsp;&nbsp;Preschool: N<br>&nbsp;&nbsp;&nbsp;&nbsp;Grade 1 - Age 12: N<br>
5441,Licensed Family,Harmony Family Childcare,7750 Newcombe St,,Burnaby,V3N 3W4,49.226981,-122.919451,604-524-2499,,,N,N,N,N,N,N,N,N,N,N,N,N,N,N,N,N,N,,,N,N,N,N,N,N,N,Y,N,N,N,2026-04-18,http://www.healthspace.ca/fha/childcare,N,Y,N,Harmony Family Childcare<br>Licensed Family<br>604-524-2499<br><br>Vacancy:<br>&nbsp;&nbsp;&nbsp;&nbsp;<36 months: Y<br>&nbsp;&nbsp;&nbsp;&nbsp;30 months -- 5 years: N<br>&nbsp;&nbsp;&nbsp;&nbsp;Preschool: N<br>&nbsp;&nbsp;&nbsp;&nbsp;Grade 1 - Age 12: N<br>
5442,Licensed Group,Renaissance Kids School Age Program # 1,1-12491 No. 2 Rd,,Richmond,V7E 3M3,49.122897,-123.160749,604-241-0141,,,N,N,N,N,N,N,N,N,N,N,N,N,N,N,N,N,N,,,N,N,N,N,N,N,N,N,N,N,N,2026-05-15,https://inspections.vcha.ca/ChildCare/Table,N,Y,N,Renaissance Kids School Age Program # 1<br>Licensed Group<br>604-241-0141<br><br>Vacancy:<br>&nbsp;&nbsp;&nbsp;&nbsp;<36 months: N<br>&nbsp;&nbsp;&nbsp;&nbsp;30 months -- 5 years: N<br>&nbsp;&nbsp;&nbsp;&nbsp;Preschool: N<br>&nbsp;&nbsp;&nbsp;&nbsp;Grade 1 - Age 12: N<br>
5443,Licensed Family,Anahid Childcare,904  -1000 Beach Ave,,Vancouver,V6E 4M2,49.275577,-123.134335,778-373-0329,,,N,N,N,N,N,N,N,N,N,N,N,N,N,N,N,N,N,,,N,N,N,N,N,N,N,N,Y,N,N,2026-05-15,https://inspections.vcha.ca/ChildCare/Table,N,Y,N,Anahid Childcare<br>Licensed Family<br>778-373-0329<br><br>Vacancy:<br>&nbsp;&nbsp;&nbsp;&nbsp;<36 months: N<br>&nbsp;&nbsp;&nbsp;&nbsp;30 months -- 5 years: Y<br>&nbsp;&nbsp;&nbsp;&nbsp;Preschool: N<br>&nbsp;&nbsp;&nbsp;&nbsp;Grade 1 - Age 12: N<br>
5444,Licensed Family,Ladybug Child Care & Learning Centre,10200 Seacote Rd,,Richmond,V7A 4B2,49.138869,-123.097883,778-995-9893,,,N,N,N,N,N,N,N,N,N,N,N,N,N,N,N,N,N,,,N,N,N,N,N,N,N,Y,Y,N,N,2026-05-15,https://inspections.vcha.ca/ChildCare/Table,N,Y,N,Ladybug Child Care & Learning Centre<br>Licensed Family<br>778-995-9893<br><br>Vacancy:<br>&nbsp;&nbsp;&nbsp;&nbsp;<36 months: Y<br>&nbsp;&nbsp;&nbsp;&nbsp;30 months -- 5 years: Y<br>&nbsp;&nbsp;&nbsp;&nbsp;Preschool: N<br>&nbsp;&nbsp;&nbsp;&nbsp;Grade 1 - Age 12: N<br>
5445,Licensed Group,Wundoroo Academy Inc. Surrey,114-7500 120 St,,Surrey,V3W 3N1,49.139113,-122.8893,778-886-0393,,,N,N,N,N,N,N,N,N,N,N,N,N,N,N,N,N,N,,,N,N,N,N,N,N,N,Y,N,N,N,2026-04-24,http://www.healthspace.ca/fha/childcare,N,Y,N,Wundoroo Academy Inc. Surrey<br>Licensed Group<br>778-886-0393<br><br>Vacancy:<br>&nbsp;&nbsp;&nbsp;&nbsp;<36 months: Y<br>&nbsp;&nbsp;&nbsp;&nbsp;30 months -- 5 years: N<br>&nbsp;&nbsp;&nbsp;&nbsp;Preschool: N<br>&nbsp;&nbsp;&nbsp;&nbsp;Grade 1 - Age 12: N<br>
5446,Licensed Group,Surrey Christian School Early Learning Centre - Fleetwood,8888 162 St,Rear,Surrey,V4N 3G1,49.164251,-122.772943,604-581-7073,,,N,N,N,N,N,N,N,N,N,N,N,N,N,N,N,N,N,,,N,N,N,N,N,N,N,N,Y,N,Y,2026-04-21,http://www.healthspace.ca/fha/childcare,N,Y,N,Surrey Christian School Early Learning Centre - Fleetwood<br>Licensed Group<br>604-581-7073<br><br>Vacancy:<br>&nbsp;&nbsp;&nbsp;&nbsp;<36 months: N<br>&nbsp;&nbsp;&nbsp;&nbsp;30 months -- 5 years: Y<br>&nbsp;&nbsp;&nbsp;&nbsp;Preschool: N<br>&nbsp;&nbsp;&nbsp;&nbsp;Grade 1 - Age 12: Y<br>
5447,Licensed Group,Early Years Preschool,448 Connaught St,,Vanderhoof,V0J 3A0,54.017015,-123.997932,250-524-0238,,,,,,,,,,,,,,,,,,,,,,,,,,,,,,,,,,,Y,Y,N,Early Years Preschool<br>Licensed Group<br>250-524-0238<br><br>Vacancy:<br>&nbsp;&nbsp;&nbsp;&nbsp;<36 months: None<br>&nbsp;&nbsp;&nbsp;&nbsp;30 months -- 5 years: None<br>&nbsp;&nbsp;&nbsp;&nbsp;Preschool: None<br>&nbsp;&nbsp;&nbsp;&nbsp;Grade 1 - Age 12: None<br>
5448,Licensed Group,Precious Steps Academy,8391 Osgoode Dr,,Richmond,V7A 4M3,49.147237,-123.132027,604-447-3901,,,N,N,N,N,N,N,N,N,N,N,N,N,N,N,N,N,N,,,N,N,N,N,N,N,N,N,N,N,N,2026-04-30,https://inspections.vcha.ca/ChildCare/Table,N,Y,N,Precious Steps Academy<br>Licensed Group<br>604-447-3901<br><br>Vacancy:<br>&nbsp;&nbsp;&nbsp;&nbsp;<36 months: N<br>&nbsp;&nbsp;&nbsp;&nbsp;30 months -- 5 years: N<br>&nbsp;&nbsp;&nbsp;&nbsp;Preschool: N<br>&nbsp;&nbsp;&nbsp;&nbsp;Grade 1 - Age 12: N<br>
5449,Licensed Group,Gilpin Neighbourhood Care,5433 Ivar Pl,,Burnaby,V5G 2C6,49.24298,-122.985603,604-298-5355,,,N,N,N,N,N,N,N,N,N,N,N,N,N,N,N,N,N,,,N,N,N,N,N,N,N,N,N,Y,Y,2026-05-14,http://www.healthspace.ca/fha/childcare,N,Y,N,Gilpin Neighbourhood Care<br>Licensed Group<br>604-298-5355<br><br>Vacancy:<br>&nbsp;&nbsp;&nbsp;&nbsp;<36 months: N<br>&nbsp;&nbsp;&nbsp;&nbsp;30 months -- 5 years: N<br>&nbsp;&nbsp;&nbsp;&nbsp;Preschool: Y<br>&nbsp;&nbsp;&nbsp;&nbsp;Grade 1 - Age 12: Y<br>
5450,Licensed Group,Cefa Meadowtown,115-19800 Lougheed Hwy,,Pitt Meadows,V3Y 2W1,49.221454,-122.671706,778-835-0083,,,N,N,N,N,N,N,N,N,N,N,N,N,N,N,N,N,N,,,N,N,N,N,N,N,N,Y,Y,N,N,2026-04-16,http://www.healthspace.ca/fha/childcare,N,Y,N,Cefa Meadowtown<br>Licensed Group<br>778-835-0083<br><br>Vacancy:<br>&nbsp;&nbsp;&nbsp;&nbsp;<36 months: Y<br>&nbsp;&nbsp;&nbsp;&nbsp;30 months -- 5 years: Y<br>&nbsp;&nbsp;&nbsp;&nbsp;Preschool: N<br>&nbsp;&nbsp;&nbsp;&nbsp;Grade 1 - Age 12: N<br>
5451,Licensed Family,Blue Skies & Butterflies Family Child Care,7685 Bell Rd,,Port Alberni,V9Y 9E6,49.283852,-124.888594,250-731-7052,,,N,N,N,N,N,N,N,N,N,N,N,N,N,N,N,N,N,,,N,N,N,N,N,N,N,N,N,N,N,2026-05-16,https://www.healthspace.ca/clients/viha/viha_website.nsf/CCFL-Main?OpenView,N,Y,N,Blue Skies & Butterflies Family Child Care<br>Licensed Family<br>250-731-7052<br><br>Vacancy:<br>&nbsp;&nbsp;&nbsp;&nbsp;<36 months: N<br>&nbsp;&nbsp;&nbsp;&nbsp;30 months -- 5 years: N<br>&nbsp;&nbsp;&nbsp;&nbsp;Preschool: N<br>&nbsp;&nbsp;&nbsp;&nbsp;Grade 1 - Age 12: N<br>
5452,Licensed Group,Qualicum First Nation Childcare Centre,303 Salish Way,,Qualicum Beach,V9K 1Z5,49.397489,-124.615134,250-937-6462,,,N,N,N,N,N,N,N,N,N,N,N,N,N,N,N,N,N,,,N,N,N,N,N,N,N,N,N,N,N,2026-03-05,https://www.healthspace.ca/clients/viha/viha_website.nsf/CCFL-Main?OpenView,N,Y,N,Qualicum First Nation Childcare Centre<br>Licensed Group<br>250-937-6462<br><br>Vacancy:<br>&nbsp;&nbsp;&nbsp;&nbsp;<36 months: N<br>&nbsp;&nbsp;&nbsp;&nbsp;30 months -- 5 years: N<br>&nbsp;&nbsp;&nbsp;&nbsp;Preschool: N<br>&nbsp;&nbsp;&nbsp;&nbsp;Grade 1 - Age 12: N<br>
5453,Licensed Group,Little Hands Child Care Humboldt,792 Humboldt St,,Victoria,V8W 4A1,48.420983,-123.363779,250-634-4872,,,N,N,N,N,N,N,N,N,N,N,N,N,N,N,N,N,N,,,N,N,N,N,N,N,N,N,Y,N,N,2026-05-04,https://www.healthspace.ca/clients/viha/viha_website.nsf/CCFL-Main?OpenView,N,Y,N,Little Hands Child Care Humboldt<br>Licensed Group<br>250-634-4872<br><br>Vacancy:<br>&nbsp;&nbsp;&nbsp;&nbsp;<36 months: N<br>&nbsp;&nbsp;&nbsp;&nbsp;30 months -- 5 years: Y<br>&nbsp;&nbsp;&nbsp;&nbsp;Preschool: N<br>&nbsp;&nbsp;&nbsp;&nbsp;Grade 1 - Age 12: N<br>
5454,Licensed Group,Coast Meridian Montessori Pre-School Ltd,1730 Coquitlam Ave,,Port Coquitlam,V3B 1H7,49.267341,-122.762592,604-649-0543,,,N,N,N,N,N,N,N,N,N,N,N,N,N,N,N,N,N,,,N,N,N,N,N,N,N,N,Y,Y,Y,2026-05-01,http://www.healthspace.ca/fha/childcare,N,Y,N,Coast Meridian Montessori Pre-School Ltd<br>Licensed Group<br>604-649-0543<br><br>Vacancy:<br>&nbsp;&nbsp;&nbsp;&nbsp;<36 months: N<br>&nbsp;&nbsp;&nbsp;&nbsp;30 months -- 5 years: Y<br>&nbsp;&nbsp;&nbsp;&nbsp;Preschool: Y<br>&nbsp;&nbsp;&nbsp;&nbsp;Grade 1 - Age 12: Y<br>
5455,Licensed Family,Braemar Daycare,709 Braemar Rd E,,North Vancouver,V7N 4G1,49.345157,-123.055164,604-783-0907,www.braemardaycare.ca,,N,N,N,N,N,N,N,N,N,N,N,N,N,N,N,N,N,,,N,N,N,N,N,N,N,N,N,N,N,2026-05-01,https://inspections.vcha.ca/ChildCare/Table,N,Y,N,Braemar Daycare<br>Licensed Family<br>604-783-0907<br><br>Vacancy:<br>&nbsp;&nbsp;&nbsp;&nbsp;<36 months: N<br>&nbsp;&nbsp;&nbsp;&nbsp;30 months -- 5 years: N<br>&nbsp;&nbsp;&nbsp;&nbsp;Preschool: N<br>&nbsp;&nbsp;&nbsp;&nbsp;Grade 1 - Age 12: N<br>
5456,Licensed Group,Creative Edge School Of Arts Ltd.,300-3033 Immel St,,Abbotsford,V2S 6S2,49.057177,-122.273425,604-855-3343,,,N,N,N,N,N,N,N,N,N,N,N,N,N,N,N,N,N,,,N,N,N,N,N,N,N,N,N,Y,Y,2026-04-27,http://www.healthspace.ca/fha/childcare,N,Y,N,Creative Edge School Of Arts Ltd.<br>Licensed Group<br>604-855-3343<br><br>Vacancy:<br>&nbsp;&nbsp;&nbsp;&nbsp;<36 months: N<br>&nbsp;&nbsp;&nbsp;&nbsp;30 months -- 5 years: N<br>&nbsp;&nbsp;&nbsp;&nbsp;Preschool: Y<br>&nbsp;&nbsp;&nbsp;&nbsp;Grade 1 - Age 12: Y<br>
5457,Licensed Group,Veritas School After-School Care,4836 Straume Ave,,Terrace,V8G 4G3,54.524216,-128.604506,250-635-3035,,,N,N,N,N,N,N,N,N,N,N,N,N,N,N,N,N,N,,,N,N,N,N,N,N,N,N,N,N,Y,2026-05-12,https://www.healthspace.ca/Clients/NHA/NHA_Website.nsf/CCFL-Frameset,N,Y,N,Veritas School After-School Care<br>Licensed Group<br>250-635-3035<br><br>Vacancy:<br>&nbsp;&nbsp;&nbsp;&nbsp;<36 months: N<br>&nbsp;&nbsp;&nbsp;&nbsp;30 months -- 5 years: N<br>&nbsp;&nbsp;&nbsp;&nbsp;Preschool: N<br>&nbsp;&nbsp;&nbsp;&nbsp;Grade 1 - Age 12: Y<br>
5458,Licensed Group,Sprout-Up Preschool,4830 Straume Ave,,Terrace,V8G 4G3,54.525078,-128.603586,250-635-3035,,,N,N,N,N,N,N,N,N,N,N,N,N,N,N,N,N,N,,,N,N,N,N,N,N,N,N,N,Y,N,2026-05-12,https://www.healthspace.ca/Clients/NHA/NHA_Website.nsf/CCFL-Frameset,N,Y,N,Sprout-Up Preschool<br>Licensed Group<br>250-635-3035<br><br>Vacancy:<br>&nbsp;&nbsp;&nbsp;&nbsp;<36 months: N<br>&nbsp;&nbsp;&nbsp;&nbsp;30 months -- 5 years: N<br>&nbsp;&nbsp;&nbsp;&nbsp;Preschool: Y<br>&nbsp;&nbsp;&nbsp;&nbsp;Grade 1 - Age 12: N<br>
5459,Licensed Family,Adventure Island Childcare,4355 Okano Pl,,Victoria,V8N 5G7,48.485206,-123.327544,250-857-1217,www.adventureislandchildcare.com,,N,N,N,N,N,N,N,N,N,N,N,N,N,N,N,N,N,,,N,N,N,N,N,N,N,N,N,N,N,2026-05-14,https://www.healthspace.ca/clients/viha/viha_website.nsf/CCFL-Main?OpenView,N,N,N,Adventure Island Childcare<br>Licensed Family<br>250-857-1217<br><br>Vacancy:<br>&nbsp;&nbsp;&nbsp;&nbsp;<36 months: N<br>&nbsp;&nbsp;&nbsp;&nbsp;30 months -- 5 years: N<br>&nbsp;&nbsp;&nbsp;&nbsp;Preschool: N<br>&nbsp;&nbsp;&nbsp;&nbsp;Grade 1 - Age 12: N<br>
5460,Licensed Group,Creative Clubhouse Childcare Inc,12642 100 Ave,,Surrey,V3V 2X7,49.184318,-122.872177,778-938-4889,,,N,N,N,N,N,N,N,N,N,N,N,N,N,N,N,N,N,,,N,N,N,N,N,N,N,N,N,N,Y,2026-05-01,http://www.healthspace.ca/fha/childcare,N,Y,N,Creative Clubhouse Childcare Inc<br>Licensed Group<br>778-938-4889<br><br>Vacancy:<br>&nbsp;&nbsp;&nbsp;&nbsp;<36 months: N<br>&nbsp;&nbsp;&nbsp;&nbsp;30 months -- 5 years: N<br>&nbsp;&nbsp;&nbsp;&nbsp;Preschool: N<br>&nbsp;&nbsp;&nbsp;&nbsp;Grade 1 - Age 12: Y<br>
5461,Licensed Group,Brightstart Children's Academy Ltd,2830 Bainbridge Ave,,Burnaby,V5A 3W7,49.259247,-122.95539,778-883-0529,,,N,N,N,N,N,N,N,N,N,N,N,N,N,N,N,N,N,Not offered,Not offered,N,N,N,N,N,N,N,N,N,N,N,2026-05-11,http://www.healthspace.ca/fha/childcare,N,Y,N,Brightstart Children's Academy Ltd<br>Licensed Group<br>778-883-0529<br><br>Vacancy:<br>&nbsp;&nbsp;&nbsp;&nbsp;<36 months: N<br>&nbsp;&nbsp;&nbsp;&nbsp;30 months -- 5 years: N<br>&nbsp;&nbsp;&nbsp;&nbsp;Preschool: N<br>&nbsp;&nbsp;&nbsp;&nbsp;Grade 1 - Age 12: N<br>
5462,Licensed Family,Flowers Family Child Care,2977 Coast Meridian Rd,,Port Coquitlam,V3B 3M7,49.26661,-122.756487,604-710-8815,,,N,N,N,N,N,N,N,N,N,N,N,N,N,N,N,N,N,,,N,N,N,N,N,N,N,N,N,N,N,2026-05-18,http://www.healthspace.ca/fha/childcare,N,Y,N,Flowers Family Child Care<br>Licensed Family<br>604-710-8815<br><br>Vacancy:<br>&nbsp;&nbsp;&nbsp;&nbsp;<36 months: N<br>&nbsp;&nbsp;&nbsp;&nbsp;30 months -- 5 years: N<br>&nbsp;&nbsp;&nbsp;&nbsp;Preschool: N<br>&nbsp;&nbsp;&nbsp;&nbsp;Grade 1 - Age 12: N<br>
5463,Licensed Group,Kermode Friendship Society Aboriginal Headstart,102 3313 Kalum St,,Terrace,V8G 2N7,54.519961,-128.587525,250-635-4906,,,N,N,N,N,N,N,N,N,N,N,N,N,N,N,N,N,N,,,N,N,N,N,N,N,N,N,N,Y,N,2026-04-21,https://www.healthspace.ca/Clients/NHA/NHA_Website.nsf/CCFL-Frameset,N,Y,N,Kermode Friendship Society Aboriginal Headstart<br>Licensed Group<br>250-635-4906<br><br>Vacancy:<br>&nbsp;&nbsp;&nbsp;&nbsp;<36 months: N<br>&nbsp;&nbsp;&nbsp;&nbsp;30 months -- 5 years: N<br>&nbsp;&nbsp;&nbsp;&nbsp;Preschool: Y<br>&nbsp;&nbsp;&nbsp;&nbsp;Grade 1 - Age 12: N<br>
5464,Licensed Family,Little Owls Family Daycare,590 Nason St,,Quesnel,V2J 3A1,52.984131,-122.473953,250-992-0143,,,N,N,N,N,N,N,N,N,N,N,N,N,N,N,N,N,N,,,N,N,N,N,N,N,N,N,N,N,N,2026-05-14,https://www.healthspace.ca/Clients/NHA/NHA_Website.nsf/CCFL-Frameset,N,Y,N,Little Owls Family Daycare<br>Licensed Family<br>250-992-0143<br><br>Vacancy:<br>&nbsp;&nbsp;&nbsp;&nbsp;<36 months: N<br>&nbsp;&nbsp;&nbsp;&nbsp;30 months -- 5 years: N<br>&nbsp;&nbsp;&nbsp;&nbsp;Preschool: N<br>&nbsp;&nbsp;&nbsp;&nbsp;Grade 1 - Age 12: N<br>
5465,Licensed Family,Peanuts Family Daycare,7140 196A St,,Langley,V2Y 2Z9,49.132393,-122.678497,604-534-5851,,,N,N,N,N,N,N,N,N,N,N,N,N,N,N,N,N,N,,,N,N,N,N,N,N,N,N,N,N,N,2026-05-15,http://www.healthspace.ca/fha/childcare,N,Y,N,Peanuts Family Daycare<br>Licensed Family<br>604-534-5851<br><br>Vacancy:<br>&nbsp;&nbsp;&nbsp;&nbsp;<36 months: N<br>&nbsp;&nbsp;&nbsp;&nbsp;30 months -- 5 years: N<br>&nbsp;&nbsp;&nbsp;&nbsp;Preschool: N<br>&nbsp;&nbsp;&nbsp;&nbsp;Grade 1 - Age 12: N<br>
5466,Licensed Group,Petits Genies,1600 Delta Ave,,Burnaby,V5B 3G2,49.270106,-122.99213,604-788-0901,,,N,N,N,N,N,N,N,N,N,N,N,N,N,N,N,N,N,,,N,N,N,N,N,N,N,Y,Y,N,N,2026-05-04,http://www.healthspace.ca/fha/childcare,N,Y,N,Petits Genies<br>Licensed Group<br>604-788-0901<br><br>Vacancy:<br>&nbsp;&nbsp;&nbsp;&nbsp;<36 months: Y<br>&nbsp;&nbsp;&nbsp;&nbsp;30 months -- 5 years: Y<br>&nbsp;&nbsp;&nbsp;&nbsp;Preschool: N<br>&nbsp;&nbsp;&nbsp;&nbsp;Grade 1 - Age 12: N<br>
5467,Licensed Group,Maple Meadows Out Of School Care,22-22621 Lougheed Hwy,,Maple Ridge,V2X 2V4,49.217357,-122.595421,778-241-7678,,,N,N,N,N,N,N,N,N,N,N,N,N,N,N,N,N,N,,,N,N,N,N,N,N,N,N,N,N,Y,2026-05-15,http://www.healthspace.ca/fha/childcare,N,Y,N,Maple Meadows Out Of School Care<br>Licensed Group<br>778-241-7678<br><br>Vacancy:<br>&nbsp;&nbsp;&nbsp;&nbsp;<36 months: N<br>&nbsp;&nbsp;&nbsp;&nbsp;30 months -- 5 years: N<br>&nbsp;&nbsp;&nbsp;&nbsp;Preschool: N<br>&nbsp;&nbsp;&nbsp;&nbsp;Grade 1 - Age 12: Y<br>
5468,Licensed Family,Little Stars Family Child Care,2746 Westlake Dr,,Coquitlam,V3C 5J7,49.256993,-122.812312,604-767-9137,,,N,N,N,N,N,N,N,N,N,N,N,N,N,N,N,N,N,,,N,N,N,N,N,N,N,N,N,N,N,2026-05-15,http://www.healthspace.ca/fha/childcare,N,Y,N,Little Stars Family Child Care<br>Licensed Family<br>604-767-9137<br><br>Vacancy:<br>&nbsp;&nbsp;&nbsp;&nbsp;<36 months: N<br>&nbsp;&nbsp;&nbsp;&nbsp;30 months -- 5 years: N<br>&nbsp;&nbsp;&nbsp;&nbsp;Preschool: N<br>&nbsp;&nbsp;&nbsp;&nbsp;Grade 1 - Age 12: N<br>
5469,Licensed Family,Bright Star Multiage Child Day Care,19918 73A Ave,,Langley,V2Y 3J3,49.135452,-122.67062,604-618-8671,,,N,N,N,N,N,N,N,N,N,N,N,N,N,N,N,N,N,,,N,N,N,N,N,N,N,N,N,N,N,2026-05-20,http://www.healthspace.ca/fha/childcare,N,Y,N,Bright Star Multiage Child Day Care<br>Licensed Family<br>604-618-8671<br><br>Vacancy:<br>&nbsp;&nbsp;&nbsp;&nbsp;<36 months: N<br>&nbsp;&nbsp;&nbsp;&nbsp;30 months -- 5 years: N<br>&nbsp;&nbsp;&nbsp;&nbsp;Preschool: N<br>&nbsp;&nbsp;&nbsp;&nbsp;Grade 1 - Age 12: N<br>
5470,Licensed Family,Tree House Multi-Age Child Care,22670 Brown Ave,,Maple Ridge,V2X 3R5,49.221124,-122.594675,778-558-8009,,,N,N,N,N,N,N,N,N,N,N,N,N,N,N,N,N,N,,,N,N,N,N,N,N,N,Y,Y,N,Y,2026-04-20,http://www.healthspace.ca/fha/childcare,N,Y,N,Tree House Multi-Age Child Care<br>Licensed Family<br>778-558-8009<br><br>Vacancy:<br>&nbsp;&nbsp;&nbsp;&nbsp;<36 months: Y<br>&nbsp;&nbsp;&nbsp;&nbsp;30 months -- 5 years: Y<br>&nbsp;&nbsp;&nbsp;&nbsp;Preschool: N<br>&nbsp;&nbsp;&nbsp;&nbsp;Grade 1 - Age 12: Y<br>
5471,Licensed Group,Golden Apple Bilingual Daycare Ltd.,12440 Woodhead Rd,,Richmond,V6V 1G3,49.182623,-123.085015,778-863-5122,,,N,N,N,N,N,N,N,N,N,N,N,N,N,N,N,N,N,,,N,N,N,N,N,N,N,N,Y,N,N,2026-05-15,https://inspections.vcha.ca/ChildCare/Table,N,Y,N,Golden Apple Bilingual Daycare Ltd.<br>Licensed Group<br>778-863-5122<br><br>Vacancy:<br>&nbsp;&nbsp;&nbsp;&nbsp;<36 months: N<br>&nbsp;&nbsp;&nbsp;&nbsp;30 months -- 5 years: Y<br>&nbsp;&nbsp;&nbsp;&nbsp;Preschool: N<br>&nbsp;&nbsp;&nbsp;&nbsp;Grade 1 - Age 12: N<br>
5472,Licensed Group,Precious Jewels Childcare Center,1097 Hollywood Rd S,,Kelowna,V1X 4N3,49.874905,-119.397835,250-899-7671,,,N,N,N,N,N,N,N,N,N,N,N,N,N,N,N,N,N,,,N,N,N,N,N,N,N,N,N,N,N,2026-05-15,https://hedgehogportal.interiorhealth.ca/ChildCare/Map,N,Y,N,Precious Jewels Childcare Center<br>Licensed Group<br>250-899-7671<br><br>Vacancy:<br>&nbsp;&nbsp;&nbsp;&nbsp;<36 months: N<br>&nbsp;&nbsp;&nbsp;&nbsp;30 months -- 5 years: N<br>&nbsp;&nbsp;&nbsp;&nbsp;Preschool: N<br>&nbsp;&nbsp;&nbsp;&nbsp;Grade 1 - Age 12: N<br>
5473,Licensed Family,Little Nest Nursery,38831 Britannia Ave,,Brackendale,V0N 1H0,49.712797,-123.153897,604-892-4518,,,N,N,N,N,N,N,N,N,N,N,N,N,N,N,N,N,N,,,N,N,N,N,N,N,N,N,N,N,N,2026-05-15,https://inspections.vcha.ca/ChildCare/Table,N,Y,N,Little Nest Nursery<br>Licensed Family<br>604-892-4518<br><br>Vacancy:<br>&nbsp;&nbsp;&nbsp;&nbsp;<36 months: N<br>&nbsp;&nbsp;&nbsp;&nbsp;30 months -- 5 years: N<br>&nbsp;&nbsp;&nbsp;&nbsp;Preschool: N<br>&nbsp;&nbsp;&nbsp;&nbsp;Grade 1 - Age 12: N<br>
5474,Licensed Group,Nak'al Bun Child Care Centre,10 Lakeshore Dr,,Fort St. James,V0J 1P0,54.45262,-124.27415,250-996-8441,,,Y,N,N,N,N,N,N,N,N,Y,Y,N,N,N,N,N,N,Included in fee,Not offered,N,N,N,Y,Y,Y,N,N,Y,N,Y,2026-05-13,https://www.healthspace.ca/Clients/NHA/NHA_Website.nsf/CCFL-Frameset,N,Y,N,Nak'al Bun Child Care Centre<br>Licensed Group<br>250-996-8441<br><br>Vacancy:<br>&nbsp;&nbsp;&nbsp;&nbsp;<36 months: N<br>&nbsp;&nbsp;&nbsp;&nbsp;30 months -- 5 years: Y<br>&nbsp;&nbsp;&nbsp;&nbsp;Preschool: N<br>&nbsp;&nbsp;&nbsp;&nbsp;Grade 1 - Age 12: Y<br>
5475,Licensed Group,Busy Crocodile French Immersion Children Centre Inc.,2511 St Johns St,,Port Moody,V3H 2B3,49.276368,-122.855485,604-349-9041,,,N,N,N,N,N,N,N,N,N,N,N,N,N,N,N,N,N,,,N,N,N,N,N,N,N,N,N,N,N,2026-05-15,http://www.healthspace.ca/fha/childcare,N,Y,N,Busy Crocodile French Immersion Children Centre Inc.<br>Licensed Group<br>604-349-9041<br><br>Vacancy:<br>&nbsp;&nbsp;&nbsp;&nbsp;<36 months: N<br>&nbsp;&nbsp;&nbsp;&nbsp;30 months -- 5 years: N<br>&nbsp;&nbsp;&nbsp;&nbsp;Preschool: N<br>&nbsp;&nbsp;&nbsp;&nbsp;Grade 1 - Age 12: N<br>
5476,Licensed Group,Amazing Tots Childcare Center,2888 Walton Ave,,Coquitlam,V3B 2W2,49.289802,-122.802036,778-227-5747,,,N,N,N,N,N,N,N,N,N,N,N,N,N,N,N,N,N,,,N,N,N,N,N,N,N,N,N,N,N,2026-05-15,http://www.healthspace.ca/fha/childcare,N,Y,N,Amazing Tots Childcare Center<br>Licensed Group<br>778-227-5747<br><br>Vacancy:<br>&nbsp;&nbsp;&nbsp;&nbsp;<36 months: N<br>&nbsp;&nbsp;&nbsp;&nbsp;30 months -- 5 years: N<br>&nbsp;&nbsp;&nbsp;&nbsp;Preschool: N<br>&nbsp;&nbsp;&nbsp;&nbsp;Grade 1 - Age 12: N<br>
5477,Licensed Group,Curious Minds Montessori Daycare,2955 Westsyde Rd,,Kamloops,V2B 7E9,50.757956,-120.34863,604-720-2694,,,N,N,N,N,N,N,N,N,N,N,N,N,N,N,N,N,N,,,N,N,N,N,N,N,N,N,N,N,N,2026-05-14,https://hedgehogportal.interiorhealth.ca/ChildCare/Map,N,Y,N,Curious Minds Montessori Daycare<br>Licensed Group<br>604-720-2694<br><br>Vacancy:<br>&nbsp;&nbsp;&nbsp;&nbsp;<36 months: N<br>&nbsp;&nbsp;&nbsp;&nbsp;30 months -- 5 years: N<br>&nbsp;&nbsp;&nbsp;&nbsp;Preschool: N<br>&nbsp;&nbsp;&nbsp;&nbsp;Grade 1 - Age 12: N<br>
5478,Licensed Group,Little Fish Early Learning Center,1510 Ponderosa Rd,,West Kelowna,V1Z 1N1,49.860192,-119.576952,250-826-0903,,,N,N,N,N,N,N,N,N,N,N,N,N,N,N,N,N,N,,,N,N,N,N,N,N,N,N,N,N,N,2026-03-25,https://hedgehogportal.interiorhealth.ca/ChildCare/Map,N,Y,N,Little Fish Early Learning Center<br>Licensed Group<br>250-826-0903<br><br>Vacancy:<br>&nbsp;&nbsp;&nbsp;&nbsp;<36 months: N<br>&nbsp;&nbsp;&nbsp;&nbsp;30 months -- 5 years: N<br>&nbsp;&nbsp;&nbsp;&nbsp;Preschool: N<br>&nbsp;&nbsp;&nbsp;&nbsp;Grade 1 - Age 12: N<br>
5479,Licensed Family,Small Miracles Daycare,638 Yew Wood Rd,,Tofino,V0R 2Z0,49.141667,-125.893664,250-725-4439,,,N,N,N,N,N,N,N,N,N,N,N,N,N,N,N,N,N,,,N,N,N,N,N,N,N,N,N,N,N,2026-04-21,https://www.healthspace.ca/clients/viha/viha_website.nsf/CCFL-Main?OpenView,N,N,N,Small Miracles Daycare<br>Licensed Family<br>250-725-4439<br><br>Vacancy:<br>&nbsp;&nbsp;&nbsp;&nbsp;<36 months: N<br>&nbsp;&nbsp;&nbsp;&nbsp;30 months -- 5 years: N<br>&nbsp;&nbsp;&nbsp;&nbsp;Preschool: N<br>&nbsp;&nbsp;&nbsp;&nbsp;Grade 1 - Age 12: N<br>
5480,Licensed Family,Home Away From Home,4713 Kilmarnock Dr,,Courtenay,V9N 9S4,49.616791,-124.907002,250-335-2526,,,N,N,N,N,N,N,N,N,N,N,N,N,N,N,N,N,N,,,N,N,N,N,N,N,N,N,Y,N,N,2026-05-19,https://www.healthspace.ca/clients/viha/viha_website.nsf/CCFL-Main?OpenView,N,Y,N,Home Away From Home<br>Licensed Family<br>250-335-2526<br><br>Vacancy:<br>&nbsp;&nbsp;&nbsp;&nbsp;<36 months: N<br>&nbsp;&nbsp;&nbsp;&nbsp;30 months -- 5 years: Y<br>&nbsp;&nbsp;&nbsp;&nbsp;Preschool: N<br>&nbsp;&nbsp;&nbsp;&nbsp;Grade 1 - Age 12: N<br>
5481,Licensed Group,Little Leaders Childcare Centre Inc.,4-33575 Mayfair Ave,,Abbotsford,V2S 1P6,49.040445,-122.293907,604-217-1404,,,N,N,N,N,N,N,N,N,N,N,N,N,N,N,N,N,N,Not offered,Not offered,N,N,N,N,N,N,N,Y,Y,N,N,2026-05-04,http://www.healthspace.ca/fha/childcare,N,Y,N,Little Leaders Childcare Centre Inc.<br>Licensed Group<br>604-217-1404<br><br>Vacancy:<br>&nbsp;&nbsp;&nbsp;&nbsp;<36 months: Y<br>&nbsp;&nbsp;&nbsp;&nbsp;30 months -- 5 years: Y<br>&nbsp;&nbsp;&nbsp;&nbsp;Preschool: N<br>&nbsp;&nbsp;&nbsp;&nbsp;Grade 1 - Age 12: N<br>
5482,Licensed Family,Little Otters Daycare,6864 Chartwell Cres,,Prince George,V2N 6Y3,53.857883,-122.803985,250-964-9478,,,N,N,N,N,N,N,N,N,N,N,N,N,N,N,N,N,N,,,N,N,N,N,N,N,N,N,N,N,N,2026-05-15,http://www.healthspace.ca/Clients/NHA/NHA_Website.nsf/CCFL-Frameset,N,Y,N,Little Otters Daycare<br>Licensed Family<br>250-964-9478<br><br>Vacancy:<br>&nbsp;&nbsp;&nbsp;&nbsp;<36 months: N<br>&nbsp;&nbsp;&nbsp;&nbsp;30 months -- 5 years: N<br>&nbsp;&nbsp;&nbsp;&nbsp;Preschool: N<br>&nbsp;&nbsp;&nbsp;&nbsp;Grade 1 - Age 12: N<br>
5483,Licensed Family,Gamesters Gift Of Time,1704 Sheridan Ave,,Coquitlam,V3K 1X3,49.238743,-122.846312,778-227-4335,,,N,N,N,N,N,N,N,N,N,N,N,N,N,N,N,N,N,,,N,N,N,N,N,N,N,N,N,N,N,2026-05-15,http://www.healthspace.ca/fha/childcare,N,Y,N,Gamesters Gift Of Time<br>Licensed Family<br>778-227-4335<br><br>Vacancy:<br>&nbsp;&nbsp;&nbsp;&nbsp;<36 months: N<br>&nbsp;&nbsp;&nbsp;&nbsp;30 months -- 5 years: N<br>&nbsp;&nbsp;&nbsp;&nbsp;Preschool: N<br>&nbsp;&nbsp;&nbsp;&nbsp;Grade 1 - Age 12: N<br>
5484,Licensed Group,Surrey City Childcare Ltd.,12250 100Th Ave,,Surrey,V3V 2X1,49.184386,-122.882625,778-386-3501,,,N,N,N,N,N,N,N,N,N,N,N,N,N,N,N,N,N,,,N,N,N,N,N,N,N,N,N,N,N,2026-05-15,http://www.healthspace.ca/fha/childcare,N,Y,N,Surrey City Childcare Ltd.<br>Licensed Group<br>778-386-3501<br><br>Vacancy:<br>&nbsp;&nbsp;&nbsp;&nbsp;<36 months: N<br>&nbsp;&nbsp;&nbsp;&nbsp;30 months -- 5 years: N<br>&nbsp;&nbsp;&nbsp;&nbsp;Preschool: N<br>&nbsp;&nbsp;&nbsp;&nbsp;Grade 1 - Age 12: N<br>
5485,Licensed Group,Renaissance Kids School Age Program #2,1-12491 No. 2 Rd,,Richmond,V7E 2G3,49.122897,-123.160749,604-241-0141,,,N,N,N,N,N,N,N,N,N,N,N,N,N,N,N,N,N,,,N,N,N,N,N,N,N,N,N,N,N,2026-05-15,https://inspections.vcha.ca/ChildCare/Table,N,Y,N,Renaissance Kids School Age Program #2<br>Licensed Group<br>604-241-0141<br><br>Vacancy:<br>&nbsp;&nbsp;&nbsp;&nbsp;<36 months: N<br>&nbsp;&nbsp;&nbsp;&nbsp;30 months -- 5 years: N<br>&nbsp;&nbsp;&nbsp;&nbsp;Preschool: N<br>&nbsp;&nbsp;&nbsp;&nbsp;Grade 1 - Age 12: N<br>
5486,Licensed Group,Douglas Park Summer Preschool,801 22Nd Ave W,,Vancouver,V5Z 1Z8,49.25292,-123.121274,604-257-8134,,,,,,,,,,,,,,,,,,,,,,,,,,,,,,,,,,,Y,Y,N,Douglas Park Summer Preschool<br>Licensed Group<br>604-257-8134<br><br>Vacancy:<br>&nbsp;&nbsp;&nbsp;&nbsp;<36 months: None<br>&nbsp;&nbsp;&nbsp;&nbsp;30 months -- 5 years: None<br>&nbsp;&nbsp;&nbsp;&nbsp;Preschool: None<br>&nbsp;&nbsp;&nbsp;&nbsp;Grade 1 - Age 12: None<br>
5487,Licensed Group,Katies Korner Old Quarter,357 Wesley St,,Nanaimo,V9R 2T5,49.164281,-123.940861,250-714-4555,,,N,N,N,N,N,N,N,N,N,N,N,N,N,N,N,N,N,,,N,N,N,N,N,N,N,N,Y,N,N,2026-05-15,https://www.healthspace.ca/clients/viha/viha_website.nsf/CCFL-Main?OpenView,N,Y,N,Katies Korner Old Quarter<br>Licensed Group<br>250-714-4555<br><br>Vacancy:<br>&nbsp;&nbsp;&nbsp;&nbsp;<36 months: N<br>&nbsp;&nbsp;&nbsp;&nbsp;30 months -- 5 years: Y<br>&nbsp;&nbsp;&nbsp;&nbsp;Preschool: N<br>&nbsp;&nbsp;&nbsp;&nbsp;Grade 1 - Age 12: N<br>
5488,Licensed Group,Gillybird Nature Academy,2750 Roseberry Ave,,Victoria,V8R 3T9,48.439683,-123.343905,250-704-6607,,,N,N,N,N,N,N,N,N,N,N,N,N,N,N,N,N,N,,,N,N,N,N,N,N,N,N,N,N,N,2026-05-20,https://www.healthspace.ca/clients/viha/viha_website.nsf/CCFL-Main?OpenView,N,Y,N,Gillybird Nature Academy<br>Licensed Group<br>250-704-6607<br><br>Vacancy:<br>&nbsp;&nbsp;&nbsp;&nbsp;<36 months: N<br>&nbsp;&nbsp;&nbsp;&nbsp;30 months -- 5 years: N<br>&nbsp;&nbsp;&nbsp;&nbsp;Preschool: N<br>&nbsp;&nbsp;&nbsp;&nbsp;Grade 1 - Age 12: N<br>
5489,Licensed Group,Les Petits Artistes Montessori Centre,3146 Ash St,,Vancouver,V5Z 3C9,49.257397,-123.118065,604-569-0555,,,N,N,N,N,N,N,N,N,N,N,N,N,N,N,N,N,N,,,N,N,N,N,N,N,N,N,N,N,N,2026-05-04,https://inspections.vcha.ca/ChildCare/Table,N,Y,N,Les Petits Artistes Montessori Centre<br>Licensed Group<br>604-569-0555<br><br>Vacancy:<br>&nbsp;&nbsp;&nbsp;&nbsp;<36 months: N<br>&nbsp;&nbsp;&nbsp;&nbsp;30 months -- 5 years: N<br>&nbsp;&nbsp;&nbsp;&nbsp;Preschool: N<br>&nbsp;&nbsp;&nbsp;&nbsp;Grade 1 - Age 12: N<br>
5490,Licensed Group,Kids By Design Preschool Inc.,11756 232Nd St,,Maple Ridge,V2X 6S7,49.215863,-122.577831,604-466-8856,,,N,N,N,N,N,N,N,N,N,N,N,N,N,N,N,N,N,,,N,N,N,N,N,N,N,N,N,Y,N,2026-05-01,http://www.healthspace.ca/fha/childcare,N,Y,N,Kids By Design Preschool Inc.<br>Licensed Group<br>604-466-8856<br><br>Vacancy:<br>&nbsp;&nbsp;&nbsp;&nbsp;<36 months: N<br>&nbsp;&nbsp;&nbsp;&nbsp;30 months -- 5 years: N<br>&nbsp;&nbsp;&nbsp;&nbsp;Preschool: Y<br>&nbsp;&nbsp;&nbsp;&nbsp;Grade 1 - Age 12: N<br>
5491,Licensed Group,Bloom Montessori,101-1701 Island Hwy,,Victoria,V9B 1J1,48.451211,-123.462981,250-812-3137,,,N,N,N,N,N,N,N,N,N,N,N,N,N,N,N,N,N,,,N,N,N,N,N,N,N,N,N,N,N,2026-05-12,https://www.healthspace.ca/clients/viha/viha_website.nsf/CCFL-Main?OpenView,N,Y,N,Bloom Montessori<br>Licensed Group<br>250-812-3137<br><br>Vacancy:<br>&nbsp;&nbsp;&nbsp;&nbsp;<36 months: N<br>&nbsp;&nbsp;&nbsp;&nbsp;30 months -- 5 years: N<br>&nbsp;&nbsp;&nbsp;&nbsp;Preschool: N<br>&nbsp;&nbsp;&nbsp;&nbsp;Grade 1 - Age 12: N<br>
5492,Licensed Group,Kiwanis Child Care Centre,10401 10 St,,Dawson Creek,V1G 3T8,55.756756,-120.231232,250-782-9325,,,N,N,N,N,N,N,N,N,N,N,N,N,N,N,N,N,N,,,N,N,N,N,N,N,N,N,N,N,N,2026-05-15,https://www.healthspace.ca/Clients/NHA/NHA_Website.nsf/CCFL-Frameset,N,Y,N,Kiwanis Child Care Centre<br>Licensed Group<br>250-782-9325<br><br>Vacancy:<br>&nbsp;&nbsp;&nbsp;&nbsp;<36 months: N<br>&nbsp;&nbsp;&nbsp;&nbsp;30 months -- 5 years: N<br>&nbsp;&nbsp;&nbsp;&nbsp;Preschool: N<br>&nbsp;&nbsp;&nbsp;&nbsp;Grade 1 - Age 12: N<br>
5493,Licensed Family,Puddle Jumpers Childcare Centre,6453 Birchview Way,,Sooke,V9Z 1J9,48.395813,-123.713772,250-580-2190,,,N,N,N,N,N,N,N,N,N,N,N,N,N,N,N,N,N,,,N,N,N,N,N,N,N,N,N,N,N,2026-05-13,https://www.healthspace.ca/clients/viha/viha_website.nsf/CCFL-Main?OpenView,N,Y,N,Puddle Jumpers Childcare Centre<br>Licensed Family<br>250-580-2190<br><br>Vacancy:<br>&nbsp;&nbsp;&nbsp;&nbsp;<36 months: N<br>&nbsp;&nbsp;&nbsp;&nbsp;30 months -- 5 years: N<br>&nbsp;&nbsp;&nbsp;&nbsp;Preschool: N<br>&nbsp;&nbsp;&nbsp;&nbsp;Grade 1 - Age 12: N<br>
5494,Licensed Family,Young Explorers Childcare,8141 118A St,,Delta,V4C 7Z1,49.151267,-122.895392,604-767-6949,,,N,N,N,N,N,N,N,N,N,N,N,N,N,N,N,N,N,,,N,N,N,N,N,N,N,N,N,N,N,2026-05-20,http://www.healthspace.ca/fha/childcare,N,Y,N,Young Explorers Childcare<br>Licensed Family<br>604-767-6949<br><br>Vacancy:<br>&nbsp;&nbsp;&nbsp;&nbsp;<36 months: N<br>&nbsp;&nbsp;&nbsp;&nbsp;30 months -- 5 years: N<br>&nbsp;&nbsp;&nbsp;&nbsp;Preschool: N<br>&nbsp;&nbsp;&nbsp;&nbsp;Grade 1 - Age 12: N<br>
5495,Licensed Family,Snuggles' Family Child Care,5682 Kathleen Dr,,Chilliwack,V2R 3J5,49.105299,-121.974842,604-858-0153,,,Y,N,N,N,N,N,N,Y,N,Y,Y,N,N,N,N,N,N,Not offered,Not offered,N,N,N,N,N,N,N,N,Y,N,Y,2026-04-23,http://www.healthspace.ca/fha/childcare,N,Y,N,Snuggles' Family Child Care<br>Licensed Family<br>604-858-0153<br><br>Vacancy:<br>&nbsp;&nbsp;&nbsp;&nbsp;<36 months: N<br>&nbsp;&nbsp;&nbsp;&nbsp;30 months -- 5 years: Y<br>&nbsp;&nbsp;&nbsp;&nbsp;Preschool: N<br>&nbsp;&nbsp;&nbsp;&nbsp;Grade 1 - Age 12: Y<br>
5496,Licensed Family,Soaring Butterflies Family Day Care,4467 Wheeler Rd,,Prince George,V2N 5H5,53.872329,-122.781339,250-981-0829,,,N,N,N,N,N,N,N,N,N,N,N,N,N,N,N,N,N,,,N,N,N,N,N,N,N,N,Y,N,N,2026-05-15,https://www.healthspace.ca/Clients/NHA/NHA_Website.nsf/CCFL-Frameset,N,Y,N,Soaring Butterflies Family Day Care<br>Licensed Family<br>250-981-0829<br><br>Vacancy:<br>&nbsp;&nbsp;&nbsp;&nbsp;<36 months: N<br>&nbsp;&nbsp;&nbsp;&nbsp;30 months -- 5 years: Y<br>&nbsp;&nbsp;&nbsp;&nbsp;Preschool: N<br>&nbsp;&nbsp;&nbsp;&nbsp;Grade 1 - Age 12: N<br>
5497,Licensed Group,Love 2 Learn Childcare Services Inc,12047 Harris Rd,,Pitt Meadows,V3Y 2B5,49.22079,-122.690964,604-942-9262,,,N,N,N,N,N,N,N,N,N,N,N,N,N,N,N,N,N,,,N,N,N,N,N,N,N,N,N,N,N,2026-04-23,http://www.healthspace.ca/fha/childcare,N,Y,N,Love 2 Learn Childcare Services Inc<br>Licensed Group<br>604-942-9262<br><br>Vacancy:<br>&nbsp;&nbsp;&nbsp;&nbsp;<36 months: N<br>&nbsp;&nbsp;&nbsp;&nbsp;30 months -- 5 years: N<br>&nbsp;&nbsp;&nbsp;&nbsp;Preschool: N<br>&nbsp;&nbsp;&nbsp;&nbsp;Grade 1 - Age 12: N<br>
5498,Licensed Family,Playville Early Childhood Centre,1939 Bourchier St,,Victoria,V8R 1S9,48.429932,-123.324188,250-686-1489,,,Y,N,N,N,N,N,Y,Y,N,N,N,N,N,N,N,N,N,Not offered,Not offered,N,N,N,N,N,Y,Y,N,Y,N,N,2026-05-19,https://www.healthspace.ca/clients/viha/viha_website.nsf/CCFL-Main?OpenView,N,Y,N,Playville Early Childhood Centre<br>Licensed Family<br>250-686-1489<br><br>Vacancy:<br>&nbsp;&nbsp;&nbsp;&nbsp;<36 months: N<br>&nbsp;&nbsp;&nbsp;&nbsp;30 months -- 5 years: Y<br>&nbsp;&nbsp;&nbsp;&nbsp;Preschool: N<br>&nbsp;&nbsp;&nbsp;&nbsp;Grade 1 - Age 12: N<br>
5499,Licensed Family,Young Stars Child Care,5839 Montgomery St,,Vancouver,V6M 2X3,49.232723,-123.132338,604-889-0795,,,N,N,N,N,N,N,N,N,N,N,N,N,N,N,N,N,N,,,N,N,N,N,N,N,N,N,N,N,N,2026-05-03,https://inspections.vcha.ca/ChildCare/Table,N,Y,N,Young Stars Child Care<br>Licensed Family<br>604-889-0795<br><br>Vacancy:<br>&nbsp;&nbsp;&nbsp;&nbsp;<36 months: N<br>&nbsp;&nbsp;&nbsp;&nbsp;30 months -- 5 years: N<br>&nbsp;&nbsp;&nbsp;&nbsp;Preschool: N<br>&nbsp;&nbsp;&nbsp;&nbsp;Grade 1 - Age 12: N<br>
5500,Licensed Family,Westwood Park Daycare,3529 Hastings St,,Port Coquitlam,V3B 4N3,49.275077,-122.782539,778-806-4715,westwoodparkdaycare.ca,,N,N,N,N,N,N,Y,Y,N,N,N,Y,N,Y,N,N,N,Not offered,Not offered,N,N,N,N,N,Y,N,N,Y,N,N,2026-05-18,http://www.healthspace.ca/fha/childcare,N,Y,N,Westwood Park Daycare<br>Licensed Family<br>778-806-4715<br><br>Vacancy:<br>&nbsp;&nbsp;&nbsp;&nbsp;<36 months: N<br>&nbsp;&nbsp;&nbsp;&nbsp;30 months -- 5 years: Y<br>&nbsp;&nbsp;&nbsp;&nbsp;Preschool: N<br>&nbsp;&nbsp;&nbsp;&nbsp;Grade 1 - Age 12: N<br>
5501,Licensed Group,We're All Sharing Together - Sherman Rd.,3036 Sherman Rd,,Duncan,V9L 2B8,48.791544,-123.722305,250-748-0017,,,N,N,N,N,N,N,N,N,N,N,N,N,N,N,N,N,N,,,N,N,N,N,N,N,N,N,N,N,N,2026-05-18,https://www.healthspace.ca/clients/viha/viha_website.nsf/CCFL-Main?OpenView,N,Y,N,We're All Sharing Together - Sherman Rd.<br>Licensed Group<br>250-748-0017<br><br>Vacancy:<br>&nbsp;&nbsp;&nbsp;&nbsp;<36 months: N<br>&nbsp;&nbsp;&nbsp;&nbsp;30 months -- 5 years: N<br>&nbsp;&nbsp;&nbsp;&nbsp;Preschool: N<br>&nbsp;&nbsp;&nbsp;&nbsp;Grade 1 - Age 12: N<br>
5502,Licensed Group,Sunshine Children's Centre - Campus Ii,11916 222 St,,Maple Ridge,V2X 5V6,49.218866,-122.606731,604-580-2060,,,N,N,N,N,N,N,N,N,N,N,N,N,N,N,N,N,N,,,N,N,N,N,N,N,N,N,N,N,N,2026-05-16,http://www.healthspace.ca/fha/childcare,N,Y,N,Sunshine Children's Centre - Campus Ii<br>Licensed Group<br>604-580-2060<br><br>Vacancy:<br>&nbsp;&nbsp;&nbsp;&nbsp;<36 months: N<br>&nbsp;&nbsp;&nbsp;&nbsp;30 months -- 5 years: N<br>&nbsp;&nbsp;&nbsp;&nbsp;Preschool: N<br>&nbsp;&nbsp;&nbsp;&nbsp;Grade 1 - Age 12: N<br>
5503,Licensed Group,Little Legacies - Mcgirr,6199 Mcgirr Rd,,Nanaimo,V9V 1C7,49.24031,-124.032907,250-667-2882,,,N,N,N,N,N,N,N,N,N,N,N,N,N,N,N,N,N,,,N,N,N,N,N,N,N,N,N,N,N,2026-05-06,https://www.healthspace.ca/clients/viha/viha_website.nsf/CCFL-Main?OpenView,N,Y,N,Little Legacies - Mcgirr<br>Licensed Group<br>250-667-2882<br><br>Vacancy:<br>&nbsp;&nbsp;&nbsp;&nbsp;<36 months: N<br>&nbsp;&nbsp;&nbsp;&nbsp;30 months -- 5 years: N<br>&nbsp;&nbsp;&nbsp;&nbsp;Preschool: N<br>&nbsp;&nbsp;&nbsp;&nbsp;Grade 1 - Age 12: N<br>
5504,Licensed Group,Chinook - ubc Child Care Services,5488 Ortona Rd,,Vancouver,V6T 1S2,49.26195,-123.231466,604-837-9232,,,N,N,N,N,N,N,N,N,N,N,N,N,N,N,N,N,N,,,N,N,N,N,N,N,N,N,N,N,N,2026-04-24,https://inspections.vcha.ca/ChildCare/Table,N,Y,N,Chinook - ubc Child Care Services<br>Licensed Group<br>604-837-9232<br><br>Vacancy:<br>&nbsp;&nbsp;&nbsp;&nbsp;<36 months: N<br>&nbsp;&nbsp;&nbsp;&nbsp;30 months -- 5 years: N<br>&nbsp;&nbsp;&nbsp;&nbsp;Preschool: N<br>&nbsp;&nbsp;&nbsp;&nbsp;Grade 1 - Age 12: N<br>
5505,Licensed Group,Okanagan Boys And Girls Clubs - Peachland,5684 Beach Ave,,Peachland,V0H 1X6,49.777205,-119.734307,250-762-3914,,,N,N,N,N,N,N,N,N,N,N,N,N,N,N,N,N,N,,,N,N,N,N,N,N,N,N,N,N,Y,2026-05-15,https://hedgehogportal.interiorhealth.ca/ChildCare/Map,N,Y,N,Okanagan Boys And Girls Clubs - Peachland<br>Licensed Group<br>250-762-3914<br><br>Vacancy:<br>&nbsp;&nbsp;&nbsp;&nbsp;<36 months: N<br>&nbsp;&nbsp;&nbsp;&nbsp;30 months -- 5 years: N<br>&nbsp;&nbsp;&nbsp;&nbsp;Preschool: N<br>&nbsp;&nbsp;&nbsp;&nbsp;Grade 1 - Age 12: Y<br>
5506,Licensed Group,Little House Child Care,3849 Parker St,,Burnaby,V5C 3B5,49.275981,-123.020265,778-319-5951,,,N,N,N,N,N,N,N,N,N,N,N,N,N,N,N,N,N,,,N,N,N,N,N,N,N,N,N,N,N,2026-05-11,http://www.healthspace.ca/fha/childcare,N,Y,N,Little House Child Care<br>Licensed Group<br>778-319-5951<br><br>Vacancy:<br>&nbsp;&nbsp;&nbsp;&nbsp;<36 months: N<br>&nbsp;&nbsp;&nbsp;&nbsp;30 months -- 5 years: N<br>&nbsp;&nbsp;&nbsp;&nbsp;Preschool: N<br>&nbsp;&nbsp;&nbsp;&nbsp;Grade 1 - Age 12: N<br>
5507,Licensed Group,Brightpath Clayton Hills,7239 192 St,,Surrey,V3S 8E1,49.134108,-122.691135,778-571-4734,,,N,N,N,N,N,N,N,N,N,N,N,N,N,N,N,N,N,,,N,N,N,N,N,N,N,N,N,N,N,2026-05-05,http://www.healthspace.ca/fha/childcare,N,Y,N,Brightpath Clayton Hills<br>Licensed Group<br>778-571-4734<br><br>Vacancy:<br>&nbsp;&nbsp;&nbsp;&nbsp;<36 months: N<br>&nbsp;&nbsp;&nbsp;&nbsp;30 months -- 5 years: N<br>&nbsp;&nbsp;&nbsp;&nbsp;Preschool: N<br>&nbsp;&nbsp;&nbsp;&nbsp;Grade 1 - Age 12: N<br>
5508,Licensed Group,Little Footprints Daycare (72Nd),7233 122 Ave,,Surrey,V3W 5J2,49.135092,-122.88504,604-328-2091,,,N,N,N,N,N,N,N,N,N,N,N,N,N,N,N,N,N,,,N,N,N,N,N,N,N,N,N,N,N,2026-05-13,http://www.healthspace.ca/fha/childcare,N,Y,N,Little Footprints Daycare (72Nd)<br>Licensed Group<br>604-328-2091<br><br>Vacancy:<br>&nbsp;&nbsp;&nbsp;&nbsp;<36 months: N<br>&nbsp;&nbsp;&nbsp;&nbsp;30 months -- 5 years: N<br>&nbsp;&nbsp;&nbsp;&nbsp;Preschool: N<br>&nbsp;&nbsp;&nbsp;&nbsp;Grade 1 - Age 12: N<br>
5509,Licensed Group,Stella Childcare Centre,563 23Rd St W,,North Vancouver,V7M 2C1,49.330124,-123.087342,604-986-0126,,,N,N,N,N,N,N,N,N,N,N,N,N,N,N,N,N,N,,,N,N,N,N,N,N,N,N,N,N,N,2026-04-22,https://inspections.vcha.ca/ChildCare/Table,N,Y,N,Stella Childcare Centre<br>Licensed Group<br>604-986-0126<br><br>Vacancy:<br>&nbsp;&nbsp;&nbsp;&nbsp;<36 months: N<br>&nbsp;&nbsp;&nbsp;&nbsp;30 months -- 5 years: N<br>&nbsp;&nbsp;&nbsp;&nbsp;Preschool: N<br>&nbsp;&nbsp;&nbsp;&nbsp;Grade 1 - Age 12: N<br>
5510,Licensed Group,Cefa Panorama South,5446 152 St,,Surrey,V3S 5J9,49.10123,-122.800527,778-241-7917,,,N,N,N,N,N,N,N,N,N,N,N,N,N,N,N,N,N,,,N,N,N,N,N,N,N,Y,Y,N,N,2026-05-15,http://www.healthspace.ca/fha/childcare,N,Y,N,Cefa Panorama South<br>Licensed Group<br>778-241-7917<br><br>Vacancy:<br>&nbsp;&nbsp;&nbsp;&nbsp;<36 months: Y<br>&nbsp;&nbsp;&nbsp;&nbsp;30 months -- 5 years: Y<br>&nbsp;&nbsp;&nbsp;&nbsp;Preschool: N<br>&nbsp;&nbsp;&nbsp;&nbsp;Grade 1 - Age 12: N<br>
5511,Licensed Group,The Growing Tree Early Learning Centre,2826 Bank Rd,,Kamloops,V2B 8E5,50.754363,-120.347724,778-472-3303,,,N,N,N,N,N,N,N,N,N,N,N,N,N,N,N,N,N,,,N,N,N,N,N,N,N,N,N,N,N,2026-05-17,https://hedgehogportal.interiorhealth.ca/ChildCare/Map,N,Y,N,The Growing Tree Early Learning Centre<br>Licensed Group<br>778-472-3303<br><br>Vacancy:<br>&nbsp;&nbsp;&nbsp;&nbsp;<36 months: N<br>&nbsp;&nbsp;&nbsp;&nbsp;30 months -- 5 years: N<br>&nbsp;&nbsp;&nbsp;&nbsp;Preschool: N<br>&nbsp;&nbsp;&nbsp;&nbsp;Grade 1 - Age 12: N<br>
5512,Licensed Group,Windy Willows Environmental Centre Inc,19089 Advent Rd,,Pitt Meadows,V3Y 2C5,49.226872,-122.692695,604-457-0133,,,N,N,N,N,N,N,N,N,N,N,N,N,N,N,N,N,N,,,N,N,N,N,N,N,N,N,Y,N,Y,2026-05-06,http://www.healthspace.ca/fha/childcare,N,Y,N,Windy Willows Environmental Centre Inc<br>Licensed Group<br>604-457-0133<br><br>Vacancy:<br>&nbsp;&nbsp;&nbsp;&nbsp;<36 months: N<br>&nbsp;&nbsp;&nbsp;&nbsp;30 months -- 5 years: Y<br>&nbsp;&nbsp;&nbsp;&nbsp;Preschool: N<br>&nbsp;&nbsp;&nbsp;&nbsp;Grade 1 - Age 12: Y<br>
5513,Licensed Group,ymca Rayleigh Elementary School Age Child Care,306 Puett Ranch Rd,,Kamloops,V2H 1M9,50.79751,-120.316222,250-376-4771,,,N,N,N,N,N,N,N,N,N,N,N,N,N,N,N,N,N,,,N,N,N,N,N,N,N,N,N,N,N,2026-05-14,https://hedgehogportal.interiorhealth.ca/ChildCare/Map,N,Y,N,ymca Rayleigh Elementary School Age Child Care<br>Licensed Group<br>250-376-4771<br><br>Vacancy:<br>&nbsp;&nbsp;&nbsp;&nbsp;<36 months: N<br>&nbsp;&nbsp;&nbsp;&nbsp;30 months -- 5 years: N<br>&nbsp;&nbsp;&nbsp;&nbsp;Preschool: N<br>&nbsp;&nbsp;&nbsp;&nbsp;Grade 1 - Age 12: N<br>
5514,Licensed Group,Sunrise Waldorf School,2148 Lakeside Rd,,Duncan,V9L 6M3,48.724423,-123.648341,250-743-7253,,,N,N,N,N,N,N,N,N,N,N,N,N,N,N,N,N,N,,,N,N,N,N,N,N,N,N,N,N,N,2026-03-03,https://www.healthspace.ca/clients/viha/viha_website.nsf/CCFL-Main?OpenView,N,N,N,Sunrise Waldorf School<br>Licensed Group<br>250-743-7253<br><br>Vacancy:<br>&nbsp;&nbsp;&nbsp;&nbsp;<36 months: N<br>&nbsp;&nbsp;&nbsp;&nbsp;30 months -- 5 years: N<br>&nbsp;&nbsp;&nbsp;&nbsp;Preschool: N<br>&nbsp;&nbsp;&nbsp;&nbsp;Grade 1 - Age 12: N<br>
5515,Licensed Group,Little Lamb's Daycare Inc.,1711 Dorset Ave,,Port Coquitlam,V3B 2A3,49.273803,-122.761952,604-945-2688,,,N,N,N,N,N,N,N,N,N,N,N,N,N,N,N,N,N,,,N,N,N,N,N,N,N,Y,N,N,N,2026-05-02,http://www.healthspace.ca/fha/childcare,N,Y,N,Little Lamb's Daycare Inc.<br>Licensed Group<br>604-945-2688<br><br>Vacancy:<br>&nbsp;&nbsp;&nbsp;&nbsp;<36 months: Y<br>&nbsp;&nbsp;&nbsp;&nbsp;30 months -- 5 years: N<br>&nbsp;&nbsp;&nbsp;&nbsp;Preschool: N<br>&nbsp;&nbsp;&nbsp;&nbsp;Grade 1 - Age 12: N<br>
5516,Licensed Group,Presidential Kids Academy - Sparks,900 Sparks Dr,,Keremeos,V0X 1N2,49.21084,-119.817255,250-863-0244,,,N,N,N,N,N,N,N,N,N,N,N,N,N,N,N,N,N,,,N,N,N,N,N,N,N,Y,Y,N,N,2026-05-20,https://www.interiorhealth.ca/HedgehogPortal/facility/Table,N,Y,N,Presidential Kids Academy - Sparks<br>Licensed Group<br>250-863-0244<br><br>Vacancy:<br>&nbsp;&nbsp;&nbsp;&nbsp;<36 months: Y<br>&nbsp;&nbsp;&nbsp;&nbsp;30 months -- 5 years: Y<br>&nbsp;&nbsp;&nbsp;&nbsp;Preschool: N<br>&nbsp;&nbsp;&nbsp;&nbsp;Grade 1 - Age 12: N<br>
5517,Licensed Group,Elements Early Learning Centre,2102 29Th Cres,,Vernon,V1T 1Y5,50.262946,-119.260012,250-351-9021,,,N,N,N,N,N,N,N,N,N,N,N,N,N,N,N,N,N,,,N,N,N,N,N,N,N,N,N,N,N,2026-04-20,https://hedgehogportal.interiorhealth.ca/ChildCare/Map,N,Y,N,Elements Early Learning Centre<br>Licensed Group<br>250-351-9021<br><br>Vacancy:<br>&nbsp;&nbsp;&nbsp;&nbsp;<36 months: N<br>&nbsp;&nbsp;&nbsp;&nbsp;30 months -- 5 years: N<br>&nbsp;&nbsp;&nbsp;&nbsp;Preschool: N<br>&nbsp;&nbsp;&nbsp;&nbsp;Grade 1 - Age 12: N<br>
5518,Licensed Family,Sarah's Lil' Monkeys,647 Kenneth St,,Victoria,V8Z 2C2,48.470075,-123.384572,250-889-4488,,,N,N,N,N,N,N,N,N,N,N,N,N,N,N,N,N,N,,,N,N,N,N,N,N,N,N,Y,N,N,2026-05-15,https://www.healthspace.ca/clients/viha/viha_website.nsf/CCFL-Main?OpenView,N,Y,N,Sarah's Lil' Monkeys<br>Licensed Family<br>250-889-4488<br><br>Vacancy:<br>&nbsp;&nbsp;&nbsp;&nbsp;<36 months: N<br>&nbsp;&nbsp;&nbsp;&nbsp;30 months -- 5 years: Y<br>&nbsp;&nbsp;&nbsp;&nbsp;Preschool: N<br>&nbsp;&nbsp;&nbsp;&nbsp;Grade 1 - Age 12: N<br>
5519,Licensed Group,Curiosity Corner Preschool Society,3455 King Edward Ave W,,Vancouver,V6S 0C7,49.250148,-123.18115,604-261-4434,,,N,N,N,N,N,N,N,N,N,N,N,N,N,N,N,N,N,,,N,N,N,N,N,N,N,N,N,N,N,2026-05-11,https://inspections.vcha.ca/ChildCare/Table,N,Y,N,Curiosity Corner Preschool Society<br>Licensed Group<br>604-261-4434<br><br>Vacancy:<br>&nbsp;&nbsp;&nbsp;&nbsp;<36 months: N<br>&nbsp;&nbsp;&nbsp;&nbsp;30 months -- 5 years: N<br>&nbsp;&nbsp;&nbsp;&nbsp;Preschool: N<br>&nbsp;&nbsp;&nbsp;&nbsp;Grade 1 - Age 12: N<br>
5520,Licensed Group,Centennial Day Care Centre,106-740 Hillside Ave,,Victoria,V8T 1Z4,48.439029,-123.365614,250-386-6832,,,N,N,N,N,N,N,N,N,N,N,N,N,N,N,N,N,N,,,N,N,N,N,N,N,N,N,Y,N,N,2026-05-01,https://www.healthspace.ca/clients/viha/viha_website.nsf/CCFL-Main?OpenView,N,Y,N,Centennial Day Care Centre<br>Licensed Group<br>250-386-6832<br><br>Vacancy:<br>&nbsp;&nbsp;&nbsp;&nbsp;<36 months: N<br>&nbsp;&nbsp;&nbsp;&nbsp;30 months -- 5 years: Y<br>&nbsp;&nbsp;&nbsp;&nbsp;Preschool: N<br>&nbsp;&nbsp;&nbsp;&nbsp;Grade 1 - Age 12: N<br>
5521,Licensed Group,Kootenay Christian Academy Preschool,1200 Kootenay St N,,Cranbrook,V1C 5X1,49.522723,-115.744421,250-489-3426,,,N,N,N,N,N,N,N,N,N,N,N,N,N,N,N,N,N,,,N,N,N,N,N,N,N,N,N,Y,N,2026-04-29,https://hedgehogportal.interiorhealth.ca/ChildCare/Map,N,Y,N,Kootenay Christian Academy Preschool<br>Licensed Group<br>250-489-3426<br><br>Vacancy:<br>&nbsp;&nbsp;&nbsp;&nbsp;<36 months: N<br>&nbsp;&nbsp;&nbsp;&nbsp;30 months -- 5 years: N<br>&nbsp;&nbsp;&nbsp;&nbsp;Preschool: Y<br>&nbsp;&nbsp;&nbsp;&nbsp;Grade 1 - Age 12: N<br>
5522,Licensed Group,Caterpillar Fun House #5,8226 146 St,,Surrey,V3S 3A5,49.152599,-122.817404,604-589-0009,,,N,N,N,N,N,N,N,N,N,N,N,N,N,N,N,N,N,,,N,N,N,N,N,N,N,N,N,Y,Y,2026-05-15,http://www.healthspace.ca/fha/childcare,N,Y,N,Caterpillar Fun House #5<br>Licensed Group<br>604-589-0009<br><br>Vacancy:<br>&nbsp;&nbsp;&nbsp;&nbsp;<36 months: N<br>&nbsp;&nbsp;&nbsp;&nbsp;30 months -- 5 years: N<br>&nbsp;&nbsp;&nbsp;&nbsp;Preschool: Y<br>&nbsp;&nbsp;&nbsp;&nbsp;Grade 1 - Age 12: Y<br>
5523,Licensed Group,Kids Zone Child Care Centre Ltd,12405 100 Ave,,Surrey,V3V 2X2,49.184693,-122.877596,604-580-6151,,,N,N,N,N,N,N,N,N,N,N,N,N,N,N,N,N,N,,,N,N,N,N,N,N,N,N,N,N,N,2026-04-19,http://www.healthspace.ca/fha/childcare,N,Y,N,Kids Zone Child Care Centre Ltd<br>Licensed Group<br>604-580-6151<br><br>Vacancy:<br>&nbsp;&nbsp;&nbsp;&nbsp;<36 months: N<br>&nbsp;&nbsp;&nbsp;&nbsp;30 months -- 5 years: N<br>&nbsp;&nbsp;&nbsp;&nbsp;Preschool: N<br>&nbsp;&nbsp;&nbsp;&nbsp;Grade 1 - Age 12: N<br>
5524,Licensed Group,Sunshine Preschool,980 13Th St E,,North Vancouver,V7L 2N2,49.319615,-123.046188,604-987-8229,,,N,N,N,N,N,N,N,N,N,N,N,N,N,N,N,N,N,,,N,N,N,N,N,N,N,N,N,N,N,2026-05-15,https://inspections.vcha.ca/ChildCare/Table,N,Y,N,Sunshine Preschool<br>Licensed Group<br>604-987-8229<br><br>Vacancy:<br>&nbsp;&nbsp;&nbsp;&nbsp;<36 months: N<br>&nbsp;&nbsp;&nbsp;&nbsp;30 months -- 5 years: N<br>&nbsp;&nbsp;&nbsp;&nbsp;Preschool: N<br>&nbsp;&nbsp;&nbsp;&nbsp;Grade 1 - Age 12: N<br>
5525,Licensed Group,Happyland Early Learning Centre,201-20165 91A Ave,,Langley,V1M 3A2,49.169449,-122.66408,604-882-1611,,,N,N,N,N,N,N,N,N,N,N,N,N,N,N,N,N,N,,,N,N,N,N,N,N,N,N,N,N,N,2026-05-15,http://www.healthspace.ca/fha/childcare,N,Y,N,Happyland Early Learning Centre<br>Licensed Group<br>604-882-1611<br><br>Vacancy:<br>&nbsp;&nbsp;&nbsp;&nbsp;<36 months: N<br>&nbsp;&nbsp;&nbsp;&nbsp;30 months -- 5 years: N<br>&nbsp;&nbsp;&nbsp;&nbsp;Preschool: N<br>&nbsp;&nbsp;&nbsp;&nbsp;Grade 1 - Age 12: N<br>
5526,Licensed Family,Mud Puddle Daycare,1170 Gerda Rd,,Victoria,V8Z 2Z4,48.483048,-123.406282,250-418-5372,,,N,N,N,N,N,N,N,N,N,N,N,N,N,N,N,N,N,,,N,N,N,N,N,N,N,N,N,N,N,2026-05-15,https://www.healthspace.ca/clients/viha/viha_website.nsf/CCFL-Main?OpenView,N,Y,N,Mud Puddle Daycare<br>Licensed Family<br>250-418-5372<br><br>Vacancy:<br>&nbsp;&nbsp;&nbsp;&nbsp;<36 months: N<br>&nbsp;&nbsp;&nbsp;&nbsp;30 months -- 5 years: N<br>&nbsp;&nbsp;&nbsp;&nbsp;Preschool: N<br>&nbsp;&nbsp;&nbsp;&nbsp;Grade 1 - Age 12: N<br>
5527,Licensed Family,Hillside Scampers Family Child Care,2230 Arbot Rd,,Nanaimo,V9R 6V4,49.166788,-123.988366,250-716-8757,,,N,N,N,N,N,N,N,N,N,N,N,N,N,N,N,N,N,,,N,N,N,N,N,N,N,Y,Y,N,N,2026-05-15,https://www.healthspace.ca/clients/viha/viha_website.nsf/CCFL-Main?OpenView,N,Y,N,Hillside Scampers Family Child Care<br>Licensed Family<br>250-716-8757<br><br>Vacancy:<br>&nbsp;&nbsp;&nbsp;&nbsp;<36 months: Y<br>&nbsp;&nbsp;&nbsp;&nbsp;30 months -- 5 years: Y<br>&nbsp;&nbsp;&nbsp;&nbsp;Preschool: N<br>&nbsp;&nbsp;&nbsp;&nbsp;Grade 1 - Age 12: N<br>
5528,Licensed Group,Archer Daycare,310 Archer St,,New Westminster,V3L 4E2,49.225835,-122.899562,604-525-6186,,,N,N,N,N,N,N,N,N,N,N,N,N,N,N,N,N,N,,,N,N,N,N,N,N,N,Y,N,N,N,2026-04-15,http://www.healthspace.ca/fha/childcare,N,Y,N,Archer Daycare<br>Licensed Group<br>604-525-6186<br><br>Vacancy:<br>&nbsp;&nbsp;&nbsp;&nbsp;<36 months: Y<br>&nbsp;&nbsp;&nbsp;&nbsp;30 months -- 5 years: N<br>&nbsp;&nbsp;&nbsp;&nbsp;Preschool: N<br>&nbsp;&nbsp;&nbsp;&nbsp;Grade 1 - Age 12: N<br>
5529,Licensed Group,Laugh And Learn Children Centre,101-335 Carnarvon St,,New Westminster,V3L 1B9,49.205898,-122.906225,604-526-1414,,,N,N,N,N,N,N,N,N,N,N,N,N,N,N,N,N,N,,,N,N,N,N,N,N,N,N,N,N,N,2026-05-19,http://www.healthspace.ca/fha/childcare,N,Y,N,Laugh And Learn Children Centre<br>Licensed Group<br>604-526-1414<br><br>Vacancy:<br>&nbsp;&nbsp;&nbsp;&nbsp;<36 months: N<br>&nbsp;&nbsp;&nbsp;&nbsp;30 months -- 5 years: N<br>&nbsp;&nbsp;&nbsp;&nbsp;Preschool: N<br>&nbsp;&nbsp;&nbsp;&nbsp;Grade 1 - Age 12: N<br>
5530,Licensed Group,Magic Bean Daycare,4891 Hermitage Dr,,Richmond,V7E 4P3,49.137341,-123.170743,778-789-5215,,,N,N,N,N,N,N,N,N,N,N,N,N,N,N,N,N,N,,,N,N,N,N,N,N,N,N,N,N,N,2026-05-17,https://inspections.vcha.ca/ChildCare/Table,N,Y,N,Magic Bean Daycare<br>Licensed Group<br>778-789-5215<br><br>Vacancy:<br>&nbsp;&nbsp;&nbsp;&nbsp;<36 months: N<br>&nbsp;&nbsp;&nbsp;&nbsp;30 months -- 5 years: N<br>&nbsp;&nbsp;&nbsp;&nbsp;Preschool: N<br>&nbsp;&nbsp;&nbsp;&nbsp;Grade 1 - Age 12: N<br>
5531,Licensed Group,Hastings Community Out Of School Care,3096 Hastings St E,,Vancouver,V5K 2A3,49.281102,-123.038983,604-718-6232,,,N,N,N,N,N,N,N,N,N,N,N,N,N,N,N,N,N,,,N,N,N,N,N,N,N,N,N,N,N,2026-05-20,https://inspections.vcha.ca/ChildCare/Table,N,Y,N,Hastings Community Out Of School Care<br>Licensed Group<br>604-718-6232<br><br>Vacancy:<br>&nbsp;&nbsp;&nbsp;&nbsp;<36 months: N<br>&nbsp;&nbsp;&nbsp;&nbsp;30 months -- 5 years: N<br>&nbsp;&nbsp;&nbsp;&nbsp;Preschool: N<br>&nbsp;&nbsp;&nbsp;&nbsp;Grade 1 - Age 12: N<br>
5532,Licensed Group,Bumble Bear Daycare,2305 7Th Ave W,,Vancouver,V6K 1Y4,49.265902,-123.15807,604-875-9111,,,N,N,N,N,N,N,N,N,N,N,N,N,N,N,N,N,N,Not offered,Not offered,N,N,N,N,N,N,N,N,N,N,N,2026-04-08,https://inspections.vcha.ca/ChildCare/Table,N,Y,N,Bumble Bear Daycare<br>Licensed Group<br>604-875-9111<br><br>Vacancy:<br>&nbsp;&nbsp;&nbsp;&nbsp;<36 months: N<br>&nbsp;&nbsp;&nbsp;&nbsp;30 months -- 5 years: N<br>&nbsp;&nbsp;&nbsp;&nbsp;Preschool: N<br>&nbsp;&nbsp;&nbsp;&nbsp;Grade 1 - Age 12: N<br>
5533,Licensed Group,Olive Branch Childcare,1525 Taylor Way,,West Vancouver,V7S 1N5,49.338533,-123.135816,604-281-1871,,,N,N,N,N,N,N,N,N,N,N,N,N,N,N,N,N,N,,,N,N,N,N,N,N,N,N,N,N,N,2026-05-16,https://inspections.vcha.ca/ChildCare/Table,N,Y,N,Olive Branch Childcare<br>Licensed Group<br>604-281-1871<br><br>Vacancy:<br>&nbsp;&nbsp;&nbsp;&nbsp;<36 months: N<br>&nbsp;&nbsp;&nbsp;&nbsp;30 months -- 5 years: N<br>&nbsp;&nbsp;&nbsp;&nbsp;Preschool: N<br>&nbsp;&nbsp;&nbsp;&nbsp;Grade 1 - Age 12: N<br>
5534,Licensed Family,Small Wonders,1507 39 Ave,,Vernon,V1T 3A6,50.270351,-119.252171,250-540-4861,,,N,N,N,N,N,N,N,N,N,N,N,N,N,N,N,N,N,,,N,N,N,N,N,N,N,N,N,N,N,2026-05-15,https://hedgehogportal.interiorhealth.ca/ChildCare/Map,N,Y,N,Small Wonders<br>Licensed Family<br>250-540-4861<br><br>Vacancy:<br>&nbsp;&nbsp;&nbsp;&nbsp;<36 months: N<br>&nbsp;&nbsp;&nbsp;&nbsp;30 months -- 5 years: N<br>&nbsp;&nbsp;&nbsp;&nbsp;Preschool: N<br>&nbsp;&nbsp;&nbsp;&nbsp;Grade 1 - Age 12: N<br>
5535,Licensed Group,Golden Child Daycare,818 9Th St N,,Golden,V0A 1H2,51.305665,-116.973916,250-344-5585,,,N,N,N,N,N,N,N,N,N,N,N,N,N,N,N,N,N,Not offered,Not offered,N,N,N,N,N,N,N,N,N,N,N,2026-05-04,https://hedgehogportal.interiorhealth.ca/ChildCare/Map,N,Y,N,Golden Child Daycare<br>Licensed Group<br>250-344-5585<br><br>Vacancy:<br>&nbsp;&nbsp;&nbsp;&nbsp;<36 months: N<br>&nbsp;&nbsp;&nbsp;&nbsp;30 months -- 5 years: N<br>&nbsp;&nbsp;&nbsp;&nbsp;Preschool: N<br>&nbsp;&nbsp;&nbsp;&nbsp;Grade 1 - Age 12: N<br>
5536,Licensed Group,Terra Nova Nature Preschool,2680 River Rd,,Richmond,V7C 1A1,49.174492,-123.195132,604-238-8497,,,N,N,N,N,N,N,N,N,N,N,N,N,N,N,N,N,N,,,N,N,N,N,N,N,N,N,N,Y,N,2026-05-08,https://inspections.vcha.ca/ChildCare/Table,N,Y,N,Terra Nova Nature Preschool<br>Licensed Group<br>604-238-8497<br><br>Vacancy:<br>&nbsp;&nbsp;&nbsp;&nbsp;<36 months: N<br>&nbsp;&nbsp;&nbsp;&nbsp;30 months -- 5 years: N<br>&nbsp;&nbsp;&nbsp;&nbsp;Preschool: Y<br>&nbsp;&nbsp;&nbsp;&nbsp;Grade 1 - Age 12: N<br>
5537,Licensed Group,Golden Apple Daycare,1315 Jordan St,,Coquitlam,V3B 6X5,49.292216,-122.79638,604-475-3868,,,N,N,N,N,N,N,N,N,N,N,N,N,N,N,N,N,N,,,N,N,N,N,N,N,N,N,N,N,N,2026-05-10,http://www.healthspace.ca/fha/childcare,N,Y,N,Golden Apple Daycare<br>Licensed Group<br>604-475-3868<br><br>Vacancy:<br>&nbsp;&nbsp;&nbsp;&nbsp;<36 months: N<br>&nbsp;&nbsp;&nbsp;&nbsp;30 months -- 5 years: N<br>&nbsp;&nbsp;&nbsp;&nbsp;Preschool: N<br>&nbsp;&nbsp;&nbsp;&nbsp;Grade 1 - Age 12: N<br>
5538,Licensed Group,South Central Montessori Child Care Ltd.,6020 Steveston Highway,,Richmond,V7E 2K8,49.133087,-123.158259,778-889-0188,,,N,N,N,N,N,N,N,N,N,N,N,N,N,N,N,N,N,,,N,N,N,N,N,N,N,Y,Y,N,N,2026-05-08,https://inspections.vcha.ca/ChildCare/Table,N,Y,N,South Central Montessori Child Care Ltd.<br>Licensed Group<br>778-889-0188<br><br>Vacancy:<br>&nbsp;&nbsp;&nbsp;&nbsp;<36 months: Y<br>&nbsp;&nbsp;&nbsp;&nbsp;30 months -- 5 years: Y<br>&nbsp;&nbsp;&nbsp;&nbsp;Preschool: N<br>&nbsp;&nbsp;&nbsp;&nbsp;Grade 1 - Age 12: N<br>
5539,Licensed Group,Tiny Wings Montessori - Crescent Park,13195 24Th Ave,,Surrey,V4A 2G2,49.046049,-122.856724,604-531-8576,,,N,N,N,N,N,N,N,N,N,N,N,N,N,N,N,N,N,,,N,N,N,N,N,N,N,N,N,N,N,2026-05-15,http://www.healthspace.ca/fha/childcare,N,Y,N,Tiny Wings Montessori - Crescent Park<br>Licensed Group<br>604-531-8576<br><br>Vacancy:<br>&nbsp;&nbsp;&nbsp;&nbsp;<36 months: N<br>&nbsp;&nbsp;&nbsp;&nbsp;30 months -- 5 years: N<br>&nbsp;&nbsp;&nbsp;&nbsp;Preschool: N<br>&nbsp;&nbsp;&nbsp;&nbsp;Grade 1 - Age 12: N<br>
5540,Licensed Group,Adventure Daycare/Adventure Forest School Inc.,2688 Penrith Ave,,Cumberland,V0R 1S0,49.619897,-125.031311,250-897-6143,,,N,N,N,N,N,N,N,N,N,N,N,N,N,N,N,N,N,,,N,N,N,N,N,N,N,N,N,N,N,2026-05-15,https://www.healthspace.ca/clients/viha/viha_website.nsf/CCFL-Main?OpenView,N,Y,N,Adventure Daycare/Adventure Forest School Inc.<br>Licensed Group<br>250-897-6143<br><br>Vacancy:<br>&nbsp;&nbsp;&nbsp;&nbsp;<36 months: N<br>&nbsp;&nbsp;&nbsp;&nbsp;30 months -- 5 years: N<br>&nbsp;&nbsp;&nbsp;&nbsp;Preschool: N<br>&nbsp;&nbsp;&nbsp;&nbsp;Grade 1 - Age 12: N<br>
5541,Licensed Group,West Point Grey Community Centre,4397 2Nd Ave W,,Vancouver,V6R 1K4,49.271841,-123.204609,604-257-8149,,,N,N,N,N,N,N,N,N,N,N,N,N,N,N,N,N,N,,,N,N,N,N,N,N,N,N,N,Y,N,2026-05-15,https://inspections.vcha.ca/ChildCare/Table,N,Y,N,West Point Grey Community Centre<br>Licensed Group<br>604-257-8149<br><br>Vacancy:<br>&nbsp;&nbsp;&nbsp;&nbsp;<36 months: N<br>&nbsp;&nbsp;&nbsp;&nbsp;30 months -- 5 years: N<br>&nbsp;&nbsp;&nbsp;&nbsp;Preschool: Y<br>&nbsp;&nbsp;&nbsp;&nbsp;Grade 1 - Age 12: N<br>
5542,Licensed Group,Monkey Ville Childcare,8365 150A St,,Surrey,V3S 8H9,49.154809,-122.805798,604-723-9590,,,N,N,N,N,N,N,N,N,N,N,N,N,N,N,N,N,N,,,N,N,N,N,N,N,N,N,N,N,N,2026-05-20,http://www.healthspace.ca/fha/childcare,N,Y,N,Monkey Ville Childcare<br>Licensed Group<br>604-723-9590<br><br>Vacancy:<br>&nbsp;&nbsp;&nbsp;&nbsp;<36 months: N<br>&nbsp;&nbsp;&nbsp;&nbsp;30 months -- 5 years: N<br>&nbsp;&nbsp;&nbsp;&nbsp;Preschool: N<br>&nbsp;&nbsp;&nbsp;&nbsp;Grade 1 - Age 12: N<br>
5543,Licensed Group,Kiddie Club Childcare Center,6686 Stanley St,,Burnaby,V5E 1T8,49.2268,-122.965368,778-861-1313,,,,,,,,,,,,,,,,,,,,,,,,,,,,,,,,,,,Y,Y,N,Kiddie Club Childcare Center<br>Licensed Group<br>778-861-1313<br><br>Vacancy:<br>&nbsp;&nbsp;&nbsp;&nbsp;<36 months: None<br>&nbsp;&nbsp;&nbsp;&nbsp;30 months -- 5 years: None<br>&nbsp;&nbsp;&nbsp;&nbsp;Preschool: None<br>&nbsp;&nbsp;&nbsp;&nbsp;Grade 1 - Age 12: None<br>
5544,Licensed Group,Heritage Mountain Daycare,145 Ravine Dr,,Port Moody,V3H 4W3,49.294951,-122.836028,604-619-5308,,,N,N,N,N,N,N,N,N,N,N,N,N,N,N,N,N,N,,,N,N,N,N,N,N,N,N,Y,N,N,2026-05-13,http://www.healthspace.ca/fha/childcare,N,Y,N,Heritage Mountain Daycare<br>Licensed Group<br>604-619-5308<br><br>Vacancy:<br>&nbsp;&nbsp;&nbsp;&nbsp;<36 months: N<br>&nbsp;&nbsp;&nbsp;&nbsp;30 months -- 5 years: Y<br>&nbsp;&nbsp;&nbsp;&nbsp;Preschool: N<br>&nbsp;&nbsp;&nbsp;&nbsp;Grade 1 - Age 12: N<br>
5545,Licensed Group,Cefa - Fleetwood,1-16050 Fraser Hwy,,Surrey,V4N 0G3,49.156589,-122.777406,604-593-2650,,,Y,N,N,N,N,N,Y,Y,N,N,N,N,N,N,N,N,N,Included in fee,Not offered,N,N,N,N,Y,Y,N,N,Y,N,N,2026-04-23,http://www.healthspace.ca/fha/childcare,N,Y,N,Cefa - Fleetwood<br>Licensed Group<br>604-593-2650<br><br>Vacancy:<br>&nbsp;&nbsp;&nbsp;&nbsp;<36 months: N<br>&nbsp;&nbsp;&nbsp;&nbsp;30 months -- 5 years: Y<br>&nbsp;&nbsp;&nbsp;&nbsp;Preschool: N<br>&nbsp;&nbsp;&nbsp;&nbsp;Grade 1 - Age 12: N<br>
5546,Licensed Group,Kids Korner,85 Merivale St,,New Westminster,V3L 0G2,49.208118,-122.905456,604-540-1688,,,N,N,N,N,N,N,N,N,N,N,N,N,N,N,N,N,N,,,N,N,N,N,N,N,N,N,N,N,N,2026-05-15,http://www.healthspace.ca/fha/childcare,N,Y,N,Kids Korner<br>Licensed Group<br>604-540-1688<br><br>Vacancy:<br>&nbsp;&nbsp;&nbsp;&nbsp;<36 months: N<br>&nbsp;&nbsp;&nbsp;&nbsp;30 months -- 5 years: N<br>&nbsp;&nbsp;&nbsp;&nbsp;Preschool: N<br>&nbsp;&nbsp;&nbsp;&nbsp;Grade 1 - Age 12: N<br>
5547,Licensed Group,N'quatqua Child & Family Development Centre (Preschool),64 Casper Charlie Pl,,D'arcy,V0N 1L0,50.550366,-122.483829,604-452-3584,,,N,N,N,N,N,N,N,N,N,N,N,N,N,N,N,N,N,,,N,N,N,N,N,N,N,N,N,N,N,2026-05-15,https://inspections.vcha.ca/ChildCare/Table,N,Y,N,N'quatqua Child & Family Development Centre (Preschool)<br>Licensed Group<br>604-452-3584<br><br>Vacancy:<br>&nbsp;&nbsp;&nbsp;&nbsp;<36 months: N<br>&nbsp;&nbsp;&nbsp;&nbsp;30 months -- 5 years: N<br>&nbsp;&nbsp;&nbsp;&nbsp;Preschool: N<br>&nbsp;&nbsp;&nbsp;&nbsp;Grade 1 - Age 12: N<br>
5548,Licensed Group,N'quatqua Child Family Development Centre (Gcc Sa),64 Casper Charlie Pl,,D'arcy,V0N 1L0,50.550366,-122.483829,604-452-3584,,,N,N,N,N,N,N,N,N,N,N,N,N,N,N,N,N,N,,,N,N,N,N,N,N,N,N,N,N,N,2026-05-15,https://inspections.vcha.ca/ChildCare/Table,N,Y,N,N'quatqua Child Family Development Centre (Gcc Sa)<br>Licensed Group<br>604-452-3584<br><br>Vacancy:<br>&nbsp;&nbsp;&nbsp;&nbsp;<36 months: N<br>&nbsp;&nbsp;&nbsp;&nbsp;30 months -- 5 years: N<br>&nbsp;&nbsp;&nbsp;&nbsp;Preschool: N<br>&nbsp;&nbsp;&nbsp;&nbsp;Grade 1 - Age 12: N<br>
5549,Licensed Group,ymca - Rose Valley Out Of School Care,1680 Westlake Rd,,West Kelowna,V1Z 3G6,49.88693,-119.556799,250-764-9621,,,N,N,N,N,N,N,N,N,N,N,N,N,N,N,N,N,N,,,N,N,N,N,N,N,N,N,N,N,N,2026-04-28,https://hedgehogportal.interiorhealth.ca/ChildCare/Map,N,N,N,ymca - Rose Valley Out Of School Care<br>Licensed Group<br>250-764-9621<br><br>Vacancy:<br>&nbsp;&nbsp;&nbsp;&nbsp;<36 months: N<br>&nbsp;&nbsp;&nbsp;&nbsp;30 months -- 5 years: N<br>&nbsp;&nbsp;&nbsp;&nbsp;Preschool: N<br>&nbsp;&nbsp;&nbsp;&nbsp;Grade 1 - Age 12: N<br>
5550,Licensed Group,Abc Childcare Centre,32340 Mouat Dr,,Abbotsford,V2T 4J1,49.058304,-122.328778,604-300-1179,,,,,,,,,,,,,,,,,,,,,,,,,,,,,,,,,,,Y,Y,N,Abc Childcare Centre<br>Licensed Group<br>604-300-1179<br><br>Vacancy:<br>&nbsp;&nbsp;&nbsp;&nbsp;<36 months: None<br>&nbsp;&nbsp;&nbsp;&nbsp;30 months -- 5 years: None<br>&nbsp;&nbsp;&nbsp;&nbsp;Preschool: None<br>&nbsp;&nbsp;&nbsp;&nbsp;Grade 1 - Age 12: None<br>
5551,Licensed Group,Bear Creek Cubs Childcare,8383 140 St,,Surrey,V3W 5K9,49.155196,-122.834924,604-306-4073,,,N,N,N,N,N,N,N,N,N,N,N,N,N,N,N,N,N,,,N,N,N,N,N,N,N,N,N,N,N,2026-05-15,http://www.healthspace.ca/fha/childcare,N,Y,N,Bear Creek Cubs Childcare<br>Licensed Group<br>604-306-4073<br><br>Vacancy:<br>&nbsp;&nbsp;&nbsp;&nbsp;<36 months: N<br>&nbsp;&nbsp;&nbsp;&nbsp;30 months -- 5 years: N<br>&nbsp;&nbsp;&nbsp;&nbsp;Preschool: N<br>&nbsp;&nbsp;&nbsp;&nbsp;Grade 1 - Age 12: N<br>
5552,Licensed Group,ymca Robert Ogilvie Care And Learning Centre,9907 86 St,,Fort St. John,V1J 3G4,56.245471,-120.820161,250-961-7046,,,N,N,N,N,N,N,N,N,N,N,N,N,N,N,N,N,N,,,N,N,N,N,N,N,N,N,N,N,N,2026-05-14,,N,Y,N,ymca Robert Ogilvie Care And Learning Centre<br>Licensed Group<br>250-961-7046<br><br>Vacancy:<br>&nbsp;&nbsp;&nbsp;&nbsp;<36 months: N<br>&nbsp;&nbsp;&nbsp;&nbsp;30 months -- 5 years: N<br>&nbsp;&nbsp;&nbsp;&nbsp;Preschool: N<br>&nbsp;&nbsp;&nbsp;&nbsp;Grade 1 - Age 12: N<br>
5553,Licensed Group,Granville House Montessori School,4355 Granville St,,Vancouver,V6H 3L6,49.24667,-123.139624,780-504-7860,,,N,N,N,N,N,N,N,N,N,N,N,N,N,N,N,N,N,,,N,N,N,N,N,N,N,N,N,N,N,2026-05-04,https://inspections.vcha.ca/ChildCare/Table,N,Y,Y,Granville House Montessori School<br>Licensed Group<br>780-504-7860<br><br>Vacancy:<br>&nbsp;&nbsp;&nbsp;&nbsp;<36 months: N<br>&nbsp;&nbsp;&nbsp;&nbsp;30 months -- 5 years: N<br>&nbsp;&nbsp;&nbsp;&nbsp;Preschool: N<br>&nbsp;&nbsp;&nbsp;&nbsp;Grade 1 - Age 12: N<br>
5554,Licensed Group,Kit's Kids Club,2305 7Th Ave W,,Vancouver,V6K 1Y4,49.265906,-123.158063,604-875-9111,,,N,N,N,N,N,N,N,N,N,N,N,N,N,N,N,N,N,Not offered,Not offered,N,N,N,N,N,N,N,N,N,N,N,2026-04-08,https://inspections.vcha.ca/ChildCare/Table,N,Y,N,Kit's Kids Club<br>Licensed Group<br>604-875-9111<br><br>Vacancy:<br>&nbsp;&nbsp;&nbsp;&nbsp;<36 months: N<br>&nbsp;&nbsp;&nbsp;&nbsp;30 months -- 5 years: N<br>&nbsp;&nbsp;&nbsp;&nbsp;Preschool: N<br>&nbsp;&nbsp;&nbsp;&nbsp;Grade 1 - Age 12: N<br>
5555,Licensed Group,5 Star Learning Centre,7096 201 St,,Langley,V2Y 3G7,49.13166,-122.663325,604-812-4838,,,N,N,N,N,N,N,N,N,N,N,N,N,N,N,N,N,N,,,N,N,N,N,N,N,N,N,N,Y,N,2026-05-15,http://www.healthspace.ca/fha/childcare,N,Y,N,5 Star Learning Centre<br>Licensed Group<br>604-812-4838<br><br>Vacancy:<br>&nbsp;&nbsp;&nbsp;&nbsp;<36 months: N<br>&nbsp;&nbsp;&nbsp;&nbsp;30 months -- 5 years: N<br>&nbsp;&nbsp;&nbsp;&nbsp;Preschool: Y<br>&nbsp;&nbsp;&nbsp;&nbsp;Grade 1 - Age 12: N<br>
5556,Licensed Group,Apple Tree Maple Child Care Centre,9211 Romaniuk Dr,,Richmond,V7E 5G6,49.146123,-123.154673,604-716-8383,,,N,N,N,N,N,N,N,N,N,N,N,N,N,N,N,N,N,,,N,N,N,N,N,N,N,N,N,N,N,2026-05-15,https://inspections.vcha.ca/ChildCare/Table,N,Y,N,Apple Tree Maple Child Care Centre<br>Licensed Group<br>604-716-8383<br><br>Vacancy:<br>&nbsp;&nbsp;&nbsp;&nbsp;<36 months: N<br>&nbsp;&nbsp;&nbsp;&nbsp;30 months -- 5 years: N<br>&nbsp;&nbsp;&nbsp;&nbsp;Preschool: N<br>&nbsp;&nbsp;&nbsp;&nbsp;Grade 1 - Age 12: N<br>
5557,Licensed Group,John Tod Centre,150 Wood St,,Kamloops,V2B 2P2,50.690062,-120.355132,250-554-5437,,,N,N,N,N,N,N,N,N,N,N,N,N,N,N,N,N,N,Not offered,Not offered,N,N,N,N,N,N,N,N,N,N,N,2026-05-21,https://hedgehogportal.interiorhealth.ca/ChildCare/Map,N,Y,N,John Tod Centre<br>Licensed Group<br>250-554-5437<br><br>Vacancy:<br>&nbsp;&nbsp;&nbsp;&nbsp;<36 months: N<br>&nbsp;&nbsp;&nbsp;&nbsp;30 months -- 5 years: N<br>&nbsp;&nbsp;&nbsp;&nbsp;Preschool: N<br>&nbsp;&nbsp;&nbsp;&nbsp;Grade 1 - Age 12: N<br>
5558,Licensed Family,Angel Montessori Children Centre,10562 169 St,,Surrey,V4N 3H7,49.194627,-122.753912,604-808-8566,,,N,N,N,N,N,N,N,N,N,N,N,N,N,N,N,N,N,,,N,N,N,N,N,N,N,N,N,N,N,2026-05-18,http://www.healthspace.ca/fha/childcare,N,Y,N,Angel Montessori Children Centre<br>Licensed Family<br>604-808-8566<br><br>Vacancy:<br>&nbsp;&nbsp;&nbsp;&nbsp;<36 months: N<br>&nbsp;&nbsp;&nbsp;&nbsp;30 months -- 5 years: N<br>&nbsp;&nbsp;&nbsp;&nbsp;Preschool: N<br>&nbsp;&nbsp;&nbsp;&nbsp;Grade 1 - Age 12: N<br>
5559,Licensed Group,Urban Kids Montessori - Clayton,201-19188 72 Ave,,Surrey,V4N 1M9,49.133466,-122.691576,604-372-2111,,,N,N,N,N,N,N,N,N,N,N,N,N,N,N,N,N,N,,,N,N,N,N,N,N,N,N,N,Y,N,2026-05-01,http://www.healthspace.ca/fha/childcare,N,Y,N,Urban Kids Montessori - Clayton<br>Licensed Group<br>604-372-2111<br><br>Vacancy:<br>&nbsp;&nbsp;&nbsp;&nbsp;<36 months: N<br>&nbsp;&nbsp;&nbsp;&nbsp;30 months -- 5 years: N<br>&nbsp;&nbsp;&nbsp;&nbsp;Preschool: Y<br>&nbsp;&nbsp;&nbsp;&nbsp;Grade 1 - Age 12: N<br>
5560,Licensed Group,Sullivan's Kiddie Caboose Childcare Inc. - 62 Ave,101/102 14187 62Nd Ave,,Surrey,V3X 0B1,49.115626,-122.82963,604-833-0747,,,N,N,N,N,N,N,N,N,N,N,N,N,N,N,N,N,N,,,N,N,N,N,N,N,N,Y,N,Y,N,2026-04-16,http://www.healthspace.ca/fha/childcare,N,Y,N,Sullivan's Kiddie Caboose Childcare Inc. - 62 Ave<br>Licensed Group<br>604-833-0747<br><br>Vacancy:<br>&nbsp;&nbsp;&nbsp;&nbsp;<36 months: Y<br>&nbsp;&nbsp;&nbsp;&nbsp;30 months -- 5 years: N<br>&nbsp;&nbsp;&nbsp;&nbsp;Preschool: Y<br>&nbsp;&nbsp;&nbsp;&nbsp;Grade 1 - Age 12: N<br>
5561,Licensed Group,Bee Haven - The Haven,648 Queensbury Ave,,North Vancouver,V7L 3V6,49.312217,-123.057064,604-770-0051,,,N,N,N,N,N,N,N,N,N,N,N,N,N,N,N,N,N,,,N,N,N,N,N,N,N,N,N,N,N,2026-05-14,https://inspections.vcha.ca/ChildCare/Table,N,Y,N,Bee Haven - The Haven<br>Licensed Group<br>604-770-0051<br><br>Vacancy:<br>&nbsp;&nbsp;&nbsp;&nbsp;<36 months: N<br>&nbsp;&nbsp;&nbsp;&nbsp;30 months -- 5 years: N<br>&nbsp;&nbsp;&nbsp;&nbsp;Preschool: N<br>&nbsp;&nbsp;&nbsp;&nbsp;Grade 1 - Age 12: N<br>
5562,Licensed Group,Bgc South Vancouver Island - Westshore Club,345 Wale Rd,,Victoria,V9B 6X2,48.444524,-123.471872,250-384-9133,,,N,N,N,N,N,N,N,N,N,N,N,N,N,N,N,N,N,,,N,N,N,N,N,N,N,N,N,N,N,2026-05-06,https://www.healthspace.ca/clients/viha/viha_website.nsf/CCFL-Main?OpenView,N,Y,N,Bgc South Vancouver Island - Westshore Club<br>Licensed Group<br>250-384-9133<br><br>Vacancy:<br>&nbsp;&nbsp;&nbsp;&nbsp;<36 months: N<br>&nbsp;&nbsp;&nbsp;&nbsp;30 months -- 5 years: N<br>&nbsp;&nbsp;&nbsp;&nbsp;Preschool: N<br>&nbsp;&nbsp;&nbsp;&nbsp;Grade 1 - Age 12: N<br>
5563,Licensed Group,Mustard Seed Children's Centre - Gcc 30 Months To School Age,3360 Sexsmith Rd,,Richmond,V6X 2H8,49.188583,-123.127252,604-285-5266,,,,,,,,,,,,,,,,,,,,,,,,,,,,,,,,,,,Y,Y,N,Mustard Seed Children's Centre - Gcc 30 Months To School Age<br>Licensed Group<br>604-285-5266<br><br>Vacancy:<br>&nbsp;&nbsp;&nbsp;&nbsp;<36 months: None<br>&nbsp;&nbsp;&nbsp;&nbsp;30 months -- 5 years: None<br>&nbsp;&nbsp;&nbsp;&nbsp;Preschool: None<br>&nbsp;&nbsp;&nbsp;&nbsp;Grade 1 - Age 12: None<br>
5564,Licensed Group,Mustard Seed Children's Centre,3360 Sexsmith Rd,,Richmond,V6X 2H8,49.188583,-123.127252,604-285-5266,,,,,,,,,,,,,,,,,,,,,,,,,,,,,,,,,,,Y,Y,N,Mustard Seed Children's Centre<br>Licensed Group<br>604-285-5266<br><br>Vacancy:<br>&nbsp;&nbsp;&nbsp;&nbsp;<36 months: None<br>&nbsp;&nbsp;&nbsp;&nbsp;30 months -- 5 years: None<br>&nbsp;&nbsp;&nbsp;&nbsp;Preschool: None<br>&nbsp;&nbsp;&nbsp;&nbsp;Grade 1 - Age 12: None<br>
5565,Licensed Family,Gentle Touch Daycare,3429 Blueberry Crt,,Abbotsford,V3G 3C9,49.064446,-122.233071,604-859-0170,,,N,N,N,N,N,N,N,N,N,N,N,N,N,N,N,N,N,,,N,N,N,N,N,N,N,N,N,N,N,2026-05-16,http://www.healthspace.ca/fha/childcare,N,Y,N,Gentle Touch Daycare<br>Licensed Family<br>604-859-0170<br><br>Vacancy:<br>&nbsp;&nbsp;&nbsp;&nbsp;<36 months: N<br>&nbsp;&nbsp;&nbsp;&nbsp;30 months -- 5 years: N<br>&nbsp;&nbsp;&nbsp;&nbsp;Preschool: N<br>&nbsp;&nbsp;&nbsp;&nbsp;Grade 1 - Age 12: N<br>
5566,Licensed Group,Little Maples After School Care,7671 Alouette Dr,,Richmond,V7A 4P2,49.138305,-123.141412,604-512-1611,,,N,N,N,N,N,N,N,N,N,N,N,N,N,N,N,N,N,,,N,N,N,N,N,N,N,N,Y,N,Y,2026-05-13,https://inspections.vcha.ca/ChildCare/Table,N,Y,N,Little Maples After School Care<br>Licensed Group<br>604-512-1611<br><br>Vacancy:<br>&nbsp;&nbsp;&nbsp;&nbsp;<36 months: N<br>&nbsp;&nbsp;&nbsp;&nbsp;30 months -- 5 years: Y<br>&nbsp;&nbsp;&nbsp;&nbsp;Preschool: N<br>&nbsp;&nbsp;&nbsp;&nbsp;Grade 1 - Age 12: Y<br>
5567,Licensed Group,Little Maples Preschool,7671 Alouette Dr,,Richmond,V7A 4P2,49.13755,-123.14113,604-512-1611,,,N,N,N,N,N,N,N,N,N,N,N,N,N,N,N,N,N,,,N,N,N,N,N,N,N,N,N,Y,N,2026-05-13,https://inspections.vcha.ca/ChildCare/Table,N,Y,N,Little Maples Preschool<br>Licensed Group<br>604-512-1611<br><br>Vacancy:<br>&nbsp;&nbsp;&nbsp;&nbsp;<36 months: N<br>&nbsp;&nbsp;&nbsp;&nbsp;30 months -- 5 years: N<br>&nbsp;&nbsp;&nbsp;&nbsp;Preschool: Y<br>&nbsp;&nbsp;&nbsp;&nbsp;Grade 1 - Age 12: N<br>
5568,Licensed Group,Rise N Shine Childcare Center Inc. #3,17460 61A Ave,,Surrey,V3S 5K2,49.11364,-122.73896,604-779-1940,,,N,N,N,N,N,N,N,N,N,N,N,N,N,N,N,N,N,,,N,N,N,N,N,N,N,N,Y,N,N,2026-05-18,http://www.healthspace.ca/fha/childcare,N,Y,N,Rise N Shine Childcare Center Inc. #3<br>Licensed Group<br>604-779-1940<br><br>Vacancy:<br>&nbsp;&nbsp;&nbsp;&nbsp;<36 months: N<br>&nbsp;&nbsp;&nbsp;&nbsp;30 months -- 5 years: Y<br>&nbsp;&nbsp;&nbsp;&nbsp;Preschool: N<br>&nbsp;&nbsp;&nbsp;&nbsp;Grade 1 - Age 12: N<br>
5569,Licensed Group,Cedar Mill Childcare,890 29Th St E,,North Vancouver,V7K 1B8,49.335774,-123.048365,604-982-0439,,,N,N,N,N,N,N,N,N,N,N,N,N,N,N,N,N,N,,,N,N,N,N,N,N,N,N,N,N,N,2026-05-15,https://inspections.vcha.ca/ChildCare/Table,N,Y,N,Cedar Mill Childcare<br>Licensed Group<br>604-982-0439<br><br>Vacancy:<br>&nbsp;&nbsp;&nbsp;&nbsp;<36 months: N<br>&nbsp;&nbsp;&nbsp;&nbsp;30 months -- 5 years: N<br>&nbsp;&nbsp;&nbsp;&nbsp;Preschool: N<br>&nbsp;&nbsp;&nbsp;&nbsp;Grade 1 - Age 12: N<br>
5570,Licensed Family,Mama Duck's Daycare,4162 Orchard Cir,,Nanaimo,V9T 4C6,49.217778,-124.016157,250-751-2111,,,N,N,N,N,N,N,N,N,N,N,N,N,N,N,N,N,N,,,N,N,N,N,N,N,N,N,N,N,N,2026-05-15,https://www.healthspace.ca/clients/viha/viha_website.nsf/CCFL-Main?OpenView,N,Y,N,Mama Duck's Daycare<br>Licensed Family<br>250-751-2111<br><br>Vacancy:<br>&nbsp;&nbsp;&nbsp;&nbsp;<36 months: N<br>&nbsp;&nbsp;&nbsp;&nbsp;30 months -- 5 years: N<br>&nbsp;&nbsp;&nbsp;&nbsp;Preschool: N<br>&nbsp;&nbsp;&nbsp;&nbsp;Grade 1 - Age 12: N<br>
5571,Licensed Family,Best Neighbour Childcare Centre,5148 Lochside Dr,,Victoria,V8Y 2G3,48.523337,-123.372586,778-402-8767,,,N,N,N,N,N,N,N,N,N,N,N,N,N,N,N,N,N,,,N,N,N,N,N,N,N,N,N,N,N,2026-05-19,https://www.healthspace.ca/clients/viha/viha_website.nsf/CCFL-Main?OpenView,N,Y,N,Best Neighbour Childcare Centre<br>Licensed Family<br>778-402-8767<br><br>Vacancy:<br>&nbsp;&nbsp;&nbsp;&nbsp;<36 months: N<br>&nbsp;&nbsp;&nbsp;&nbsp;30 months -- 5 years: N<br>&nbsp;&nbsp;&nbsp;&nbsp;Preschool: N<br>&nbsp;&nbsp;&nbsp;&nbsp;Grade 1 - Age 12: N<br>
5572,Licensed Group,Early Beginnings Multi-Age Child Care,2643 mcgill St,,Vancouver,V5K 1H2,49.288773,-123.050711,604-255-2579,,,N,N,N,N,N,N,N,N,N,N,N,N,N,N,N,N,N,,,N,N,N,N,N,N,N,N,N,N,N,2026-05-16,https://inspections.vcha.ca/ChildCare/Table,N,Y,N,Early Beginnings Multi-Age Child Care<br>Licensed Group<br>604-255-2579<br><br>Vacancy:<br>&nbsp;&nbsp;&nbsp;&nbsp;<36 months: N<br>&nbsp;&nbsp;&nbsp;&nbsp;30 months -- 5 years: N<br>&nbsp;&nbsp;&nbsp;&nbsp;Preschool: N<br>&nbsp;&nbsp;&nbsp;&nbsp;Grade 1 - Age 12: N<br>
5573,Licensed Group,Cambridge Learning Centre Inc,17285 61A Ave,,Surrey,V3S 1W3,49.113978,-122.742601,604-655-5005,,,N,N,N,N,N,N,N,N,N,N,N,N,N,N,N,N,N,,,N,N,N,N,N,N,N,N,N,Y,Y,2026-03-29,http://www.healthspace.ca/fha/childcare,N,Y,N,Cambridge Learning Centre Inc<br>Licensed Group<br>604-655-5005<br><br>Vacancy:<br>&nbsp;&nbsp;&nbsp;&nbsp;<36 months: N<br>&nbsp;&nbsp;&nbsp;&nbsp;30 months -- 5 years: N<br>&nbsp;&nbsp;&nbsp;&nbsp;Preschool: Y<br>&nbsp;&nbsp;&nbsp;&nbsp;Grade 1 - Age 12: Y<br>
5574,Licensed Group,Four Winds Rss After School Program,2390 Jubilee St,,Rossland,V0G 1Y0,49.080898,-117.79875,250-362-5233,,,N,N,N,N,N,N,N,N,N,N,N,N,N,N,N,N,N,,,N,N,N,N,N,N,N,N,N,N,N,2026-05-19,https://hedgehogportal.interiorhealth.ca/ChildCare/Map,N,Y,N,Four Winds Rss After School Program<br>Licensed Group<br>250-362-5233<br><br>Vacancy:<br>&nbsp;&nbsp;&nbsp;&nbsp;<36 months: N<br>&nbsp;&nbsp;&nbsp;&nbsp;30 months -- 5 years: N<br>&nbsp;&nbsp;&nbsp;&nbsp;Preschool: N<br>&nbsp;&nbsp;&nbsp;&nbsp;Grade 1 - Age 12: N<br>
5575,Licensed Group,Rutland Parent Participation Preschool,705 Kitch Rd,,Kelowna,V1X 5V8,49.880756,-119.400019,250-448-1758,,,N,N,N,N,N,N,N,N,N,N,N,N,N,N,N,N,N,,,N,N,N,N,N,N,N,N,N,N,N,2026-04-10,https://hedgehogportal.interiorhealth.ca/ChildCare/Map,N,Y,N,Rutland Parent Participation Preschool<br>Licensed Group<br>250-448-1758<br><br>Vacancy:<br>&nbsp;&nbsp;&nbsp;&nbsp;<36 months: N<br>&nbsp;&nbsp;&nbsp;&nbsp;30 months -- 5 years: N<br>&nbsp;&nbsp;&nbsp;&nbsp;Preschool: N<br>&nbsp;&nbsp;&nbsp;&nbsp;Grade 1 - Age 12: N<br>
5576,Licensed Family,Littles And Middles Dayhome,1352 Oriole Ave,,Port Coquitlam,V3B 5H6,49.271868,-122.751962,778-828-4827,,,N,N,N,N,N,N,N,N,N,N,N,N,N,N,N,N,N,,,N,N,N,N,N,N,N,N,N,N,N,2026-05-21,http://www.healthspace.ca/fha/childcare,N,Y,N,Littles And Middles Dayhome<br>Licensed Family<br>778-828-4827<br><br>Vacancy:<br>&nbsp;&nbsp;&nbsp;&nbsp;<36 months: N<br>&nbsp;&nbsp;&nbsp;&nbsp;30 months -- 5 years: N<br>&nbsp;&nbsp;&nbsp;&nbsp;Preschool: N<br>&nbsp;&nbsp;&nbsp;&nbsp;Grade 1 - Age 12: N<br>
5577,Licensed Family,Les Bons Amis - Good Friends,414-1155 Pacific St,,Vancouver,V6E 3X8,49.279183,-123.135248,604-730-0323,,,N,N,N,N,N,N,N,N,N,N,N,N,N,N,N,N,N,,,N,N,N,N,N,N,N,N,N,N,N,2026-05-19,https://inspections.vcha.ca/ChildCare/Table,N,Y,N,Les Bons Amis - Good Friends<br>Licensed Family<br>604-730-0323<br><br>Vacancy:<br>&nbsp;&nbsp;&nbsp;&nbsp;<36 months: N<br>&nbsp;&nbsp;&nbsp;&nbsp;30 months -- 5 years: N<br>&nbsp;&nbsp;&nbsp;&nbsp;Preschool: N<br>&nbsp;&nbsp;&nbsp;&nbsp;Grade 1 - Age 12: N<br>
5578,Licensed Family,D's Daycare,1639 Pitt River Rd,,Port Coquitlam,V3C 1P5,49.245862,-122.772972,604-942-5211,,,N,N,N,N,N,N,N,N,N,N,N,N,N,N,N,N,N,,,N,N,N,N,N,N,N,N,N,N,Y,2026-05-19,http://www.healthspace.ca/fha/childcare,N,Y,N,D's Daycare<br>Licensed Family<br>604-942-5211<br><br>Vacancy:<br>&nbsp;&nbsp;&nbsp;&nbsp;<36 months: N<br>&nbsp;&nbsp;&nbsp;&nbsp;30 months -- 5 years: N<br>&nbsp;&nbsp;&nbsp;&nbsp;Preschool: N<br>&nbsp;&nbsp;&nbsp;&nbsp;Grade 1 - Age 12: Y<br>
5579,Licensed Family,Riverside Childcare,1183 Riverside Dr,,Port Coquitlam,V3B 7Y6,49.260998,-122.744448,604-475-5309,,,N,N,N,N,N,N,N,N,N,N,N,N,N,N,N,N,N,,,N,N,N,N,N,N,N,Y,N,N,N,2026-05-15,http://www.healthspace.ca/fha/childcare,N,Y,N,Riverside Childcare<br>Licensed Family<br>604-475-5309<br><br>Vacancy:<br>&nbsp;&nbsp;&nbsp;&nbsp;<36 months: Y<br>&nbsp;&nbsp;&nbsp;&nbsp;30 months -- 5 years: N<br>&nbsp;&nbsp;&nbsp;&nbsp;Preschool: N<br>&nbsp;&nbsp;&nbsp;&nbsp;Grade 1 - Age 12: N<br>
5580,Licensed Family,Gramma Loops Day Care,182 Fenwick Rd,,Vernon,V1B 2J3,50.245721,-119.243972,250-545-7215,,,N,N,N,N,N,N,N,N,N,N,N,N,N,N,N,N,N,,,N,N,N,N,N,N,N,Y,Y,N,Y,2026-05-15,https://hedgehogportal.interiorhealth.ca/ChildCare/Map,N,Y,N,Gramma Loops Day Care<br>Licensed Family<br>250-545-7215<br><br>Vacancy:<br>&nbsp;&nbsp;&nbsp;&nbsp;<36 months: Y<br>&nbsp;&nbsp;&nbsp;&nbsp;30 months -- 5 years: Y<br>&nbsp;&nbsp;&nbsp;&nbsp;Preschool: N<br>&nbsp;&nbsp;&nbsp;&nbsp;Grade 1 - Age 12: Y<br>
5581,Licensed Family,Precious Angel Day Care,6170 126Th St,,Surrey,V3X 1V6,49.114937,-122.873263,604-220-1716,,,N,N,N,N,N,N,N,N,N,N,N,N,N,N,N,N,N,,,N,N,N,N,N,N,N,N,N,N,N,2026-04-28,http://www.healthspace.ca/fha/childcare,N,Y,N,Precious Angel Day Care<br>Licensed Family<br>604-220-1716<br><br>Vacancy:<br>&nbsp;&nbsp;&nbsp;&nbsp;<36 months: N<br>&nbsp;&nbsp;&nbsp;&nbsp;30 months -- 5 years: N<br>&nbsp;&nbsp;&nbsp;&nbsp;Preschool: N<br>&nbsp;&nbsp;&nbsp;&nbsp;Grade 1 - Age 12: N<br>
5582,Licensed Group,Genius Education Academy,7420 Westminster Hwy,,Richmond,V6X 1A1,49.169924,-123.141337,604-808-8219,,,N,N,N,N,N,N,N,N,N,N,N,N,N,N,N,N,N,,,N,N,N,N,N,N,N,N,N,N,N,2026-05-15,https://inspections.vcha.ca/ChildCare/Table,N,Y,Y,Genius Education Academy<br>Licensed Group<br>604-808-8219<br><br>Vacancy:<br>&nbsp;&nbsp;&nbsp;&nbsp;<36 months: N<br>&nbsp;&nbsp;&nbsp;&nbsp;30 months -- 5 years: N<br>&nbsp;&nbsp;&nbsp;&nbsp;Preschool: N<br>&nbsp;&nbsp;&nbsp;&nbsp;Grade 1 - Age 12: N<br>
5583,Licensed Group,Genius Education Academy,7420 Westminster Hwy,,Richmond,V6X 1A1,49.169924,-123.141337,604-808-8219,,,N,N,N,N,N,N,N,N,N,N,N,N,N,N,N,N,N,,,N,N,N,N,N,N,N,N,N,N,N,2026-05-15,https://inspections.vcha.ca/ChildCare/Table,N,Y,Y,Genius Education Academy<br>Licensed Group<br>604-808-8219<br><br>Vacancy:<br>&nbsp;&nbsp;&nbsp;&nbsp;<36 months: N<br>&nbsp;&nbsp;&nbsp;&nbsp;30 months -- 5 years: N<br>&nbsp;&nbsp;&nbsp;&nbsp;Preschool: N<br>&nbsp;&nbsp;&nbsp;&nbsp;Grade 1 - Age 12: N<br>
5584,Licensed Group,South Central Montessori Child Care Ltd - Infant/Toddler,110-6020 Steveston Hwy,,Richmond,V7E 2K8,49.133126,-123.158166,778-889-0188,,,N,N,N,N,N,N,N,N,N,N,N,N,N,N,N,N,N,,,N,N,N,N,N,N,N,Y,N,N,N,2026-05-08,https://inspections.vcha.ca/ChildCare/Table,N,Y,N,South Central Montessori Child Care Ltd - Infant/Toddler<br>Licensed Group<br>778-889-0188<br><br>Vacancy:<br>&nbsp;&nbsp;&nbsp;&nbsp;<36 months: Y<br>&nbsp;&nbsp;&nbsp;&nbsp;30 months -- 5 years: N<br>&nbsp;&nbsp;&nbsp;&nbsp;Preschool: N<br>&nbsp;&nbsp;&nbsp;&nbsp;Grade 1 - Age 12: N<br>
5585,Licensed Family,Reni's Happy Place,1104-840 Broughton St,,Vancouver,V6G 2A1,49.287118,-123.130297,778-707-2878,,,N,N,N,N,N,N,N,N,N,N,N,N,N,N,N,N,N,,,N,N,N,N,N,N,N,N,N,N,N,2026-05-19,https://inspections.vcha.ca/ChildCare/Table,N,Y,N,Reni's Happy Place<br>Licensed Family<br>778-707-2878<br><br>Vacancy:<br>&nbsp;&nbsp;&nbsp;&nbsp;<36 months: N<br>&nbsp;&nbsp;&nbsp;&nbsp;30 months -- 5 years: N<br>&nbsp;&nbsp;&nbsp;&nbsp;Preschool: N<br>&nbsp;&nbsp;&nbsp;&nbsp;Grade 1 - Age 12: N<br>
5586,Licensed Group,Kingfisher Preschool,105 - 6672 Wadams Way,,Sooke,V9Z 0H3,48.381939,-123.723931,250-642-5152,,,N,N,N,N,N,N,N,N,N,N,N,N,N,N,N,N,N,,,N,N,N,N,N,N,N,N,N,Y,N,2026-05-01,https://www.healthspace.ca/clients/viha/viha_website.nsf/CCFL-Main?OpenView,N,Y,N,Kingfisher Preschool<br>Licensed Group<br>250-642-5152<br><br>Vacancy:<br>&nbsp;&nbsp;&nbsp;&nbsp;<36 months: N<br>&nbsp;&nbsp;&nbsp;&nbsp;30 months -- 5 years: N<br>&nbsp;&nbsp;&nbsp;&nbsp;Preschool: Y<br>&nbsp;&nbsp;&nbsp;&nbsp;Grade 1 - Age 12: N<br>
5587,Licensed Group,Cobble Hill Montessori Group Care,3060 Cobble Hill Rd,,Mill Bay,V8H 1G9,48.667529,-123.565265,250-709-7607,,,N,N,N,N,N,N,N,N,N,N,N,N,N,N,N,N,N,,,N,N,N,N,N,N,N,N,N,N,N,2026-05-02,https://www.healthspace.ca/clients/viha/viha_website.nsf/CCFL-Main?OpenView,N,Y,N,Cobble Hill Montessori Group Care<br>Licensed Group<br>250-709-7607<br><br>Vacancy:<br>&nbsp;&nbsp;&nbsp;&nbsp;<36 months: N<br>&nbsp;&nbsp;&nbsp;&nbsp;30 months -- 5 years: N<br>&nbsp;&nbsp;&nbsp;&nbsp;Preschool: N<br>&nbsp;&nbsp;&nbsp;&nbsp;Grade 1 - Age 12: N<br>
5588,Licensed Group,Coldstream Appletree,9904 Kalamalka Rd,,Coldstream,V1B 1L7,50.223345,-119.230506,250-550-4471,,,N,N,N,N,N,N,N,N,N,N,N,N,N,N,N,N,N,,,N,N,N,N,N,N,N,N,N,N,N,2026-05-14,https://hedgehogportal.interiorhealth.ca/ChildCare/Map,N,Y,N,Coldstream Appletree<br>Licensed Group<br>250-550-4471<br><br>Vacancy:<br>&nbsp;&nbsp;&nbsp;&nbsp;<36 months: N<br>&nbsp;&nbsp;&nbsp;&nbsp;30 months -- 5 years: N<br>&nbsp;&nbsp;&nbsp;&nbsp;Preschool: N<br>&nbsp;&nbsp;&nbsp;&nbsp;Grade 1 - Age 12: N<br>
5589,Licensed Group,Little Wonders Childcare,750 Merlot Ave,,Oliver,V0H 1T4,49.192246,-119.540178,250-689-2135,,,N,N,N,N,N,N,N,N,N,N,N,N,N,N,N,N,N,,,N,N,N,N,N,N,N,N,Y,N,N,2026-05-15,https://hedgehogportal.interiorhealth.ca/ChildCare/Map,N,Y,N,Little Wonders Childcare<br>Licensed Group<br>250-689-2135<br><br>Vacancy:<br>&nbsp;&nbsp;&nbsp;&nbsp;<36 months: N<br>&nbsp;&nbsp;&nbsp;&nbsp;30 months -- 5 years: Y<br>&nbsp;&nbsp;&nbsp;&nbsp;Preschool: N<br>&nbsp;&nbsp;&nbsp;&nbsp;Grade 1 - Age 12: N<br>
5590,Licensed Group,Bbbs Pg Asc Clubhouse,777 Kinsmen Pl,,Prince George,V2M 6Y7,53.919925,-122.792118,250-563-7410,,,N,N,N,N,N,N,N,N,N,N,N,N,N,N,N,N,N,,,N,N,N,N,N,N,N,N,N,N,Y,2026-05-15,https://www.healthspace.ca/Clients/NHA/NHA_Website.nsf/CCFL-Frameset,N,Y,N,Bbbs Pg Asc Clubhouse<br>Licensed Group<br>250-563-7410<br><br>Vacancy:<br>&nbsp;&nbsp;&nbsp;&nbsp;<36 months: N<br>&nbsp;&nbsp;&nbsp;&nbsp;30 months -- 5 years: N<br>&nbsp;&nbsp;&nbsp;&nbsp;Preschool: N<br>&nbsp;&nbsp;&nbsp;&nbsp;Grade 1 - Age 12: Y<br>
5591,Licensed Group,Katies Korner Infant/Toddler 2,850 Townsite Rd,,Nanaimo,V9S 1L7,49.178118,-123.960153,250-714-4555,,,N,N,N,N,N,N,N,N,N,N,N,N,N,N,N,N,N,,,N,N,N,N,N,N,N,N,N,N,N,2026-05-15,https://www.healthspace.ca/clients/viha/viha_website.nsf/CCFL-Main?OpenView,N,Y,N,Katies Korner Infant/Toddler 2<br>Licensed Group<br>250-714-4555<br><br>Vacancy:<br>&nbsp;&nbsp;&nbsp;&nbsp;<36 months: N<br>&nbsp;&nbsp;&nbsp;&nbsp;30 months -- 5 years: N<br>&nbsp;&nbsp;&nbsp;&nbsp;Preschool: N<br>&nbsp;&nbsp;&nbsp;&nbsp;Grade 1 - Age 12: N<br>
5592,Licensed Group,Jolly Giant Childcare Ltd. - Nadely It Location,2510 Nadely Cres,,Nanaimo,V9T 5T1,49.194958,-124.007937,250-585-8828,,,N,N,N,N,N,N,N,N,N,N,N,N,N,N,N,N,N,,,N,N,N,N,N,N,N,N,N,N,N,2026-05-15,https://www.healthspace.ca/clients/viha/viha_website.nsf/CCFL-Main?OpenView,N,Y,N,Jolly Giant Childcare Ltd. - Nadely It Location<br>Licensed Group<br>250-585-8828<br><br>Vacancy:<br>&nbsp;&nbsp;&nbsp;&nbsp;<36 months: N<br>&nbsp;&nbsp;&nbsp;&nbsp;30 months -- 5 years: N<br>&nbsp;&nbsp;&nbsp;&nbsp;Preschool: N<br>&nbsp;&nbsp;&nbsp;&nbsp;Grade 1 - Age 12: N<br>
5593,Licensed Group,School Of Early Learning,103 3200 Westwood St,,Port Coquitlam,V3C 6C7,49.269817,-122.790112,604-475-4800,,,N,N,N,N,N,N,N,N,N,N,N,N,N,N,N,N,N,,,N,N,N,N,N,N,N,N,Y,N,N,2026-05-18,http://www.healthspace.ca/fha/childcare,N,Y,N,School Of Early Learning<br>Licensed Group<br>604-475-4800<br><br>Vacancy:<br>&nbsp;&nbsp;&nbsp;&nbsp;<36 months: N<br>&nbsp;&nbsp;&nbsp;&nbsp;30 months -- 5 years: Y<br>&nbsp;&nbsp;&nbsp;&nbsp;Preschool: N<br>&nbsp;&nbsp;&nbsp;&nbsp;Grade 1 - Age 12: N<br>
5594,Licensed Group,Christ Church Cathedral Childcare,1670 Richardson St,,Victoria,V8S 3Y7,48.41734,-123.333515,250-383-5125,,,N,N,N,N,N,N,N,N,N,N,N,N,N,N,N,N,N,,,N,N,N,N,N,N,N,Y,Y,N,N,2026-05-13,https://www.healthspace.ca/clients/viha/viha_website.nsf/CCFL-Main?OpenView,N,Y,N,Christ Church Cathedral Childcare<br>Licensed Group<br>250-383-5125<br><br>Vacancy:<br>&nbsp;&nbsp;&nbsp;&nbsp;<36 months: Y<br>&nbsp;&nbsp;&nbsp;&nbsp;30 months -- 5 years: Y<br>&nbsp;&nbsp;&nbsp;&nbsp;Preschool: N<br>&nbsp;&nbsp;&nbsp;&nbsp;Grade 1 - Age 12: N<br>
5595,Licensed Group,Royal Blue Heron Montessori Academy,10111 Fourth Ave,,Richmond,V7E 1V5,49.139454,-123.188603,604-232-9001,,,N,N,N,N,N,N,N,N,N,N,N,N,N,N,N,N,N,,,N,N,N,N,N,N,N,Y,Y,N,N,2026-05-18,https://inspections.vcha.ca/ChildCare/Table,N,Y,N,Royal Blue Heron Montessori Academy<br>Licensed Group<br>604-232-9001<br><br>Vacancy:<br>&nbsp;&nbsp;&nbsp;&nbsp;<36 months: Y<br>&nbsp;&nbsp;&nbsp;&nbsp;30 months -- 5 years: Y<br>&nbsp;&nbsp;&nbsp;&nbsp;Preschool: N<br>&nbsp;&nbsp;&nbsp;&nbsp;Grade 1 - Age 12: N<br>
5596,Licensed Group,Canyon Springs Daycare,1277 Johnson St,,Coquitlam,V3B 4T3,49.289667,-122.800981,604-945-0566,,,N,N,N,N,N,N,N,N,N,N,N,N,N,N,N,N,N,,,N,N,N,N,N,N,N,N,N,N,N,2026-05-11,http://www.healthspace.ca/fha/childcare,N,Y,N,Canyon Springs Daycare<br>Licensed Group<br>604-945-0566<br><br>Vacancy:<br>&nbsp;&nbsp;&nbsp;&nbsp;<36 months: N<br>&nbsp;&nbsp;&nbsp;&nbsp;30 months -- 5 years: N<br>&nbsp;&nbsp;&nbsp;&nbsp;Preschool: N<br>&nbsp;&nbsp;&nbsp;&nbsp;Grade 1 - Age 12: N<br>
5597,Licensed Group,Griffin's Gateway,495 Glencoe Dr,,Port Moody,V3H 1G6,49.273553,-122.887984,604-813-5792,,,N,N,N,N,N,N,N,N,N,N,N,N,N,N,N,N,N,,,N,N,N,N,N,N,N,N,Y,N,Y,2026-05-17,http://www.healthspace.ca/fha/childcare,N,Y,N,Griffin's Gateway<br>Licensed Group<br>604-813-5792<br><br>Vacancy:<br>&nbsp;&nbsp;&nbsp;&nbsp;<36 months: N<br>&nbsp;&nbsp;&nbsp;&nbsp;30 months -- 5 years: Y<br>&nbsp;&nbsp;&nbsp;&nbsp;Preschool: N<br>&nbsp;&nbsp;&nbsp;&nbsp;Grade 1 - Age 12: Y<br>
5598,Licensed Family,Jackson Ridge Kids Daycare,10074 246B St,,Maple Ridge,V2W 0H1,49.18538,-122.537725,604-345-6582,,,N,N,N,N,N,N,N,N,N,N,N,N,N,N,N,N,N,,,N,N,N,N,N,N,N,N,N,N,N,2026-05-15,http://www.healthspace.ca/fha/childcare,N,Y,N,Jackson Ridge Kids Daycare<br>Licensed Family<br>604-345-6582<br><br>Vacancy:<br>&nbsp;&nbsp;&nbsp;&nbsp;<36 months: N<br>&nbsp;&nbsp;&nbsp;&nbsp;30 months -- 5 years: N<br>&nbsp;&nbsp;&nbsp;&nbsp;Preschool: N<br>&nbsp;&nbsp;&nbsp;&nbsp;Grade 1 - Age 12: N<br>
5599,Licensed Family,Browne Bears,6817 Bryden Rd,,Vernon,V1B 3T3,50.3078,-119.235045,250-938-2396,,,N,N,N,N,N,N,N,N,N,N,N,N,N,N,N,N,N,,,N,N,N,N,N,N,N,N,Y,N,N,2026-05-15,https://hedgehogportal.interiorhealth.ca/ChildCare/Map,N,Y,N,Browne Bears<br>Licensed Family<br>250-938-2396<br><br>Vacancy:<br>&nbsp;&nbsp;&nbsp;&nbsp;<36 months: N<br>&nbsp;&nbsp;&nbsp;&nbsp;30 months -- 5 years: Y<br>&nbsp;&nbsp;&nbsp;&nbsp;Preschool: N<br>&nbsp;&nbsp;&nbsp;&nbsp;Grade 1 - Age 12: N<br>
5600,Licensed Group,Amazement Park Children's Center - Before-After School Care,1107 Sprice Ave,,Coquitlam,V3J 2P3,49.257341,-122.86147,604-789-9366,,,N,N,N,N,N,N,N,N,N,N,N,N,N,N,N,N,N,,,N,N,N,N,N,N,N,N,N,N,N,2026-05-15,http://www.healthspace.ca/fha/childcare,N,Y,N,Amazement Park Children's Center - Before-After School Care<br>Licensed Group<br>604-789-9366<br><br>Vacancy:<br>&nbsp;&nbsp;&nbsp;&nbsp;<36 months: N<br>&nbsp;&nbsp;&nbsp;&nbsp;30 months -- 5 years: N<br>&nbsp;&nbsp;&nbsp;&nbsp;Preschool: N<br>&nbsp;&nbsp;&nbsp;&nbsp;Grade 1 - Age 12: N<br>
5601,Licensed Group,Ecel (Langley),20279 56 Ave,,Langley,V3A 3Y6,49.104352,-122.660786,604-510-8486,,,N,N,N,N,N,N,N,N,N,N,N,N,N,N,N,N,N,,,N,N,N,N,N,N,N,N,N,N,N,2026-04-24,http://www.healthspace.ca/fha/childcare,N,Y,N,Ecel (Langley)<br>Licensed Group<br>604-510-8486<br><br>Vacancy:<br>&nbsp;&nbsp;&nbsp;&nbsp;<36 months: N<br>&nbsp;&nbsp;&nbsp;&nbsp;30 months -- 5 years: N<br>&nbsp;&nbsp;&nbsp;&nbsp;Preschool: N<br>&nbsp;&nbsp;&nbsp;&nbsp;Grade 1 - Age 12: N<br>
5602,Licensed Family,Little Ladybugs Family Daycare,1112 Cluculz Ave,,Prince George,V2M 4G2,53.914179,-122.798283,250-614-0023,,,N,N,N,N,N,N,Y,Y,N,Y,Y,N,N,N,N,N,N,Included in fee,Include in fee,N,N,N,N,N,N,N,N,N,N,N,2026-05-15,https://www.healthspace.ca/Clients/NHA/NHA_Website.nsf/CCFL-Frameset,N,Y,N,Little Ladybugs Family Daycare<br>Licensed Family<br>250-614-0023<br><br>Vacancy:<br>&nbsp;&nbsp;&nbsp;&nbsp;<36 months: N<br>&nbsp;&nbsp;&nbsp;&nbsp;30 months -- 5 years: N<br>&nbsp;&nbsp;&nbsp;&nbsp;Preschool: N<br>&nbsp;&nbsp;&nbsp;&nbsp;Grade 1 - Age 12: N<br>
5603,Licensed Family,Universe Child Care,3309 8Th Ave E,,Vancouver,V5M 0C6,49.262932,-123.03326,604-559-2523,,,N,N,N,N,N,N,N,N,N,N,N,N,N,N,N,N,N,,,N,N,N,N,N,N,N,Y,Y,N,N,2026-05-20,https://inspections.vcha.ca/ChildCare/Table,N,Y,N,Universe Child Care<br>Licensed Family<br>604-559-2523<br><br>Vacancy:<br>&nbsp;&nbsp;&nbsp;&nbsp;<36 months: Y<br>&nbsp;&nbsp;&nbsp;&nbsp;30 months -- 5 years: Y<br>&nbsp;&nbsp;&nbsp;&nbsp;Preschool: N<br>&nbsp;&nbsp;&nbsp;&nbsp;Grade 1 - Age 12: N<br>
5604,Licensed Group,Sidekicks Childcare Centre,1550 Booth Ave,,Coquitlam,V3K 1B9,49.239262,-122.850757,604-553-6007,,,N,N,N,N,N,N,N,N,N,N,N,N,N,N,N,N,N,,,N,N,N,N,N,N,N,N,Y,N,N,2026-05-14,http://www.healthspace.ca/fha/childcare,N,Y,N,Sidekicks Childcare Centre<br>Licensed Group<br>604-553-6007<br><br>Vacancy:<br>&nbsp;&nbsp;&nbsp;&nbsp;<36 months: N<br>&nbsp;&nbsp;&nbsp;&nbsp;30 months -- 5 years: Y<br>&nbsp;&nbsp;&nbsp;&nbsp;Preschool: N<br>&nbsp;&nbsp;&nbsp;&nbsp;Grade 1 - Age 12: N<br>
5605,Licensed Group,Write Choice Early Learning Centre,2027-1163 Pinetree Way,,Coquitlam,V3B 8A9,49.281041,-122.793131,604-475-3181,,,N,N,N,N,N,N,N,N,N,N,N,N,N,N,N,N,N,,,N,N,N,N,N,N,N,N,N,N,N,2026-05-19,http://www.healthspace.ca/fha/childcare,N,Y,N,Write Choice Early Learning Centre<br>Licensed Group<br>604-475-3181<br><br>Vacancy:<br>&nbsp;&nbsp;&nbsp;&nbsp;<36 months: N<br>&nbsp;&nbsp;&nbsp;&nbsp;30 months -- 5 years: N<br>&nbsp;&nbsp;&nbsp;&nbsp;Preschool: N<br>&nbsp;&nbsp;&nbsp;&nbsp;Grade 1 - Age 12: N<br>
5606,Licensed Family,Funtime Family Daycare,1898 Brunette Ave,,Coquitlam,V3K 1H2,49.233126,-122.842085,778-838-8258,,,N,N,N,N,N,N,N,N,N,N,N,N,N,N,N,N,N,,,N,N,N,N,N,N,N,Y,Y,N,Y,2026-05-01,http://www.healthspace.ca/fha/childcare,N,Y,N,Funtime Family Daycare<br>Licensed Family<br>778-838-8258<br><br>Vacancy:<br>&nbsp;&nbsp;&nbsp;&nbsp;<36 months: Y<br>&nbsp;&nbsp;&nbsp;&nbsp;30 months -- 5 years: Y<br>&nbsp;&nbsp;&nbsp;&nbsp;Preschool: N<br>&nbsp;&nbsp;&nbsp;&nbsp;Grade 1 - Age 12: Y<br>
5607,Licensed Family,Little Red Wagon Childcare,35694 mckee Rd,,Abbotsford,V3G 2Z2,49.06995,-122.235862,604-831-2018,,,N,N,N,N,N,N,N,N,N,N,N,N,N,N,N,N,N,,,N,N,N,N,N,N,N,N,N,N,N,2026-05-16,http://www.healthspace.ca/fha/childcare,N,Y,N,Little Red Wagon Childcare<br>Licensed Family<br>604-831-2018<br><br>Vacancy:<br>&nbsp;&nbsp;&nbsp;&nbsp;<36 months: N<br>&nbsp;&nbsp;&nbsp;&nbsp;30 months -- 5 years: N<br>&nbsp;&nbsp;&nbsp;&nbsp;Preschool: N<br>&nbsp;&nbsp;&nbsp;&nbsp;Grade 1 - Age 12: N<br>
5608,Licensed Family,Little Boom Daycare,1115 Finlayson St,,Victoria,V8T 2T8,48.446485,-123.357161,250-361-3425,,,N,N,N,N,N,N,N,N,N,N,N,N,N,N,N,N,N,,,N,N,N,N,N,N,N,N,N,N,N,2026-05-15,https://www.healthspace.ca/clients/viha/viha_website.nsf/CCFL-Main?OpenView,N,Y,N,Little Boom Daycare<br>Licensed Family<br>250-361-3425<br><br>Vacancy:<br>&nbsp;&nbsp;&nbsp;&nbsp;<36 months: N<br>&nbsp;&nbsp;&nbsp;&nbsp;30 months -- 5 years: N<br>&nbsp;&nbsp;&nbsp;&nbsp;Preschool: N<br>&nbsp;&nbsp;&nbsp;&nbsp;Grade 1 - Age 12: N<br>
5609,Licensed Family,Sunny House Family Child Care,605-1050 Smithe St,,Vancouver,V6E 4T4,49.283246,-123.125581,778-823-4045,,,N,N,N,N,N,N,N,N,N,N,N,N,N,N,N,N,N,,,N,N,N,N,N,N,N,Y,N,N,N,2026-05-16,https://inspections.vcha.ca/ChildCare/Table,N,Y,N,Sunny House Family Child Care<br>Licensed Family<br>778-823-4045<br><br>Vacancy:<br>&nbsp;&nbsp;&nbsp;&nbsp;<36 months: Y<br>&nbsp;&nbsp;&nbsp;&nbsp;30 months -- 5 years: N<br>&nbsp;&nbsp;&nbsp;&nbsp;Preschool: N<br>&nbsp;&nbsp;&nbsp;&nbsp;Grade 1 - Age 12: N<br>
5610,Licensed Family,Sunshine Day Care,7117 Alberni St,,Powell River,V8A 2C4,49.847473,-124.515716,604-485-0078,,,N,N,N,N,N,N,N,N,N,N,N,N,N,N,N,N,N,,,N,N,N,N,N,N,N,N,N,N,N,2026-04-29,https://inspections.vcha.ca/ChildCare/Table,N,Y,N,Sunshine Day Care<br>Licensed Family<br>604-485-0078<br><br>Vacancy:<br>&nbsp;&nbsp;&nbsp;&nbsp;<36 months: N<br>&nbsp;&nbsp;&nbsp;&nbsp;30 months -- 5 years: N<br>&nbsp;&nbsp;&nbsp;&nbsp;Preschool: N<br>&nbsp;&nbsp;&nbsp;&nbsp;Grade 1 - Age 12: N<br>
5611,Licensed Family,Sandy's Daycare,4648 West Saanich Rd,,Victoria,V8Z 3G8,48.499469,-123.398315,250-891-4932,,,N,N,N,N,N,N,N,N,N,N,N,N,N,N,N,N,N,,,N,N,N,N,N,N,N,N,Y,N,N,2026-04-26,https://www.healthspace.ca/clients/viha/viha_website.nsf/CCFL-Main?OpenView,N,Y,N,Sandy's Daycare<br>Licensed Family<br>250-891-4932<br><br>Vacancy:<br>&nbsp;&nbsp;&nbsp;&nbsp;<36 months: N<br>&nbsp;&nbsp;&nbsp;&nbsp;30 months -- 5 years: Y<br>&nbsp;&nbsp;&nbsp;&nbsp;Preschool: N<br>&nbsp;&nbsp;&nbsp;&nbsp;Grade 1 - Age 12: N<br>
5612,Licensed Family,Savannah's Little Explorers Child Care,1733 Granite Ave,,Merritt,V1K 1B8,50.112894,-120.795618,250-378-3513,,,N,N,N,N,N,N,N,N,N,N,N,N,N,N,N,N,N,,,N,N,N,N,N,N,N,N,N,N,N,2026-04-28,https://hedgehogportal.interiorhealth.ca/ChildCare/Map,N,Y,N,Savannah's Little Explorers Child Care<br>Licensed Family<br>250-378-3513<br><br>Vacancy:<br>&nbsp;&nbsp;&nbsp;&nbsp;<36 months: N<br>&nbsp;&nbsp;&nbsp;&nbsp;30 months -- 5 years: N<br>&nbsp;&nbsp;&nbsp;&nbsp;Preschool: N<br>&nbsp;&nbsp;&nbsp;&nbsp;Grade 1 - Age 12: N<br>
5613,Licensed Group,Sunny Town Learn And Play Childcare Centre,693 53 St,,Delta,V4M 3B6,49.01536,-123.076956,778-999-1015,,,N,N,N,N,N,N,N,N,N,N,N,N,N,N,N,N,N,,,N,N,N,N,N,N,N,N,N,N,N,2026-05-15,http://www.healthspace.ca/fha/childcare,N,Y,N,Sunny Town Learn And Play Childcare Centre<br>Licensed Group<br>778-999-1015<br><br>Vacancy:<br>&nbsp;&nbsp;&nbsp;&nbsp;<36 months: N<br>&nbsp;&nbsp;&nbsp;&nbsp;30 months -- 5 years: N<br>&nbsp;&nbsp;&nbsp;&nbsp;Preschool: N<br>&nbsp;&nbsp;&nbsp;&nbsp;Grade 1 - Age 12: N<br>
5614,Licensed Group,Oaklands Out Of School Care #2,2736 Fernwood Rd,,Victoria,V8T 3A4,48.438831,-123.345255,250-370-9101,,,N,N,N,N,N,N,N,N,N,N,N,N,N,N,N,N,N,,,N,N,N,N,N,N,N,N,N,N,N,2026-04-23,https://www.healthspace.ca/clients/viha/viha_website.nsf/CCFL-Main?OpenView,N,Y,N,Oaklands Out Of School Care #2<br>Licensed Group<br>250-370-9101<br><br>Vacancy:<br>&nbsp;&nbsp;&nbsp;&nbsp;<36 months: N<br>&nbsp;&nbsp;&nbsp;&nbsp;30 months -- 5 years: N<br>&nbsp;&nbsp;&nbsp;&nbsp;Preschool: N<br>&nbsp;&nbsp;&nbsp;&nbsp;Grade 1 - Age 12: N<br>
5615,Licensed Group,Global West Montessori,101-3600 Townline Rd,,Abbotsford,V2T 5W8,49.068352,-122.35848,604-763-4439,,,N,N,N,N,N,N,N,N,N,N,N,N,N,N,N,N,N,,,N,N,N,N,N,N,N,N,N,N,N,2026-05-15,http://www.healthspace.ca/fha/childcare,N,Y,N,Global West Montessori<br>Licensed Group<br>604-763-4439<br><br>Vacancy:<br>&nbsp;&nbsp;&nbsp;&nbsp;<36 months: N<br>&nbsp;&nbsp;&nbsp;&nbsp;30 months -- 5 years: N<br>&nbsp;&nbsp;&nbsp;&nbsp;Preschool: N<br>&nbsp;&nbsp;&nbsp;&nbsp;Grade 1 - Age 12: N<br>
5616,Licensed Family,Early Days Childcare Centre,14891 98 Ave,,Surrey,V3R 1H9,49.180619,-122.809645,778-896-7713,,,N,N,N,N,N,N,N,N,N,N,N,N,N,N,N,N,N,,,N,N,N,N,N,N,N,N,N,N,N,2026-04-23,http://www.healthspace.ca/fha/childcare,N,Y,N,Early Days Childcare Centre<br>Licensed Family<br>778-896-7713<br><br>Vacancy:<br>&nbsp;&nbsp;&nbsp;&nbsp;<36 months: N<br>&nbsp;&nbsp;&nbsp;&nbsp;30 months -- 5 years: N<br>&nbsp;&nbsp;&nbsp;&nbsp;Preschool: N<br>&nbsp;&nbsp;&nbsp;&nbsp;Grade 1 - Age 12: N<br>
5617,Licensed Group,La Calypso,1555 7Th Ave W,,Vancouver,V6J 1S1,49.265598,-123.140091,604-924-2457,,,N,N,N,N,N,N,N,N,N,N,N,N,N,N,N,N,N,,,N,N,N,N,N,N,N,N,N,Y,N,2026-05-08,https://inspections.vcha.ca/ChildCare/Table,N,Y,N,La Calypso<br>Licensed Group<br>604-924-2457<br><br>Vacancy:<br>&nbsp;&nbsp;&nbsp;&nbsp;<36 months: N<br>&nbsp;&nbsp;&nbsp;&nbsp;30 months -- 5 years: N<br>&nbsp;&nbsp;&nbsp;&nbsp;Preschool: Y<br>&nbsp;&nbsp;&nbsp;&nbsp;Grade 1 - Age 12: N<br>
5618,Licensed Family,Pamela's Little Promises,5925 mckee St,,Burnaby,V5J 2V6,49.211409,-122.976929,604-434-7352,,,Y,N,N,N,N,N,N,N,N,Y,Y,N,N,N,N,N,N,Extra fee,Extra fee,N,N,N,N,N,N,N,N,N,N,N,2026-05-15,http://www.healthspace.ca/fha/childcare,N,Y,N,Pamela's Little Promises<br>Licensed Family<br>604-434-7352<br><br>Vacancy:<br>&nbsp;&nbsp;&nbsp;&nbsp;<36 months: N<br>&nbsp;&nbsp;&nbsp;&nbsp;30 months -- 5 years: N<br>&nbsp;&nbsp;&nbsp;&nbsp;Preschool: N<br>&nbsp;&nbsp;&nbsp;&nbsp;Grade 1 - Age 12: N<br>
5619,Licensed Group,Wind And Tide Schools - Relate,6788 152 St,,Surrey,V3S 3L4,49.125796,-122.800677,604-575-0549,,,N,N,N,N,N,N,N,N,N,N,N,N,N,N,N,N,N,,,N,N,N,N,N,N,N,N,N,Y,N,2026-05-15,http://www.healthspace.ca/fha/childcare,N,Y,N,Wind And Tide Schools - Relate<br>Licensed Group<br>604-575-0549<br><br>Vacancy:<br>&nbsp;&nbsp;&nbsp;&nbsp;<36 months: N<br>&nbsp;&nbsp;&nbsp;&nbsp;30 months -- 5 years: N<br>&nbsp;&nbsp;&nbsp;&nbsp;Preschool: Y<br>&nbsp;&nbsp;&nbsp;&nbsp;Grade 1 - Age 12: N<br>
5620,Licensed Group,Jolly Giant Childcare Ltd. - Strickland Location,10 Strickland St,,Nanaimo,V9R 4R9,49.153153,-123.934837,250-753-8845,,,N,N,N,N,N,N,N,N,N,N,N,N,N,N,N,N,N,,,N,N,N,N,N,N,N,Y,N,N,N,2026-05-15,https://www.healthspace.ca/clients/viha/viha_website.nsf/CCFL-Main?OpenView,N,Y,N,Jolly Giant Childcare Ltd. - Strickland Location<br>Licensed Group<br>250-753-8845<br><br>Vacancy:<br>&nbsp;&nbsp;&nbsp;&nbsp;<36 months: Y<br>&nbsp;&nbsp;&nbsp;&nbsp;30 months -- 5 years: N<br>&nbsp;&nbsp;&nbsp;&nbsp;Preschool: N<br>&nbsp;&nbsp;&nbsp;&nbsp;Grade 1 - Age 12: N<br>
5621,Licensed Group,Jolly Giant Childcare Ltd. - Portsmouth Location,6553 Portsmouth Rd,,Nanaimo,V9V 1A3,49.238882,-124.047425,250-933-3321,,,N,N,N,N,N,N,N,N,N,N,N,N,N,N,N,N,N,,,N,N,N,N,N,N,N,N,N,N,N,2026-05-15,https://www.healthspace.ca/clients/viha/viha_website.nsf/CCFL-Main?OpenView,N,Y,N,Jolly Giant Childcare Ltd. - Portsmouth Location<br>Licensed Group<br>250-933-3321<br><br>Vacancy:<br>&nbsp;&nbsp;&nbsp;&nbsp;<36 months: N<br>&nbsp;&nbsp;&nbsp;&nbsp;30 months -- 5 years: N<br>&nbsp;&nbsp;&nbsp;&nbsp;Preschool: N<br>&nbsp;&nbsp;&nbsp;&nbsp;Grade 1 - Age 12: N<br>
5622,Licensed Group,Unity Christian Child Care Centre,50950 Hack-Brown Rd,,Chilliwack,V4Z 1K9,49.156786,-121.814702,604-794-7797,,,N,N,N,N,N,N,N,N,N,N,N,N,N,N,N,N,N,,,N,N,N,N,N,N,N,N,N,N,N,2026-03-23,http://www.healthspace.ca/fha/childcare,N,Y,N,Unity Christian Child Care Centre<br>Licensed Group<br>604-794-7797<br><br>Vacancy:<br>&nbsp;&nbsp;&nbsp;&nbsp;<36 months: N<br>&nbsp;&nbsp;&nbsp;&nbsp;30 months -- 5 years: N<br>&nbsp;&nbsp;&nbsp;&nbsp;Preschool: N<br>&nbsp;&nbsp;&nbsp;&nbsp;Grade 1 - Age 12: N<br>
5623,Licensed Family,Lil Wildlings Daycare,725 Wayne Rd,,Kelowna,V1X 4L9,49.875062,-119.400489,778-581-7228,,,N,N,N,N,N,N,N,N,N,N,N,N,N,N,N,N,N,,,N,N,N,N,N,N,N,N,N,N,N,2026-05-15,https://hedgehogportal.interiorhealth.ca/ChildCare/Map,N,Y,N,Lil Wildlings Daycare<br>Licensed Family<br>778-581-7228<br><br>Vacancy:<br>&nbsp;&nbsp;&nbsp;&nbsp;<36 months: N<br>&nbsp;&nbsp;&nbsp;&nbsp;30 months -- 5 years: N<br>&nbsp;&nbsp;&nbsp;&nbsp;Preschool: N<br>&nbsp;&nbsp;&nbsp;&nbsp;Grade 1 - Age 12: N<br>
5624,Licensed Family,Little Daisy Multi Age Childcare,738 49Th Ave W,,Vancouver,V5Z 2S5,49.226042,-123.122063,604-633-2344,,,N,N,N,N,N,N,N,N,N,N,N,N,N,N,N,N,N,,,N,N,N,N,N,N,N,N,Y,N,N,2026-05-15,https://inspections.vcha.ca/ChildCare/Table,N,Y,N,Little Daisy Multi Age Childcare<br>Licensed Family<br>604-633-2344<br><br>Vacancy:<br>&nbsp;&nbsp;&nbsp;&nbsp;<36 months: N<br>&nbsp;&nbsp;&nbsp;&nbsp;30 months -- 5 years: Y<br>&nbsp;&nbsp;&nbsp;&nbsp;Preschool: N<br>&nbsp;&nbsp;&nbsp;&nbsp;Grade 1 - Age 12: N<br>
5625,Licensed Group,Little Wonders Montessori Childcare & Preschool Ltd.,115 36363 Auguston Pky S,,Abbotsford,V3G 2Y7,49.083134,-122.218174,604-853-9998,,,N,N,N,N,N,N,N,N,N,N,N,N,N,N,N,N,N,,,N,N,N,N,N,N,N,Y,N,N,N,2026-04-27,http://www.healthspace.ca/fha/childcare,N,Y,N,Little Wonders Montessori Childcare & Preschool Ltd.<br>Licensed Group<br>604-853-9998<br><br>Vacancy:<br>&nbsp;&nbsp;&nbsp;&nbsp;<36 months: Y<br>&nbsp;&nbsp;&nbsp;&nbsp;30 months -- 5 years: N<br>&nbsp;&nbsp;&nbsp;&nbsp;Preschool: N<br>&nbsp;&nbsp;&nbsp;&nbsp;Grade 1 - Age 12: N<br>
5626,Licensed Group,Play-N-Grow Childcare Centre Inc. #3,9479 140 St,,Surrey,V3V 5Z5,49.174925,-122.834816,604-782-3546,,,N,N,N,N,N,N,N,N,N,N,N,N,N,N,N,N,N,,,N,N,N,N,N,N,N,N,N,N,N,2026-05-15,http://www.healthspace.ca/fha/childcare,N,Y,N,Play-N-Grow Childcare Centre Inc. #3<br>Licensed Group<br>604-782-3546<br><br>Vacancy:<br>&nbsp;&nbsp;&nbsp;&nbsp;<36 months: N<br>&nbsp;&nbsp;&nbsp;&nbsp;30 months -- 5 years: N<br>&nbsp;&nbsp;&nbsp;&nbsp;Preschool: N<br>&nbsp;&nbsp;&nbsp;&nbsp;Grade 1 - Age 12: N<br>
5627,Licensed Group,Mommy's Daycare,26994 26 Ave,,Aldergrove,V4W 4A4,49.049219,-122.476231,604-857-9640,,,N,N,N,N,N,N,N,N,N,N,N,N,N,N,N,N,N,,,N,N,N,N,N,N,N,Y,N,N,N,2026-05-15,http://www.healthspace.ca/fha/childcare,N,Y,N,Mommy's Daycare<br>Licensed Group<br>604-857-9640<br><br>Vacancy:<br>&nbsp;&nbsp;&nbsp;&nbsp;<36 months: Y<br>&nbsp;&nbsp;&nbsp;&nbsp;30 months -- 5 years: N<br>&nbsp;&nbsp;&nbsp;&nbsp;Preschool: N<br>&nbsp;&nbsp;&nbsp;&nbsp;Grade 1 - Age 12: N<br>
5628,Licensed Group,Robson Afterschool Care Program,3131 Waldie Ave,,Robson,V0G 1X0,49.335586,-117.698618,250-365-7201,,,N,N,N,N,N,N,N,N,N,N,N,N,N,N,N,N,N,,,N,N,N,N,N,N,N,N,N,N,N,2026-05-04,https://hedgehogportal.interiorhealth.ca/ChildCare/Map,N,Y,N,Robson Afterschool Care Program<br>Licensed Group<br>250-365-7201<br><br>Vacancy:<br>&nbsp;&nbsp;&nbsp;&nbsp;<36 months: N<br>&nbsp;&nbsp;&nbsp;&nbsp;30 months -- 5 years: N<br>&nbsp;&nbsp;&nbsp;&nbsp;Preschool: N<br>&nbsp;&nbsp;&nbsp;&nbsp;Grade 1 - Age 12: N<br>
5629,Licensed Group,Ewen Childcare Centre,527 Ewen Ave,,New Westminster,V3M 5B7,49.190898,-122.936405,604-916-3178,,,N,N,N,N,N,N,N,N,N,N,N,N,N,N,N,N,N,,,N,N,N,N,N,N,N,N,N,N,N,2026-05-15,http://www.healthspace.ca/fha/childcare,N,Y,N,Ewen Childcare Centre<br>Licensed Group<br>604-916-3178<br><br>Vacancy:<br>&nbsp;&nbsp;&nbsp;&nbsp;<36 months: N<br>&nbsp;&nbsp;&nbsp;&nbsp;30 months -- 5 years: N<br>&nbsp;&nbsp;&nbsp;&nbsp;Preschool: N<br>&nbsp;&nbsp;&nbsp;&nbsp;Grade 1 - Age 12: N<br>
5630,Licensed Family,Little Ducklings Family Day Care,7228 Knight St,,Vancouver,V5P 2W8,49.218792,-123.076599,604-322-2942,,,N,N,N,N,N,N,N,N,N,N,N,N,N,N,N,N,N,,,N,N,N,N,N,N,N,N,Y,N,N,2026-04-26,https://inspections.vcha.ca/ChildCare/Table,N,Y,N,Little Ducklings Family Day Care<br>Licensed Family<br>604-322-2942<br><br>Vacancy:<br>&nbsp;&nbsp;&nbsp;&nbsp;<36 months: N<br>&nbsp;&nbsp;&nbsp;&nbsp;30 months -- 5 years: Y<br>&nbsp;&nbsp;&nbsp;&nbsp;Preschool: N<br>&nbsp;&nbsp;&nbsp;&nbsp;Grade 1 - Age 12: N<br>
5631,Licensed Group,Willowbrae Childcare Academy,211-800 mcbride Blvd,,New Westminster,V3L 2B8,49.222746,-122.91424,604-528-8018,,,N,N,N,N,N,N,N,N,N,N,N,N,N,N,N,N,N,,,N,N,N,N,N,N,N,N,N,N,N,2026-05-12,http://www.healthspace.ca/fha/childcare,N,Y,N,Willowbrae Childcare Academy<br>Licensed Group<br>604-528-8018<br><br>Vacancy:<br>&nbsp;&nbsp;&nbsp;&nbsp;<36 months: N<br>&nbsp;&nbsp;&nbsp;&nbsp;30 months -- 5 years: N<br>&nbsp;&nbsp;&nbsp;&nbsp;Preschool: N<br>&nbsp;&nbsp;&nbsp;&nbsp;Grade 1 - Age 12: N<br>
5632,Licensed Group,Doodle Dapple Daycare,1380 Terrace Rd,,Errington,V0R 1V0,49.287842,-124.341365,250-248-2979,,,N,N,N,N,N,N,N,N,N,N,N,N,N,N,N,N,N,,,N,N,N,N,N,N,N,Y,N,N,N,2026-05-15,https://www.healthspace.ca/clients/viha/viha_website.nsf/CCFL-Main?OpenView,N,Y,N,Doodle Dapple Daycare<br>Licensed Group<br>250-248-2979<br><br>Vacancy:<br>&nbsp;&nbsp;&nbsp;&nbsp;<36 months: Y<br>&nbsp;&nbsp;&nbsp;&nbsp;30 months -- 5 years: N<br>&nbsp;&nbsp;&nbsp;&nbsp;Preschool: N<br>&nbsp;&nbsp;&nbsp;&nbsp;Grade 1 - Age 12: N<br>
5633,Licensed Group,Happy Campers - Otter Point,2080 Otter Point Rd,,Sooke,V9Z 0H2,48.378944,-123.725341,250-391-0909,,,N,N,N,N,N,N,N,N,N,N,N,N,N,N,N,N,N,,,N,N,N,N,N,N,N,N,N,N,N,2026-05-15,https://www.healthspace.ca/clients/viha/viha_website.nsf/CCFL-Main?OpenView,N,Y,N,Happy Campers - Otter Point<br>Licensed Group<br>250-391-0909<br><br>Vacancy:<br>&nbsp;&nbsp;&nbsp;&nbsp;<36 months: N<br>&nbsp;&nbsp;&nbsp;&nbsp;30 months -- 5 years: N<br>&nbsp;&nbsp;&nbsp;&nbsp;Preschool: N<br>&nbsp;&nbsp;&nbsp;&nbsp;Grade 1 - Age 12: N<br>
5634,Licensed Group,Connections Kids Club - Blundell,6480 Blundell Rd,,Richmond,V7C 1H8,49.153719,-123.15195,604-271-7600,,,N,N,N,N,N,N,N,N,N,N,N,N,N,N,N,N,N,,,N,N,N,N,N,N,N,N,Y,N,Y,2026-05-11,https://inspections.vcha.ca/ChildCare/Table,N,Y,N,Connections Kids Club - Blundell<br>Licensed Group<br>604-271-7600<br><br>Vacancy:<br>&nbsp;&nbsp;&nbsp;&nbsp;<36 months: N<br>&nbsp;&nbsp;&nbsp;&nbsp;30 months -- 5 years: Y<br>&nbsp;&nbsp;&nbsp;&nbsp;Preschool: N<br>&nbsp;&nbsp;&nbsp;&nbsp;Grade 1 - Age 12: Y<br>
5635,Licensed Family,Ridgeview Daycare Ltd.,31311 Ridgeview Dr,,Abbotsford,V2T 6N5,49.06519,-122.356832,604-744-9412,,,,,,,,,,,,,,,,,,,,,,,,,,,,,,,,,,,Y,Y,N,Ridgeview Daycare Ltd.<br>Licensed Family<br>604-744-9412<br><br>Vacancy:<br>&nbsp;&nbsp;&nbsp;&nbsp;<36 months: None<br>&nbsp;&nbsp;&nbsp;&nbsp;30 months -- 5 years: None<br>&nbsp;&nbsp;&nbsp;&nbsp;Preschool: None<br>&nbsp;&nbsp;&nbsp;&nbsp;Grade 1 - Age 12: None<br>
5636,Licensed Group,Neville Childcare,5769 Neville St,,Burnaby,V5J 2J3,49.214141,-122.979284,604-417-2489,,,N,N,N,N,N,N,N,N,N,N,N,N,N,N,N,N,N,,,N,N,N,N,N,N,N,N,N,N,N,2026-05-17,http://www.healthspace.ca/fha/childcare,N,Y,N,Neville Childcare<br>Licensed Group<br>604-417-2489<br><br>Vacancy:<br>&nbsp;&nbsp;&nbsp;&nbsp;<36 months: N<br>&nbsp;&nbsp;&nbsp;&nbsp;30 months -- 5 years: N<br>&nbsp;&nbsp;&nbsp;&nbsp;Preschool: N<br>&nbsp;&nbsp;&nbsp;&nbsp;Grade 1 - Age 12: N<br>
5637,Licensed Family,Kenzie N Friends,804 90 Ave,,Dawson Creek,V1G 5B4,55.774237,-120.225417,250-782-6368,,,N,N,N,N,N,N,N,N,N,N,N,N,N,N,N,N,N,,,N,N,N,N,N,N,N,N,N,N,N,2026-04-29,https://www.healthspace.ca/Clients/NHA/NHA_Website.nsf/CCFL-Frameset,N,Y,N,Kenzie N Friends<br>Licensed Family<br>250-782-6368<br><br>Vacancy:<br>&nbsp;&nbsp;&nbsp;&nbsp;<36 months: N<br>&nbsp;&nbsp;&nbsp;&nbsp;30 months -- 5 years: N<br>&nbsp;&nbsp;&nbsp;&nbsp;Preschool: N<br>&nbsp;&nbsp;&nbsp;&nbsp;Grade 1 - Age 12: N<br>
5638,Licensed Group,Acorn To Oaks Academy,9080 Granville Ave,,Richmond,V6Y 1P8,49.162545,-123.123732,604-284-5499,,,N,N,N,N,N,N,N,N,N,N,N,N,N,N,N,N,N,,,N,N,N,N,N,N,N,N,N,N,N,2026-04-22,https://inspections.vcha.ca/ChildCare/Table,N,Y,N,Acorn To Oaks Academy<br>Licensed Group<br>604-284-5499<br><br>Vacancy:<br>&nbsp;&nbsp;&nbsp;&nbsp;<36 months: N<br>&nbsp;&nbsp;&nbsp;&nbsp;30 months -- 5 years: N<br>&nbsp;&nbsp;&nbsp;&nbsp;Preschool: N<br>&nbsp;&nbsp;&nbsp;&nbsp;Grade 1 - Age 12: N<br>
5639,Licensed Family,Alphabetz,3342 Barrington Rd,,Nanaimo,V9T 5W3,49.215339,-123.982533,250-751-4464,,,N,N,N,N,N,N,N,N,N,N,N,N,N,N,N,N,N,,,N,N,N,N,N,N,N,Y,N,N,N,2026-05-15,https://www.healthspace.ca/clients/viha/viha_website.nsf/CCFL-Main?OpenView,N,Y,N,Alphabetz<br>Licensed Family<br>250-751-4464<br><br>Vacancy:<br>&nbsp;&nbsp;&nbsp;&nbsp;<36 months: Y<br>&nbsp;&nbsp;&nbsp;&nbsp;30 months -- 5 years: N<br>&nbsp;&nbsp;&nbsp;&nbsp;Preschool: N<br>&nbsp;&nbsp;&nbsp;&nbsp;Grade 1 - Age 12: N<br>
5640,Licensed Group,My Whole Earth Academy,208-2031 41 Ave W,,Vancouver,V6M 1Y7,49.234809,-123.152944,778-379-1858,,,,,,,,,,,,,,,,,,,,,,,,,,,,,,,,,,,Y,Y,N,My Whole Earth Academy<br>Licensed Group<br>778-379-1858<br><br>Vacancy:<br>&nbsp;&nbsp;&nbsp;&nbsp;<36 months: None<br>&nbsp;&nbsp;&nbsp;&nbsp;30 months -- 5 years: None<br>&nbsp;&nbsp;&nbsp;&nbsp;Preschool: None<br>&nbsp;&nbsp;&nbsp;&nbsp;Grade 1 - Age 12: None<br>
5641,Licensed Group,Aurostar Montessori Children Centre,1693 142 St,,Surrey,V4A 6K6,49.032808,-122.828504,604-998-7821,,,N,N,N,N,N,N,N,N,N,N,N,N,N,N,N,N,N,,,N,N,N,N,N,N,N,Y,Y,N,N,2026-04-30,http://www.healthspace.ca/fha/childcare,N,Y,N,Aurostar Montessori Children Centre<br>Licensed Group<br>604-998-7821<br><br>Vacancy:<br>&nbsp;&nbsp;&nbsp;&nbsp;<36 months: Y<br>&nbsp;&nbsp;&nbsp;&nbsp;30 months -- 5 years: Y<br>&nbsp;&nbsp;&nbsp;&nbsp;Preschool: N<br>&nbsp;&nbsp;&nbsp;&nbsp;Grade 1 - Age 12: N<br>
5642,Licensed Family,Mini Miracles,15083 99A Ave,,Surrey,V3R 9J8,49.182798,-122.804265,604-999-6605,,,N,N,N,N,N,N,N,N,N,N,N,N,N,N,N,N,N,,,N,N,N,N,N,N,N,N,N,N,N,2026-05-19,http://www.healthspace.ca/fha/childcare,N,Y,N,Mini Miracles<br>Licensed Family<br>604-999-6605<br><br>Vacancy:<br>&nbsp;&nbsp;&nbsp;&nbsp;<36 months: N<br>&nbsp;&nbsp;&nbsp;&nbsp;30 months -- 5 years: N<br>&nbsp;&nbsp;&nbsp;&nbsp;Preschool: N<br>&nbsp;&nbsp;&nbsp;&nbsp;Grade 1 - Age 12: N<br>
5643,Licensed Group,White Rock Christian Academy Junior Kindergarten,2267 152 St,,Surrey,V4A 4P1,49.04357,-122.80261,604-531-9186,,,Y,N,N,N,N,N,N,Y,N,N,N,N,N,N,N,N,N,Extra fee,Not offered,N,N,N,N,N,N,N,N,N,N,N,2026-05-05,http://www.healthspace.ca/fha/childcare,N,Y,N,White Rock Christian Academy Junior Kindergarten<br>Licensed Group<br>604-531-9186<br><br>Vacancy:<br>&nbsp;&nbsp;&nbsp;&nbsp;<36 months: N<br>&nbsp;&nbsp;&nbsp;&nbsp;30 months -- 5 years: N<br>&nbsp;&nbsp;&nbsp;&nbsp;Preschool: N<br>&nbsp;&nbsp;&nbsp;&nbsp;Grade 1 - Age 12: N<br>
5644,Licensed Group,Trinity's Little Children Centre,7100 Granville Ave,,Richmond,V6Y 1N8,49.162049,-123.145976,778-297-8522,,,N,N,N,N,N,N,N,N,N,N,N,N,N,N,N,N,N,,,N,N,N,N,N,N,N,N,Y,N,N,2026-05-01,https://inspections.vcha.ca/ChildCare/Table,N,Y,N,Trinity's Little Children Centre<br>Licensed Group<br>778-297-8522<br><br>Vacancy:<br>&nbsp;&nbsp;&nbsp;&nbsp;<36 months: N<br>&nbsp;&nbsp;&nbsp;&nbsp;30 months -- 5 years: Y<br>&nbsp;&nbsp;&nbsp;&nbsp;Preschool: N<br>&nbsp;&nbsp;&nbsp;&nbsp;Grade 1 - Age 12: N<br>
5645,Licensed Group,Smilestones Junior Kindergarten North Surrey,9115 160Th St.,,Surrey,V4N 2X7,49.168572,-122.779118,604-657-4255,,,N,N,N,N,N,N,N,N,N,N,N,N,N,N,N,N,N,,,N,N,N,N,N,N,N,N,Y,N,N,2026-05-17,http://www.healthspace.ca/fha/childcare,N,Y,N,Smilestones Junior Kindergarten North Surrey<br>Licensed Group<br>604-657-4255<br><br>Vacancy:<br>&nbsp;&nbsp;&nbsp;&nbsp;<36 months: N<br>&nbsp;&nbsp;&nbsp;&nbsp;30 months -- 5 years: Y<br>&nbsp;&nbsp;&nbsp;&nbsp;Preschool: N<br>&nbsp;&nbsp;&nbsp;&nbsp;Grade 1 - Age 12: N<br>
5646,Licensed Group,Kinvig Out Of School Care,13266 70B Ave,,Surrey,V3W 8N1,49.131007,-122.854671,778-386-3501,,,N,N,N,N,N,N,N,N,N,N,N,N,N,N,N,N,N,,,N,N,N,N,N,N,N,N,N,N,N,2026-05-18,http://www.healthspace.ca/fha/childcare,N,Y,N,Kinvig Out Of School Care<br>Licensed Group<br>778-386-3501<br><br>Vacancy:<br>&nbsp;&nbsp;&nbsp;&nbsp;<36 months: N<br>&nbsp;&nbsp;&nbsp;&nbsp;30 months -- 5 years: N<br>&nbsp;&nbsp;&nbsp;&nbsp;Preschool: N<br>&nbsp;&nbsp;&nbsp;&nbsp;Grade 1 - Age 12: N<br>
5647,Licensed Group,Connections Kids Club - Cook,8600 Cook Rd,,Richmond,V6Y 1V7,49.165492,-123.128048,604-271-7600,,,N,N,N,N,N,N,N,N,N,N,N,N,N,N,N,N,N,,,N,N,N,N,N,N,N,N,N,N,N,2026-05-11,https://inspections.vcha.ca/ChildCare/Table,N,Y,N,Connections Kids Club - Cook<br>Licensed Group<br>604-271-7600<br><br>Vacancy:<br>&nbsp;&nbsp;&nbsp;&nbsp;<36 months: N<br>&nbsp;&nbsp;&nbsp;&nbsp;30 months -- 5 years: N<br>&nbsp;&nbsp;&nbsp;&nbsp;Preschool: N<br>&nbsp;&nbsp;&nbsp;&nbsp;Grade 1 - Age 12: N<br>
5648,Licensed Group,Meta Montessori House,3405 Worthington Dr,,Vancouver,V5M 3Y1,49.254658,-123.029761,604-620-6347,,,Y,N,N,N,N,N,N,Y,N,N,N,N,N,N,N,N,N,Extra fee,Not offered,Y,Y,Y,N,N,Y,Y,N,N,N,N,2026-05-15,https://inspections.vcha.ca/ChildCare/Table,N,Y,N,Meta Montessori House<br>Licensed Group<br>604-620-6347<br><br>Vacancy:<br>&nbsp;&nbsp;&nbsp;&nbsp;<36 months: N<br>&nbsp;&nbsp;&nbsp;&nbsp;30 months -- 5 years: N<br>&nbsp;&nbsp;&nbsp;&nbsp;Preschool: N<br>&nbsp;&nbsp;&nbsp;&nbsp;Grade 1 - Age 12: N<br>
5649,Licensed Family,Growing Patch (The),6221 Tasa Pl,,Prince George,V2K 4J3,53.985576,-122.803664,250-640-6517,,,N,N,N,N,N,N,N,N,N,N,N,N,N,N,N,N,N,,,N,N,N,N,N,N,N,N,N,N,N,2026-03-18,https://www.healthspace.ca/Clients/NHA/NHA_Website.nsf/CCFL-Frameset,N,Y,N,Growing Patch (The)<br>Licensed Family<br>250-640-6517<br><br>Vacancy:<br>&nbsp;&nbsp;&nbsp;&nbsp;<36 months: N<br>&nbsp;&nbsp;&nbsp;&nbsp;30 months -- 5 years: N<br>&nbsp;&nbsp;&nbsp;&nbsp;Preschool: N<br>&nbsp;&nbsp;&nbsp;&nbsp;Grade 1 - Age 12: N<br>
5650,Licensed Group,Cloverdale Child Care - Scout Hall,3266 Glasgow Ave,,Victoria,V8X 1M2,48.450942,-123.363796,250-995-1766,,,N,N,N,N,N,N,N,N,N,N,N,N,N,N,N,N,N,,,N,N,N,N,N,N,N,N,N,N,N,2026-04-18,https://www.healthspace.ca/clients/viha/viha_website.nsf/CCFL-Main?OpenView,N,Y,N,Cloverdale Child Care - Scout Hall<br>Licensed Group<br>250-995-1766<br><br>Vacancy:<br>&nbsp;&nbsp;&nbsp;&nbsp;<36 months: N<br>&nbsp;&nbsp;&nbsp;&nbsp;30 months -- 5 years: N<br>&nbsp;&nbsp;&nbsp;&nbsp;Preschool: N<br>&nbsp;&nbsp;&nbsp;&nbsp;Grade 1 - Age 12: N<br>
5651,Licensed Group,Stardom Childcare,11435 Bonson Rd,,Pitt Meadows,V3Y 2S3,49.209666,-122.680064,604-459-7827,,,N,N,N,N,N,N,N,N,N,N,N,N,N,N,N,N,N,,,N,N,N,N,N,N,N,N,N,N,N,2026-05-14,http://www.healthspace.ca/fha/childcare,N,Y,N,Stardom Childcare<br>Licensed Group<br>604-459-7827<br><br>Vacancy:<br>&nbsp;&nbsp;&nbsp;&nbsp;<36 months: N<br>&nbsp;&nbsp;&nbsp;&nbsp;30 months -- 5 years: N<br>&nbsp;&nbsp;&nbsp;&nbsp;Preschool: N<br>&nbsp;&nbsp;&nbsp;&nbsp;Grade 1 - Age 12: N<br>
5652,Licensed Group,Little Genius Academy,1121 Dominion Rd,,Victoria,V9A 4E7,48.436499,-123.3936,250-384-2806,,,N,N,N,N,N,N,N,N,N,N,N,N,N,N,N,N,N,,,N,N,N,N,N,N,N,N,N,N,N,2026-05-12,https://www.healthspace.ca/clients/viha/viha_website.nsf/CCFL-Main?OpenView,N,Y,N,Little Genius Academy<br>Licensed Group<br>250-384-2806<br><br>Vacancy:<br>&nbsp;&nbsp;&nbsp;&nbsp;<36 months: N<br>&nbsp;&nbsp;&nbsp;&nbsp;30 months -- 5 years: N<br>&nbsp;&nbsp;&nbsp;&nbsp;Preschool: N<br>&nbsp;&nbsp;&nbsp;&nbsp;Grade 1 - Age 12: N<br>
5653,Licensed Group,Fg Leary ymca Kids Club,9320 Walden St,,Chilliwack,V2P 7Y2,49.171603,-121.920795,604-306-7915,,,N,N,N,N,N,N,N,N,N,N,N,N,N,N,N,N,N,,,N,N,N,N,N,N,N,N,N,N,N,2026-05-14,http://www.healthspace.ca/fha/childcare,N,Y,N,Fg Leary ymca Kids Club<br>Licensed Group<br>604-306-7915<br><br>Vacancy:<br>&nbsp;&nbsp;&nbsp;&nbsp;<36 months: N<br>&nbsp;&nbsp;&nbsp;&nbsp;30 months -- 5 years: N<br>&nbsp;&nbsp;&nbsp;&nbsp;Preschool: N<br>&nbsp;&nbsp;&nbsp;&nbsp;Grade 1 - Age 12: N<br>
5654,Licensed Family,Magical Beginnings,23711 106 Ave,,Maple Ridge,V2W 1B4,49.196967,-122.564405,604-808-3073,,,N,N,N,N,N,N,N,N,N,N,N,N,N,N,N,N,N,,,N,N,N,N,N,N,N,N,N,N,N,2026-05-15,http://www.healthspace.ca/fha/childcare,N,Y,N,Magical Beginnings<br>Licensed Family<br>604-808-3073<br><br>Vacancy:<br>&nbsp;&nbsp;&nbsp;&nbsp;<36 months: N<br>&nbsp;&nbsp;&nbsp;&nbsp;30 months -- 5 years: N<br>&nbsp;&nbsp;&nbsp;&nbsp;Preschool: N<br>&nbsp;&nbsp;&nbsp;&nbsp;Grade 1 - Age 12: N<br>
5655,Licensed Family,Bright Beginnings Childcare Center,9368 132A St,,Surrey,V3V 6N3,49.172929,-122.8554,778-385-6241,,,N,N,N,N,N,N,N,N,N,N,N,N,N,N,N,N,N,,,N,N,N,N,N,N,N,N,N,N,N,2026-05-20,http://www.healthspace.ca/fha/childcare,N,Y,N,Bright Beginnings Childcare Center<br>Licensed Family<br>778-385-6241<br><br>Vacancy:<br>&nbsp;&nbsp;&nbsp;&nbsp;<36 months: N<br>&nbsp;&nbsp;&nbsp;&nbsp;30 months -- 5 years: N<br>&nbsp;&nbsp;&nbsp;&nbsp;Preschool: N<br>&nbsp;&nbsp;&nbsp;&nbsp;Grade 1 - Age 12: N<br>
5656,Licensed Group,Reach For The Stars Montessori Learning Academy,2343 Arbutus St,,Vancouver,V6J 0H2,49.265226,-123.152926,604-688-7827,,,N,N,N,N,N,N,N,N,N,N,N,N,N,N,N,N,N,,,N,N,N,N,N,N,N,N,N,N,N,2026-04-15,https://inspections.vcha.ca/ChildCare/Table,N,Y,N,Reach For The Stars Montessori Learning Academy<br>Licensed Group<br>604-688-7827<br><br>Vacancy:<br>&nbsp;&nbsp;&nbsp;&nbsp;<36 months: N<br>&nbsp;&nbsp;&nbsp;&nbsp;30 months -- 5 years: N<br>&nbsp;&nbsp;&nbsp;&nbsp;Preschool: N<br>&nbsp;&nbsp;&nbsp;&nbsp;Grade 1 - Age 12: N<br>
5657,Licensed Family,Tiny Toes Daycare,15121 67A Ave,,Surrey,V3S 9G9,49.125679,-122.802795,604-812-9255,,,N,N,N,N,N,N,N,N,N,N,N,N,N,N,N,N,N,,,N,N,N,N,N,N,N,N,N,N,N,2026-05-15,http://www.healthspace.ca/fha/childcare,N,Y,N,Tiny Toes Daycare<br>Licensed Family<br>604-812-9255<br><br>Vacancy:<br>&nbsp;&nbsp;&nbsp;&nbsp;<36 months: N<br>&nbsp;&nbsp;&nbsp;&nbsp;30 months -- 5 years: N<br>&nbsp;&nbsp;&nbsp;&nbsp;Preschool: N<br>&nbsp;&nbsp;&nbsp;&nbsp;Grade 1 - Age 12: N<br>
5658,Licensed Group,Okanagan Boys & Girls Clubs-Peter Greer Afterschool Program,10300 Sherman Dr,,Lake Country,V4V 1Y8,50.031804,-119.389871,250-762-3914,,,N,N,N,N,N,N,N,N,N,N,N,N,N,N,N,N,N,,,N,N,N,N,N,N,N,N,N,N,Y,2026-05-15,https://hedgehogportal.interiorhealth.ca/ChildCare/Map,N,Y,N,Okanagan Boys & Girls Clubs-Peter Greer Afterschool Program<br>Licensed Group<br>250-762-3914<br><br>Vacancy:<br>&nbsp;&nbsp;&nbsp;&nbsp;<36 months: N<br>&nbsp;&nbsp;&nbsp;&nbsp;30 months -- 5 years: N<br>&nbsp;&nbsp;&nbsp;&nbsp;Preschool: N<br>&nbsp;&nbsp;&nbsp;&nbsp;Grade 1 - Age 12: Y<br>
5659,Licensed Group,Okanagan Boys And Girls Clubs - Ok Falls,1141 Cedar St,,Okanagan Falls,V0H 1R0,49.34197,-119.575025,250-762-3914,,,N,N,N,N,N,N,N,N,N,N,N,N,N,N,N,N,N,,,N,N,N,N,N,N,N,N,N,N,Y,2026-05-15,https://hedgehogportal.interiorhealth.ca/ChildCare/Map,N,Y,N,Okanagan Boys And Girls Clubs - Ok Falls<br>Licensed Group<br>250-762-3914<br><br>Vacancy:<br>&nbsp;&nbsp;&nbsp;&nbsp;<36 months: N<br>&nbsp;&nbsp;&nbsp;&nbsp;30 months -- 5 years: N<br>&nbsp;&nbsp;&nbsp;&nbsp;Preschool: N<br>&nbsp;&nbsp;&nbsp;&nbsp;Grade 1 - Age 12: Y<br>
5660,Licensed Group,Creative Kids Learning Centers - Newton,1010-7445 132 St,,Surrey,V3W 1J8,49.137885,-122.856975,604-560-5002,,,N,N,N,N,N,N,N,N,N,N,N,N,N,N,N,N,N,,,N,N,N,N,N,N,N,Y,Y,N,N,2026-05-19,http://www.healthspace.ca/fha/childcare,N,Y,N,Creative Kids Learning Centers - Newton<br>Licensed Group<br>604-560-5002<br><br>Vacancy:<br>&nbsp;&nbsp;&nbsp;&nbsp;<36 months: Y<br>&nbsp;&nbsp;&nbsp;&nbsp;30 months -- 5 years: Y<br>&nbsp;&nbsp;&nbsp;&nbsp;Preschool: N<br>&nbsp;&nbsp;&nbsp;&nbsp;Grade 1 - Age 12: N<br>
5661,Licensed Group,Piggy Ooo's Daycare Centre,5700 Langley Bypass,,Langley,V3A 8L7,49.110527,-122.643458,604-562-8985,,,N,N,N,N,N,N,N,N,N,N,N,N,N,N,N,N,N,,,N,N,N,N,N,N,N,N,N,N,N,2026-04-28,http://www.healthspace.ca/fha/childcare,N,Y,N,Piggy Ooo's Daycare Centre<br>Licensed Group<br>604-562-8985<br><br>Vacancy:<br>&nbsp;&nbsp;&nbsp;&nbsp;<36 months: N<br>&nbsp;&nbsp;&nbsp;&nbsp;30 months -- 5 years: N<br>&nbsp;&nbsp;&nbsp;&nbsp;Preschool: N<br>&nbsp;&nbsp;&nbsp;&nbsp;Grade 1 - Age 12: N<br>
5662,Licensed Family,Toyland Family Daycare,14717 62 Ave,,Surrey,V3S 6N4,49.11556,-122.815069,604-765-9607,,,N,N,N,N,N,N,N,N,N,N,N,N,N,N,N,N,N,,,N,N,N,N,N,N,N,N,N,N,N,2026-05-18,http://www.healthspace.ca/fha/childcare,N,Y,N,Toyland Family Daycare<br>Licensed Family<br>604-765-9607<br><br>Vacancy:<br>&nbsp;&nbsp;&nbsp;&nbsp;<36 months: N<br>&nbsp;&nbsp;&nbsp;&nbsp;30 months -- 5 years: N<br>&nbsp;&nbsp;&nbsp;&nbsp;Preschool: N<br>&nbsp;&nbsp;&nbsp;&nbsp;Grade 1 - Age 12: N<br>
5663,Licensed Group,Appu Child Care Centre,614 48Th Ave E,,Vancouver,V5W 2E6,49.22652,-123.092321,604-322-7433,,,N,N,N,N,N,N,N,N,N,N,N,N,N,N,N,N,N,,,N,N,N,N,N,N,N,N,N,N,N,2026-05-20,https://inspections.vcha.ca/ChildCare/Table,N,Y,N,Appu Child Care Centre<br>Licensed Group<br>604-322-7433<br><br>Vacancy:<br>&nbsp;&nbsp;&nbsp;&nbsp;<36 months: N<br>&nbsp;&nbsp;&nbsp;&nbsp;30 months -- 5 years: N<br>&nbsp;&nbsp;&nbsp;&nbsp;Preschool: N<br>&nbsp;&nbsp;&nbsp;&nbsp;Grade 1 - Age 12: N<br>
5664,Licensed Family,Raincoast Childcare Centre,781 18Th St E,,North Vancouver,V7L 2Y7,49.324685,-123.051092,604-986-9334,www.raincoastchildcare.ca,,N,N,N,N,N,N,N,N,N,N,N,N,N,N,N,N,N,,,N,N,N,N,N,N,N,N,N,N,N,2026-05-15,https://inspections.vcha.ca/ChildCare/Table,N,Y,N,Raincoast Childcare Centre<br>Licensed Family<br>604-986-9334<br><br>Vacancy:<br>&nbsp;&nbsp;&nbsp;&nbsp;<36 months: N<br>&nbsp;&nbsp;&nbsp;&nbsp;30 months -- 5 years: N<br>&nbsp;&nbsp;&nbsp;&nbsp;Preschool: N<br>&nbsp;&nbsp;&nbsp;&nbsp;Grade 1 - Age 12: N<br>
5665,Licensed Group,Tots Of Fun School Age Care,1739 148 St,,Surrey,V4A 4M6,49.033787,-122.812872,778-288-9885,,,N,N,N,N,N,N,N,N,N,N,N,N,N,N,N,N,N,,,N,N,N,N,N,N,N,N,N,N,N,2026-05-15,http://www.healthspace.ca/fha/childcare,N,Y,N,Tots Of Fun School Age Care<br>Licensed Group<br>778-288-9885<br><br>Vacancy:<br>&nbsp;&nbsp;&nbsp;&nbsp;<36 months: N<br>&nbsp;&nbsp;&nbsp;&nbsp;30 months -- 5 years: N<br>&nbsp;&nbsp;&nbsp;&nbsp;Preschool: N<br>&nbsp;&nbsp;&nbsp;&nbsp;Grade 1 - Age 12: N<br>
5666,Licensed Group,Sweet Peas Infant & Toddler Centre,4213 Early Dr,,Nanaimo,V9T 4K1,49.220032,-124.019561,250-585-3178,,,N,N,N,N,N,N,N,N,N,N,N,N,N,N,N,N,N,,,N,N,N,N,N,N,N,N,N,N,N,2026-05-02,https://www.healthspace.ca/clients/viha/viha_website.nsf/CCFL-Main?OpenView,N,Y,N,Sweet Peas Infant & Toddler Centre<br>Licensed Group<br>250-585-3178<br><br>Vacancy:<br>&nbsp;&nbsp;&nbsp;&nbsp;<36 months: N<br>&nbsp;&nbsp;&nbsp;&nbsp;30 months -- 5 years: N<br>&nbsp;&nbsp;&nbsp;&nbsp;Preschool: N<br>&nbsp;&nbsp;&nbsp;&nbsp;Grade 1 - Age 12: N<br>
5667,Licensed Group,Mrs. D's Playschool/Afterschool Program,Rm. 25 - 152 Linden Ave,,Kaleden,V0H 1K0,49.38767,-119.595796,778-931-0070,,,N,N,N,N,N,N,N,N,N,N,N,N,N,N,N,N,N,,,N,N,N,N,N,N,N,N,Y,N,Y,2026-05-05,https://hedgehogportal.interiorhealth.ca/ChildCare/Map,N,N,N,Mrs. D's Playschool/Afterschool Program<br>Licensed Group<br>778-931-0070<br><br>Vacancy:<br>&nbsp;&nbsp;&nbsp;&nbsp;<36 months: N<br>&nbsp;&nbsp;&nbsp;&nbsp;30 months -- 5 years: Y<br>&nbsp;&nbsp;&nbsp;&nbsp;Preschool: N<br>&nbsp;&nbsp;&nbsp;&nbsp;Grade 1 - Age 12: Y<br>
5668,Licensed Family,Small Wonders Daycare,7022 Bickstan Pl,,Brentwood Bay,V8M 1G6,48.573186,-123.441637,250-588-7052,,,N,N,N,N,N,N,N,N,N,N,N,N,N,N,N,N,N,,,N,N,N,N,N,N,N,N,N,N,N,2026-05-15,https://www.healthspace.ca/clients/viha/viha_website.nsf/CCFL-Main?OpenView,N,Y,N,Small Wonders Daycare<br>Licensed Family<br>250-588-7052<br><br>Vacancy:<br>&nbsp;&nbsp;&nbsp;&nbsp;<36 months: N<br>&nbsp;&nbsp;&nbsp;&nbsp;30 months -- 5 years: N<br>&nbsp;&nbsp;&nbsp;&nbsp;Preschool: N<br>&nbsp;&nbsp;&nbsp;&nbsp;Grade 1 - Age 12: N<br>
5669,Licensed Group,"Kids ""R"" Kids After School Care",1175 Blair St,,Williams Lake,V2G 1X3,52.151272,-122.151737,250-267-3748,,,N,N,N,N,N,N,N,N,N,N,N,N,N,N,N,N,N,,,N,N,N,N,N,N,N,N,N,N,N,2026-05-15,https://hedgehogportal.interiorhealth.ca/ChildCare/Map,N,Y,N,"Kids ""R"" Kids After School Care<br>Licensed Group<br>250-267-3748<br><br>Vacancy:<br>&nbsp;&nbsp;&nbsp;&nbsp;<36 months: N<br>&nbsp;&nbsp;&nbsp;&nbsp;30 months -- 5 years: N<br>&nbsp;&nbsp;&nbsp;&nbsp;Preschool: N<br>&nbsp;&nbsp;&nbsp;&nbsp;Grade 1 - Age 12: N<br>"
5670,Licensed Group,For The Kids Daycare (West Kelowna),101-1680 Ross Rd,,West Kelowna,V1Z 1L9,49.861362,-119.585784,250-769-1601,,,N,N,N,N,N,N,N,N,N,N,N,N,N,N,N,N,N,,,N,N,N,N,N,N,N,N,N,N,N,2026-05-12,https://hedgehogportal.interiorhealth.ca/ChildCare/Map,N,Y,N,For The Kids Daycare (West Kelowna)<br>Licensed Group<br>250-769-1601<br><br>Vacancy:<br>&nbsp;&nbsp;&nbsp;&nbsp;<36 months: N<br>&nbsp;&nbsp;&nbsp;&nbsp;30 months -- 5 years: N<br>&nbsp;&nbsp;&nbsp;&nbsp;Preschool: N<br>&nbsp;&nbsp;&nbsp;&nbsp;Grade 1 - Age 12: N<br>
5671,Licensed Group,Westwood Montessori (Burke Mountain),1401 Kingston St,,Coquitlam,V3E 0K5,49.298184,-122.747575,604-765-0966,,,N,N,N,N,N,N,N,N,N,N,N,N,N,N,N,N,N,,,N,N,N,N,N,N,N,N,N,N,N,2026-05-08,http://www.healthspace.ca/fha/childcare,N,Y,N,Westwood Montessori (Burke Mountain)<br>Licensed Group<br>604-765-0966<br><br>Vacancy:<br>&nbsp;&nbsp;&nbsp;&nbsp;<36 months: N<br>&nbsp;&nbsp;&nbsp;&nbsp;30 months -- 5 years: N<br>&nbsp;&nbsp;&nbsp;&nbsp;Preschool: N<br>&nbsp;&nbsp;&nbsp;&nbsp;Grade 1 - Age 12: N<br>
5672,Licensed Group,Cranberry Eco Preschool,6831 Artaban St,,Powell River,V8A 4B9,49.865766,-124.528365,604-208-3807,,,N,N,N,N,N,N,N,N,N,N,N,N,N,N,N,N,N,,,N,N,N,N,N,N,N,N,N,N,N,2026-05-11,https://inspections.vcha.ca/ChildCare/Table,N,N,N,Cranberry Eco Preschool<br>Licensed Group<br>604-208-3807<br><br>Vacancy:<br>&nbsp;&nbsp;&nbsp;&nbsp;<36 months: N<br>&nbsp;&nbsp;&nbsp;&nbsp;30 months -- 5 years: N<br>&nbsp;&nbsp;&nbsp;&nbsp;Preschool: N<br>&nbsp;&nbsp;&nbsp;&nbsp;Grade 1 - Age 12: N<br>
5673,Licensed Group,Red Wagon Revelstoke,1950 Park Dr,,Revelstoke,V0E 2S1,50.976852,-118.17717,250-837-1623,,,N,N,N,N,N,N,N,N,N,N,N,N,N,N,N,N,N,,,N,N,N,N,N,N,N,N,N,N,N,2026-05-11,https://hedgehogportal.interiorhealth.ca/ChildCare/Map,N,Y,N,Red Wagon Revelstoke<br>Licensed Group<br>250-837-1623<br><br>Vacancy:<br>&nbsp;&nbsp;&nbsp;&nbsp;<36 months: N<br>&nbsp;&nbsp;&nbsp;&nbsp;30 months -- 5 years: N<br>&nbsp;&nbsp;&nbsp;&nbsp;Preschool: N<br>&nbsp;&nbsp;&nbsp;&nbsp;Grade 1 - Age 12: N<br>
5674,Licensed Group,Bgccvi - Seaview Club,7000 Lantzville School Rd,,Lantzville,V0R 2H0,49.250775,-124.079003,250-390-4001,,,N,N,N,N,N,N,N,N,N,N,N,N,N,N,N,N,N,Not offered,Not offered,N,N,N,N,N,N,N,N,Y,N,Y,2026-05-15,https://www.healthspace.ca/clients/viha/viha_website.nsf/CCFL-Main?OpenView,N,Y,N,Bgccvi - Seaview Club<br>Licensed Group<br>250-390-4001<br><br>Vacancy:<br>&nbsp;&nbsp;&nbsp;&nbsp;<36 months: N<br>&nbsp;&nbsp;&nbsp;&nbsp;30 months -- 5 years: Y<br>&nbsp;&nbsp;&nbsp;&nbsp;Preschool: N<br>&nbsp;&nbsp;&nbsp;&nbsp;Grade 1 - Age 12: Y<br>
5675,Licensed Group,Bgccvi - Beban House Club,1-2290 Bowen Rd,,Nanaimo,V9T 3K7,49.196591,-123.991576,250-585-2480,,,N,N,N,N,N,N,N,N,N,N,N,N,N,N,N,N,N,Not offered,Not offered,N,N,N,N,N,N,N,Y,Y,N,N,2026-05-15,https://www.healthspace.ca/clients/viha/viha_website.nsf/CCFL-Main?OpenView,N,Y,N,Bgccvi - Beban House Club<br>Licensed Group<br>250-585-2480<br><br>Vacancy:<br>&nbsp;&nbsp;&nbsp;&nbsp;<36 months: Y<br>&nbsp;&nbsp;&nbsp;&nbsp;30 months -- 5 years: Y<br>&nbsp;&nbsp;&nbsp;&nbsp;Preschool: N<br>&nbsp;&nbsp;&nbsp;&nbsp;Grade 1 - Age 12: N<br>
5676,Licensed Group,Rainforest Learning Centre Inc. - North Vancouver,2020 Moody Ave,,North Vancouver,V7L 3V3,49.327623,-123.058673,604-770-1955,,,N,N,N,N,N,N,N,N,N,N,N,N,N,N,N,N,N,,,N,N,N,N,N,N,N,N,N,N,Y,2026-05-04,https://inspections.vcha.ca/ChildCare/Table,N,Y,Y,Rainforest Learning Centre Inc. - North Vancouver<br>Licensed Group<br>604-770-1955<br><br>Vacancy:<br>&nbsp;&nbsp;&nbsp;&nbsp;<36 months: N<br>&nbsp;&nbsp;&nbsp;&nbsp;30 months -- 5 years: N<br>&nbsp;&nbsp;&nbsp;&nbsp;Preschool: N<br>&nbsp;&nbsp;&nbsp;&nbsp;Grade 1 - Age 12: Y<br>
5677,Licensed Group,Rainforest Learning Centre Inc. - North Vancouver,2020 Moody Ave,,North Vancouver,V7L 3V3,49.327623,-123.058673,604-770-1955,,,N,N,N,N,N,N,N,N,N,N,N,N,N,N,N,N,N,,,N,N,N,N,N,N,N,N,Y,N,N,2026-05-04,https://inspections.vcha.ca/ChildCare/Table,N,Y,Y,Rainforest Learning Centre Inc. - North Vancouver<br>Licensed Group<br>604-770-1955<br><br>Vacancy:<br>&nbsp;&nbsp;&nbsp;&nbsp;<36 months: N<br>&nbsp;&nbsp;&nbsp;&nbsp;30 months -- 5 years: Y<br>&nbsp;&nbsp;&nbsp;&nbsp;Preschool: N<br>&nbsp;&nbsp;&nbsp;&nbsp;Grade 1 - Age 12: N<br>
5678,Licensed Group,Rainforest Learning Centre Inc. - North Vancouver,2020 Moody Ave,,North Vancouver,V7L 3V3,49.327623,-123.058673,604-770-1955,,,N,N,N,N,N,N,N,N,N,N,N,N,N,N,N,N,N,,,N,N,N,N,N,N,N,N,N,Y,N,2026-05-04,https://inspections.vcha.ca/ChildCare/Table,N,Y,Y,Rainforest Learning Centre Inc. - North Vancouver<br>Licensed Group<br>604-770-1955<br><br>Vacancy:<br>&nbsp;&nbsp;&nbsp;&nbsp;<36 months: N<br>&nbsp;&nbsp;&nbsp;&nbsp;30 months -- 5 years: N<br>&nbsp;&nbsp;&nbsp;&nbsp;Preschool: Y<br>&nbsp;&nbsp;&nbsp;&nbsp;Grade 1 - Age 12: N<br>
5679,Licensed Group,Imagination Station Childcare Centre-Kanaka,23980 Kanaka Way,,Maple Ridge,V2W 0H7,49.205576,-122.557228,604-614-6856,,,N,N,N,N,N,N,N,N,N,N,N,N,N,N,N,N,N,,,N,N,N,N,N,N,N,N,N,N,N,2026-05-15,http://www.healthspace.ca/fha/childcare,N,Y,N,Imagination Station Childcare Centre-Kanaka<br>Licensed Group<br>604-614-6856<br><br>Vacancy:<br>&nbsp;&nbsp;&nbsp;&nbsp;<36 months: N<br>&nbsp;&nbsp;&nbsp;&nbsp;30 months -- 5 years: N<br>&nbsp;&nbsp;&nbsp;&nbsp;Preschool: N<br>&nbsp;&nbsp;&nbsp;&nbsp;Grade 1 - Age 12: N<br>
5680,Licensed Group,Rise & Shine Clubhouse,2 8612 100 Ave,,Fort St. John,V1J 1X1,56.246817,-120.821989,250-793-5269,,,N,N,N,N,N,N,N,N,N,N,N,N,N,N,N,N,N,,,N,N,N,N,N,N,N,N,N,N,Y,2026-04-27,https://www.healthspace.ca/Clients/NHA/NHA_Website.nsf/CCFL-Frameset,N,Y,N,Rise & Shine Clubhouse<br>Licensed Group<br>250-793-5269<br><br>Vacancy:<br>&nbsp;&nbsp;&nbsp;&nbsp;<36 months: N<br>&nbsp;&nbsp;&nbsp;&nbsp;30 months -- 5 years: N<br>&nbsp;&nbsp;&nbsp;&nbsp;Preschool: N<br>&nbsp;&nbsp;&nbsp;&nbsp;Grade 1 - Age 12: Y<br>
5681,Licensed Family,Cartwheels & Crayons Childcare,1530 Sixth Ave,,New Westminster,V3M 2C7,49.204145,-122.93638,778-398-0062,,,N,N,N,N,N,N,N,N,N,N,N,N,N,N,N,N,N,,,N,N,N,N,N,N,N,N,Y,N,N,2026-05-15,http://www.healthspace.ca/fha/childcare,N,Y,N,Cartwheels & Crayons Childcare<br>Licensed Family<br>778-398-0062<br><br>Vacancy:<br>&nbsp;&nbsp;&nbsp;&nbsp;<36 months: N<br>&nbsp;&nbsp;&nbsp;&nbsp;30 months -- 5 years: Y<br>&nbsp;&nbsp;&nbsp;&nbsp;Preschool: N<br>&nbsp;&nbsp;&nbsp;&nbsp;Grade 1 - Age 12: N<br>
5682,Licensed Group,East Hill Appletree,3605 12 St,,Vernon,V1T 3S7,50.268544,-119.246816,250-550-4471,,,N,N,N,N,N,N,N,N,N,N,N,N,N,N,N,N,N,,,N,N,N,N,N,N,N,N,N,N,N,2026-05-14,https://hedgehogportal.interiorhealth.ca/ChildCare/Map,N,Y,N,East Hill Appletree<br>Licensed Group<br>250-550-4471<br><br>Vacancy:<br>&nbsp;&nbsp;&nbsp;&nbsp;<36 months: N<br>&nbsp;&nbsp;&nbsp;&nbsp;30 months -- 5 years: N<br>&nbsp;&nbsp;&nbsp;&nbsp;Preschool: N<br>&nbsp;&nbsp;&nbsp;&nbsp;Grade 1 - Age 12: N<br>
5683,Licensed Group,Nsnh - Mountainside,3365 Mahon Ave,,North Vancouver,V7N 3T7,49.340553,-123.081415,604-987-8138,,,N,N,N,N,N,N,N,N,N,N,N,N,N,N,N,N,N,,,N,N,N,N,N,N,N,N,N,N,Y,2026-05-11,https://inspections.vcha.ca/ChildCare/Table,N,Y,N,Nsnh - Mountainside<br>Licensed Group<br>604-987-8138<br><br>Vacancy:<br>&nbsp;&nbsp;&nbsp;&nbsp;<36 months: N<br>&nbsp;&nbsp;&nbsp;&nbsp;30 months -- 5 years: N<br>&nbsp;&nbsp;&nbsp;&nbsp;Preschool: N<br>&nbsp;&nbsp;&nbsp;&nbsp;Grade 1 - Age 12: Y<br>
5684,Licensed Group,Bee Haven Child Care - The Cove,4266 Mt Seymour Pky,,North Vancouver,V7G 1C9,49.315873,-122.953027,604-216-7616,,,N,N,N,N,N,N,N,N,N,N,N,N,N,N,N,N,N,,,N,N,N,N,N,N,N,N,N,N,N,2026-05-14,https://inspections.vcha.ca/ChildCare/Table,N,Y,N,Bee Haven Child Care - The Cove<br>Licensed Group<br>604-216-7616<br><br>Vacancy:<br>&nbsp;&nbsp;&nbsp;&nbsp;<36 months: N<br>&nbsp;&nbsp;&nbsp;&nbsp;30 months -- 5 years: N<br>&nbsp;&nbsp;&nbsp;&nbsp;Preschool: N<br>&nbsp;&nbsp;&nbsp;&nbsp;Grade 1 - Age 12: N<br>
5685,Licensed Group,Ladybird Montessori Learning Academy,2-1180 Pinetree Way,,Coquitlam,V3B 7L2,49.281452,-122.793883,778-285-1737,,,N,N,N,N,N,N,N,N,N,N,N,N,N,N,N,N,N,,,N,N,N,N,N,N,N,Y,Y,N,N,2026-05-15,http://www.healthspace.ca/fha/childcare,N,Y,N,Ladybird Montessori Learning Academy<br>Licensed Group<br>778-285-1737<br><br>Vacancy:<br>&nbsp;&nbsp;&nbsp;&nbsp;<36 months: Y<br>&nbsp;&nbsp;&nbsp;&nbsp;30 months -- 5 years: Y<br>&nbsp;&nbsp;&nbsp;&nbsp;Preschool: N<br>&nbsp;&nbsp;&nbsp;&nbsp;Grade 1 - Age 12: N<br>
5686,Licensed Group,Amazement Park Children's Center Ltd,1050 Cottonwood Ave,,Coquitlam,V3J 2T3,49.257746,-122.86279,604-789-9366,,,N,N,N,N,N,N,N,N,N,N,N,N,N,N,N,N,N,,,N,N,N,N,N,N,N,N,N,N,N,2026-05-15,http://www.healthspace.ca/fha/childcare,N,Y,N,Amazement Park Children's Center Ltd<br>Licensed Group<br>604-789-9366<br><br>Vacancy:<br>&nbsp;&nbsp;&nbsp;&nbsp;<36 months: N<br>&nbsp;&nbsp;&nbsp;&nbsp;30 months -- 5 years: N<br>&nbsp;&nbsp;&nbsp;&nbsp;Preschool: N<br>&nbsp;&nbsp;&nbsp;&nbsp;Grade 1 - Age 12: N<br>
5687,Licensed Group,"Ivy League Preschool, The",7031 143 St,,Surrey,V3W 0P4,49.130534,-122.82629,604-726-1071,,,N,N,N,N,N,N,N,N,N,N,N,N,N,N,N,N,N,,,N,N,N,N,N,N,N,N,Y,N,Y,2026-05-12,http://www.healthspace.ca/fha/childcare,N,Y,N,"Ivy League Preschool, The<br>Licensed Group<br>604-726-1071<br><br>Vacancy:<br>&nbsp;&nbsp;&nbsp;&nbsp;<36 months: N<br>&nbsp;&nbsp;&nbsp;&nbsp;30 months -- 5 years: Y<br>&nbsp;&nbsp;&nbsp;&nbsp;Preschool: N<br>&nbsp;&nbsp;&nbsp;&nbsp;Grade 1 - Age 12: Y<br>"
5688,Licensed Family,Happy Feet Montessori Children's Centre,7858 Hudson St,,Vancouver,V6P 4L8,49.21443,-123.133783,604-264-8988,,,N,N,N,N,N,N,N,N,N,N,N,N,N,N,N,N,N,,,N,N,N,N,N,N,N,N,N,N,N,2026-04-25,https://inspections.vcha.ca/ChildCare/Table,N,Y,N,Happy Feet Montessori Children's Centre<br>Licensed Family<br>604-264-8988<br><br>Vacancy:<br>&nbsp;&nbsp;&nbsp;&nbsp;<36 months: N<br>&nbsp;&nbsp;&nbsp;&nbsp;30 months -- 5 years: N<br>&nbsp;&nbsp;&nbsp;&nbsp;Preschool: N<br>&nbsp;&nbsp;&nbsp;&nbsp;Grade 1 - Age 12: N<br>
5689,Licensed Group,Rainbow Angels Montessori Childcare Centre,2/F 8531 Alexandra Rd,,Richmond,V6X 1C3,49.178669,-123.128437,604-365-8128,,,N,N,N,N,N,N,N,N,N,N,N,N,N,N,N,N,N,,,N,N,N,N,N,N,N,N,Y,N,N,2026-05-15,https://inspections.vcha.ca/ChildCare/Table,N,Y,N,Rainbow Angels Montessori Childcare Centre<br>Licensed Group<br>604-365-8128<br><br>Vacancy:<br>&nbsp;&nbsp;&nbsp;&nbsp;<36 months: N<br>&nbsp;&nbsp;&nbsp;&nbsp;30 months -- 5 years: Y<br>&nbsp;&nbsp;&nbsp;&nbsp;Preschool: N<br>&nbsp;&nbsp;&nbsp;&nbsp;Grade 1 - Age 12: N<br>
5690,Licensed Group,Little Sparks Creative Learning Centre,780 mcphee Ave,,Courtenay,V9N 2Z9,49.686158,-125.003798,250-218-0504,,,N,N,N,N,N,N,N,N,N,N,N,N,N,N,N,N,N,,,N,N,N,N,N,N,N,N,N,N,N,2026-05-20,https://www.healthspace.ca/clients/viha/viha_website.nsf/CCFL-Main?OpenView,N,Y,N,Little Sparks Creative Learning Centre<br>Licensed Group<br>250-218-0504<br><br>Vacancy:<br>&nbsp;&nbsp;&nbsp;&nbsp;<36 months: N<br>&nbsp;&nbsp;&nbsp;&nbsp;30 months -- 5 years: N<br>&nbsp;&nbsp;&nbsp;&nbsp;Preschool: N<br>&nbsp;&nbsp;&nbsp;&nbsp;Grade 1 - Age 12: N<br>
5691,Licensed Group,Ccaa Child Care Centre,5069 Inman Ave,,Burnaby,V5G 2Y7,49.238402,-123.01619,778-322-0288,,,N,N,N,N,N,N,N,N,N,N,N,N,N,N,N,N,N,,,N,N,N,N,N,N,N,N,N,N,N,2026-05-20,http://www.healthspace.ca/fha/childcare,N,Y,N,Ccaa Child Care Centre<br>Licensed Group<br>778-322-0288<br><br>Vacancy:<br>&nbsp;&nbsp;&nbsp;&nbsp;<36 months: N<br>&nbsp;&nbsp;&nbsp;&nbsp;30 months -- 5 years: N<br>&nbsp;&nbsp;&nbsp;&nbsp;Preschool: N<br>&nbsp;&nbsp;&nbsp;&nbsp;Grade 1 - Age 12: N<br>
5692,Licensed Group,'Ccaa' Infant And Toddler Child Care Centre,3978 Brandon St,,Burnaby,V5G 2P5,49.238539,-123.016499,778-322-0288,,,N,N,N,N,N,N,N,N,N,N,N,N,N,N,N,N,N,,,N,N,N,N,N,N,N,N,N,N,N,2026-05-20,http://www.healthspace.ca/fha/childcare,N,Y,N,'Ccaa' Infant And Toddler Child Care Centre<br>Licensed Group<br>778-322-0288<br><br>Vacancy:<br>&nbsp;&nbsp;&nbsp;&nbsp;<36 months: N<br>&nbsp;&nbsp;&nbsp;&nbsp;30 months -- 5 years: N<br>&nbsp;&nbsp;&nbsp;&nbsp;Preschool: N<br>&nbsp;&nbsp;&nbsp;&nbsp;Grade 1 - Age 12: N<br>
5693,Licensed Group,Jitterbugs Childcare Inc.,3495 Empress Ave,,Cobble Hill,V0R 1L5,48.68634,-123.604493,250-710-4508,,,N,N,N,N,N,N,N,N,N,N,N,N,N,N,N,N,N,,,N,N,N,N,N,N,N,N,Y,Y,Y,2026-05-19,https://www.healthspace.ca/clients/viha/viha_website.nsf/CCFL-Main?OpenView,N,Y,N,Jitterbugs Childcare Inc.<br>Licensed Group<br>250-710-4508<br><br>Vacancy:<br>&nbsp;&nbsp;&nbsp;&nbsp;<36 months: N<br>&nbsp;&nbsp;&nbsp;&nbsp;30 months -- 5 years: Y<br>&nbsp;&nbsp;&nbsp;&nbsp;Preschool: Y<br>&nbsp;&nbsp;&nbsp;&nbsp;Grade 1 - Age 12: Y<br>
5694,Licensed Group,Maquinna ymca Kids Club,2684 2Nd Ave E,,Vancouver,V5M 1C9,49.268031,-123.0508,778-960-6427,,,N,N,N,N,N,N,N,N,N,N,N,N,N,N,N,N,N,,,N,N,N,N,N,N,N,N,N,N,N,2026-05-14,https://inspections.vcha.ca/ChildCare/Table,N,Y,N,Maquinna ymca Kids Club<br>Licensed Group<br>778-960-6427<br><br>Vacancy:<br>&nbsp;&nbsp;&nbsp;&nbsp;<36 months: N<br>&nbsp;&nbsp;&nbsp;&nbsp;30 months -- 5 years: N<br>&nbsp;&nbsp;&nbsp;&nbsp;Preschool: N<br>&nbsp;&nbsp;&nbsp;&nbsp;Grade 1 - Age 12: N<br>
5695,Licensed Group,Franklin ymca Kids Club,250 Skeena St,,Vancouver,V5K 4N8,49.282544,-123.027023,778-960-6463,,,N,N,N,N,N,N,N,N,N,N,N,N,N,N,N,N,N,,,N,N,N,N,N,N,N,N,N,N,N,2026-05-14,https://inspections.vcha.ca/ChildCare/Table,N,Y,N,Franklin ymca Kids Club<br>Licensed Group<br>778-960-6463<br><br>Vacancy:<br>&nbsp;&nbsp;&nbsp;&nbsp;<36 months: N<br>&nbsp;&nbsp;&nbsp;&nbsp;30 months -- 5 years: N<br>&nbsp;&nbsp;&nbsp;&nbsp;Preschool: N<br>&nbsp;&nbsp;&nbsp;&nbsp;Grade 1 - Age 12: N<br>
5696,Licensed Group,Momiji Japanese School,4010 Victoria Dr,,Vancouver,V5N 4N2,49.249107,-123.064672,604-290-5208,,,Y,N,N,N,N,N,N,Y,N,N,N,N,N,N,N,N,Y,Not offered,Not offered,N,N,N,N,N,N,N,N,Y,N,N,2026-05-05,https://inspections.vcha.ca/ChildCare/Table,N,Y,N,Momiji Japanese School<br>Licensed Group<br>604-290-5208<br><br>Vacancy:<br>&nbsp;&nbsp;&nbsp;&nbsp;<36 months: N<br>&nbsp;&nbsp;&nbsp;&nbsp;30 months -- 5 years: Y<br>&nbsp;&nbsp;&nbsp;&nbsp;Preschool: N<br>&nbsp;&nbsp;&nbsp;&nbsp;Grade 1 - Age 12: N<br>
5697,Licensed Family,Aria Montessori Learning Center,44 Timbercrest Dr,,Port Moody,V3H 4T7,49.295976,-122.828403,778-989-7264,,,N,N,N,N,N,N,N,N,N,N,N,N,N,N,N,N,N,,,N,N,N,N,N,N,N,N,N,N,N,2026-05-15,http://www.healthspace.ca/fha/childcare,N,Y,N,Aria Montessori Learning Center<br>Licensed Family<br>778-989-7264<br><br>Vacancy:<br>&nbsp;&nbsp;&nbsp;&nbsp;<36 months: N<br>&nbsp;&nbsp;&nbsp;&nbsp;30 months -- 5 years: N<br>&nbsp;&nbsp;&nbsp;&nbsp;Preschool: N<br>&nbsp;&nbsp;&nbsp;&nbsp;Grade 1 - Age 12: N<br>
5698,Licensed Group,Little Munchkin Daycare Ltd.,1319 52Nd Ave W,,Vancouver,V6P 1H8,49.224254,-123.135706,778-386-8252,,,N,N,N,N,N,N,N,N,N,N,N,N,N,N,N,N,N,,,N,N,N,N,N,N,N,Y,Y,Y,Y,2026-04-01,https://inspections.vcha.ca/ChildCare/Table,N,Y,N,Little Munchkin Daycare Ltd.<br>Licensed Group<br>778-386-8252<br><br>Vacancy:<br>&nbsp;&nbsp;&nbsp;&nbsp;<36 months: Y<br>&nbsp;&nbsp;&nbsp;&nbsp;30 months -- 5 years: Y<br>&nbsp;&nbsp;&nbsp;&nbsp;Preschool: Y<br>&nbsp;&nbsp;&nbsp;&nbsp;Grade 1 - Age 12: Y<br>
5699,Licensed Group,Dreamkids Childcare Ltd (Poco Location),B110 - 1475 Prairie Ave,,Coquitlam,V3B 1T3,49.271484,-122.75546,604-809-1823,,,N,N,N,N,N,N,N,N,N,N,N,N,N,N,N,N,N,,,N,N,N,N,N,N,N,N,N,N,N,2026-05-15,http://www.healthspace.ca/fha/childcare,N,Y,N,Dreamkids Childcare Ltd (Poco Location)<br>Licensed Group<br>604-809-1823<br><br>Vacancy:<br>&nbsp;&nbsp;&nbsp;&nbsp;<36 months: N<br>&nbsp;&nbsp;&nbsp;&nbsp;30 months -- 5 years: N<br>&nbsp;&nbsp;&nbsp;&nbsp;Preschool: N<br>&nbsp;&nbsp;&nbsp;&nbsp;Grade 1 - Age 12: N<br>
5700,Licensed Group,Pebble Lane Early Learning,16017 8 Ave,,Surrey,V4A 1A1,49.016723,-122.778887,778-291-3376,,,N,N,N,N,N,N,N,N,N,N,N,N,N,N,N,N,N,,,N,N,N,N,N,N,N,Y,Y,N,N,2026-05-15,http://www.healthspace.ca/fha/childcare,N,Y,N,Pebble Lane Early Learning<br>Licensed Group<br>778-291-3376<br><br>Vacancy:<br>&nbsp;&nbsp;&nbsp;&nbsp;<36 months: Y<br>&nbsp;&nbsp;&nbsp;&nbsp;30 months -- 5 years: Y<br>&nbsp;&nbsp;&nbsp;&nbsp;Preschool: N<br>&nbsp;&nbsp;&nbsp;&nbsp;Grade 1 - Age 12: N<br>
5701,Licensed Family,Something Cool Family Daycare,2387 Webber Cres,,Prince George,V2N 3C9,53.899433,-122.805004,250-562-8861,,,N,N,N,N,N,N,N,N,N,N,N,N,N,N,N,N,N,,,N,N,N,N,N,N,N,N,N,N,N,2026-05-15,https://www.healthspace.ca/Clients/NHA/NHA_Website.nsf/CCFL-Frameset,N,Y,N,Something Cool Family Daycare<br>Licensed Family<br>250-562-8861<br><br>Vacancy:<br>&nbsp;&nbsp;&nbsp;&nbsp;<36 months: N<br>&nbsp;&nbsp;&nbsp;&nbsp;30 months -- 5 years: N<br>&nbsp;&nbsp;&nbsp;&nbsp;Preschool: N<br>&nbsp;&nbsp;&nbsp;&nbsp;Grade 1 - Age 12: N<br>
5702,Licensed Group,Brookswood Kids Place Inc.,20390 40Th Ave,,Langley,V3A 2X1,49.074005,-122.659743,604-530-3391,,,N,N,N,N,N,N,N,N,N,N,N,N,N,N,N,N,N,,,N,N,N,N,N,N,N,N,N,Y,Y,2026-05-06,http://www.healthspace.ca/fha/childcare,N,Y,N,Brookswood Kids Place Inc.<br>Licensed Group<br>604-530-3391<br><br>Vacancy:<br>&nbsp;&nbsp;&nbsp;&nbsp;<36 months: N<br>&nbsp;&nbsp;&nbsp;&nbsp;30 months -- 5 years: N<br>&nbsp;&nbsp;&nbsp;&nbsp;Preschool: Y<br>&nbsp;&nbsp;&nbsp;&nbsp;Grade 1 - Age 12: Y<br>
5703,Licensed Family,Apple'kins Childcare,23110 16 Ave,,Langley,V2Z 1K7,49.030147,-122.583388,604-514-8486,,,N,N,N,N,N,N,N,N,N,N,N,N,N,N,N,N,N,,,N,N,N,N,N,N,N,N,N,N,N,2026-05-15,http://www.healthspace.ca/fha/childcare,N,Y,N,Apple'kins Childcare<br>Licensed Family<br>604-514-8486<br><br>Vacancy:<br>&nbsp;&nbsp;&nbsp;&nbsp;<36 months: N<br>&nbsp;&nbsp;&nbsp;&nbsp;30 months -- 5 years: N<br>&nbsp;&nbsp;&nbsp;&nbsp;Preschool: N<br>&nbsp;&nbsp;&nbsp;&nbsp;Grade 1 - Age 12: N<br>
5704,Licensed Group,Kinder Play Child Care,1170 22 St Ne,,Salmon Arm,V1E 2V5,50.708535,-119.258719,250-803-1104,,,N,N,N,N,N,N,N,N,N,N,N,N,N,N,N,N,N,,,N,N,N,N,N,N,N,Y,Y,N,N,2026-05-20,https://hedgehogportal.interiorhealth.ca/ChildCare/Map,N,Y,N,Kinder Play Child Care<br>Licensed Group<br>250-803-1104<br><br>Vacancy:<br>&nbsp;&nbsp;&nbsp;&nbsp;<36 months: Y<br>&nbsp;&nbsp;&nbsp;&nbsp;30 months -- 5 years: Y<br>&nbsp;&nbsp;&nbsp;&nbsp;Preschool: N<br>&nbsp;&nbsp;&nbsp;&nbsp;Grade 1 - Age 12: N<br>
5705,Licensed Family,Praise Daycare,3427 Clearbrook Rd,,Abbotsford,V2T 4P1,49.064382,-122.338423,778-856-1718,,,N,N,N,N,N,N,N,N,N,N,N,N,N,N,N,N,N,,,N,N,N,N,N,N,N,N,N,N,N,2026-05-15,http://www.healthspace.ca/fha/childcare,N,Y,N,Praise Daycare<br>Licensed Family<br>778-856-1718<br><br>Vacancy:<br>&nbsp;&nbsp;&nbsp;&nbsp;<36 months: N<br>&nbsp;&nbsp;&nbsp;&nbsp;30 months -- 5 years: N<br>&nbsp;&nbsp;&nbsp;&nbsp;Preschool: N<br>&nbsp;&nbsp;&nbsp;&nbsp;Grade 1 - Age 12: N<br>
5706,Licensed Group,Tumbleweed Playschool,2975A Clapperton Ave,,Merritt,V1K 1G2,50.101182,-120.770815,250-378-8885,,,N,N,N,N,N,N,N,N,N,N,N,N,N,N,N,N,N,,,N,N,N,N,N,N,N,N,N,Y,N,2026-05-21,https://hedgehogportal.interiorhealth.ca/ChildCare/Map,N,Y,N,Tumbleweed Playschool<br>Licensed Group<br>250-378-8885<br><br>Vacancy:<br>&nbsp;&nbsp;&nbsp;&nbsp;<36 months: N<br>&nbsp;&nbsp;&nbsp;&nbsp;30 months -- 5 years: N<br>&nbsp;&nbsp;&nbsp;&nbsp;Preschool: Y<br>&nbsp;&nbsp;&nbsp;&nbsp;Grade 1 - Age 12: N<br>
5707,Licensed Group,Central City Junior Kindergarten,101-14333 104 Ave,,Surrey,V3T 0E1,49.192036,-122.825001,604-771-6825,,,N,N,N,N,N,N,N,N,N,N,N,N,N,N,N,N,N,,,N,N,N,N,N,N,N,N,N,N,N,2026-05-15,http://www.healthspace.ca/fha/childcare,N,Y,N,Central City Junior Kindergarten<br>Licensed Group<br>604-771-6825<br><br>Vacancy:<br>&nbsp;&nbsp;&nbsp;&nbsp;<36 months: N<br>&nbsp;&nbsp;&nbsp;&nbsp;30 months -- 5 years: N<br>&nbsp;&nbsp;&nbsp;&nbsp;Preschool: N<br>&nbsp;&nbsp;&nbsp;&nbsp;Grade 1 - Age 12: N<br>
5708,Licensed Family,Glenmore Educational Daycare,1823 Ivans Ave,,Kelowna,V1Y 4H1,49.90365,-119.455683,250-801-9586,,,N,N,N,N,N,N,N,N,N,N,N,N,N,N,N,N,N,,,N,N,N,N,N,N,N,N,N,N,N,2026-05-15,https://hedgehogportal.interiorhealth.ca/ChildCare/Map,N,Y,N,Glenmore Educational Daycare<br>Licensed Family<br>250-801-9586<br><br>Vacancy:<br>&nbsp;&nbsp;&nbsp;&nbsp;<36 months: N<br>&nbsp;&nbsp;&nbsp;&nbsp;30 months -- 5 years: N<br>&nbsp;&nbsp;&nbsp;&nbsp;Preschool: N<br>&nbsp;&nbsp;&nbsp;&nbsp;Grade 1 - Age 12: N<br>
5709,Licensed Family,Northridge Neighbours Daycare,4231 Carey Rd,,Victoria,V8Z 4H1,48.482009,-123.400394,778-265-5246,,,N,N,N,N,N,N,N,N,N,N,N,N,N,N,N,N,N,,,N,N,N,N,N,N,N,N,Y,N,N,2026-04-27,https://www.healthspace.ca/clients/viha/viha_website.nsf/CCFL-Main?OpenView,N,Y,N,Northridge Neighbours Daycare<br>Licensed Family<br>778-265-5246<br><br>Vacancy:<br>&nbsp;&nbsp;&nbsp;&nbsp;<36 months: N<br>&nbsp;&nbsp;&nbsp;&nbsp;30 months -- 5 years: Y<br>&nbsp;&nbsp;&nbsp;&nbsp;Preschool: N<br>&nbsp;&nbsp;&nbsp;&nbsp;Grade 1 - Age 12: N<br>
5710,Licensed Family,Bloomfield Learning Center,15097 66A Ave,,Surrey,V3S 2A4,49.123663,-122.804075,778-929-4321,,,N,N,N,N,N,N,N,N,N,N,N,N,N,N,N,N,N,,,N,N,N,N,N,N,N,N,N,N,N,2026-05-01,http://www.healthspace.ca/fha/childcare,N,Y,N,Bloomfield Learning Center<br>Licensed Family<br>778-929-4321<br><br>Vacancy:<br>&nbsp;&nbsp;&nbsp;&nbsp;<36 months: N<br>&nbsp;&nbsp;&nbsp;&nbsp;30 months -- 5 years: N<br>&nbsp;&nbsp;&nbsp;&nbsp;Preschool: N<br>&nbsp;&nbsp;&nbsp;&nbsp;Grade 1 - Age 12: N<br>
5711,Licensed Group,Circle Of Friends - City Centre Community Centre,5900 Minoru Blvd,,Richmond,V6X 4C7,49.171596,-123.13913,604-233-8910,,,N,N,N,N,N,N,N,N,N,N,N,N,N,N,N,N,N,,,N,N,N,N,N,N,N,N,N,N,N,2026-04-28,https://inspections.vcha.ca/ChildCare/Table,N,Y,N,Circle Of Friends - City Centre Community Centre<br>Licensed Group<br>604-233-8910<br><br>Vacancy:<br>&nbsp;&nbsp;&nbsp;&nbsp;<36 months: N<br>&nbsp;&nbsp;&nbsp;&nbsp;30 months -- 5 years: N<br>&nbsp;&nbsp;&nbsp;&nbsp;Preschool: N<br>&nbsp;&nbsp;&nbsp;&nbsp;Grade 1 - Age 12: N<br>
5712,Licensed Group,Caring Hearts Child Care,100 - 1278 Confederation Dr,,Port Coquitlam,V3C 2W2,49.238178,-122.783086,604-464-3399,,,N,N,N,N,N,N,N,N,N,N,N,N,N,N,N,N,N,,,N,N,N,N,N,N,N,N,N,N,N,2026-04-14,http://www.healthspace.ca/fha/childcare,N,Y,N,Caring Hearts Child Care<br>Licensed Group<br>604-464-3399<br><br>Vacancy:<br>&nbsp;&nbsp;&nbsp;&nbsp;<36 months: N<br>&nbsp;&nbsp;&nbsp;&nbsp;30 months -- 5 years: N<br>&nbsp;&nbsp;&nbsp;&nbsp;Preschool: N<br>&nbsp;&nbsp;&nbsp;&nbsp;Grade 1 - Age 12: N<br>
5713,Licensed Family,Miss Melanie's Munchkins,3539 Alfred Ave,,Smithers,V0J 2N0,54.774561,-127.169787,250-877-0110,,,N,N,N,N,N,N,N,N,N,N,N,N,N,N,N,N,N,,,N,N,N,N,N,N,N,N,N,N,N,2026-04-02,https://www.healthspace.ca/Clients/NHA/NHA_Website.nsf/CCFL-Frameset,N,Y,N,Miss Melanie's Munchkins<br>Licensed Family<br>250-877-0110<br><br>Vacancy:<br>&nbsp;&nbsp;&nbsp;&nbsp;<36 months: N<br>&nbsp;&nbsp;&nbsp;&nbsp;30 months -- 5 years: N<br>&nbsp;&nbsp;&nbsp;&nbsp;Preschool: N<br>&nbsp;&nbsp;&nbsp;&nbsp;Grade 1 - Age 12: N<br>
5714,Licensed Group,Learning Zone Childcare,8855 156 St,,Surrey,V3R 4K9,49.163506,-122.790467,778-927-5437,,,N,N,N,N,N,N,N,N,N,N,N,N,N,N,N,N,N,,,N,N,N,N,N,N,N,N,N,N,N,2026-05-19,http://www.healthspace.ca/fha/childcare,N,Y,N,Learning Zone Childcare<br>Licensed Group<br>778-927-5437<br><br>Vacancy:<br>&nbsp;&nbsp;&nbsp;&nbsp;<36 months: N<br>&nbsp;&nbsp;&nbsp;&nbsp;30 months -- 5 years: N<br>&nbsp;&nbsp;&nbsp;&nbsp;Preschool: N<br>&nbsp;&nbsp;&nbsp;&nbsp;Grade 1 - Age 12: N<br>
5715,Licensed Group,Cambridge Learning Centre @ Hyland Elementary,6677 140 St,,Surrey,V3W 5J3,49.123715,-122.834671,604-897-8553,,,N,N,N,N,N,N,N,N,N,N,N,N,N,N,N,N,N,,,N,N,N,N,N,N,N,N,N,N,N,2026-05-04,http://www.healthspace.ca/fha/childcare,N,Y,N,Cambridge Learning Centre @ Hyland Elementary<br>Licensed Group<br>604-897-8553<br><br>Vacancy:<br>&nbsp;&nbsp;&nbsp;&nbsp;<36 months: N<br>&nbsp;&nbsp;&nbsp;&nbsp;30 months -- 5 years: N<br>&nbsp;&nbsp;&nbsp;&nbsp;Preschool: N<br>&nbsp;&nbsp;&nbsp;&nbsp;Grade 1 - Age 12: N<br>
5716,Licensed Family,Little Haven Childcare,527 Milton St,,Nanaimo,V9R 2L2,49.159369,-123.940268,250-327-9526,,,N,N,N,N,N,N,N,N,N,N,N,N,N,N,N,N,N,,,N,N,N,N,N,N,N,N,N,N,N,2026-05-17,https://www.healthspace.ca/clients/viha/viha_website.nsf/CCFL-Main?OpenView,N,Y,N,Little Haven Childcare<br>Licensed Family<br>250-327-9526<br><br>Vacancy:<br>&nbsp;&nbsp;&nbsp;&nbsp;<36 months: N<br>&nbsp;&nbsp;&nbsp;&nbsp;30 months -- 5 years: N<br>&nbsp;&nbsp;&nbsp;&nbsp;Preschool: N<br>&nbsp;&nbsp;&nbsp;&nbsp;Grade 1 - Age 12: N<br>
5717,Licensed Family,Owl's Nest Daycare (The),9324 114A Ave,,Fort St. John,V1J 2X5,56.260853,-120.836071,250-262-6736,,,N,N,N,N,N,N,Y,Y,N,N,N,N,N,N,N,N,N,Extra fee,Extra fee,N,N,N,N,N,N,N,N,Y,N,N,2026-05-15,https://www.healthspace.ca/Clients/NHA/NHA_Website.nsf/CCFL-Frameset,N,Y,N,Owl's Nest Daycare (The)<br>Licensed Family<br>250-262-6736<br><br>Vacancy:<br>&nbsp;&nbsp;&nbsp;&nbsp;<36 months: N<br>&nbsp;&nbsp;&nbsp;&nbsp;30 months -- 5 years: Y<br>&nbsp;&nbsp;&nbsp;&nbsp;Preschool: N<br>&nbsp;&nbsp;&nbsp;&nbsp;Grade 1 - Age 12: N<br>
5718,Licensed Group,Excel Martial Arts Chilliwack,7174 Vedder Rd,,Chilliwack,V2R 4E3,49.133158,-121.959551,604-846-1888,,,N,N,N,N,N,N,N,N,N,N,N,N,N,N,N,N,N,,,N,N,N,N,N,N,N,N,N,N,N,2026-05-19,http://www.healthspace.ca/fha/childcare,N,Y,N,Excel Martial Arts Chilliwack<br>Licensed Group<br>604-846-1888<br><br>Vacancy:<br>&nbsp;&nbsp;&nbsp;&nbsp;<36 months: N<br>&nbsp;&nbsp;&nbsp;&nbsp;30 months -- 5 years: N<br>&nbsp;&nbsp;&nbsp;&nbsp;Preschool: N<br>&nbsp;&nbsp;&nbsp;&nbsp;Grade 1 - Age 12: N<br>
5719,Licensed Group,Katzie Early Years Centre,19700B Salish Rd,,Pitt Meadows,V3Y 2G1,49.201933,-122.675964,604-458-0046,,,N,N,N,N,N,N,N,N,N,N,N,N,N,N,N,N,N,,,N,N,N,N,N,N,N,N,Y,Y,N,2026-05-21,http://www.healthspace.ca/fha/childcare,N,Y,N,Katzie Early Years Centre<br>Licensed Group<br>604-458-0046<br><br>Vacancy:<br>&nbsp;&nbsp;&nbsp;&nbsp;<36 months: N<br>&nbsp;&nbsp;&nbsp;&nbsp;30 months -- 5 years: Y<br>&nbsp;&nbsp;&nbsp;&nbsp;Preschool: Y<br>&nbsp;&nbsp;&nbsp;&nbsp;Grade 1 - Age 12: N<br>
5720,Licensed Group,Bluejay Montessori & Piano Childcare,6619 Azure Rd,,Richmond,V7C 2S4,49.163709,-123.152894,604-306-6173,,,N,N,N,N,N,N,N,N,N,N,N,N,N,N,N,N,N,,,N,N,N,N,N,N,N,Y,Y,N,N,2026-05-02,https://inspections.vcha.ca/ChildCare/Table,N,Y,N,Bluejay Montessori & Piano Childcare<br>Licensed Group<br>604-306-6173<br><br>Vacancy:<br>&nbsp;&nbsp;&nbsp;&nbsp;<36 months: Y<br>&nbsp;&nbsp;&nbsp;&nbsp;30 months -- 5 years: Y<br>&nbsp;&nbsp;&nbsp;&nbsp;Preschool: N<br>&nbsp;&nbsp;&nbsp;&nbsp;Grade 1 - Age 12: N<br>
5721,Licensed Family,Fun-N-Learn Childcare Centre,31094 Edgehill Ave,,Abbotsford,V2T 5J9,49.055493,-122.362732,604-755-0738,,,N,N,N,N,N,N,N,N,N,N,N,N,N,N,N,N,N,,,N,N,N,N,N,N,N,N,Y,N,N,2026-05-15,http://www.healthspace.ca/fha/childcare,N,Y,N,Fun-N-Learn Childcare Centre<br>Licensed Family<br>604-755-0738<br><br>Vacancy:<br>&nbsp;&nbsp;&nbsp;&nbsp;<36 months: N<br>&nbsp;&nbsp;&nbsp;&nbsp;30 months -- 5 years: Y<br>&nbsp;&nbsp;&nbsp;&nbsp;Preschool: N<br>&nbsp;&nbsp;&nbsp;&nbsp;Grade 1 - Age 12: N<br>
5722,Licensed Group,Super Genius Daycare,780 Dominion Rd,,Victoria,V9A 4E6,48.436427,-123.394314,250-385-0860,,,N,N,N,N,N,N,N,N,N,N,N,N,N,N,N,N,N,,,N,N,N,N,N,N,N,N,N,N,N,2026-04-11,https://www.healthspace.ca/clients/viha/viha_website.nsf/CCFL-Main?OpenView,N,Y,N,Super Genius Daycare<br>Licensed Group<br>250-385-0860<br><br>Vacancy:<br>&nbsp;&nbsp;&nbsp;&nbsp;<36 months: N<br>&nbsp;&nbsp;&nbsp;&nbsp;30 months -- 5 years: N<br>&nbsp;&nbsp;&nbsp;&nbsp;Preschool: N<br>&nbsp;&nbsp;&nbsp;&nbsp;Grade 1 - Age 12: N<br>
5723,Licensed Family,Ready Set Grow,6875 Wiltshire St,,Chilliwack,V2R 2T2,49.126963,-121.965097,604-997-4314,,,N,N,N,N,N,N,N,N,N,N,N,N,N,N,N,N,N,,,N,N,N,N,N,N,N,N,N,N,N,2026-05-15,http://www.healthspace.ca/fha/childcare,N,Y,N,Ready Set Grow<br>Licensed Family<br>604-997-4314<br><br>Vacancy:<br>&nbsp;&nbsp;&nbsp;&nbsp;<36 months: N<br>&nbsp;&nbsp;&nbsp;&nbsp;30 months -- 5 years: N<br>&nbsp;&nbsp;&nbsp;&nbsp;Preschool: N<br>&nbsp;&nbsp;&nbsp;&nbsp;Grade 1 - Age 12: N<br>
5724,Licensed Group,Little Dreamers Childcare Ltd,31150 Blueridge Dr,,Abbotsford,V2T 5R2,49.066695,-122.36163,604-614-5308,,,N,N,N,N,N,N,N,N,N,N,N,N,N,N,N,N,N,,,N,N,N,N,N,N,N,Y,Y,N,N,2026-05-20,http://www.healthspace.ca/fha/childcare,N,Y,N,Little Dreamers Childcare Ltd<br>Licensed Group<br>604-614-5308<br><br>Vacancy:<br>&nbsp;&nbsp;&nbsp;&nbsp;<36 months: Y<br>&nbsp;&nbsp;&nbsp;&nbsp;30 months -- 5 years: Y<br>&nbsp;&nbsp;&nbsp;&nbsp;Preschool: N<br>&nbsp;&nbsp;&nbsp;&nbsp;Grade 1 - Age 12: N<br>
5725,Licensed Group,The Clubhouse At Ellison - Parkdale,3735 Parkdale Rd,,Kelowna,V1X 6K9,49.938532,-119.354043,250-860-4393,,,N,N,N,N,N,N,N,N,N,N,N,N,N,N,N,N,N,,,N,N,N,N,N,N,N,N,N,N,N,2026-05-11,https://hedgehogportal.interiorhealth.ca/ChildCare/Map,N,Y,N,The Clubhouse At Ellison - Parkdale<br>Licensed Group<br>250-860-4393<br><br>Vacancy:<br>&nbsp;&nbsp;&nbsp;&nbsp;<36 months: N<br>&nbsp;&nbsp;&nbsp;&nbsp;30 months -- 5 years: N<br>&nbsp;&nbsp;&nbsp;&nbsp;Preschool: N<br>&nbsp;&nbsp;&nbsp;&nbsp;Grade 1 - Age 12: N<br>
5726,Licensed Family,Marco's Daycare,3816 Kremlin St,,Victoria,V8P 4V8,48.461951,-123.325046,250-383-5826,,,N,N,N,N,N,N,N,N,N,N,N,N,N,N,N,N,N,,,N,N,N,N,N,N,N,N,N,N,N,2026-05-06,https://www.healthspace.ca/clients/viha/viha_website.nsf/CCFL-Main?OpenView,N,N,N,Marco's Daycare<br>Licensed Family<br>250-383-5826<br><br>Vacancy:<br>&nbsp;&nbsp;&nbsp;&nbsp;<36 months: N<br>&nbsp;&nbsp;&nbsp;&nbsp;30 months -- 5 years: N<br>&nbsp;&nbsp;&nbsp;&nbsp;Preschool: N<br>&nbsp;&nbsp;&nbsp;&nbsp;Grade 1 - Age 12: N<br>
5727,Licensed Group,Ema - Kids Club (Mission),6995 Bridge St,,Mission,V2V 2X5,49.128713,-122.303146,604-820-3011,,,N,N,N,N,N,N,N,N,N,N,N,N,N,N,N,N,N,,,N,N,N,N,N,N,N,N,N,N,N,2026-04-30,http://www.healthspace.ca/fha/childcare,N,N,N,Ema - Kids Club (Mission)<br>Licensed Group<br>604-820-3011<br><br>Vacancy:<br>&nbsp;&nbsp;&nbsp;&nbsp;<36 months: N<br>&nbsp;&nbsp;&nbsp;&nbsp;30 months -- 5 years: N<br>&nbsp;&nbsp;&nbsp;&nbsp;Preschool: N<br>&nbsp;&nbsp;&nbsp;&nbsp;Grade 1 - Age 12: N<br>
5728,Licensed Group,Three Tree Early Learning Center,2954 Royston Rd,,Cumberland,V0R 1S0,49.621107,-125.012591,250-400-3979,,,N,N,N,N,N,N,N,N,N,N,N,N,N,N,N,N,N,,,N,N,N,N,N,N,N,N,N,N,N,2026-04-30,https://www.healthspace.ca/clients/viha/viha_website.nsf/CCFL-Main?OpenView,N,Y,N,Three Tree Early Learning Center<br>Licensed Group<br>250-400-3979<br><br>Vacancy:<br>&nbsp;&nbsp;&nbsp;&nbsp;<36 months: N<br>&nbsp;&nbsp;&nbsp;&nbsp;30 months -- 5 years: N<br>&nbsp;&nbsp;&nbsp;&nbsp;Preschool: N<br>&nbsp;&nbsp;&nbsp;&nbsp;Grade 1 - Age 12: N<br>
5729,Licensed Group,Canyon Springs Montessori Academy,18477 Old Dewdney Trunk Rd,,Pitt Meadows,V3Y 2R9,49.245582,-122.709469,778-320-6862,,,N,N,N,N,N,N,N,N,N,N,N,N,N,N,N,N,N,,,N,N,N,N,N,N,N,Y,Y,N,Y,2026-04-30,http://www.healthspace.ca/fha/childcare,N,Y,N,Canyon Springs Montessori Academy<br>Licensed Group<br>778-320-6862<br><br>Vacancy:<br>&nbsp;&nbsp;&nbsp;&nbsp;<36 months: Y<br>&nbsp;&nbsp;&nbsp;&nbsp;30 months -- 5 years: Y<br>&nbsp;&nbsp;&nbsp;&nbsp;Preschool: N<br>&nbsp;&nbsp;&nbsp;&nbsp;Grade 1 - Age 12: Y<br>
5730,Licensed Family,Stepping Stones Childcare Centre,1089 Prairie Ave,,Port Coquitlam,V3B 1S5,49.271503,-122.744409,778-688-1222,www.steppingstonescc.ca,,N,N,N,N,N,N,N,N,N,N,N,N,N,N,N,N,N,,,N,N,N,N,N,N,N,N,Y,N,N,2026-05-18,http://www.healthspace.ca/fha/childcare,N,Y,N,Stepping Stones Childcare Centre<br>Licensed Family<br>778-688-1222<br><br>Vacancy:<br>&nbsp;&nbsp;&nbsp;&nbsp;<36 months: N<br>&nbsp;&nbsp;&nbsp;&nbsp;30 months -- 5 years: Y<br>&nbsp;&nbsp;&nbsp;&nbsp;Preschool: N<br>&nbsp;&nbsp;&nbsp;&nbsp;Grade 1 - Age 12: N<br>
5731,Licensed Family,Montessori Bambini Family Child Care,101-1516 Burnaby St,,Vancouver,V6G 1W9,49.283798,-123.139239,778-997-2554,www.montessoribambini.com,,N,N,N,N,N,N,N,N,N,N,N,N,N,N,N,N,N,,,N,N,N,N,N,N,N,N,N,N,N,2026-05-20,https://inspections.vcha.ca/ChildCare/Table,N,Y,N,Montessori Bambini Family Child Care<br>Licensed Family<br>778-997-2554<br><br>Vacancy:<br>&nbsp;&nbsp;&nbsp;&nbsp;<36 months: N<br>&nbsp;&nbsp;&nbsp;&nbsp;30 months -- 5 years: N<br>&nbsp;&nbsp;&nbsp;&nbsp;Preschool: N<br>&nbsp;&nbsp;&nbsp;&nbsp;Grade 1 - Age 12: N<br>
5732,Licensed Group,Cefa Junior Kindergarten - Cambie,8685 Yukon St,,Vancouver,V5X 4V1,49.207373,-123.115766,604-325-4417,,,N,N,N,N,N,N,N,N,N,N,N,N,N,N,N,N,N,,,N,N,N,N,N,N,N,Y,Y,N,N,2026-05-14,https://inspections.vcha.ca/ChildCare/Table,N,Y,Y,Cefa Junior Kindergarten - Cambie<br>Licensed Group<br>604-325-4417<br><br>Vacancy:<br>&nbsp;&nbsp;&nbsp;&nbsp;<36 months: Y<br>&nbsp;&nbsp;&nbsp;&nbsp;30 months -- 5 years: Y<br>&nbsp;&nbsp;&nbsp;&nbsp;Preschool: N<br>&nbsp;&nbsp;&nbsp;&nbsp;Grade 1 - Age 12: N<br>
5733,Licensed Group,Cefa Junior Kindergarten - Cambie,8685 Yukon St,,Vancouver,V5X 4V1,49.207373,-123.115766,604-325-4417,,,N,N,N,N,N,N,N,N,N,N,N,N,N,N,N,N,N,,,N,N,N,N,N,N,N,Y,Y,N,N,2026-05-14,https://inspections.vcha.ca/ChildCare/Table,N,Y,Y,Cefa Junior Kindergarten - Cambie<br>Licensed Group<br>604-325-4417<br><br>Vacancy:<br>&nbsp;&nbsp;&nbsp;&nbsp;<36 months: Y<br>&nbsp;&nbsp;&nbsp;&nbsp;30 months -- 5 years: Y<br>&nbsp;&nbsp;&nbsp;&nbsp;Preschool: N<br>&nbsp;&nbsp;&nbsp;&nbsp;Grade 1 - Age 12: N<br>
5734,Licensed Family,Painted Turtle Early Childcare Centre,4526 William Head Rd,,Victoria,V9C 3Y6,48.377429,-123.535242,250-882-9794,,,N,N,N,N,N,N,N,N,N,N,N,N,N,N,N,N,N,,,N,N,N,N,N,N,N,N,Y,N,N,2026-05-15,https://www.healthspace.ca/clients/viha/viha_website.nsf/CCFL-Main?OpenView,N,Y,N,Painted Turtle Early Childcare Centre<br>Licensed Family<br>250-882-9794<br><br>Vacancy:<br>&nbsp;&nbsp;&nbsp;&nbsp;<36 months: N<br>&nbsp;&nbsp;&nbsp;&nbsp;30 months -- 5 years: Y<br>&nbsp;&nbsp;&nbsp;&nbsp;Preschool: N<br>&nbsp;&nbsp;&nbsp;&nbsp;Grade 1 - Age 12: N<br>
5735,Licensed Family,Breanne's Family Daycare,1508 Duncan Ave E,,Penticton,V2A 2X6,49.486631,-119.558558,250-770-8735,,,N,N,N,N,N,N,N,N,N,N,N,N,N,N,N,N,N,,,N,N,N,N,N,N,N,N,N,N,N,2026-05-19,https://hedgehogportal.interiorhealth.ca/ChildCare/Map,N,Y,N,Breanne's Family Daycare<br>Licensed Family<br>250-770-8735<br><br>Vacancy:<br>&nbsp;&nbsp;&nbsp;&nbsp;<36 months: N<br>&nbsp;&nbsp;&nbsp;&nbsp;30 months -- 5 years: N<br>&nbsp;&nbsp;&nbsp;&nbsp;Preschool: N<br>&nbsp;&nbsp;&nbsp;&nbsp;Grade 1 - Age 12: N<br>
5736,Licensed Group,Kids & Company Surrey Professional Centre,13737 96 Ave,,Surrey,V3V 0C6,49.17721,-122.842751,416-938-8024,,,N,N,N,N,N,N,N,N,N,N,N,N,N,N,N,N,N,Not offered,Not offered,N,N,N,N,N,N,N,Y,Y,N,N,2026-05-10,http://www.healthspace.ca/fha/childcare,N,Y,N,Kids & Company Surrey Professional Centre<br>Licensed Group<br>416-938-8024<br><br>Vacancy:<br>&nbsp;&nbsp;&nbsp;&nbsp;<36 months: Y<br>&nbsp;&nbsp;&nbsp;&nbsp;30 months -- 5 years: Y<br>&nbsp;&nbsp;&nbsp;&nbsp;Preschool: N<br>&nbsp;&nbsp;&nbsp;&nbsp;Grade 1 - Age 12: N<br>
5737,Licensed Group,Kids & Company Morgan Crossing South Surrey,102-15715 Croydon Dr,,Surrey,V3Z 2L5,49.048227,-122.787116,416-938-8024,,,N,N,N,N,N,N,N,N,N,N,N,N,N,N,N,N,N,Not offered,Not offered,N,N,N,N,N,N,N,Y,Y,N,N,2026-05-10,http://www.healthspace.ca/fha/childcare,N,Y,N,Kids & Company Morgan Crossing South Surrey<br>Licensed Group<br>416-938-8024<br><br>Vacancy:<br>&nbsp;&nbsp;&nbsp;&nbsp;<36 months: Y<br>&nbsp;&nbsp;&nbsp;&nbsp;30 months -- 5 years: Y<br>&nbsp;&nbsp;&nbsp;&nbsp;Preschool: N<br>&nbsp;&nbsp;&nbsp;&nbsp;Grade 1 - Age 12: N<br>
5738,Licensed Group,Port Alberni Paawats,4665 Elizabeth St,,Port Alberni,V9Y 6L8,49.259966,-124.809999,250-723-0898,,,Y,N,N,N,N,N,N,Y,Y,N,N,N,N,N,N,N,N,Extra fee,Extra fee,Y,N,N,N,Y,Y,Y,N,N,N,N,2026-05-21,https://www.healthspace.ca/clients/viha/viha_website.nsf/CCFL-Main?OpenView,N,Y,N,Port Alberni Paawats<br>Licensed Group<br>250-723-0898<br><br>Vacancy:<br>&nbsp;&nbsp;&nbsp;&nbsp;<36 months: N<br>&nbsp;&nbsp;&nbsp;&nbsp;30 months -- 5 years: N<br>&nbsp;&nbsp;&nbsp;&nbsp;Preschool: N<br>&nbsp;&nbsp;&nbsp;&nbsp;Grade 1 - Age 12: N<br>
5739,Licensed Group,Sundance Playschool,1733 Bank St,,Victoria,V8R 4V7,48.429339,-123.328508,778-977-4443,,,N,N,N,N,N,N,N,N,N,N,N,N,N,N,N,N,N,,,N,N,N,N,N,N,N,N,N,N,N,2026-05-01,https://www.healthspace.ca/clients/viha/viha_website.nsf/CCFL-Main?OpenView,N,Y,N,Sundance Playschool<br>Licensed Group<br>778-977-4443<br><br>Vacancy:<br>&nbsp;&nbsp;&nbsp;&nbsp;<36 months: N<br>&nbsp;&nbsp;&nbsp;&nbsp;30 months -- 5 years: N<br>&nbsp;&nbsp;&nbsp;&nbsp;Preschool: N<br>&nbsp;&nbsp;&nbsp;&nbsp;Grade 1 - Age 12: N<br>
5740,Licensed Family,Little Friends Habitat,1590 Victoria Ave,,Rossland,V0G 1Y0,49.073593,-117.807518,250-364-3923,,,N,N,N,N,N,N,N,N,N,N,N,N,N,N,N,N,N,,,N,N,N,N,N,N,N,N,N,N,N,2026-04-22,https://hedgehogportal.interiorhealth.ca/ChildCare/Map,N,Y,N,Little Friends Habitat<br>Licensed Family<br>250-364-3923<br><br>Vacancy:<br>&nbsp;&nbsp;&nbsp;&nbsp;<36 months: N<br>&nbsp;&nbsp;&nbsp;&nbsp;30 months -- 5 years: N<br>&nbsp;&nbsp;&nbsp;&nbsp;Preschool: N<br>&nbsp;&nbsp;&nbsp;&nbsp;Grade 1 - Age 12: N<br>
5741,Licensed Group,Laura Lee's Little Learning Center,6652 195 St,,Surrey,V4N 0C3,49.124613,-122.683052,604-533-9177,,,N,N,N,N,N,N,N,N,N,N,N,N,N,N,N,N,N,,,N,N,N,N,N,N,N,N,N,N,N,2026-04-25,http://www.healthspace.ca/fha/childcare,N,Y,N,Laura Lee's Little Learning Center<br>Licensed Group<br>604-533-9177<br><br>Vacancy:<br>&nbsp;&nbsp;&nbsp;&nbsp;<36 months: N<br>&nbsp;&nbsp;&nbsp;&nbsp;30 months -- 5 years: N<br>&nbsp;&nbsp;&nbsp;&nbsp;Preschool: N<br>&nbsp;&nbsp;&nbsp;&nbsp;Grade 1 - Age 12: N<br>
5742,Licensed Group,Mem7iman Child Development Centre,5601 Swiyk'als Dr,,Sechelt,V0N 3A0,49.471927,-123.752514,604-885-5044,,,N,N,N,N,N,N,N,N,N,N,N,N,N,N,N,N,N,,,N,N,N,N,N,N,N,N,N,N,N,2026-05-01,https://inspections.vcha.ca/ChildCare/Table,N,Y,Y,Mem7iman Child Development Centre<br>Licensed Group<br>604-885-5044<br><br>Vacancy:<br>&nbsp;&nbsp;&nbsp;&nbsp;<36 months: N<br>&nbsp;&nbsp;&nbsp;&nbsp;30 months -- 5 years: N<br>&nbsp;&nbsp;&nbsp;&nbsp;Preschool: N<br>&nbsp;&nbsp;&nbsp;&nbsp;Grade 1 - Age 12: N<br>
5743,Licensed Group,Mem7iman Child Development Centre,5601 Swiyk'als Dr,,Sechelt,V0N 3A0,49.471927,-123.752514,604-885-5044,,,N,N,N,N,N,N,N,N,N,N,N,N,N,N,N,N,N,,,N,N,N,N,N,N,N,N,N,N,N,2026-05-01,https://inspections.vcha.ca/ChildCare/Table,N,Y,Y,Mem7iman Child Development Centre<br>Licensed Group<br>604-885-5044<br><br>Vacancy:<br>&nbsp;&nbsp;&nbsp;&nbsp;<36 months: N<br>&nbsp;&nbsp;&nbsp;&nbsp;30 months -- 5 years: N<br>&nbsp;&nbsp;&nbsp;&nbsp;Preschool: N<br>&nbsp;&nbsp;&nbsp;&nbsp;Grade 1 - Age 12: N<br>
5744,Licensed Group,Sun Fun Child Care Center,2648 Sandstone Cres,,Coquitlam,V3E 2T8,49.297238,-122.81838,604-945-8901,,,Y,Y,Y,Y,Y,Y,Y,Y,Y,Y,Y,N,N,N,Y,N,Y,Extra fee,Extra fee,Y,N,Y,N,N,N,N,N,N,N,N,2026-05-15,http://www.healthspace.ca/fha/childcare,N,Y,N,Sun Fun Child Care Center<br>Licensed Group<br>604-945-8901<br><br>Vacancy:<br>&nbsp;&nbsp;&nbsp;&nbsp;<36 months: N<br>&nbsp;&nbsp;&nbsp;&nbsp;30 months -- 5 years: N<br>&nbsp;&nbsp;&nbsp;&nbsp;Preschool: N<br>&nbsp;&nbsp;&nbsp;&nbsp;Grade 1 - Age 12: N<br>
5745,Licensed Family,City Of Art Childcare,1 Creekstone Pl,,Port Moody,V3H 4L7,49.291976,-122.829447,604-771-8076,,,N,N,N,N,N,N,N,N,N,N,N,N,N,N,N,N,N,,,N,N,N,N,N,N,N,N,N,N,N,2026-05-15,http://www.healthspace.ca/fha/childcare,N,Y,N,City Of Art Childcare<br>Licensed Family<br>604-771-8076<br><br>Vacancy:<br>&nbsp;&nbsp;&nbsp;&nbsp;<36 months: N<br>&nbsp;&nbsp;&nbsp;&nbsp;30 months -- 5 years: N<br>&nbsp;&nbsp;&nbsp;&nbsp;Preschool: N<br>&nbsp;&nbsp;&nbsp;&nbsp;Grade 1 - Age 12: N<br>
5746,Licensed Family,Pip Squeaks Playhouse,1602 Vancouver St,,Nelson,V1L 1E6,49.480894,-117.295707,250-354-8725,,,N,N,N,N,N,N,N,N,N,N,N,N,N,N,N,N,N,,,N,N,N,N,N,N,N,N,N,N,N,2026-04-24,https://hedgehogportal.interiorhealth.ca/ChildCare/Map,N,Y,N,Pip Squeaks Playhouse<br>Licensed Family<br>250-354-8725<br><br>Vacancy:<br>&nbsp;&nbsp;&nbsp;&nbsp;<36 months: N<br>&nbsp;&nbsp;&nbsp;&nbsp;30 months -- 5 years: N<br>&nbsp;&nbsp;&nbsp;&nbsp;Preschool: N<br>&nbsp;&nbsp;&nbsp;&nbsp;Grade 1 - Age 12: N<br>
5747,Licensed Family,Karen Hambley Daycare,1781 Ash Rd,,Victoria,V8N 2T7,48.489665,-123.319214,250-213-5344,,,N,N,N,N,N,N,N,N,N,N,N,N,N,N,N,N,N,,,N,N,N,N,N,N,N,Y,Y,N,Y,2026-05-11,https://www.healthspace.ca/clients/viha/viha_website.nsf/CCFL-Main?OpenView,N,Y,N,Karen Hambley Daycare<br>Licensed Family<br>250-213-5344<br><br>Vacancy:<br>&nbsp;&nbsp;&nbsp;&nbsp;<36 months: Y<br>&nbsp;&nbsp;&nbsp;&nbsp;30 months -- 5 years: Y<br>&nbsp;&nbsp;&nbsp;&nbsp;Preschool: N<br>&nbsp;&nbsp;&nbsp;&nbsp;Grade 1 - Age 12: Y<br>
5748,Licensed Group,Maple Tree Children's Centre Aldersmith,100 Aldersmith Pl,,Victoria,V9A 7M8,48.448834,-123.426865,250-590-6193,,,Y,N,N,N,N,N,Y,Y,N,N,N,N,N,N,N,N,N,Not offered,Not offered,N,N,N,N,N,N,N,N,N,N,N,2026-05-21,https://www.healthspace.ca/clients/viha/viha_website.nsf/CCFL-Main?OpenView,N,Y,N,Maple Tree Children's Centre Aldersmith<br>Licensed Group<br>250-590-6193<br><br>Vacancy:<br>&nbsp;&nbsp;&nbsp;&nbsp;<36 months: N<br>&nbsp;&nbsp;&nbsp;&nbsp;30 months -- 5 years: N<br>&nbsp;&nbsp;&nbsp;&nbsp;Preschool: N<br>&nbsp;&nbsp;&nbsp;&nbsp;Grade 1 - Age 12: N<br>
5749,Licensed Group,Fraser Montessori Daycare,835 Surrey St,,New Westminster,V3L 4W3,49.231772,-122.89956,604-553-0781,,,N,N,N,N,N,N,N,N,N,N,N,N,N,N,N,N,N,Not offered,Not offered,N,N,N,N,N,N,N,Y,N,N,N,2026-04-15,http://www.healthspace.ca/fha/childcare,N,Y,N,Fraser Montessori Daycare<br>Licensed Group<br>604-553-0781<br><br>Vacancy:<br>&nbsp;&nbsp;&nbsp;&nbsp;<36 months: Y<br>&nbsp;&nbsp;&nbsp;&nbsp;30 months -- 5 years: N<br>&nbsp;&nbsp;&nbsp;&nbsp;Preschool: N<br>&nbsp;&nbsp;&nbsp;&nbsp;Grade 1 - Age 12: N<br>
5750,Licensed Group,Bee Haven Child Care- The Baby Hive,704 7Th St E,,North Vancouver,V7L 1S6,49.312497,-123.056738,778-996-2075,,,N,N,N,N,N,N,N,N,N,N,N,N,N,N,N,N,N,,,N,N,N,N,N,N,N,N,N,N,N,2026-05-14,https://inspections.vcha.ca/ChildCare/Table,N,Y,N,Bee Haven Child Care- The Baby Hive<br>Licensed Group<br>778-996-2075<br><br>Vacancy:<br>&nbsp;&nbsp;&nbsp;&nbsp;<36 months: N<br>&nbsp;&nbsp;&nbsp;&nbsp;30 months -- 5 years: N<br>&nbsp;&nbsp;&nbsp;&nbsp;Preschool: N<br>&nbsp;&nbsp;&nbsp;&nbsp;Grade 1 - Age 12: N<br>
5751,Licensed Group,Errington Cooperative Preschool,1341 Station Rd,,Errington,V0R 1V0,49.288823,-124.417903,250-248-4242,,,N,N,N,N,N,N,N,N,N,N,N,N,N,N,N,N,N,,,N,N,N,N,N,N,N,N,N,Y,N,2026-04-18,https://www.healthspace.ca/clients/viha/viha_website.nsf/CCFL-Main?OpenView,N,Y,N,Errington Cooperative Preschool<br>Licensed Group<br>250-248-4242<br><br>Vacancy:<br>&nbsp;&nbsp;&nbsp;&nbsp;<36 months: N<br>&nbsp;&nbsp;&nbsp;&nbsp;30 months -- 5 years: N<br>&nbsp;&nbsp;&nbsp;&nbsp;Preschool: Y<br>&nbsp;&nbsp;&nbsp;&nbsp;Grade 1 - Age 12: N<br>
5752,Licensed Group,Grow And Learn Childcare Center - Jt Brown,12530 60 Ave,,Surrey,V3X 2K8,49.111645,-122.875717,604-445-3276,,,N,N,N,N,N,N,N,N,N,N,N,N,N,N,N,N,N,Not offered,Not offered,N,N,N,N,N,N,N,N,N,Y,Y,2026-04-06,http://www.healthspace.ca/fha/childcare,N,N,N,Grow And Learn Childcare Center - Jt Brown<br>Licensed Group<br>604-445-3276<br><br>Vacancy:<br>&nbsp;&nbsp;&nbsp;&nbsp;<36 months: N<br>&nbsp;&nbsp;&nbsp;&nbsp;30 months -- 5 years: N<br>&nbsp;&nbsp;&nbsp;&nbsp;Preschool: Y<br>&nbsp;&nbsp;&nbsp;&nbsp;Grade 1 - Age 12: Y<br>
5753,Licensed Group,Happy Hearts Childcare Centre,22336 Dewdney Trunk Rd,,Maple Ridge,V2X 3J2,49.220213,-122.6034,604-479-2273,,,N,N,N,N,N,N,N,N,N,N,N,N,N,N,N,N,N,,,N,N,N,N,N,N,N,N,N,N,N,2026-04-15,http://www.healthspace.ca/fha/childcare,N,Y,N,Happy Hearts Childcare Centre<br>Licensed Group<br>604-479-2273<br><br>Vacancy:<br>&nbsp;&nbsp;&nbsp;&nbsp;<36 months: N<br>&nbsp;&nbsp;&nbsp;&nbsp;30 months -- 5 years: N<br>&nbsp;&nbsp;&nbsp;&nbsp;Preschool: N<br>&nbsp;&nbsp;&nbsp;&nbsp;Grade 1 - Age 12: N<br>
5754,Licensed Group,Sandcastle Park Children's Centre,3-3060 Chatham St,,Richmond,V7E 6L9,49.126134,-123.191411,604-274-8380,,,N,N,N,N,N,N,N,N,N,N,N,N,N,N,N,N,N,,,N,N,N,N,N,N,N,N,N,N,N,2026-05-21,https://inspections.vcha.ca/ChildCare/Table,N,Y,N,Sandcastle Park Children's Centre<br>Licensed Group<br>604-274-8380<br><br>Vacancy:<br>&nbsp;&nbsp;&nbsp;&nbsp;<36 months: N<br>&nbsp;&nbsp;&nbsp;&nbsp;30 months -- 5 years: N<br>&nbsp;&nbsp;&nbsp;&nbsp;Preschool: N<br>&nbsp;&nbsp;&nbsp;&nbsp;Grade 1 - Age 12: N<br>
5755,Licensed Group,Mia Montessori Academy,100-6160 London Rd,,Richmond,V7E 4J2,49.117269,-123.158135,236-885-1885,,,N,N,N,N,N,N,N,N,N,N,N,N,N,N,N,N,N,,,N,N,N,N,N,N,N,N,Y,N,N,2026-05-11,https://inspections.vcha.ca/ChildCare/Table,N,Y,N,Mia Montessori Academy<br>Licensed Group<br>236-885-1885<br><br>Vacancy:<br>&nbsp;&nbsp;&nbsp;&nbsp;<36 months: N<br>&nbsp;&nbsp;&nbsp;&nbsp;30 months -- 5 years: Y<br>&nbsp;&nbsp;&nbsp;&nbsp;Preschool: N<br>&nbsp;&nbsp;&nbsp;&nbsp;Grade 1 - Age 12: N<br>
5756,Licensed Group,Mission Montessori Outdoor Education Program,37151 Hawkins Pickle Rd,,Mission,V0M 1H0,49.165764,-122.195289,604-768-5065,,,N,N,N,N,N,N,N,N,N,N,N,N,N,N,N,N,N,,,N,N,N,N,N,N,N,N,Y,N,Y,2026-04-02,http://www.healthspace.ca/fha/childcare,N,Y,N,Mission Montessori Outdoor Education Program<br>Licensed Group<br>604-768-5065<br><br>Vacancy:<br>&nbsp;&nbsp;&nbsp;&nbsp;<36 months: N<br>&nbsp;&nbsp;&nbsp;&nbsp;30 months -- 5 years: Y<br>&nbsp;&nbsp;&nbsp;&nbsp;Preschool: N<br>&nbsp;&nbsp;&nbsp;&nbsp;Grade 1 - Age 12: Y<br>
5757,Licensed Group,Shawnigan Christian Early Learning Program,1603 Wilmot Rd,,Shawnigan Lake,V0R 2W0,48.6519,-123.610731,250-743-4970,,,N,N,N,N,N,N,N,N,N,N,N,N,N,N,N,N,N,,,N,N,N,N,N,N,N,Y,Y,N,N,2026-05-04,https://www.healthspace.ca/clients/viha/viha_website.nsf/CCFL-Main?OpenView,N,Y,N,Shawnigan Christian Early Learning Program<br>Licensed Group<br>250-743-4970<br><br>Vacancy:<br>&nbsp;&nbsp;&nbsp;&nbsp;<36 months: Y<br>&nbsp;&nbsp;&nbsp;&nbsp;30 months -- 5 years: Y<br>&nbsp;&nbsp;&nbsp;&nbsp;Preschool: N<br>&nbsp;&nbsp;&nbsp;&nbsp;Grade 1 - Age 12: N<br>
5758,Licensed Group,Roots & Wings Early Learning Centre,6486 Hemlock St,,Powell River,V8A 4J8,49.863124,-124.543795,604-414-4490,,,N,N,N,N,N,N,N,N,N,N,N,N,N,N,N,N,N,,,N,N,N,N,N,N,N,N,N,N,N,2026-04-25,https://inspections.vcha.ca/ChildCare/Table,N,Y,Y,Roots & Wings Early Learning Centre<br>Licensed Group<br>604-414-4490<br><br>Vacancy:<br>&nbsp;&nbsp;&nbsp;&nbsp;<36 months: N<br>&nbsp;&nbsp;&nbsp;&nbsp;30 months -- 5 years: N<br>&nbsp;&nbsp;&nbsp;&nbsp;Preschool: N<br>&nbsp;&nbsp;&nbsp;&nbsp;Grade 1 - Age 12: N<br>
5759,Licensed Group,Roots & Wings Early Learning Centre,6486 Hemlock St,,Powell River,V8A 4J8,49.863124,-124.543795,604-414-4490,,,N,N,N,N,N,N,N,N,N,N,N,N,N,N,N,N,N,,,N,N,N,N,N,N,N,N,N,N,N,2026-04-25,https://inspections.vcha.ca/ChildCare/Table,N,Y,Y,Roots & Wings Early Learning Centre<br>Licensed Group<br>604-414-4490<br><br>Vacancy:<br>&nbsp;&nbsp;&nbsp;&nbsp;<36 months: N<br>&nbsp;&nbsp;&nbsp;&nbsp;30 months -- 5 years: N<br>&nbsp;&nbsp;&nbsp;&nbsp;Preschool: N<br>&nbsp;&nbsp;&nbsp;&nbsp;Grade 1 - Age 12: N<br>
5760,Licensed Family,Jodi's House Family Child Care Centre,2-11310 Dunsdon Cres,,Summerland,V0H 1Z0,49.60439,-119.689561,250-494-1787,,,N,N,N,N,N,N,N,N,N,N,N,N,N,N,N,N,N,,,N,N,N,N,N,N,N,N,N,N,N,2026-05-07,,N,N,N,Jodi's House Family Child Care Centre<br>Licensed Family<br>250-494-1787<br><br>Vacancy:<br>&nbsp;&nbsp;&nbsp;&nbsp;<36 months: N<br>&nbsp;&nbsp;&nbsp;&nbsp;30 months -- 5 years: N<br>&nbsp;&nbsp;&nbsp;&nbsp;Preschool: N<br>&nbsp;&nbsp;&nbsp;&nbsp;Grade 1 - Age 12: N<br>
5761,Licensed Family,The Pottle Patch,118 Bill Rd,,Prince Rupert,V8J 4S4,54.316488,-130.292674,250-627-1428,,,N,N,N,N,N,N,N,N,N,N,N,N,N,N,N,N,N,,,N,N,N,N,N,N,N,N,N,N,N,2026-05-15,https://www.healthspace.ca/Clients/NHA/NHA_Website.nsf/CCFL-Frameset,N,Y,N,The Pottle Patch<br>Licensed Family<br>250-627-1428<br><br>Vacancy:<br>&nbsp;&nbsp;&nbsp;&nbsp;<36 months: N<br>&nbsp;&nbsp;&nbsp;&nbsp;30 months -- 5 years: N<br>&nbsp;&nbsp;&nbsp;&nbsp;Preschool: N<br>&nbsp;&nbsp;&nbsp;&nbsp;Grade 1 - Age 12: N<br>
5762,Licensed Group,Nature's Garden Childcare Centre,2801 Hoskins Rd,,North Vancouver,V7J 3A8,49.334093,-123.027523,604-356-0329,,,N,N,N,N,N,N,N,N,N,N,N,N,N,N,N,N,N,,,N,N,N,N,N,N,N,N,N,N,N,2026-05-14,https://inspections.vcha.ca/ChildCare/Table,N,Y,N,Nature's Garden Childcare Centre<br>Licensed Group<br>604-356-0329<br><br>Vacancy:<br>&nbsp;&nbsp;&nbsp;&nbsp;<36 months: N<br>&nbsp;&nbsp;&nbsp;&nbsp;30 months -- 5 years: N<br>&nbsp;&nbsp;&nbsp;&nbsp;Preschool: N<br>&nbsp;&nbsp;&nbsp;&nbsp;Grade 1 - Age 12: N<br>
5763,Licensed Group,Bear's House Child Care,4609 Rumble St,,Burnaby,V5J 2A8,49.215095,-122.999145,604-721-7488,,,N,N,N,N,N,N,N,N,N,N,N,N,N,N,N,N,N,,,N,N,N,N,N,N,N,N,N,N,N,2026-05-13,http://www.healthspace.ca/fha/childcare,N,Y,N,Bear's House Child Care<br>Licensed Group<br>604-721-7488<br><br>Vacancy:<br>&nbsp;&nbsp;&nbsp;&nbsp;<36 months: N<br>&nbsp;&nbsp;&nbsp;&nbsp;30 months -- 5 years: N<br>&nbsp;&nbsp;&nbsp;&nbsp;Preschool: N<br>&nbsp;&nbsp;&nbsp;&nbsp;Grade 1 - Age 12: N<br>
5764,Licensed Group,The Babies Castle Daycare Ltd.,570 29Th St W,,North Vancouver,V7N 2K2,49.335904,-123.08468,604-307-0076,,,N,N,N,N,N,N,N,N,N,N,N,N,N,N,N,N,N,,,N,N,N,N,N,N,N,N,N,N,N,2026-05-18,https://inspections.vcha.ca/ChildCare/Table,N,Y,N,The Babies Castle Daycare Ltd.<br>Licensed Group<br>604-307-0076<br><br>Vacancy:<br>&nbsp;&nbsp;&nbsp;&nbsp;<36 months: N<br>&nbsp;&nbsp;&nbsp;&nbsp;30 months -- 5 years: N<br>&nbsp;&nbsp;&nbsp;&nbsp;Preschool: N<br>&nbsp;&nbsp;&nbsp;&nbsp;Grade 1 - Age 12: N<br>
5765,Licensed Group,Little Valley Learning Centre And Daycare,14750 108 Ave,,Surrey,V3R 1V8,49.198552,-122.81368,778-395-0123,,,N,N,N,N,N,N,N,N,N,N,N,N,N,N,N,N,N,,,N,N,N,N,N,N,N,N,N,N,N,2026-05-05,http://www.healthspace.ca/fha/childcare,N,Y,N,Little Valley Learning Centre And Daycare<br>Licensed Group<br>778-395-0123<br><br>Vacancy:<br>&nbsp;&nbsp;&nbsp;&nbsp;<36 months: N<br>&nbsp;&nbsp;&nbsp;&nbsp;30 months -- 5 years: N<br>&nbsp;&nbsp;&nbsp;&nbsp;Preschool: N<br>&nbsp;&nbsp;&nbsp;&nbsp;Grade 1 - Age 12: N<br>
5766,Licensed Family,Sea Stars Child Care,1677 Brook Cres,,Campbell River,V9W 6K9,49.979318,-125.224768,250-926-0407,,,N,N,N,N,N,N,N,N,N,N,N,N,N,N,N,N,N,,,N,N,N,N,N,N,N,N,N,N,N,2026-04-15,https://www.healthspace.ca/clients/viha/viha_website.nsf/CCFL-Main?OpenView,N,Y,N,Sea Stars Child Care<br>Licensed Family<br>250-926-0407<br><br>Vacancy:<br>&nbsp;&nbsp;&nbsp;&nbsp;<36 months: N<br>&nbsp;&nbsp;&nbsp;&nbsp;30 months -- 5 years: N<br>&nbsp;&nbsp;&nbsp;&nbsp;Preschool: N<br>&nbsp;&nbsp;&nbsp;&nbsp;Grade 1 - Age 12: N<br>
5767,Licensed Group,Kidz Kompany - Small Fries,102-679 Terminal Ave N,,Nanaimo,V9S 4K1,49.178361,-123.94875,250-619-9755,,,N,N,N,N,N,N,N,N,N,N,N,N,N,N,N,N,N,,,N,N,N,N,N,N,N,N,N,N,N,2026-04-29,https://www.healthspace.ca/clients/viha/viha_website.nsf/CCFL-Main?OpenView,N,Y,N,Kidz Kompany - Small Fries<br>Licensed Group<br>250-619-9755<br><br>Vacancy:<br>&nbsp;&nbsp;&nbsp;&nbsp;<36 months: N<br>&nbsp;&nbsp;&nbsp;&nbsp;30 months -- 5 years: N<br>&nbsp;&nbsp;&nbsp;&nbsp;Preschool: N<br>&nbsp;&nbsp;&nbsp;&nbsp;Grade 1 - Age 12: N<br>
5768,Licensed Family,Walton Learning Childcare Centre,1149 Durant Dr,,Coquitlam,V3B 6T3,49.287592,-122.799437,604-723-1019,,,N,N,N,N,N,N,N,N,N,N,N,N,N,N,N,N,N,,,N,N,N,N,N,N,N,N,Y,N,N,2026-05-15,http://www.healthspace.ca/fha/childcare,N,Y,N,Walton Learning Childcare Centre<br>Licensed Family<br>604-723-1019<br><br>Vacancy:<br>&nbsp;&nbsp;&nbsp;&nbsp;<36 months: N<br>&nbsp;&nbsp;&nbsp;&nbsp;30 months -- 5 years: Y<br>&nbsp;&nbsp;&nbsp;&nbsp;Preschool: N<br>&nbsp;&nbsp;&nbsp;&nbsp;Grade 1 - Age 12: N<br>
5769,Licensed Group,Young Columbus Infant/Toddler Center,11160 Seafield Crescent,,Richmond,V7A 3H8,49.139392,-123.099049,604-370-4989,,,N,N,N,N,N,N,N,N,N,N,N,N,N,N,N,N,N,,,N,N,N,N,N,N,N,Y,N,N,N,2026-05-19,https://inspections.vcha.ca/ChildCare/Table,N,Y,N,Young Columbus Infant/Toddler Center<br>Licensed Group<br>604-370-4989<br><br>Vacancy:<br>&nbsp;&nbsp;&nbsp;&nbsp;<36 months: Y<br>&nbsp;&nbsp;&nbsp;&nbsp;30 months -- 5 years: N<br>&nbsp;&nbsp;&nbsp;&nbsp;Preschool: N<br>&nbsp;&nbsp;&nbsp;&nbsp;Grade 1 - Age 12: N<br>
5770,Licensed Family,Happy Minds Daycare,15035 Spenser Dr,,Surrey,V3S 5Z6,49.157643,-122.806044,778-387-6249,,,N,N,N,N,N,N,N,N,N,N,N,N,N,N,N,N,N,,,N,N,N,N,N,N,N,N,N,N,N,2026-05-14,http://www.healthspace.ca/fha/childcare,N,Y,N,Happy Minds Daycare<br>Licensed Family<br>778-387-6249<br><br>Vacancy:<br>&nbsp;&nbsp;&nbsp;&nbsp;<36 months: N<br>&nbsp;&nbsp;&nbsp;&nbsp;30 months -- 5 years: N<br>&nbsp;&nbsp;&nbsp;&nbsp;Preschool: N<br>&nbsp;&nbsp;&nbsp;&nbsp;Grade 1 - Age 12: N<br>
5771,Licensed Group,Alphabet Zoo Early Learning Centre,2619 Sooke Rd,,Langford,V9B 1Y3,48.432962,-123.517477,778-265-1337,,,N,N,N,N,N,N,N,N,N,N,N,N,N,N,N,N,N,,,N,N,N,N,N,N,N,N,N,N,N,2026-05-17,https://www.healthspace.ca/clients/viha/viha_website.nsf/CCFL-Main?OpenView,N,Y,N,Alphabet Zoo Early Learning Centre<br>Licensed Group<br>778-265-1337<br><br>Vacancy:<br>&nbsp;&nbsp;&nbsp;&nbsp;<36 months: N<br>&nbsp;&nbsp;&nbsp;&nbsp;30 months -- 5 years: N<br>&nbsp;&nbsp;&nbsp;&nbsp;Preschool: N<br>&nbsp;&nbsp;&nbsp;&nbsp;Grade 1 - Age 12: N<br>
5772,Licensed Group,Little Sprouts Childcare Centre,9251 Geal Rd,,Richmond,V7E 4V7,49.146074,-123.170482,604-271-2888,,,N,N,N,N,N,N,N,N,N,N,N,N,N,N,N,N,N,,,N,N,N,N,N,N,N,Y,N,N,N,2026-05-18,https://inspections.vcha.ca/ChildCare/Table,N,Y,N,Little Sprouts Childcare Centre<br>Licensed Group<br>604-271-2888<br><br>Vacancy:<br>&nbsp;&nbsp;&nbsp;&nbsp;<36 months: Y<br>&nbsp;&nbsp;&nbsp;&nbsp;30 months -- 5 years: N<br>&nbsp;&nbsp;&nbsp;&nbsp;Preschool: N<br>&nbsp;&nbsp;&nbsp;&nbsp;Grade 1 - Age 12: N<br>
5773,Licensed Family,Seedlings Daycare,3025 Cadboro Bay Rd,,Victoria,V8R 5K2,48.44427,-123.311103,250-727-5597,www.seedlingsdaycare.com,,N,N,N,N,N,N,N,N,N,N,N,N,N,N,N,N,N,,,N,N,N,N,N,N,N,N,N,N,N,2026-04-18,https://www.healthspace.ca/clients/viha/viha_website.nsf/CCFL-Main?OpenView,N,Y,N,Seedlings Daycare<br>Licensed Family<br>250-727-5597<br><br>Vacancy:<br>&nbsp;&nbsp;&nbsp;&nbsp;<36 months: N<br>&nbsp;&nbsp;&nbsp;&nbsp;30 months -- 5 years: N<br>&nbsp;&nbsp;&nbsp;&nbsp;Preschool: N<br>&nbsp;&nbsp;&nbsp;&nbsp;Grade 1 - Age 12: N<br>
5774,Licensed Family,Monte-Reggio Child Care,2407 Bennie Pl,,Port Coquitlam,V3B 7M6,49.259185,-122.754467,604-945-4867,,,N,N,N,N,N,N,N,N,N,N,N,N,N,N,N,N,N,,,N,N,N,N,N,N,N,N,N,N,N,2026-05-18,http://www.healthspace.ca/fha/childcare,N,Y,N,Monte-Reggio Child Care<br>Licensed Family<br>604-945-4867<br><br>Vacancy:<br>&nbsp;&nbsp;&nbsp;&nbsp;<36 months: N<br>&nbsp;&nbsp;&nbsp;&nbsp;30 months -- 5 years: N<br>&nbsp;&nbsp;&nbsp;&nbsp;Preschool: N<br>&nbsp;&nbsp;&nbsp;&nbsp;Grade 1 - Age 12: N<br>
5775,Licensed Family,Quail's  Nest Daycare,18 Camden Ave,,Victoria,V8Z 1P7,48.46648,-123.425668,250-721-2342,,,N,N,N,N,N,N,N,N,N,N,N,N,N,N,N,N,N,,,N,N,N,N,N,N,N,N,N,N,N,2026-05-16,https://www.healthspace.ca/clients/viha/viha_website.nsf/CCFL-Main?OpenView,N,Y,N,Quail's  Nest Daycare<br>Licensed Family<br>250-721-2342<br><br>Vacancy:<br>&nbsp;&nbsp;&nbsp;&nbsp;<36 months: N<br>&nbsp;&nbsp;&nbsp;&nbsp;30 months -- 5 years: N<br>&nbsp;&nbsp;&nbsp;&nbsp;Preschool: N<br>&nbsp;&nbsp;&nbsp;&nbsp;Grade 1 - Age 12: N<br>
5776,Licensed Group,Cefa Early Learning mckay Ave,100-590 mckay Ave,,Kelowna,V1Y 5A8,49.8668,-119.490197,236-420-3868,,,N,N,N,N,N,N,N,N,N,N,N,N,N,N,N,N,N,,,N,N,N,N,N,N,N,Y,N,N,N,2026-05-06,https://hedgehogportal.interiorhealth.ca/ChildCare/Map,N,Y,N,Cefa Early Learning mckay Ave<br>Licensed Group<br>236-420-3868<br><br>Vacancy:<br>&nbsp;&nbsp;&nbsp;&nbsp;<36 months: Y<br>&nbsp;&nbsp;&nbsp;&nbsp;30 months -- 5 years: N<br>&nbsp;&nbsp;&nbsp;&nbsp;Preschool: N<br>&nbsp;&nbsp;&nbsp;&nbsp;Grade 1 - Age 12: N<br>
5777,Licensed Family,Blue Bell Daycare,23843 119A Ave,,Maple Ridge,V4R 1W3,49.219111,-122.560423,604-379-4758,,,N,N,N,N,N,N,N,N,N,N,N,N,N,N,N,N,N,,,N,N,N,N,N,N,N,N,N,N,N,2026-05-15,http://www.healthspace.ca/fha/childcare,N,Y,N,Blue Bell Daycare<br>Licensed Family<br>604-379-4758<br><br>Vacancy:<br>&nbsp;&nbsp;&nbsp;&nbsp;<36 months: N<br>&nbsp;&nbsp;&nbsp;&nbsp;30 months -- 5 years: N<br>&nbsp;&nbsp;&nbsp;&nbsp;Preschool: N<br>&nbsp;&nbsp;&nbsp;&nbsp;Grade 1 - Age 12: N<br>
5778,Licensed Family,Nancy's Little Angels,1180 Dunsterville Ave,,Victoria,V8Z 2W7,48.479271,-123.409489,250-516-3223,,,N,N,N,N,N,N,N,N,N,N,N,N,N,N,N,N,N,,,N,N,N,N,N,N,N,Y,Y,N,Y,2026-04-28,https://www.healthspace.ca/clients/viha/viha_website.nsf/CCFL-Main?OpenView,N,Y,N,Nancy's Little Angels<br>Licensed Family<br>250-516-3223<br><br>Vacancy:<br>&nbsp;&nbsp;&nbsp;&nbsp;<36 months: Y<br>&nbsp;&nbsp;&nbsp;&nbsp;30 months -- 5 years: Y<br>&nbsp;&nbsp;&nbsp;&nbsp;Preschool: N<br>&nbsp;&nbsp;&nbsp;&nbsp;Grade 1 - Age 12: Y<br>
5779,Licensed Group,Secret Garden Daycare,651 Commonage Rd,,Vernon,V1H 1G3,50.224029,-119.319941,778-212-1788,,,N,N,N,N,N,N,N,N,N,N,N,N,N,N,N,N,N,,,N,N,N,N,N,N,N,N,N,N,N,2026-05-14,https://hedgehogportal.interiorhealth.ca/ChildCare/Map,N,Y,N,Secret Garden Daycare<br>Licensed Group<br>778-212-1788<br><br>Vacancy:<br>&nbsp;&nbsp;&nbsp;&nbsp;<36 months: N<br>&nbsp;&nbsp;&nbsp;&nbsp;30 months -- 5 years: N<br>&nbsp;&nbsp;&nbsp;&nbsp;Preschool: N<br>&nbsp;&nbsp;&nbsp;&nbsp;Grade 1 - Age 12: N<br>
5780,Licensed Group,C.J.'S School Age Fun Daycare,7429 Imperial St,,Burnaby,V5E 1P1,49.225944,-122.954095,604-525-6497,,,N,N,N,N,N,N,N,N,N,N,N,N,N,N,N,N,N,,,N,N,N,N,N,N,N,N,N,N,N,2026-05-15,http://www.healthspace.ca/fha/childcare,N,Y,N,C.J.'S School Age Fun Daycare<br>Licensed Group<br>604-525-6497<br><br>Vacancy:<br>&nbsp;&nbsp;&nbsp;&nbsp;<36 months: N<br>&nbsp;&nbsp;&nbsp;&nbsp;30 months -- 5 years: N<br>&nbsp;&nbsp;&nbsp;&nbsp;Preschool: N<br>&nbsp;&nbsp;&nbsp;&nbsp;Grade 1 - Age 12: N<br>
5781,Licensed Group,Anklebyters Out-Of-School Care,3751 Grange Rd,,Victoria,V8Z 4T2,48.462482,-123.405824,250-216-2756,,,N,N,N,N,N,N,N,N,N,N,N,N,N,N,N,N,N,,,N,N,N,N,N,N,N,N,N,N,N,2026-04-26,https://www.healthspace.ca/clients/viha/viha_website.nsf/CCFL-Main?OpenView,N,Y,N,Anklebyters Out-Of-School Care<br>Licensed Group<br>250-216-2756<br><br>Vacancy:<br>&nbsp;&nbsp;&nbsp;&nbsp;<36 months: N<br>&nbsp;&nbsp;&nbsp;&nbsp;30 months -- 5 years: N<br>&nbsp;&nbsp;&nbsp;&nbsp;Preschool: N<br>&nbsp;&nbsp;&nbsp;&nbsp;Grade 1 - Age 12: N<br>
5782,Licensed Group,Eagle View Out Of School Care,97 Talcott Rd,,Victoria,V9B 6L9,48.466271,-123.442684,250-216-2756,,,N,N,N,N,N,N,N,N,N,N,N,N,N,N,N,N,N,,,N,N,N,N,N,N,N,N,Y,N,Y,2026-04-26,https://www.healthspace.ca/clients/viha/viha_website.nsf/CCFL-Main?OpenView,N,Y,N,Eagle View Out Of School Care<br>Licensed Group<br>250-216-2756<br><br>Vacancy:<br>&nbsp;&nbsp;&nbsp;&nbsp;<36 months: N<br>&nbsp;&nbsp;&nbsp;&nbsp;30 months -- 5 years: Y<br>&nbsp;&nbsp;&nbsp;&nbsp;Preschool: N<br>&nbsp;&nbsp;&nbsp;&nbsp;Grade 1 - Age 12: Y<br>
5783,Licensed Group,All Aboard Childcare Ltd.,3-1325 Aberdeen Dr,,Kamloops,V1S 0C7,50.637509,-120.376229,250-851-0205,,,Y,N,N,N,N,N,Y,Y,Y,Y,Y,N,N,N,N,N,N,Included in fee,Include in fee,Y,N,N,N,Y,N,Y,N,N,N,N,2026-05-14,https://hedgehogportal.interiorhealth.ca/ChildCare/Map,N,Y,N,All Aboard Childcare Ltd.<br>Licensed Group<br>250-851-0205<br><br>Vacancy:<br>&nbsp;&nbsp;&nbsp;&nbsp;<36 months: N<br>&nbsp;&nbsp;&nbsp;&nbsp;30 months -- 5 years: N<br>&nbsp;&nbsp;&nbsp;&nbsp;Preschool: N<br>&nbsp;&nbsp;&nbsp;&nbsp;Grade 1 - Age 12: N<br>
5784,Licensed Family,Kathy's Licensed Child Care Centre,6650 Humphries Ave,,Burnaby,V5E 3J1,49.225759,-122.951983,604-783-2692,,,N,N,N,N,N,N,N,N,N,N,N,N,N,N,N,N,N,,,N,N,N,N,N,N,N,Y,Y,N,Y,2026-05-11,,N,Y,N,Kathy's Licensed Child Care Centre<br>Licensed Family<br>604-783-2692<br><br>Vacancy:<br>&nbsp;&nbsp;&nbsp;&nbsp;<36 months: Y<br>&nbsp;&nbsp;&nbsp;&nbsp;30 months -- 5 years: Y<br>&nbsp;&nbsp;&nbsp;&nbsp;Preschool: N<br>&nbsp;&nbsp;&nbsp;&nbsp;Grade 1 - Age 12: Y<br>
5785,Licensed Family,Valuable Kidz Daycare,11638 75A Ave,,Delta,V4C 1J4,49.139862,-122.900409,604-807-4900,,,N,N,N,N,N,N,N,N,N,N,N,N,N,N,N,N,N,,,N,N,N,N,N,N,N,N,N,N,N,2026-05-15,http://www.healthspace.ca/fha/childcare,N,Y,N,Valuable Kidz Daycare<br>Licensed Family<br>604-807-4900<br><br>Vacancy:<br>&nbsp;&nbsp;&nbsp;&nbsp;<36 months: N<br>&nbsp;&nbsp;&nbsp;&nbsp;30 months -- 5 years: N<br>&nbsp;&nbsp;&nbsp;&nbsp;Preschool: N<br>&nbsp;&nbsp;&nbsp;&nbsp;Grade 1 - Age 12: N<br>
5786,Licensed Group,Mybaby Daycare,517 13Th St E,,North Vancouver,V7L 2M3,49.319553,-123.059157,778-877-1801,,,N,N,N,N,N,N,N,N,N,N,N,N,N,N,N,N,N,,,N,N,N,N,N,N,N,Y,N,N,N,2026-05-19,https://inspections.vcha.ca/ChildCare/Table,N,Y,N,Mybaby Daycare<br>Licensed Group<br>778-877-1801<br><br>Vacancy:<br>&nbsp;&nbsp;&nbsp;&nbsp;<36 months: Y<br>&nbsp;&nbsp;&nbsp;&nbsp;30 months -- 5 years: N<br>&nbsp;&nbsp;&nbsp;&nbsp;Preschool: N<br>&nbsp;&nbsp;&nbsp;&nbsp;Grade 1 - Age 12: N<br>
5787,Licensed Family,Small House Family Child Care,112-633 8Th Ave W,,Vancouver,V5Z 1C7,49.264424,-123.118226,604-760-4009,,,Y,N,N,N,N,N,Y,N,N,N,N,N,N,N,N,N,Y,Included in fee,Not offered,N,N,N,N,N,N,N,N,N,N,N,2026-05-16,https://inspections.vcha.ca/ChildCare/Table,N,Y,N,Small House Family Child Care<br>Licensed Family<br>604-760-4009<br><br>Vacancy:<br>&nbsp;&nbsp;&nbsp;&nbsp;<36 months: N<br>&nbsp;&nbsp;&nbsp;&nbsp;30 months -- 5 years: N<br>&nbsp;&nbsp;&nbsp;&nbsp;Preschool: N<br>&nbsp;&nbsp;&nbsp;&nbsp;Grade 1 - Age 12: N<br>
5788,Licensed Group,Little Munchkin Daycare Ltd.,1317 52Nd Ave W,,Vancouver,V6P 1H8,49.224043,-123.135659,778-386-8252,,,N,N,N,N,N,N,N,N,N,N,N,N,N,N,N,N,N,,,N,N,N,N,N,N,N,Y,Y,Y,Y,2026-04-01,https://inspections.vcha.ca/ChildCare/Table,N,Y,N,Little Munchkin Daycare Ltd.<br>Licensed Group<br>778-386-8252<br><br>Vacancy:<br>&nbsp;&nbsp;&nbsp;&nbsp;<36 months: Y<br>&nbsp;&nbsp;&nbsp;&nbsp;30 months -- 5 years: Y<br>&nbsp;&nbsp;&nbsp;&nbsp;Preschool: Y<br>&nbsp;&nbsp;&nbsp;&nbsp;Grade 1 - Age 12: Y<br>
5789,Licensed Group,Nature And Nurture Academy,17672 57 Ave,,Surrey,V3S 1H2,49.105836,-122.732826,778-571-8801,,,N,N,N,N,N,N,N,N,N,N,N,N,N,N,N,N,N,,,N,N,N,N,N,N,N,N,N,N,N,2026-05-15,http://www.healthspace.ca/fha/childcare,N,Y,N,Nature And Nurture Academy<br>Licensed Group<br>778-571-8801<br><br>Vacancy:<br>&nbsp;&nbsp;&nbsp;&nbsp;<36 months: N<br>&nbsp;&nbsp;&nbsp;&nbsp;30 months -- 5 years: N<br>&nbsp;&nbsp;&nbsp;&nbsp;Preschool: N<br>&nbsp;&nbsp;&nbsp;&nbsp;Grade 1 - Age 12: N<br>
5790,Licensed Group,Rothewood Academey South Surrey,400-15355 24 Ave,,Surrey,V4A 2H9,49.045836,-122.797509,236-868-9956,,,N,N,N,N,N,N,N,N,N,N,N,N,N,N,N,N,N,,,N,N,N,N,N,N,N,Y,Y,N,N,2026-05-20,http://www.healthspace.ca/fha/childcare,N,Y,N,Rothewood Academey South Surrey<br>Licensed Group<br>236-868-9956<br><br>Vacancy:<br>&nbsp;&nbsp;&nbsp;&nbsp;<36 months: Y<br>&nbsp;&nbsp;&nbsp;&nbsp;30 months -- 5 years: Y<br>&nbsp;&nbsp;&nbsp;&nbsp;Preschool: N<br>&nbsp;&nbsp;&nbsp;&nbsp;Grade 1 - Age 12: N<br>
5791,Licensed Group,Junior Scholars - Surrey South,5728 142 St,,Surrey,V3X 0H4,49.106938,-122.828569,604-767-0858,,,N,N,N,N,N,N,N,N,N,N,N,N,N,N,N,N,N,,,N,N,N,N,N,N,N,Y,Y,N,N,2026-05-13,http://www.healthspace.ca/fha/childcare,N,Y,N,Junior Scholars - Surrey South<br>Licensed Group<br>604-767-0858<br><br>Vacancy:<br>&nbsp;&nbsp;&nbsp;&nbsp;<36 months: Y<br>&nbsp;&nbsp;&nbsp;&nbsp;30 months -- 5 years: Y<br>&nbsp;&nbsp;&nbsp;&nbsp;Preschool: N<br>&nbsp;&nbsp;&nbsp;&nbsp;Grade 1 - Age 12: N<br>
5792,Licensed Group,Ema - Kids Club (Coquitlam),1046F Austin Ave,,Coquitlam,V3K 3P3,49.248932,-122.863916,604-231-3311,,,Y,N,N,N,N,N,N,N,N,N,Y,N,N,N,N,N,N,Not offered,Include in fee,N,N,N,N,N,N,N,N,N,N,N,2026-04-01,http://www.healthspace.ca/fha/childcare,N,N,N,Ema - Kids Club (Coquitlam)<br>Licensed Group<br>604-231-3311<br><br>Vacancy:<br>&nbsp;&nbsp;&nbsp;&nbsp;<36 months: N<br>&nbsp;&nbsp;&nbsp;&nbsp;30 months -- 5 years: N<br>&nbsp;&nbsp;&nbsp;&nbsp;Preschool: N<br>&nbsp;&nbsp;&nbsp;&nbsp;Grade 1 - Age 12: N<br>
5793,Licensed Family,Little Plum Tree Daycare,2421 Gillespie St,,Port Coquitlam,V3B 6W5,49.259809,-122.755416,604-445-9036,,,N,N,N,N,N,N,N,N,N,N,N,N,N,N,N,N,N,,,N,N,N,N,N,N,N,N,Y,N,N,2026-05-19,http://www.healthspace.ca/fha/childcare,N,Y,N,Little Plum Tree Daycare<br>Licensed Family<br>604-445-9036<br><br>Vacancy:<br>&nbsp;&nbsp;&nbsp;&nbsp;<36 months: N<br>&nbsp;&nbsp;&nbsp;&nbsp;30 months -- 5 years: Y<br>&nbsp;&nbsp;&nbsp;&nbsp;Preschool: N<br>&nbsp;&nbsp;&nbsp;&nbsp;Grade 1 - Age 12: N<br>
5794,Licensed Group,Second Nature Childcare Centre Classroom A,4454 Joyce Ave,,Powell River,V8A 3A6,49.836463,-124.520259,604-489-1110,,,N,N,N,N,N,N,N,N,N,N,N,N,N,N,N,N,N,,,N,N,N,N,N,N,N,Y,N,N,N,2026-05-21,https://inspections.vcha.ca/ChildCare/Table,N,Y,N,Second Nature Childcare Centre Classroom A<br>Licensed Group<br>604-489-1110<br><br>Vacancy:<br>&nbsp;&nbsp;&nbsp;&nbsp;<36 months: Y<br>&nbsp;&nbsp;&nbsp;&nbsp;30 months -- 5 years: N<br>&nbsp;&nbsp;&nbsp;&nbsp;Preschool: N<br>&nbsp;&nbsp;&nbsp;&nbsp;Grade 1 - Age 12: N<br>
5795,Licensed Group,Second Nature Childcare Centre Classroom B,4454 Joyce Ave,,Powell River,V8A 3A6,49.836463,-124.520259,604-489-1110,,,N,N,N,N,N,N,N,N,N,N,N,N,N,N,N,N,N,,,N,N,N,N,N,N,N,Y,N,N,N,2026-05-21,https://inspections.vcha.ca/ChildCare/Table,N,Y,N,Second Nature Childcare Centre Classroom B<br>Licensed Group<br>604-489-1110<br><br>Vacancy:<br>&nbsp;&nbsp;&nbsp;&nbsp;<36 months: Y<br>&nbsp;&nbsp;&nbsp;&nbsp;30 months -- 5 years: N<br>&nbsp;&nbsp;&nbsp;&nbsp;Preschool: N<br>&nbsp;&nbsp;&nbsp;&nbsp;Grade 1 - Age 12: N<br>
5796,Licensed Group,Immigrant Service Society Of British Columbia (Issofbc),2610 Victoria Dr,,Vancouver,V5N 4L2,49.261059,-123.065408,604-684-2561,,,Y,N,N,N,N,N,N,N,Y,N,N,N,N,N,N,N,N,Included in fee,Not offered,Y,N,Y,N,Y,Y,Y,N,N,N,N,2026-05-01,https://inspections.vcha.ca/ChildCare/Table,N,N,N,Immigrant Service Society Of British Columbia (Issofbc)<br>Licensed Group<br>604-684-2561<br><br>Vacancy:<br>&nbsp;&nbsp;&nbsp;&nbsp;<36 months: N<br>&nbsp;&nbsp;&nbsp;&nbsp;30 months -- 5 years: N<br>&nbsp;&nbsp;&nbsp;&nbsp;Preschool: N<br>&nbsp;&nbsp;&nbsp;&nbsp;Grade 1 - Age 12: N<br>
5797,Licensed Group,Little Willows 119,22328 119 Ave,,Maple Ridge,V2X 2Z3,49.218561,-122.603604,778-861-3583,,,N,N,N,N,N,N,N,N,N,N,N,N,N,N,N,N,N,,,N,N,N,N,N,N,N,N,Y,N,N,2026-04-11,http://www.healthspace.ca/fha/childcare,N,Y,N,Little Willows 119<br>Licensed Group<br>778-861-3583<br><br>Vacancy:<br>&nbsp;&nbsp;&nbsp;&nbsp;<36 months: N<br>&nbsp;&nbsp;&nbsp;&nbsp;30 months -- 5 years: Y<br>&nbsp;&nbsp;&nbsp;&nbsp;Preschool: N<br>&nbsp;&nbsp;&nbsp;&nbsp;Grade 1 - Age 12: N<br>
5798,Licensed Group,Fresh Ayre Daycare Ltd (30 Months To Sa),1250 Judd Rd,,Squamish,V0N 1H0,49.759943,-123.150419,604-898-9863,,,N,N,N,N,N,N,N,N,N,N,N,N,N,N,N,N,N,,,N,N,N,N,N,N,N,N,N,N,N,2026-05-19,https://inspections.vcha.ca/ChildCare/Table,N,Y,N,Fresh Ayre Daycare Ltd (30 Months To Sa)<br>Licensed Group<br>604-898-9863<br><br>Vacancy:<br>&nbsp;&nbsp;&nbsp;&nbsp;<36 months: N<br>&nbsp;&nbsp;&nbsp;&nbsp;30 months -- 5 years: N<br>&nbsp;&nbsp;&nbsp;&nbsp;Preschool: N<br>&nbsp;&nbsp;&nbsp;&nbsp;Grade 1 - Age 12: N<br>
5799,Licensed Group,Fresh Ayre Daycare Ltd (Under 36 Months),1250 Judd Rd,,Squamish,V0N 1H0,49.759952,-123.150419,604-898-9863,,,N,N,N,N,N,N,N,N,N,N,N,N,N,N,N,N,N,,,N,N,N,N,N,N,N,N,N,N,N,2026-05-19,https://inspections.vcha.ca/ChildCare/Table,N,Y,N,Fresh Ayre Daycare Ltd (Under 36 Months)<br>Licensed Group<br>604-898-9863<br><br>Vacancy:<br>&nbsp;&nbsp;&nbsp;&nbsp;<36 months: N<br>&nbsp;&nbsp;&nbsp;&nbsp;30 months -- 5 years: N<br>&nbsp;&nbsp;&nbsp;&nbsp;Preschool: N<br>&nbsp;&nbsp;&nbsp;&nbsp;Grade 1 - Age 12: N<br>
5800,Licensed Group,Woodward Out Of School Care,10300 Seacote Rd,,Richmond,V7A 4B2,49.13781,-123.096626,604-726-8003,,,N,N,N,N,N,N,N,N,N,N,N,N,N,N,N,N,N,,,N,N,N,N,N,N,N,N,N,N,N,2026-05-22,,N,Y,N,Woodward Out Of School Care<br>Licensed Group<br>604-726-8003<br><br>Vacancy:<br>&nbsp;&nbsp;&nbsp;&nbsp;<36 months: N<br>&nbsp;&nbsp;&nbsp;&nbsp;30 months -- 5 years: N<br>&nbsp;&nbsp;&nbsp;&nbsp;Preschool: N<br>&nbsp;&nbsp;&nbsp;&nbsp;Grade 1 - Age 12: N<br>
5801,Licensed Family,Supernova Montessori Childcare,7626 16Th Ave,,Burnaby,V3N 1P6,49.22081,-122.939401,604-446-8169,,,N,N,N,N,N,N,N,N,N,N,N,N,N,N,N,N,N,,,N,N,N,N,N,N,N,N,N,N,N,2026-05-15,http://www.healthspace.ca/fha/childcare,N,Y,N,Supernova Montessori Childcare<br>Licensed Family<br>604-446-8169<br><br>Vacancy:<br>&nbsp;&nbsp;&nbsp;&nbsp;<36 months: N<br>&nbsp;&nbsp;&nbsp;&nbsp;30 months -- 5 years: N<br>&nbsp;&nbsp;&nbsp;&nbsp;Preschool: N<br>&nbsp;&nbsp;&nbsp;&nbsp;Grade 1 - Age 12: N<br>
5802,Licensed Family,Tiny Treasures Childcare,210 Heron Rd,,Prince Rupert,V8J 4G6,54.311863,-130.301784,672-977-9492,,,Y,N,N,N,N,N,Y,Y,N,N,N,N,N,N,N,N,N,Not offered,Include in fee,N,N,N,Y,N,N,N,N,N,N,N,2026-05-14,https://www.healthspace.ca/Clients/NHA/NHA_Website.nsf/CCFL-Frameset,N,Y,N,Tiny Treasures Childcare<br>Licensed Family<br>672-977-9492<br><br>Vacancy:<br>&nbsp;&nbsp;&nbsp;&nbsp;<36 months: N<br>&nbsp;&nbsp;&nbsp;&nbsp;30 months -- 5 years: N<br>&nbsp;&nbsp;&nbsp;&nbsp;Preschool: N<br>&nbsp;&nbsp;&nbsp;&nbsp;Grade 1 - Age 12: N<br>
5803,Licensed Group,Rainbow's Nest Child Care,11331 Twigg Pl,,Richmond,V6V 3C9,49.2028,-123.104129,604-324-6030,,,N,N,N,N,N,N,N,N,N,N,N,N,N,N,N,N,N,,,N,N,N,N,N,N,N,Y,Y,N,N,2026-05-01,https://inspections.vcha.ca/ChildCare/Table,N,Y,Y,Rainbow's Nest Child Care<br>Licensed Group<br>604-324-6030<br><br>Vacancy:<br>&nbsp;&nbsp;&nbsp;&nbsp;<36 months: Y<br>&nbsp;&nbsp;&nbsp;&nbsp;30 months -- 5 years: Y<br>&nbsp;&nbsp;&nbsp;&nbsp;Preschool: N<br>&nbsp;&nbsp;&nbsp;&nbsp;Grade 1 - Age 12: N<br>
5804,Licensed Group,Little Einstein Children's Centre,5014 Smith Ave,,Burnaby,V5G 2W5,49.239219,-123.019793,604-377-1956,,,N,N,N,N,N,N,N,N,N,N,N,N,N,N,N,N,N,,,N,N,N,N,N,N,N,N,N,N,N,2026-05-15,http://www.healthspace.ca/fha/childcare,N,Y,N,Little Einstein Children's Centre<br>Licensed Group<br>604-377-1956<br><br>Vacancy:<br>&nbsp;&nbsp;&nbsp;&nbsp;<36 months: N<br>&nbsp;&nbsp;&nbsp;&nbsp;30 months -- 5 years: N<br>&nbsp;&nbsp;&nbsp;&nbsp;Preschool: N<br>&nbsp;&nbsp;&nbsp;&nbsp;Grade 1 - Age 12: N<br>
5805,Licensed Family,The Little Bridge Early Years Centre,5912 146 St,,Surrey,V3S 2Z7,49.110178,-122.817591,778-870-4849,www.thelittlebridge.info,,N,N,N,N,N,N,N,N,N,N,N,N,N,N,N,N,N,,,N,N,N,N,N,N,N,Y,Y,N,Y,2026-04-23,http://www.healthspace.ca/fha/childcare,N,Y,N,The Little Bridge Early Years Centre<br>Licensed Family<br>778-870-4849<br><br>Vacancy:<br>&nbsp;&nbsp;&nbsp;&nbsp;<36 months: Y<br>&nbsp;&nbsp;&nbsp;&nbsp;30 months -- 5 years: Y<br>&nbsp;&nbsp;&nbsp;&nbsp;Preschool: N<br>&nbsp;&nbsp;&nbsp;&nbsp;Grade 1 - Age 12: Y<br>
5806,Licensed Group,Learn N' Play Early Learning Centre Inc.,335 Columbia St E,,New Westminster,V3L 3W8,49.226939,-122.892906,604-553-0461,,,N,N,N,N,N,N,N,N,N,N,N,N,N,N,N,N,N,,,N,N,N,N,N,N,N,Y,Y,N,N,2026-05-01,http://www.healthspace.ca/fha/childcare,N,Y,N,Learn N' Play Early Learning Centre Inc.<br>Licensed Group<br>604-553-0461<br><br>Vacancy:<br>&nbsp;&nbsp;&nbsp;&nbsp;<36 months: Y<br>&nbsp;&nbsp;&nbsp;&nbsp;30 months -- 5 years: Y<br>&nbsp;&nbsp;&nbsp;&nbsp;Preschool: N<br>&nbsp;&nbsp;&nbsp;&nbsp;Grade 1 - Age 12: N<br>
5807,Licensed Group,Mindfulnest Early Learning Centre Ltd.,2364 15Th Ave,,Prince George,V2M 1S4,53.910547,-122.768924,250-561-6276,,,N,N,N,N,N,N,N,N,N,N,N,N,N,N,N,N,N,,,N,N,N,N,N,N,N,N,N,N,N,2026-03-30,https://www.healthspace.ca/Clients/NHA/NHA_Website.nsf/CCFL-Frameset,N,Y,N,Mindfulnest Early Learning Centre Ltd.<br>Licensed Group<br>250-561-6276<br><br>Vacancy:<br>&nbsp;&nbsp;&nbsp;&nbsp;<36 months: N<br>&nbsp;&nbsp;&nbsp;&nbsp;30 months -- 5 years: N<br>&nbsp;&nbsp;&nbsp;&nbsp;Preschool: N<br>&nbsp;&nbsp;&nbsp;&nbsp;Grade 1 - Age 12: N<br>
5808,Licensed Group,Golden Sunshine Daycare Centre,402 First St,,New Westminster,V3L 2G7,49.21464,-122.908874,778-223-6676,,,N,N,N,N,N,N,N,N,N,N,N,N,N,N,N,N,N,,,N,N,N,N,N,N,N,N,N,N,N,2026-05-06,http://www.healthspace.ca/fha/childcare,N,Y,N,Golden Sunshine Daycare Centre<br>Licensed Group<br>778-223-6676<br><br>Vacancy:<br>&nbsp;&nbsp;&nbsp;&nbsp;<36 months: N<br>&nbsp;&nbsp;&nbsp;&nbsp;30 months -- 5 years: N<br>&nbsp;&nbsp;&nbsp;&nbsp;Preschool: N<br>&nbsp;&nbsp;&nbsp;&nbsp;Grade 1 - Age 12: N<br>
5809,Licensed Group,Earth Child Montessori School Alderbridge Way,7780 Alderbridge Way,,Richmond,V6X 2A3,49.17601,-123.141055,604-270-0131,,,N,N,N,N,N,N,N,N,N,N,N,N,N,N,N,N,N,,,N,N,N,N,N,N,N,N,N,N,N,2026-04-29,https://inspections.vcha.ca/ChildCare/Table,N,Y,Y,Earth Child Montessori School Alderbridge Way<br>Licensed Group<br>604-270-0131<br><br>Vacancy:<br>&nbsp;&nbsp;&nbsp;&nbsp;<36 months: N<br>&nbsp;&nbsp;&nbsp;&nbsp;30 months -- 5 years: N<br>&nbsp;&nbsp;&nbsp;&nbsp;Preschool: N<br>&nbsp;&nbsp;&nbsp;&nbsp;Grade 1 - Age 12: N<br>
5810,Licensed Group,Earth Child Montessori School Alderbridge Way,7780 Alderbridge Way,,Richmond,V6X 2A3,49.17601,-123.141055,604-270-0131,,,N,N,N,N,N,N,N,N,N,N,N,N,N,N,N,N,N,,,N,N,N,N,N,N,N,N,N,N,N,2026-04-30,https://inspections.vcha.ca/ChildCare/Table,N,Y,Y,Earth Child Montessori School Alderbridge Way<br>Licensed Group<br>604-270-0131<br><br>Vacancy:<br>&nbsp;&nbsp;&nbsp;&nbsp;<36 months: N<br>&nbsp;&nbsp;&nbsp;&nbsp;30 months -- 5 years: N<br>&nbsp;&nbsp;&nbsp;&nbsp;Preschool: N<br>&nbsp;&nbsp;&nbsp;&nbsp;Grade 1 - Age 12: N<br>
5811,Licensed Group,Earth Child Montessori School Alderbridge Way,7780 Alderbridge Way,,Richmond,V6X 2A3,49.17601,-123.141055,604-270-0131,,,N,N,N,N,N,N,N,N,N,N,N,N,N,N,N,N,N,,,N,N,N,N,N,N,N,N,N,N,N,2026-04-30,https://inspections.vcha.ca/ChildCare/Table,N,Y,Y,Earth Child Montessori School Alderbridge Way<br>Licensed Group<br>604-270-0131<br><br>Vacancy:<br>&nbsp;&nbsp;&nbsp;&nbsp;<36 months: N<br>&nbsp;&nbsp;&nbsp;&nbsp;30 months -- 5 years: N<br>&nbsp;&nbsp;&nbsp;&nbsp;Preschool: N<br>&nbsp;&nbsp;&nbsp;&nbsp;Grade 1 - Age 12: N<br>
5812,Licensed Group,Little Koala Montessi Academy - Abbotsford,2335 mccallum Rd,,Abbotsford,V2S 3N7,49.044338,-122.293884,778-856-1281,,,N,N,N,N,N,N,N,N,N,N,N,N,N,N,N,N,N,,,N,N,N,N,N,N,N,Y,Y,N,N,2026-05-15,http://www.healthspace.ca/fha/childcare,N,Y,N,Little Koala Montessi Academy - Abbotsford<br>Licensed Group<br>778-856-1281<br><br>Vacancy:<br>&nbsp;&nbsp;&nbsp;&nbsp;<36 months: Y<br>&nbsp;&nbsp;&nbsp;&nbsp;30 months -- 5 years: Y<br>&nbsp;&nbsp;&nbsp;&nbsp;Preschool: N<br>&nbsp;&nbsp;&nbsp;&nbsp;Grade 1 - Age 12: N<br>
5813,Licensed Group,St. Ann's Academy Childcare,205 Columbia St,,Kamloops,V2C 2S7,50.671179,-120.337643,250-372-5452,,,N,N,N,N,N,N,N,N,N,N,N,N,N,N,N,N,N,,,N,N,N,N,N,N,N,Y,Y,N,Y,2026-05-04,https://hedgehogportal.interiorhealth.ca/ChildCare/Map,N,Y,N,St. Ann's Academy Childcare<br>Licensed Group<br>250-372-5452<br><br>Vacancy:<br>&nbsp;&nbsp;&nbsp;&nbsp;<36 months: Y<br>&nbsp;&nbsp;&nbsp;&nbsp;30 months -- 5 years: Y<br>&nbsp;&nbsp;&nbsp;&nbsp;Preschool: N<br>&nbsp;&nbsp;&nbsp;&nbsp;Grade 1 - Age 12: Y<br>
5814,Licensed Family,Woodland Kidz Childcare,139 Roberta Rd W,,Nanaimo,V9X 1A2,49.120318,-123.928792,250-755-5036,,,N,N,N,N,N,N,N,N,N,N,N,N,N,N,N,N,N,,,N,N,N,N,N,N,N,N,N,N,N,2026-05-19,https://www.healthspace.ca/clients/viha/viha_website.nsf/CCFL-Main?OpenView,N,Y,N,Woodland Kidz Childcare<br>Licensed Family<br>250-755-5036<br><br>Vacancy:<br>&nbsp;&nbsp;&nbsp;&nbsp;<36 months: N<br>&nbsp;&nbsp;&nbsp;&nbsp;30 months -- 5 years: N<br>&nbsp;&nbsp;&nbsp;&nbsp;Preschool: N<br>&nbsp;&nbsp;&nbsp;&nbsp;Grade 1 - Age 12: N<br>
5815,Licensed Group,Cariboo Clubhouse After School Care & Activity Centre,2075 Balsam Ave,,Quesnel,V2J 5J3,52.966714,-122.449591,250-983-2582,,,N,N,N,N,N,N,N,N,N,N,N,N,N,N,N,N,N,,,N,N,N,N,N,N,N,N,Y,N,Y,2026-05-05,https://www.healthspace.ca/Clients/NHA/NHA_Website.nsf/CCFL-Frameset,N,N,N,Cariboo Clubhouse After School Care & Activity Centre<br>Licensed Group<br>250-983-2582<br><br>Vacancy:<br>&nbsp;&nbsp;&nbsp;&nbsp;<36 months: N<br>&nbsp;&nbsp;&nbsp;&nbsp;30 months -- 5 years: Y<br>&nbsp;&nbsp;&nbsp;&nbsp;Preschool: N<br>&nbsp;&nbsp;&nbsp;&nbsp;Grade 1 - Age 12: Y<br>
5816,Licensed Family,Creative Gigglers Family Child Care,213 Cameron St,,Parksville,V9P 1G7,49.32398,-124.335749,250-240-2240,,,N,N,N,N,N,N,N,N,N,N,N,N,N,N,N,N,N,,,N,N,N,N,N,N,N,N,N,N,N,2026-05-04,https://www.healthspace.ca/clients/viha/viha_website.nsf/CCFL-Main?OpenView,N,Y,N,Creative Gigglers Family Child Care<br>Licensed Family<br>250-240-2240<br><br>Vacancy:<br>&nbsp;&nbsp;&nbsp;&nbsp;<36 months: N<br>&nbsp;&nbsp;&nbsp;&nbsp;30 months -- 5 years: N<br>&nbsp;&nbsp;&nbsp;&nbsp;Preschool: N<br>&nbsp;&nbsp;&nbsp;&nbsp;Grade 1 - Age 12: N<br>
5817,Licensed Group,Little Monsters Academy - Fraser Sunset,5888 Fraser St,,Vancouver,V5W 2Z5,49.231137,-123.090508,778-522-9406,,,N,N,N,N,N,N,N,N,N,N,N,N,N,N,N,N,N,,,N,N,N,N,N,N,N,N,N,Y,N,2026-04-27,,N,Y,N,Little Monsters Academy - Fraser Sunset<br>Licensed Group<br>778-522-9406<br><br>Vacancy:<br>&nbsp;&nbsp;&nbsp;&nbsp;<36 months: N<br>&nbsp;&nbsp;&nbsp;&nbsp;30 months -- 5 years: N<br>&nbsp;&nbsp;&nbsp;&nbsp;Preschool: Y<br>&nbsp;&nbsp;&nbsp;&nbsp;Grade 1 - Age 12: N<br>
5818,Licensed Group,Kidcare Daycare 2,1115 Western Ave,,Williams Lake,V2G 2J6,52.148992,-122.153177,250-398-8109,,,N,N,N,N,N,N,N,N,N,N,N,N,N,N,N,N,N,,,N,N,N,N,N,N,N,N,N,N,N,2026-05-19,https://hedgehogportal.interiorhealth.ca/ChildCare/Map,N,Y,N,Kidcare Daycare 2<br>Licensed Group<br>250-398-8109<br><br>Vacancy:<br>&nbsp;&nbsp;&nbsp;&nbsp;<36 months: N<br>&nbsp;&nbsp;&nbsp;&nbsp;30 months -- 5 years: N<br>&nbsp;&nbsp;&nbsp;&nbsp;Preschool: N<br>&nbsp;&nbsp;&nbsp;&nbsp;Grade 1 - Age 12: N<br>
5819,Licensed Group,Sunset Out Of School Care,6810 Main St,,Vancouver,V6X 0A1,49.222819,-123.099636,604-718-6512,,,N,N,N,N,N,N,N,N,N,N,N,N,N,N,N,N,N,,,N,N,N,N,N,N,N,N,N,N,N,2026-05-11,https://inspections.vcha.ca/ChildCare/Table,N,Y,N,Sunset Out Of School Care<br>Licensed Group<br>604-718-6512<br><br>Vacancy:<br>&nbsp;&nbsp;&nbsp;&nbsp;<36 months: N<br>&nbsp;&nbsp;&nbsp;&nbsp;30 months -- 5 years: N<br>&nbsp;&nbsp;&nbsp;&nbsp;Preschool: N<br>&nbsp;&nbsp;&nbsp;&nbsp;Grade 1 - Age 12: N<br>
5820,Licensed Group,Wind And Tide Preschool - Aldergrove,26291 28 Ave,,Aldergrove,V4W 2W3,49.053258,-122.495391,604-575-0549,,,N,N,N,N,N,N,N,N,N,N,N,N,N,N,N,N,N,,,N,N,N,N,N,N,N,N,N,Y,N,2026-05-15,http://www.healthspace.ca/fha/childcare,N,Y,N,Wind And Tide Preschool - Aldergrove<br>Licensed Group<br>604-575-0549<br><br>Vacancy:<br>&nbsp;&nbsp;&nbsp;&nbsp;<36 months: N<br>&nbsp;&nbsp;&nbsp;&nbsp;30 months -- 5 years: N<br>&nbsp;&nbsp;&nbsp;&nbsp;Preschool: Y<br>&nbsp;&nbsp;&nbsp;&nbsp;Grade 1 - Age 12: N<br>
5821,Licensed Group,Kids & Company King George Surrey,202-9900 King George Blvd,,Surrey,V3T 0K9,49.182359,-122.844907,778-293-1772,,,N,N,N,N,N,N,N,N,N,N,N,N,N,N,N,N,N,Not offered,Not offered,N,N,N,N,N,N,N,N,N,N,N,2026-05-10,http://www.healthspace.ca/fha/childcare,N,Y,N,Kids & Company King George Surrey<br>Licensed Group<br>778-293-1772<br><br>Vacancy:<br>&nbsp;&nbsp;&nbsp;&nbsp;<36 months: N<br>&nbsp;&nbsp;&nbsp;&nbsp;30 months -- 5 years: N<br>&nbsp;&nbsp;&nbsp;&nbsp;Preschool: N<br>&nbsp;&nbsp;&nbsp;&nbsp;Grade 1 - Age 12: N<br>
5822,Licensed Group,Kids & Company Port Moody,220 Brew St,,Port Moody,V3H 0H6,49.279196,-122.828488,604-492-1075,,,N,N,N,N,N,N,N,N,N,N,N,N,N,N,N,N,N,Not offered,Not offered,N,N,N,N,N,N,N,N,Y,N,N,2026-05-10,http://www.healthspace.ca/fha/childcare,N,Y,N,Kids & Company Port Moody<br>Licensed Group<br>604-492-1075<br><br>Vacancy:<br>&nbsp;&nbsp;&nbsp;&nbsp;<36 months: N<br>&nbsp;&nbsp;&nbsp;&nbsp;30 months -- 5 years: Y<br>&nbsp;&nbsp;&nbsp;&nbsp;Preschool: N<br>&nbsp;&nbsp;&nbsp;&nbsp;Grade 1 - Age 12: N<br>
5823,Licensed Group,Kinder Kampus - Eagle Mountain Middle School,110 Dogwood Dr,,Anmore,V3H 5G1,49.301781,-122.838784,778-980-0711,,,N,N,N,N,N,N,N,N,N,N,N,N,N,N,N,N,N,,,N,N,N,N,N,N,N,N,Y,N,Y,2026-05-15,http://www.healthspace.ca/fha/childcare,N,Y,N,Kinder Kampus - Eagle Mountain Middle School<br>Licensed Group<br>778-980-0711<br><br>Vacancy:<br>&nbsp;&nbsp;&nbsp;&nbsp;<36 months: N<br>&nbsp;&nbsp;&nbsp;&nbsp;30 months -- 5 years: Y<br>&nbsp;&nbsp;&nbsp;&nbsp;Preschool: N<br>&nbsp;&nbsp;&nbsp;&nbsp;Grade 1 - Age 12: Y<br>
5824,Licensed Family,Auntie Em's,3161 Gilana Pl,,Duncan,V9L 5H5,48.793642,-123.728985,250-710-3341,,,N,N,N,N,N,N,N,N,N,N,N,N,N,N,N,N,N,,,N,N,N,N,N,N,N,N,N,N,N,2026-04-27,https://www.healthspace.ca/clients/viha/viha_website.nsf/CCFL-Main?OpenView,N,Y,N,Auntie Em's<br>Licensed Family<br>250-710-3341<br><br>Vacancy:<br>&nbsp;&nbsp;&nbsp;&nbsp;<36 months: N<br>&nbsp;&nbsp;&nbsp;&nbsp;30 months -- 5 years: N<br>&nbsp;&nbsp;&nbsp;&nbsp;Preschool: N<br>&nbsp;&nbsp;&nbsp;&nbsp;Grade 1 - Age 12: N<br>
5825,Licensed Group,Dreamland Infant And Toddler Daycare Center,5365 Venables St,,Burnaby,V5B 1X9,49.276666,-122.985914,604-298-7772,,,N,N,N,N,N,N,N,N,N,N,N,N,N,N,N,N,N,,,N,N,N,N,N,N,N,N,N,N,N,2026-05-15,http://www.healthspace.ca/fha/childcare,N,Y,N,Dreamland Infant And Toddler Daycare Center<br>Licensed Group<br>604-298-7772<br><br>Vacancy:<br>&nbsp;&nbsp;&nbsp;&nbsp;<36 months: N<br>&nbsp;&nbsp;&nbsp;&nbsp;30 months -- 5 years: N<br>&nbsp;&nbsp;&nbsp;&nbsp;Preschool: N<br>&nbsp;&nbsp;&nbsp;&nbsp;Grade 1 - Age 12: N<br>
5826,Licensed Group,Juniper Early Learning Center,2049 Highland Pl,,Kamloops,V2E 0A8,50.661414,-120.263159,250-374-9565,,,N,N,N,N,N,N,N,N,N,N,N,N,N,N,N,N,N,,,N,N,N,N,N,N,N,N,Y,N,Y,2026-05-15,https://hedgehogportal.interiorhealth.ca/ChildCare/Map,N,Y,N,Juniper Early Learning Center<br>Licensed Group<br>250-374-9565<br><br>Vacancy:<br>&nbsp;&nbsp;&nbsp;&nbsp;<36 months: N<br>&nbsp;&nbsp;&nbsp;&nbsp;30 months -- 5 years: Y<br>&nbsp;&nbsp;&nbsp;&nbsp;Preschool: N<br>&nbsp;&nbsp;&nbsp;&nbsp;Grade 1 - Age 12: Y<br>
5827,Licensed Group,Westgate Montessori School Inc.,3489 31St Ave W,,Vancouver,V6S 1X6,49.244287,-123.181584,604-221-9300,,,N,N,N,N,N,N,N,N,N,N,N,N,N,N,N,N,N,,,N,N,N,N,N,N,N,N,N,Y,N,2026-04-23,https://inspections.vcha.ca/ChildCare/Table,N,N,N,Westgate Montessori School Inc.<br>Licensed Group<br>604-221-9300<br><br>Vacancy:<br>&nbsp;&nbsp;&nbsp;&nbsp;<36 months: N<br>&nbsp;&nbsp;&nbsp;&nbsp;30 months -- 5 years: N<br>&nbsp;&nbsp;&nbsp;&nbsp;Preschool: Y<br>&nbsp;&nbsp;&nbsp;&nbsp;Grade 1 - Age 12: N<br>
5828,Licensed Group,Premier Montessori Academy,9140 Bridgeport Rd,,Richmond,V6X 1S1,49.191643,-123.122762,604-214-2927,,,N,N,N,N,N,N,N,N,N,N,N,N,N,N,N,N,N,,,N,N,N,N,N,N,N,N,N,N,N,2026-05-20,https://inspections.vcha.ca/ChildCare/Table,N,Y,Y,Premier Montessori Academy<br>Licensed Group<br>604-214-2927<br><br>Vacancy:<br>&nbsp;&nbsp;&nbsp;&nbsp;<36 months: N<br>&nbsp;&nbsp;&nbsp;&nbsp;30 months -- 5 years: N<br>&nbsp;&nbsp;&nbsp;&nbsp;Preschool: N<br>&nbsp;&nbsp;&nbsp;&nbsp;Grade 1 - Age 12: N<br>
5829,Licensed Group,Premier Montessori Academy,9140 Bridgeport Rd,,Richmond,V6X 1S1,49.191643,-123.122762,604-214-2927,,,N,N,N,N,N,N,N,N,N,N,N,N,N,N,N,N,N,,,N,N,N,N,N,N,N,N,N,N,N,2026-05-20,https://inspections.vcha.ca/ChildCare/Table,N,Y,Y,Premier Montessori Academy<br>Licensed Group<br>604-214-2927<br><br>Vacancy:<br>&nbsp;&nbsp;&nbsp;&nbsp;<36 months: N<br>&nbsp;&nbsp;&nbsp;&nbsp;30 months -- 5 years: N<br>&nbsp;&nbsp;&nbsp;&nbsp;Preschool: N<br>&nbsp;&nbsp;&nbsp;&nbsp;Grade 1 - Age 12: N<br>
5830,Licensed Group,Little Meadows Academy,11887 Bonson Rd,,Pitt Meadows,V3Y 1K5,49.218562,-122.681154,604-465-9822,,,N,N,N,N,N,N,N,N,N,N,N,N,N,N,N,N,N,,,N,N,N,N,N,N,N,N,N,N,N,2026-04-20,http://www.healthspace.ca/fha/childcare,N,Y,N,Little Meadows Academy<br>Licensed Group<br>604-465-9822<br><br>Vacancy:<br>&nbsp;&nbsp;&nbsp;&nbsp;<36 months: N<br>&nbsp;&nbsp;&nbsp;&nbsp;30 months -- 5 years: N<br>&nbsp;&nbsp;&nbsp;&nbsp;Preschool: N<br>&nbsp;&nbsp;&nbsp;&nbsp;Grade 1 - Age 12: N<br>
5831,Licensed Group,Lakeshore Out Of School Care,4409 Lakeshore Rd,,Kelowna,V1W 1W7,49.822344,-119.48813,250-808-1780,,,N,N,N,N,N,N,N,N,N,N,N,N,N,N,N,N,N,,,N,N,N,N,N,N,N,N,Y,N,Y,2026-05-19,https://hedgehogportal.interiorhealth.ca/ChildCare/Map,N,Y,N,Lakeshore Out Of School Care<br>Licensed Group<br>250-808-1780<br><br>Vacancy:<br>&nbsp;&nbsp;&nbsp;&nbsp;<36 months: N<br>&nbsp;&nbsp;&nbsp;&nbsp;30 months -- 5 years: Y<br>&nbsp;&nbsp;&nbsp;&nbsp;Preschool: N<br>&nbsp;&nbsp;&nbsp;&nbsp;Grade 1 - Age 12: Y<br>
5832,Licensed Group,Oes Early Learning Centre,809 School Ave,,Oliver,V0H 1T0,49.182259,-119.55629,250-689-4099,,,N,N,N,N,N,N,N,N,N,N,N,N,N,N,N,N,N,,,N,N,N,N,N,N,N,N,N,Y,N,2026-05-15,https://hedgehogportal.interiorhealth.ca/ChildCare/Map,N,Y,N,Oes Early Learning Centre<br>Licensed Group<br>250-689-4099<br><br>Vacancy:<br>&nbsp;&nbsp;&nbsp;&nbsp;<36 months: N<br>&nbsp;&nbsp;&nbsp;&nbsp;30 months -- 5 years: N<br>&nbsp;&nbsp;&nbsp;&nbsp;Preschool: Y<br>&nbsp;&nbsp;&nbsp;&nbsp;Grade 1 - Age 12: N<br>
5833,Licensed Group,Country Kids Childcare Centre,50850 Yale Rd,,Rosedale,V0X 1X2,49.173427,-121.818041,604-378-0300,,,N,N,N,N,N,N,N,N,N,N,N,N,N,N,N,N,N,,,N,N,N,N,N,N,N,N,N,N,N,2026-05-20,http://www.healthspace.ca/fha/childcare,N,Y,N,Country Kids Childcare Centre<br>Licensed Group<br>604-378-0300<br><br>Vacancy:<br>&nbsp;&nbsp;&nbsp;&nbsp;<36 months: N<br>&nbsp;&nbsp;&nbsp;&nbsp;30 months -- 5 years: N<br>&nbsp;&nbsp;&nbsp;&nbsp;Preschool: N<br>&nbsp;&nbsp;&nbsp;&nbsp;Grade 1 - Age 12: N<br>
5834,Licensed Group,Mrs. Malan's Music & Movement Preschool,1985 Rena Rd,,Nanoose Bay,V9P 9B1,49.256882,-124.220069,250-244-6430,,,N,N,N,N,N,N,N,N,N,N,N,N,N,N,N,N,N,,,N,N,N,N,N,N,N,N,Y,N,N,2026-05-19,https://www.healthspace.ca/clients/viha/viha_website.nsf/CCFL-Main?OpenView,N,Y,N,Mrs. Malan's Music & Movement Preschool<br>Licensed Group<br>250-244-6430<br><br>Vacancy:<br>&nbsp;&nbsp;&nbsp;&nbsp;<36 months: N<br>&nbsp;&nbsp;&nbsp;&nbsp;30 months -- 5 years: Y<br>&nbsp;&nbsp;&nbsp;&nbsp;Preschool: N<br>&nbsp;&nbsp;&nbsp;&nbsp;Grade 1 - Age 12: N<br>
5835,Licensed Group,Jericho Kids' Club 2 General Gordon,2268 Bayswater St,,Vancouver,V6K 4P5,49.266089,-123.171124,604-736-4080,,,N,N,N,N,N,N,N,N,N,N,N,N,N,N,N,N,N,,,N,N,N,N,N,N,N,N,N,N,N,2026-05-21,https://inspections.vcha.ca/ChildCare/Table,N,Y,N,Jericho Kids' Club 2 General Gordon<br>Licensed Group<br>604-736-4080<br><br>Vacancy:<br>&nbsp;&nbsp;&nbsp;&nbsp;<36 months: N<br>&nbsp;&nbsp;&nbsp;&nbsp;30 months -- 5 years: N<br>&nbsp;&nbsp;&nbsp;&nbsp;Preschool: N<br>&nbsp;&nbsp;&nbsp;&nbsp;Grade 1 - Age 12: N<br>
5836,Licensed Group,Peregrine House School,20381 66 Ave,,Langley,V2Y 1P3,49.123522,-122.657797,778-378-0551,,,N,N,N,N,N,N,N,N,N,N,N,N,N,N,N,N,N,,,N,N,N,N,N,N,N,N,N,N,N,2026-05-15,http://www.healthspace.ca/fha/childcare,N,Y,N,Peregrine House School<br>Licensed Group<br>778-378-0551<br><br>Vacancy:<br>&nbsp;&nbsp;&nbsp;&nbsp;<36 months: N<br>&nbsp;&nbsp;&nbsp;&nbsp;30 months -- 5 years: N<br>&nbsp;&nbsp;&nbsp;&nbsp;Preschool: N<br>&nbsp;&nbsp;&nbsp;&nbsp;Grade 1 - Age 12: N<br>
5837,Licensed Family,Kellie N Kids Daycare,1705 Estates Pl,,Penticton,V2A 8Y9,49.506995,-119.638161,236-422-4494,,,N,N,N,N,N,N,N,N,N,N,N,N,N,N,N,N,N,,,N,N,N,N,N,N,N,N,N,N,N,2026-05-15,https://hedgehogportal.interiorhealth.ca/ChildCare/Map,N,Y,N,Kellie N Kids Daycare<br>Licensed Family<br>236-422-4494<br><br>Vacancy:<br>&nbsp;&nbsp;&nbsp;&nbsp;<36 months: N<br>&nbsp;&nbsp;&nbsp;&nbsp;30 months -- 5 years: N<br>&nbsp;&nbsp;&nbsp;&nbsp;Preschool: N<br>&nbsp;&nbsp;&nbsp;&nbsp;Grade 1 - Age 12: N<br>
5838,Licensed Group,Special Times After School Care,1251 Lillooet Rd,,North Vancouver,V7J 3H7,49.318783,-123.024368,604-812-4449,,,N,N,N,N,N,N,N,N,N,N,N,N,N,N,N,N,N,,,N,N,N,N,N,N,N,N,Y,N,Y,2026-05-13,https://inspections.vcha.ca/ChildCare/Table,N,Y,N,Special Times After School Care<br>Licensed Group<br>604-812-4449<br><br>Vacancy:<br>&nbsp;&nbsp;&nbsp;&nbsp;<36 months: N<br>&nbsp;&nbsp;&nbsp;&nbsp;30 months -- 5 years: Y<br>&nbsp;&nbsp;&nbsp;&nbsp;Preschool: N<br>&nbsp;&nbsp;&nbsp;&nbsp;Grade 1 - Age 12: Y<br>
5839,Licensed Family,Fits & Giggles,1509 Mount Royal Ridge,,Cranbrook,V1C 0C4,49.524785,-115.73209,250-464-1338,,,N,N,N,N,N,N,N,N,N,N,N,N,N,N,N,N,N,,,N,N,N,N,N,N,N,N,N,N,N,2026-05-15,https://hedgehogportal.interiorhealth.ca/ChildCare/Map,N,Y,N,Fits & Giggles<br>Licensed Family<br>250-464-1338<br><br>Vacancy:<br>&nbsp;&nbsp;&nbsp;&nbsp;<36 months: N<br>&nbsp;&nbsp;&nbsp;&nbsp;30 months -- 5 years: N<br>&nbsp;&nbsp;&nbsp;&nbsp;Preschool: N<br>&nbsp;&nbsp;&nbsp;&nbsp;Grade 1 - Age 12: N<br>
5840,Licensed Group,Tiny Toes Learning Centre,19076 88 Ave,,Surrey,V4N 5T2,49.162665,-122.694,604-765-0355,,,N,N,N,N,N,N,N,N,N,N,N,N,N,N,N,N,N,,,N,N,N,N,N,N,N,N,Y,N,Y,2026-05-05,http://www.healthspace.ca/fha/childcare,N,Y,N,Tiny Toes Learning Centre<br>Licensed Group<br>604-765-0355<br><br>Vacancy:<br>&nbsp;&nbsp;&nbsp;&nbsp;<36 months: N<br>&nbsp;&nbsp;&nbsp;&nbsp;30 months -- 5 years: Y<br>&nbsp;&nbsp;&nbsp;&nbsp;Preschool: N<br>&nbsp;&nbsp;&nbsp;&nbsp;Grade 1 - Age 12: Y<br>
5841,Licensed Group,Ctots Childhood Education Centre,2955 Glasgow St,,Victoria,V8T 4H1,48.443636,-123.361387,250-589-7677,,,N,N,N,N,N,N,N,N,N,N,N,N,N,N,N,N,N,,,N,N,N,N,N,N,N,Y,N,N,N,2026-05-01,https://www.healthspace.ca/clients/viha/viha_website.nsf/CCFL-Main?OpenView,N,Y,N,Ctots Childhood Education Centre<br>Licensed Group<br>250-589-7677<br><br>Vacancy:<br>&nbsp;&nbsp;&nbsp;&nbsp;<36 months: Y<br>&nbsp;&nbsp;&nbsp;&nbsp;30 months -- 5 years: N<br>&nbsp;&nbsp;&nbsp;&nbsp;Preschool: N<br>&nbsp;&nbsp;&nbsp;&nbsp;Grade 1 - Age 12: N<br>
5842,Licensed Family,Creative Angels Daycare Centre,21179 83B Ave,,Langley,V2Y 0C3,49.154503,-122.635359,778-858-0242,,,N,N,N,N,N,N,N,N,N,N,N,N,N,N,N,N,N,,,N,N,N,N,N,N,N,N,N,N,N,2026-04-20,http://www.healthspace.ca/fha/childcare,N,Y,N,Creative Angels Daycare Centre<br>Licensed Family<br>778-858-0242<br><br>Vacancy:<br>&nbsp;&nbsp;&nbsp;&nbsp;<36 months: N<br>&nbsp;&nbsp;&nbsp;&nbsp;30 months -- 5 years: N<br>&nbsp;&nbsp;&nbsp;&nbsp;Preschool: N<br>&nbsp;&nbsp;&nbsp;&nbsp;Grade 1 - Age 12: N<br>
5843,Licensed Group,Absorbent Minds Montessori School,101-5961 168 St,,Surrey,V3S 3X5,49.110734,-122.757394,604-372-4600,,,N,N,N,N,N,N,N,N,N,N,N,N,N,N,N,N,N,,,N,N,N,N,N,N,N,N,N,N,N,2026-05-15,http://www.healthspace.ca/fha/childcare,N,Y,N,Absorbent Minds Montessori School<br>Licensed Group<br>604-372-4600<br><br>Vacancy:<br>&nbsp;&nbsp;&nbsp;&nbsp;<36 months: N<br>&nbsp;&nbsp;&nbsp;&nbsp;30 months -- 5 years: N<br>&nbsp;&nbsp;&nbsp;&nbsp;Preschool: N<br>&nbsp;&nbsp;&nbsp;&nbsp;Grade 1 - Age 12: N<br>
5844,Licensed Group,Superlearners Childcareland,14042 Grosvenor Rd,,Surrey,V3R 9Y3,49.205581,-122.832778,778-895-7317,,,N,N,N,N,N,N,N,N,N,N,N,N,N,N,N,N,N,,,N,N,N,N,N,N,N,N,Y,N,N,2026-05-15,http://www.healthspace.ca/fha/childcare,N,Y,N,Superlearners Childcareland<br>Licensed Group<br>778-895-7317<br><br>Vacancy:<br>&nbsp;&nbsp;&nbsp;&nbsp;<36 months: N<br>&nbsp;&nbsp;&nbsp;&nbsp;30 months -- 5 years: Y<br>&nbsp;&nbsp;&nbsp;&nbsp;Preschool: N<br>&nbsp;&nbsp;&nbsp;&nbsp;Grade 1 - Age 12: N<br>
5845,Licensed Group,Windsor ymca Kids Club,6166 Imperial St,,Burnaby,V5J 1G5,49.221584,-122.973779,604-996-4412,,,N,N,N,N,N,N,N,N,N,N,N,N,N,N,N,N,N,,,N,N,N,N,N,N,N,N,N,N,N,2026-05-14,http://www.healthspace.ca/fha/childcare,N,Y,N,Windsor ymca Kids Club<br>Licensed Group<br>604-996-4412<br><br>Vacancy:<br>&nbsp;&nbsp;&nbsp;&nbsp;<36 months: N<br>&nbsp;&nbsp;&nbsp;&nbsp;30 months -- 5 years: N<br>&nbsp;&nbsp;&nbsp;&nbsp;Preschool: N<br>&nbsp;&nbsp;&nbsp;&nbsp;Grade 1 - Age 12: N<br>
5846,Licensed Family,Munchkin Magic,5625 Oscar Rd,,Terrace,V8G 0C2,54.57685,-128.653643,250-635-7998,,,N,N,N,N,N,N,N,N,N,N,N,N,N,N,N,N,N,,,N,N,N,N,N,N,N,N,Y,N,N,2026-05-15,https://www.healthspace.ca/Clients/NHA/NHA_Website.nsf/CCFL-Frameset,N,Y,N,Munchkin Magic<br>Licensed Family<br>250-635-7998<br><br>Vacancy:<br>&nbsp;&nbsp;&nbsp;&nbsp;<36 months: N<br>&nbsp;&nbsp;&nbsp;&nbsp;30 months -- 5 years: Y<br>&nbsp;&nbsp;&nbsp;&nbsp;Preschool: N<br>&nbsp;&nbsp;&nbsp;&nbsp;Grade 1 - Age 12: N<br>
5847,Licensed Group,Head Start Pre-Kinder,617 Fourth Ave,,New Westminster,V3M 1S5,49.209823,-122.917945,604-374-3728,,,N,N,N,N,N,N,N,N,N,N,N,N,N,N,N,N,N,,,N,N,N,N,N,N,N,N,N,N,N,2026-05-14,http://www.healthspace.ca/fha/childcare,N,Y,N,Head Start Pre-Kinder<br>Licensed Group<br>604-374-3728<br><br>Vacancy:<br>&nbsp;&nbsp;&nbsp;&nbsp;<36 months: N<br>&nbsp;&nbsp;&nbsp;&nbsp;30 months -- 5 years: N<br>&nbsp;&nbsp;&nbsp;&nbsp;Preschool: N<br>&nbsp;&nbsp;&nbsp;&nbsp;Grade 1 - Age 12: N<br>
5848,Licensed Family,Tenderfoot,484 Pine St,,Nanaimo,V9R 2C4,49.158395,-123.944662,250-667-7099,https://m.facebook.com/nanaimotenderfoot/,,N,N,N,N,N,N,N,N,N,N,N,N,N,N,N,N,N,,,N,N,N,N,N,N,N,N,N,N,N,2026-05-18,https://www.healthspace.ca/clients/viha/viha_website.nsf/CCFL-Main?OpenView,N,Y,N,Tenderfoot<br>Licensed Family<br>250-667-7099<br><br>Vacancy:<br>&nbsp;&nbsp;&nbsp;&nbsp;<36 months: N<br>&nbsp;&nbsp;&nbsp;&nbsp;30 months -- 5 years: N<br>&nbsp;&nbsp;&nbsp;&nbsp;Preschool: N<br>&nbsp;&nbsp;&nbsp;&nbsp;Grade 1 - Age 12: N<br>
5849,Licensed Group,Little Berries Childcare Centre,18931 70A Ave,,Surrey,V4N 5M5,49.130751,-122.697784,604-889-9398,,,N,N,N,N,N,N,N,N,N,N,N,N,N,N,N,N,N,,,N,N,N,N,N,N,N,Y,N,N,N,2026-05-15,http://www.healthspace.ca/fha/childcare,N,Y,N,Little Berries Childcare Centre<br>Licensed Group<br>604-889-9398<br><br>Vacancy:<br>&nbsp;&nbsp;&nbsp;&nbsp;<36 months: Y<br>&nbsp;&nbsp;&nbsp;&nbsp;30 months -- 5 years: N<br>&nbsp;&nbsp;&nbsp;&nbsp;Preschool: N<br>&nbsp;&nbsp;&nbsp;&nbsp;Grade 1 - Age 12: N<br>
5850,Licensed Group,Country Bumkins Children's Centre - Willoughby,20766 80 Ave,,Langley,V2Y 1X6,49.147097,-122.646797,604-881-9052,,,N,N,N,N,N,N,N,N,N,N,N,N,N,N,N,N,N,,,N,N,N,N,N,N,N,N,N,N,N,2026-04-28,http://www.healthspace.ca/fha/childcare,N,Y,N,Country Bumkins Children's Centre - Willoughby<br>Licensed Group<br>604-881-9052<br><br>Vacancy:<br>&nbsp;&nbsp;&nbsp;&nbsp;<36 months: N<br>&nbsp;&nbsp;&nbsp;&nbsp;30 months -- 5 years: N<br>&nbsp;&nbsp;&nbsp;&nbsp;Preschool: N<br>&nbsp;&nbsp;&nbsp;&nbsp;Grade 1 - Age 12: N<br>
5851,Licensed Group,Tomorrow's Topkids Jessie Wowk Clubhouse,5380 Woodwards Rd,,Richmond,V7E 1H1,49.142976,-123.163983,604-437-4744,,,N,N,N,N,N,N,N,N,N,N,N,N,N,N,N,N,N,,,N,N,N,N,N,N,N,N,N,N,N,2026-04-28,https://inspections.vcha.ca/ChildCare/Table,N,Y,N,Tomorrow's Topkids Jessie Wowk Clubhouse<br>Licensed Group<br>604-437-4744<br><br>Vacancy:<br>&nbsp;&nbsp;&nbsp;&nbsp;<36 months: N<br>&nbsp;&nbsp;&nbsp;&nbsp;30 months -- 5 years: N<br>&nbsp;&nbsp;&nbsp;&nbsp;Preschool: N<br>&nbsp;&nbsp;&nbsp;&nbsp;Grade 1 - Age 12: N<br>
5852,Licensed Group,Vancouver Talmud Torah Early Childhood Program,998 26Th Ave W,,Vancouver,V5Z 2G1,49.247582,-123.126823,604-736-7307,,,N,N,N,N,N,N,N,N,N,N,N,N,N,N,N,N,N,,,N,N,N,N,N,N,N,N,Y,N,N,2026-05-06,https://inspections.vcha.ca/ChildCare/Table,N,Y,N,Vancouver Talmud Torah Early Childhood Program<br>Licensed Group<br>604-736-7307<br><br>Vacancy:<br>&nbsp;&nbsp;&nbsp;&nbsp;<36 months: N<br>&nbsp;&nbsp;&nbsp;&nbsp;30 months -- 5 years: Y<br>&nbsp;&nbsp;&nbsp;&nbsp;Preschool: N<br>&nbsp;&nbsp;&nbsp;&nbsp;Grade 1 - Age 12: N<br>
5853,Licensed Group,Carr Group Childcare (School Age Care),4070 Oak St,,Vancouver,V6H 2M8,49.249871,-123.126073,604-257-8134,,,N,N,N,N,N,N,N,N,N,N,N,N,N,N,N,N,N,,,N,N,N,N,N,N,N,N,N,N,N,2026-04-23,https://inspections.vcha.ca/ChildCare/Table,N,Y,N,Carr Group Childcare (School Age Care)<br>Licensed Group<br>604-257-8134<br><br>Vacancy:<br>&nbsp;&nbsp;&nbsp;&nbsp;<36 months: N<br>&nbsp;&nbsp;&nbsp;&nbsp;30 months -- 5 years: N<br>&nbsp;&nbsp;&nbsp;&nbsp;Preschool: N<br>&nbsp;&nbsp;&nbsp;&nbsp;Grade 1 - Age 12: N<br>
5854,Licensed Group,Red Barn Montessori,41738 Government Rd,,Brackendale,V0N 1H0,49.764579,-123.147366,604-892-5303,,,N,N,N,N,N,N,N,N,N,N,N,N,N,N,N,N,N,,,N,N,N,N,N,N,N,N,N,N,N,2026-05-19,https://inspections.vcha.ca/ChildCare/Table,N,Y,N,Red Barn Montessori<br>Licensed Group<br>604-892-5303<br><br>Vacancy:<br>&nbsp;&nbsp;&nbsp;&nbsp;<36 months: N<br>&nbsp;&nbsp;&nbsp;&nbsp;30 months -- 5 years: N<br>&nbsp;&nbsp;&nbsp;&nbsp;Preschool: N<br>&nbsp;&nbsp;&nbsp;&nbsp;Grade 1 - Age 12: N<br>
5855,Licensed Group,La Vie Est Belle Childcare Centre,1103 Confederation Dr,,Port Coquitlam,V3C 5Y6,49.231861,-122.785907,778-996-0686,,,Y,Y,N,N,N,N,Y,Y,N,N,N,N,N,Y,Y,N,N,Extra fee,Extra fee,N,N,N,N,N,N,N,N,Y,N,N,2026-05-15,http://www.healthspace.ca/fha/childcare,N,Y,N,La Vie Est Belle Childcare Centre<br>Licensed Group<br>778-996-0686<br><br>Vacancy:<br>&nbsp;&nbsp;&nbsp;&nbsp;<36 months: N<br>&nbsp;&nbsp;&nbsp;&nbsp;30 months -- 5 years: Y<br>&nbsp;&nbsp;&nbsp;&nbsp;Preschool: N<br>&nbsp;&nbsp;&nbsp;&nbsp;Grade 1 - Age 12: N<br>
5856,Licensed Family,Sakura Childcare The First,4237 Price Cres,,Burnaby,V5G 2M9,49.239156,-123.010311,778-858-7216,,,N,N,N,N,N,N,N,N,N,N,N,N,N,N,N,N,N,,,N,N,N,N,N,N,N,N,N,N,N,2026-05-01,http://www.healthspace.ca/fha/childcare,N,Y,N,Sakura Childcare The First<br>Licensed Family<br>778-858-7216<br><br>Vacancy:<br>&nbsp;&nbsp;&nbsp;&nbsp;<36 months: N<br>&nbsp;&nbsp;&nbsp;&nbsp;30 months -- 5 years: N<br>&nbsp;&nbsp;&nbsp;&nbsp;Preschool: N<br>&nbsp;&nbsp;&nbsp;&nbsp;Grade 1 - Age 12: N<br>
5857,Licensed Group,Precious Early Years Childcare Inc.,818 Twentieth St,,New Westminster,V3M 4W8,49.203483,-122.949734,604-525-8186,,,N,N,N,N,N,N,N,N,N,N,N,N,N,N,N,N,N,,,N,N,N,N,N,N,N,N,N,N,N,2026-05-15,http://www.healthspace.ca/fha/childcare,N,Y,N,Precious Early Years Childcare Inc.<br>Licensed Group<br>604-525-8186<br><br>Vacancy:<br>&nbsp;&nbsp;&nbsp;&nbsp;<36 months: N<br>&nbsp;&nbsp;&nbsp;&nbsp;30 months -- 5 years: N<br>&nbsp;&nbsp;&nbsp;&nbsp;Preschool: N<br>&nbsp;&nbsp;&nbsp;&nbsp;Grade 1 - Age 12: N<br>
5858,Licensed Group,Precious Early Years Childcare Centre,826 Twentieth St,,New Westminster,V3M 4W8,49.203777,-122.949665,604-525-8186,,,N,N,N,N,N,N,N,N,N,N,N,N,N,N,N,N,N,,,N,N,N,N,N,N,N,N,N,N,N,2026-05-15,http://www.healthspace.ca/fha/childcare,N,Y,N,Precious Early Years Childcare Centre<br>Licensed Group<br>604-525-8186<br><br>Vacancy:<br>&nbsp;&nbsp;&nbsp;&nbsp;<36 months: N<br>&nbsp;&nbsp;&nbsp;&nbsp;30 months -- 5 years: N<br>&nbsp;&nbsp;&nbsp;&nbsp;Preschool: N<br>&nbsp;&nbsp;&nbsp;&nbsp;Grade 1 - Age 12: N<br>
5859,Licensed Group,Precious School Years Childcare,1210 Kingston St,,New Westminster,V3M 2N1,49.209858,-122.934061,778-999-8637,,,N,N,N,N,N,N,N,N,N,N,N,N,N,N,N,N,N,,,N,N,N,N,N,N,N,N,N,N,N,2026-05-15,http://www.healthspace.ca/fha/childcare,N,Y,N,Precious School Years Childcare<br>Licensed Group<br>778-999-8637<br><br>Vacancy:<br>&nbsp;&nbsp;&nbsp;&nbsp;<36 months: N<br>&nbsp;&nbsp;&nbsp;&nbsp;30 months -- 5 years: N<br>&nbsp;&nbsp;&nbsp;&nbsp;Preschool: N<br>&nbsp;&nbsp;&nbsp;&nbsp;Grade 1 - Age 12: N<br>
5860,Licensed Group,Sunflower Before And After School Care,2260 Philip Ave,,North Vancouver,V7P 2W8,49.330395,-123.112745,604-985-9622,,,N,N,N,N,N,N,N,N,N,N,N,N,N,N,N,N,N,,,N,N,N,N,N,N,N,N,N,N,Y,2026-05-19,https://inspections.vcha.ca/ChildCare/Table,N,Y,N,Sunflower Before And After School Care<br>Licensed Group<br>604-985-9622<br><br>Vacancy:<br>&nbsp;&nbsp;&nbsp;&nbsp;<36 months: N<br>&nbsp;&nbsp;&nbsp;&nbsp;30 months -- 5 years: N<br>&nbsp;&nbsp;&nbsp;&nbsp;Preschool: N<br>&nbsp;&nbsp;&nbsp;&nbsp;Grade 1 - Age 12: Y<br>
5861,Licensed Family,Adrianne's Little Critters Family Daycare,4245 Paschal Pl,,Prince George,V2N 3J7,53.899174,-122.803551,250-301-3969,,,N,N,N,N,N,N,N,N,N,N,N,N,N,N,N,N,N,,,N,N,N,N,N,N,N,N,N,N,N,2026-04-15,https://www.healthspace.ca/Clients/NHA/NHA_Website.nsf/CCFL-Frameset,N,Y,N,Adrianne's Little Critters Family Daycare<br>Licensed Family<br>250-301-3969<br><br>Vacancy:<br>&nbsp;&nbsp;&nbsp;&nbsp;<36 months: N<br>&nbsp;&nbsp;&nbsp;&nbsp;30 months -- 5 years: N<br>&nbsp;&nbsp;&nbsp;&nbsp;Preschool: N<br>&nbsp;&nbsp;&nbsp;&nbsp;Grade 1 - Age 12: N<br>
5862,Licensed Group,Xtreme Performing Arts Academy,11-34100 South Fraser Way,,Abbotsford,V2S 2C6,49.04,-122.2792,604-615-4116,,,N,N,N,N,N,N,N,N,N,N,N,N,N,N,N,N,N,,,N,N,N,N,N,N,N,N,N,N,Y,2026-04-19,http://www.healthspace.ca/fha/childcare,N,Y,N,Xtreme Performing Arts Academy<br>Licensed Group<br>604-615-4116<br><br>Vacancy:<br>&nbsp;&nbsp;&nbsp;&nbsp;<36 months: N<br>&nbsp;&nbsp;&nbsp;&nbsp;30 months -- 5 years: N<br>&nbsp;&nbsp;&nbsp;&nbsp;Preschool: N<br>&nbsp;&nbsp;&nbsp;&nbsp;Grade 1 - Age 12: Y<br>
5863,Licensed Group,Creative Kids Learning Centers - Langley Meadows,101-19916 64 Ave,,Langley,V2Y 1A2,49.11817,-122.670454,604-560-5002,,,N,N,N,N,N,N,N,N,N,N,N,N,N,N,N,N,N,,,N,N,N,N,N,N,N,Y,Y,N,Y,2026-05-19,http://www.healthspace.ca/fha/childcare,N,Y,N,Creative Kids Learning Centers - Langley Meadows<br>Licensed Group<br>604-560-5002<br><br>Vacancy:<br>&nbsp;&nbsp;&nbsp;&nbsp;<36 months: Y<br>&nbsp;&nbsp;&nbsp;&nbsp;30 months -- 5 years: Y<br>&nbsp;&nbsp;&nbsp;&nbsp;Preschool: N<br>&nbsp;&nbsp;&nbsp;&nbsp;Grade 1 - Age 12: Y<br>
5864,Licensed Group,Echo Academy,1605 Sutherland Ave,,Kelowna,V1Y 3T4,49.881328,-119.46302,778-581-3246,,,N,N,N,N,N,N,N,N,N,N,N,N,N,N,N,N,N,,,N,N,N,N,N,N,N,Y,Y,N,N,2026-05-05,https://hedgehogportal.interiorhealth.ca/ChildCare/Map,N,Y,N,Echo Academy<br>Licensed Group<br>778-581-3246<br><br>Vacancy:<br>&nbsp;&nbsp;&nbsp;&nbsp;<36 months: Y<br>&nbsp;&nbsp;&nbsp;&nbsp;30 months -- 5 years: Y<br>&nbsp;&nbsp;&nbsp;&nbsp;Preschool: N<br>&nbsp;&nbsp;&nbsp;&nbsp;Grade 1 - Age 12: N<br>
5865,Licensed Family,Happy Feet Montessori Child Care,1461 Hockaday St,,Coquitlam,V3E 3B2,49.302964,-122.772116,604-474-0850,www.happyfeetmontessori.com,,N,N,N,N,N,N,N,N,N,N,N,N,N,N,N,N,N,,,N,N,N,N,N,N,N,N,N,N,N,2026-05-01,http://www.healthspace.ca/fha/childcare,N,Y,N,Happy Feet Montessori Child Care<br>Licensed Family<br>604-474-0850<br><br>Vacancy:<br>&nbsp;&nbsp;&nbsp;&nbsp;<36 months: N<br>&nbsp;&nbsp;&nbsp;&nbsp;30 months -- 5 years: N<br>&nbsp;&nbsp;&nbsp;&nbsp;Preschool: N<br>&nbsp;&nbsp;&nbsp;&nbsp;Grade 1 - Age 12: N<br>
5866,Licensed Group,Kidspace Learning Centres Eagle Creek Inc.,110-25 Helmcken Rd,,Victoria,V8Z 5G5,48.468516,-123.426205,250-786-5990,,,N,N,N,N,N,N,N,N,N,N,N,N,N,N,N,N,N,,,N,N,N,N,N,N,N,N,N,N,N,2026-05-15,https://www.healthspace.ca/clients/viha/viha_website.nsf/CCFL-Main?OpenView,N,Y,N,Kidspace Learning Centres Eagle Creek Inc.<br>Licensed Group<br>250-786-5990<br><br>Vacancy:<br>&nbsp;&nbsp;&nbsp;&nbsp;<36 months: N<br>&nbsp;&nbsp;&nbsp;&nbsp;30 months -- 5 years: N<br>&nbsp;&nbsp;&nbsp;&nbsp;Preschool: N<br>&nbsp;&nbsp;&nbsp;&nbsp;Grade 1 - Age 12: N<br>
5867,Licensed Group,Little Wonders Montessori Childcare & Preschool Ltd.,33911 Hazelwood Ave,,Abbotsford,V2S 7V2,49.064529,-122.285357,604-621-5116,,,N,N,N,N,N,N,N,N,N,N,N,N,N,N,N,N,N,,,N,N,N,N,N,N,N,N,N,Y,N,2026-04-27,http://www.healthspace.ca/fha/childcare,N,Y,N,Little Wonders Montessori Childcare & Preschool Ltd.<br>Licensed Group<br>604-621-5116<br><br>Vacancy:<br>&nbsp;&nbsp;&nbsp;&nbsp;<36 months: N<br>&nbsp;&nbsp;&nbsp;&nbsp;30 months -- 5 years: N<br>&nbsp;&nbsp;&nbsp;&nbsp;Preschool: Y<br>&nbsp;&nbsp;&nbsp;&nbsp;Grade 1 - Age 12: N<br>
5868,Licensed Group,Buckingham Tots Child Care Center,7461 Stanley St,,Burnaby,V5E 3Z6,49.229403,-122.957481,604-337-0064,,,N,N,N,N,N,N,N,N,N,N,N,N,N,N,N,N,N,,,N,N,N,N,N,N,N,N,N,N,N,2026-05-01,http://www.healthspace.ca/fha/childcare,N,Y,N,Buckingham Tots Child Care Center<br>Licensed Group<br>604-337-0064<br><br>Vacancy:<br>&nbsp;&nbsp;&nbsp;&nbsp;<36 months: N<br>&nbsp;&nbsp;&nbsp;&nbsp;30 months -- 5 years: N<br>&nbsp;&nbsp;&nbsp;&nbsp;Preschool: N<br>&nbsp;&nbsp;&nbsp;&nbsp;Grade 1 - Age 12: N<br>
5869,Licensed Family,Fabe's Childcare,938 Walfred Rd,,Victoria,V9C 2P4,48.429455,-123.521855,250-884-1486,,,N,N,N,N,N,N,N,N,N,N,N,N,N,N,N,N,N,,,N,N,N,N,N,N,N,N,N,N,N,2026-04-20,https://www.healthspace.ca/clients/viha/viha_website.nsf/CCFL-Main?OpenView,N,Y,N,Fabe's Childcare<br>Licensed Family<br>250-884-1486<br><br>Vacancy:<br>&nbsp;&nbsp;&nbsp;&nbsp;<36 months: N<br>&nbsp;&nbsp;&nbsp;&nbsp;30 months -- 5 years: N<br>&nbsp;&nbsp;&nbsp;&nbsp;Preschool: N<br>&nbsp;&nbsp;&nbsp;&nbsp;Grade 1 - Age 12: N<br>
5870,Licensed Family,Charito's Family Daycare,2220 William Ave,,North Vancouver,V7J 2P6,49.329243,-123.050106,604-924-6805,,,N,N,N,N,N,N,N,N,N,N,N,N,N,N,N,N,N,,,N,N,N,N,N,N,N,Y,Y,N,N,2026-05-19,https://inspections.vcha.ca/ChildCare/Table,N,Y,N,Charito's Family Daycare<br>Licensed Family<br>604-924-6805<br><br>Vacancy:<br>&nbsp;&nbsp;&nbsp;&nbsp;<36 months: Y<br>&nbsp;&nbsp;&nbsp;&nbsp;30 months -- 5 years: Y<br>&nbsp;&nbsp;&nbsp;&nbsp;Preschool: N<br>&nbsp;&nbsp;&nbsp;&nbsp;Grade 1 - Age 12: N<br>
5871,Licensed Family,Hume Park Daycare,607 Columbia St E,,New Westminster,V3L 3Y1,49.235198,-122.892991,604-354-0662,,,N,N,N,N,N,N,N,N,N,N,N,N,N,N,N,N,N,,,N,N,N,N,N,N,N,N,Y,N,N,2026-05-15,http://www.healthspace.ca/fha/childcare,N,Y,N,Hume Park Daycare<br>Licensed Family<br>604-354-0662<br><br>Vacancy:<br>&nbsp;&nbsp;&nbsp;&nbsp;<36 months: N<br>&nbsp;&nbsp;&nbsp;&nbsp;30 months -- 5 years: Y<br>&nbsp;&nbsp;&nbsp;&nbsp;Preschool: N<br>&nbsp;&nbsp;&nbsp;&nbsp;Grade 1 - Age 12: N<br>
5872,Licensed Family,Learning Treehouse Daycare,10481 Santa Monica Dr,,Delta,V4C 1P8,49.150042,-122.932104,778-839-4850,,,N,N,N,N,N,N,N,N,N,N,N,N,N,N,N,N,N,,,N,N,N,N,N,N,N,N,N,N,N,2026-05-21,http://www.healthspace.ca/fha/childcare,N,Y,N,Learning Treehouse Daycare<br>Licensed Family<br>778-839-4850<br><br>Vacancy:<br>&nbsp;&nbsp;&nbsp;&nbsp;<36 months: N<br>&nbsp;&nbsp;&nbsp;&nbsp;30 months -- 5 years: N<br>&nbsp;&nbsp;&nbsp;&nbsp;Preschool: N<br>&nbsp;&nbsp;&nbsp;&nbsp;Grade 1 - Age 12: N<br>
5873,Licensed Group,Happy Faces Before And After School Care,2215 Gould Rd,,Nanaimo,V9X 1W1,49.094466,-123.853512,250-734-3609,,,N,N,N,N,N,N,N,N,N,N,N,N,N,N,N,N,N,,,N,N,N,N,N,N,N,N,N,Y,Y,2026-05-20,https://www.healthspace.ca/clients/viha/viha_website.nsf/CCFL-Main?OpenView,N,Y,N,Happy Faces Before And After School Care<br>Licensed Group<br>250-734-3609<br><br>Vacancy:<br>&nbsp;&nbsp;&nbsp;&nbsp;<36 months: N<br>&nbsp;&nbsp;&nbsp;&nbsp;30 months -- 5 years: N<br>&nbsp;&nbsp;&nbsp;&nbsp;Preschool: Y<br>&nbsp;&nbsp;&nbsp;&nbsp;Grade 1 - Age 12: Y<br>
5874,Licensed Group,Little Me,521 4Th Ave,,Fernie,V0B 1M0,49.504461,-115.063832,250-430-7474,,,N,N,N,N,N,N,N,N,N,N,N,N,N,N,N,N,N,,,N,N,N,N,N,N,N,N,N,N,N,2026-05-18,https://hedgehogportal.interiorhealth.ca/ChildCare/Map,N,Y,N,Little Me<br>Licensed Group<br>250-430-7474<br><br>Vacancy:<br>&nbsp;&nbsp;&nbsp;&nbsp;<36 months: N<br>&nbsp;&nbsp;&nbsp;&nbsp;30 months -- 5 years: N<br>&nbsp;&nbsp;&nbsp;&nbsp;Preschool: N<br>&nbsp;&nbsp;&nbsp;&nbsp;Grade 1 - Age 12: N<br>
5875,Licensed Group,Nurturing Hearts Montessori Daycare - James Hill,22144 Old Yale Rd,,Langley,V2Z 1B5,49.084176,-122.610085,778-366-1885,,,N,N,N,N,N,N,N,N,N,N,N,N,N,N,N,N,N,,,N,N,N,N,N,N,N,N,N,N,N,2026-05-19,http://www.healthspace.ca/fha/childcare,N,Y,N,Nurturing Hearts Montessori Daycare - James Hill<br>Licensed Group<br>778-366-1885<br><br>Vacancy:<br>&nbsp;&nbsp;&nbsp;&nbsp;<36 months: N<br>&nbsp;&nbsp;&nbsp;&nbsp;30 months -- 5 years: N<br>&nbsp;&nbsp;&nbsp;&nbsp;Preschool: N<br>&nbsp;&nbsp;&nbsp;&nbsp;Grade 1 - Age 12: N<br>
5876,Licensed Family,Desert Palms,2623 Willowbrae Dr,,Kamloops,V1S 2B2,50.634041,-120.356279,250-372-0673,,,N,N,N,N,N,N,N,N,N,N,N,N,N,N,N,N,N,,,N,N,N,N,N,N,N,N,Y,N,Y,2026-05-18,https://hedgehogportal.interiorhealth.ca/ChildCare/Map,N,Y,N,Desert Palms<br>Licensed Family<br>250-372-0673<br><br>Vacancy:<br>&nbsp;&nbsp;&nbsp;&nbsp;<36 months: N<br>&nbsp;&nbsp;&nbsp;&nbsp;30 months -- 5 years: Y<br>&nbsp;&nbsp;&nbsp;&nbsp;Preschool: N<br>&nbsp;&nbsp;&nbsp;&nbsp;Grade 1 - Age 12: Y<br>
5877,Licensed Group,Sunset School Age Care @ Sexsmith,7410 Columbia St,,Vancouver,V5X 3C1,49.217201,-123.108378,604-718-6512,,,N,N,N,N,N,N,N,N,N,N,N,N,N,N,N,N,N,,,N,N,N,N,N,N,N,N,N,N,N,2026-05-11,https://inspections.vcha.ca/ChildCare/Table,N,Y,N,Sunset School Age Care @ Sexsmith<br>Licensed Group<br>604-718-6512<br><br>Vacancy:<br>&nbsp;&nbsp;&nbsp;&nbsp;<36 months: N<br>&nbsp;&nbsp;&nbsp;&nbsp;30 months -- 5 years: N<br>&nbsp;&nbsp;&nbsp;&nbsp;Preschool: N<br>&nbsp;&nbsp;&nbsp;&nbsp;Grade 1 - Age 12: N<br>
5878,Licensed Group,Parkside Childcare Centre,210 Parkside Dr,,Port Moody,V3H 4Z6,49.296291,-122.844089,604-936-9197,,,N,N,N,N,N,N,N,N,N,N,N,N,N,N,N,N,N,Not offered,Not offered,N,N,N,N,N,N,N,N,N,N,N,2026-04-23,http://www.healthspace.ca/fha/childcare,N,Y,N,Parkside Childcare Centre<br>Licensed Group<br>604-936-9197<br><br>Vacancy:<br>&nbsp;&nbsp;&nbsp;&nbsp;<36 months: N<br>&nbsp;&nbsp;&nbsp;&nbsp;30 months -- 5 years: N<br>&nbsp;&nbsp;&nbsp;&nbsp;Preschool: N<br>&nbsp;&nbsp;&nbsp;&nbsp;Grade 1 - Age 12: N<br>
5879,Licensed Group,Conscious Kids Care,202-20395 Lougheed Hwy,,Maple Ridge,V2X 2P9,49.219718,-122.655648,604-783-3066,,,N,N,N,N,N,N,N,N,N,N,N,N,N,N,N,N,N,,,N,N,N,N,N,N,N,N,N,Y,N,2026-05-20,http://www.healthspace.ca/fha/childcare,N,Y,N,Conscious Kids Care<br>Licensed Group<br>604-783-3066<br><br>Vacancy:<br>&nbsp;&nbsp;&nbsp;&nbsp;<36 months: N<br>&nbsp;&nbsp;&nbsp;&nbsp;30 months -- 5 years: N<br>&nbsp;&nbsp;&nbsp;&nbsp;Preschool: Y<br>&nbsp;&nbsp;&nbsp;&nbsp;Grade 1 - Age 12: N<br>
5880,Licensed Family,Down By The Bay Childcare Centre,1055 Damelart Way,,Brentwood Bay,V8M 1H7,48.576814,-123.455837,250-532-3658,,,N,N,N,N,N,N,N,N,N,N,N,N,N,N,N,N,N,,,N,N,N,N,N,N,N,N,N,N,N,2026-05-16,https://www.healthspace.ca/clients/viha/viha_website.nsf/CCFL-Main?OpenView,N,Y,N,Down By The Bay Childcare Centre<br>Licensed Family<br>250-532-3658<br><br>Vacancy:<br>&nbsp;&nbsp;&nbsp;&nbsp;<36 months: N<br>&nbsp;&nbsp;&nbsp;&nbsp;30 months -- 5 years: N<br>&nbsp;&nbsp;&nbsp;&nbsp;Preschool: N<br>&nbsp;&nbsp;&nbsp;&nbsp;Grade 1 - Age 12: N<br>
5881,Licensed Group,Little Scholars Learning Academy,104-17720 57 Ave,,Surrey,V3S 1H2,49.105839,-122.731456,604-372-4430,,,N,N,N,N,N,N,N,N,N,N,N,N,N,N,N,N,N,,,N,N,N,N,N,N,N,Y,Y,N,N,2026-05-19,http://www.healthspace.ca/fha/childcare,N,Y,N,Little Scholars Learning Academy<br>Licensed Group<br>604-372-4430<br><br>Vacancy:<br>&nbsp;&nbsp;&nbsp;&nbsp;<36 months: Y<br>&nbsp;&nbsp;&nbsp;&nbsp;30 months -- 5 years: Y<br>&nbsp;&nbsp;&nbsp;&nbsp;Preschool: N<br>&nbsp;&nbsp;&nbsp;&nbsp;Grade 1 - Age 12: N<br>
5882,Licensed Group,Jessie's Tots Educare Centre,4836 Brentlawn Dr,,Burnaby,V5C 3V5,49.268037,-122.993519,778-928-9995,,,N,N,N,N,N,N,N,N,N,N,N,N,N,N,N,N,N,,,N,N,N,N,N,N,N,N,N,N,N,2026-05-14,http://www.healthspace.ca/fha/childcare,N,Y,N,Jessie's Tots Educare Centre<br>Licensed Group<br>778-928-9995<br><br>Vacancy:<br>&nbsp;&nbsp;&nbsp;&nbsp;<36 months: N<br>&nbsp;&nbsp;&nbsp;&nbsp;30 months -- 5 years: N<br>&nbsp;&nbsp;&nbsp;&nbsp;Preschool: N<br>&nbsp;&nbsp;&nbsp;&nbsp;Grade 1 - Age 12: N<br>
5883,Licensed Group,Precious Steps Academy - Seabay,11411 Seabay Rd,,Richmond,V7A 3H5,49.139227,-123.097824,604-447-3901,,,N,N,N,N,N,N,N,N,N,N,N,N,N,N,N,N,N,,,N,N,N,N,N,N,N,N,N,N,N,2026-04-30,https://inspections.vcha.ca/ChildCare/Table,N,Y,N,Precious Steps Academy - Seabay<br>Licensed Group<br>604-447-3901<br><br>Vacancy:<br>&nbsp;&nbsp;&nbsp;&nbsp;<36 months: N<br>&nbsp;&nbsp;&nbsp;&nbsp;30 months -- 5 years: N<br>&nbsp;&nbsp;&nbsp;&nbsp;Preschool: N<br>&nbsp;&nbsp;&nbsp;&nbsp;Grade 1 - Age 12: N<br>
5884,Licensed Family,Precious Treasures Child Care,3941 Waterton Cres,,Abbotsford,V3G 1J8,49.074169,-122.246089,778-552-8501,,,N,N,N,N,N,N,N,N,N,N,N,N,N,N,N,N,N,,,N,N,N,N,N,N,N,N,N,N,N,2026-05-17,http://www.healthspace.ca/fha/childcare,N,Y,N,Precious Treasures Child Care<br>Licensed Family<br>778-552-8501<br><br>Vacancy:<br>&nbsp;&nbsp;&nbsp;&nbsp;<36 months: N<br>&nbsp;&nbsp;&nbsp;&nbsp;30 months -- 5 years: N<br>&nbsp;&nbsp;&nbsp;&nbsp;Preschool: N<br>&nbsp;&nbsp;&nbsp;&nbsp;Grade 1 - Age 12: N<br>
5885,Licensed Family,Little Giggles Family Daycare,2668 Alhambra Dr,,West Kelowna,V1Z 3A8,49.860919,-119.567293,250-869-6505,,,N,N,N,N,N,N,N,N,N,N,N,N,N,N,N,N,N,,,N,N,N,N,N,N,N,N,N,N,N,2026-05-15,https://hedgehogportal.interiorhealth.ca/ChildCare/Map,N,Y,N,Little Giggles Family Daycare<br>Licensed Family<br>250-869-6505<br><br>Vacancy:<br>&nbsp;&nbsp;&nbsp;&nbsp;<36 months: N<br>&nbsp;&nbsp;&nbsp;&nbsp;30 months -- 5 years: N<br>&nbsp;&nbsp;&nbsp;&nbsp;Preschool: N<br>&nbsp;&nbsp;&nbsp;&nbsp;Grade 1 - Age 12: N<br>
5886,Licensed Group,Uscc Children's Orchard Preschool,1876 Brilliant Rd,,Castlegar,V1N 4K2,49.320397,-117.641096,250-365-3613,,,N,N,N,N,N,N,N,N,N,N,N,N,N,N,N,N,N,,,N,N,N,N,N,N,N,N,N,Y,N,2026-05-18,https://hedgehogportal.interiorhealth.ca/ChildCare/Map,N,Y,N,Uscc Children's Orchard Preschool<br>Licensed Group<br>250-365-3613<br><br>Vacancy:<br>&nbsp;&nbsp;&nbsp;&nbsp;<36 months: N<br>&nbsp;&nbsp;&nbsp;&nbsp;30 months -- 5 years: N<br>&nbsp;&nbsp;&nbsp;&nbsp;Preschool: Y<br>&nbsp;&nbsp;&nbsp;&nbsp;Grade 1 - Age 12: N<br>
5887,Licensed Family,Blossoming Butterflies Day School,1270 Houghton Rd,,Kelowna,V1X 2C9,49.892449,-119.411382,778-484-4116,,,N,N,N,N,N,N,N,N,N,N,N,N,N,N,N,N,N,,,N,N,N,N,N,N,N,Y,Y,N,N,2026-03-15,https://hedgehogportal.interiorhealth.ca/ChildCare/Map,N,Y,N,Blossoming Butterflies Day School<br>Licensed Family<br>778-484-4116<br><br>Vacancy:<br>&nbsp;&nbsp;&nbsp;&nbsp;<36 months: Y<br>&nbsp;&nbsp;&nbsp;&nbsp;30 months -- 5 years: Y<br>&nbsp;&nbsp;&nbsp;&nbsp;Preschool: N<br>&nbsp;&nbsp;&nbsp;&nbsp;Grade 1 - Age 12: N<br>
5888,Licensed Family,Chez Naty,1658 Gillett St,,Prince George,V2M 2V4,53.908872,-122.774647,250-613-5254,,,N,N,N,N,N,N,N,N,N,N,N,N,N,N,N,N,N,,,N,N,N,N,N,N,N,N,N,N,N,2026-05-15,https://www.healthspace.ca/Clients/NHA/NHA_Website.nsf/CCFL-Frameset,N,Y,N,Chez Naty<br>Licensed Family<br>250-613-5254<br><br>Vacancy:<br>&nbsp;&nbsp;&nbsp;&nbsp;<36 months: N<br>&nbsp;&nbsp;&nbsp;&nbsp;30 months -- 5 years: N<br>&nbsp;&nbsp;&nbsp;&nbsp;Preschool: N<br>&nbsp;&nbsp;&nbsp;&nbsp;Grade 1 - Age 12: N<br>
5889,Licensed Family,Smile N Learn Childcare,6279 167B St,,Surrey,V3S 0Z2,49.11608,-122.758077,778-919-6153,,,N,N,N,N,N,N,N,N,N,N,N,N,N,N,N,N,N,,,N,N,N,N,N,N,N,N,N,N,N,2026-05-20,http://www.healthspace.ca/fha/childcare,N,Y,N,Smile N Learn Childcare<br>Licensed Family<br>778-919-6153<br><br>Vacancy:<br>&nbsp;&nbsp;&nbsp;&nbsp;<36 months: N<br>&nbsp;&nbsp;&nbsp;&nbsp;30 months -- 5 years: N<br>&nbsp;&nbsp;&nbsp;&nbsp;Preschool: N<br>&nbsp;&nbsp;&nbsp;&nbsp;Grade 1 - Age 12: N<br>
5890,Licensed Family,Little Toes Daycare,11355 86 Ave,,Delta,V4C 2X1,49.159884,-122.908172,604-722-3650,,,N,N,N,N,N,N,N,N,N,N,N,N,N,N,N,N,N,,,N,N,N,N,N,N,N,Y,Y,N,N,2026-04-30,http://www.healthspace.ca/fha/childcare,N,Y,N,Little Toes Daycare<br>Licensed Family<br>604-722-3650<br><br>Vacancy:<br>&nbsp;&nbsp;&nbsp;&nbsp;<36 months: Y<br>&nbsp;&nbsp;&nbsp;&nbsp;30 months -- 5 years: Y<br>&nbsp;&nbsp;&nbsp;&nbsp;Preschool: N<br>&nbsp;&nbsp;&nbsp;&nbsp;Grade 1 - Age 12: N<br>
5891,Licensed Group,"Choo Choo, Let's Go! Early Learning Centre",2340 Sunriver Way,,Sooke,V9Z 0Y4,48.393396,-123.712461,250-900-6632,,,N,N,N,N,N,N,N,N,N,N,N,N,N,N,N,N,N,,,N,N,N,N,N,N,N,N,Y,N,N,2026-05-16,https://www.healthspace.ca/clients/viha/viha_website.nsf/CCFL-Main?OpenView,N,Y,N,"Choo Choo, Let's Go! Early Learning Centre<br>Licensed Group<br>250-900-6632<br><br>Vacancy:<br>&nbsp;&nbsp;&nbsp;&nbsp;<36 months: N<br>&nbsp;&nbsp;&nbsp;&nbsp;30 months -- 5 years: Y<br>&nbsp;&nbsp;&nbsp;&nbsp;Preschool: N<br>&nbsp;&nbsp;&nbsp;&nbsp;Grade 1 - Age 12: N<br>"
5892,Licensed Group,Seafair Montessori Academy,160-3920 Francis Rd,,Richmond,V7C 1J7,49.148059,-123.182358,778-927-7210,,,N,N,N,N,N,N,N,N,N,N,N,N,N,N,N,N,N,,,N,N,N,N,N,N,N,Y,Y,N,N,2026-04-17,https://inspections.vcha.ca/ChildCare/Table,N,Y,N,Seafair Montessori Academy<br>Licensed Group<br>778-927-7210<br><br>Vacancy:<br>&nbsp;&nbsp;&nbsp;&nbsp;<36 months: Y<br>&nbsp;&nbsp;&nbsp;&nbsp;30 months -- 5 years: Y<br>&nbsp;&nbsp;&nbsp;&nbsp;Preschool: N<br>&nbsp;&nbsp;&nbsp;&nbsp;Grade 1 - Age 12: N<br>
5893,Licensed Family,Kids Just Wanna Have Fun,5906 Deuchars Dr,,Duncan,V9L 1L4,48.785249,-123.728186,250-748-9345,,,N,N,N,N,N,N,N,N,N,N,N,N,N,N,N,N,N,,,N,N,N,N,N,N,N,N,Y,N,N,2026-05-01,https://www.healthspace.ca/clients/viha/viha_website.nsf/CCFL-Main?OpenView,N,Y,N,Kids Just Wanna Have Fun<br>Licensed Family<br>250-748-9345<br><br>Vacancy:<br>&nbsp;&nbsp;&nbsp;&nbsp;<36 months: N<br>&nbsp;&nbsp;&nbsp;&nbsp;30 months -- 5 years: Y<br>&nbsp;&nbsp;&nbsp;&nbsp;Preschool: N<br>&nbsp;&nbsp;&nbsp;&nbsp;Grade 1 - Age 12: N<br>
5894,Licensed Group,Kids Zone Child Care Centre #2 Ltd,9444 120 St,,Surrey,V3V 4B9,49.174496,-122.889949,778-317-1789,,,N,N,N,N,N,N,N,N,N,N,N,N,N,N,N,N,N,,,N,N,N,N,N,N,N,Y,N,N,N,2026-05-13,http://www.healthspace.ca/fha/childcare,N,Y,N,Kids Zone Child Care Centre #2 Ltd<br>Licensed Group<br>778-317-1789<br><br>Vacancy:<br>&nbsp;&nbsp;&nbsp;&nbsp;<36 months: Y<br>&nbsp;&nbsp;&nbsp;&nbsp;30 months -- 5 years: N<br>&nbsp;&nbsp;&nbsp;&nbsp;Preschool: N<br>&nbsp;&nbsp;&nbsp;&nbsp;Grade 1 - Age 12: N<br>
5895,Licensed Group,Little Munchkin Daycare Ltd.,5981 Holland St,,Vancouver,V6N 2B2,49.232241,-123.192789,604-655-1895,,,N,N,N,N,N,N,N,N,N,N,N,N,N,N,N,N,N,,,N,N,N,N,N,N,N,Y,Y,Y,Y,2026-04-01,https://inspections.vcha.ca/ChildCare/Table,N,Y,N,Little Munchkin Daycare Ltd.<br>Licensed Group<br>604-655-1895<br><br>Vacancy:<br>&nbsp;&nbsp;&nbsp;&nbsp;<36 months: Y<br>&nbsp;&nbsp;&nbsp;&nbsp;30 months -- 5 years: Y<br>&nbsp;&nbsp;&nbsp;&nbsp;Preschool: Y<br>&nbsp;&nbsp;&nbsp;&nbsp;Grade 1 - Age 12: Y<br>
5896,Licensed Group,Little Munchkin Daycare Ltd.,5979 Holland St,,Vancouver,V6N 2B2,49.232227,-123.192405,604-655-1895,,,N,N,N,N,N,N,N,N,N,N,N,N,N,N,N,N,N,,,N,N,N,N,N,N,N,Y,Y,Y,Y,2026-04-01,https://inspections.vcha.ca/ChildCare/Table,N,Y,N,Little Munchkin Daycare Ltd.<br>Licensed Group<br>604-655-1895<br><br>Vacancy:<br>&nbsp;&nbsp;&nbsp;&nbsp;<36 months: Y<br>&nbsp;&nbsp;&nbsp;&nbsp;30 months -- 5 years: Y<br>&nbsp;&nbsp;&nbsp;&nbsp;Preschool: Y<br>&nbsp;&nbsp;&nbsp;&nbsp;Grade 1 - Age 12: Y<br>
5897,Licensed Family,Alisha's Angels Childcare,143 Lennea Pl,,Campbell River,V9H 1G7,49.917411,-125.192484,250-923-1422,,,N,N,N,N,N,N,N,N,N,N,N,N,N,N,N,N,N,,,N,N,N,N,N,N,N,N,N,N,N,2026-05-19,https://www.healthspace.ca/clients/viha/viha_website.nsf/CCFL-Main?OpenView,N,Y,N,Alisha's Angels Childcare<br>Licensed Family<br>250-923-1422<br><br>Vacancy:<br>&nbsp;&nbsp;&nbsp;&nbsp;<36 months: N<br>&nbsp;&nbsp;&nbsp;&nbsp;30 months -- 5 years: N<br>&nbsp;&nbsp;&nbsp;&nbsp;Preschool: N<br>&nbsp;&nbsp;&nbsp;&nbsp;Grade 1 - Age 12: N<br>
5898,Licensed Group,Mish Mash,40022 Government Rd,,Squamish,V8B 0A9,49.733878,-123.141171,604-848-8133,,,N,N,N,N,N,N,N,N,N,N,N,N,N,N,N,N,N,,,N,N,N,N,N,N,N,N,N,N,N,2026-05-15,https://inspections.vcha.ca/ChildCare/Table,N,Y,N,Mish Mash<br>Licensed Group<br>604-848-8133<br><br>Vacancy:<br>&nbsp;&nbsp;&nbsp;&nbsp;<36 months: N<br>&nbsp;&nbsp;&nbsp;&nbsp;30 months -- 5 years: N<br>&nbsp;&nbsp;&nbsp;&nbsp;Preschool: N<br>&nbsp;&nbsp;&nbsp;&nbsp;Grade 1 - Age 12: N<br>
5899,Licensed Family,Giggles & Grins Daycare,1203 Burnside Rd W,,Victoria,V8Z 1N7,48.465035,-123.417827,778-350-0137,,,N,N,N,N,N,N,N,N,N,N,N,N,N,N,N,N,N,,,N,N,N,N,N,N,N,Y,N,N,N,2026-04-21,https://www.healthspace.ca/clients/viha/viha_website.nsf/CCFL-Main?OpenView,N,Y,N,Giggles & Grins Daycare<br>Licensed Family<br>778-350-0137<br><br>Vacancy:<br>&nbsp;&nbsp;&nbsp;&nbsp;<36 months: Y<br>&nbsp;&nbsp;&nbsp;&nbsp;30 months -- 5 years: N<br>&nbsp;&nbsp;&nbsp;&nbsp;Preschool: N<br>&nbsp;&nbsp;&nbsp;&nbsp;Grade 1 - Age 12: N<br>
5900,Licensed Group,Rothewood Academy Richmond,140-7931 Alderbridge Way,,Richmond,V6X 2A4,49.17791,-123.138165,604-279-1818,,,N,N,N,N,N,N,N,N,N,N,N,N,N,N,N,N,N,,,N,N,N,N,N,N,N,Y,Y,N,N,2026-04-27,https://inspections.vcha.ca/ChildCare/Table,N,Y,N,Rothewood Academy Richmond<br>Licensed Group<br>604-279-1818<br><br>Vacancy:<br>&nbsp;&nbsp;&nbsp;&nbsp;<36 months: Y<br>&nbsp;&nbsp;&nbsp;&nbsp;30 months -- 5 years: Y<br>&nbsp;&nbsp;&nbsp;&nbsp;Preschool: N<br>&nbsp;&nbsp;&nbsp;&nbsp;Grade 1 - Age 12: N<br>
5901,Licensed Group,Rothewood Academy Richmond,100-7931 Alderbridge Way,,Richmond,V6X 2A4,49.17791,-123.138165,604-279-1818,,,N,N,N,N,N,N,N,N,N,N,N,N,N,N,N,N,N,,,N,N,N,N,N,N,N,Y,Y,N,N,2026-05-14,https://inspections.vcha.ca/ChildCare/Table,N,Y,N,Rothewood Academy Richmond<br>Licensed Group<br>604-279-1818<br><br>Vacancy:<br>&nbsp;&nbsp;&nbsp;&nbsp;<36 months: Y<br>&nbsp;&nbsp;&nbsp;&nbsp;30 months -- 5 years: Y<br>&nbsp;&nbsp;&nbsp;&nbsp;Preschool: N<br>&nbsp;&nbsp;&nbsp;&nbsp;Grade 1 - Age 12: N<br>
5902,Licensed Family,Magical Memories Daycare,12200 230 St,,Maple Ridge,V2X 0P6,49.224137,-122.584509,778-223-7664,,,N,N,N,N,N,N,N,N,N,N,N,N,N,N,N,N,N,,,N,N,N,N,N,N,N,N,N,N,N,2026-04-29,http://www.healthspace.ca/fha/childcare,N,Y,N,Magical Memories Daycare<br>Licensed Family<br>778-223-7664<br><br>Vacancy:<br>&nbsp;&nbsp;&nbsp;&nbsp;<36 months: N<br>&nbsp;&nbsp;&nbsp;&nbsp;30 months -- 5 years: N<br>&nbsp;&nbsp;&nbsp;&nbsp;Preschool: N<br>&nbsp;&nbsp;&nbsp;&nbsp;Grade 1 - Age 12: N<br>
5903,Licensed Family,Foundation Of Learning Child Care Inc.,427 Donald St,,Coquitlam,V3K 3Z9,49.246624,-122.881489,778-898-9471,,,N,N,N,N,N,N,N,N,N,N,N,N,N,N,N,N,N,,,N,N,N,N,N,N,N,N,N,N,N,2026-04-20,http://www.healthspace.ca/fha/childcare,N,N,N,Foundation Of Learning Child Care Inc.<br>Licensed Family<br>778-898-9471<br><br>Vacancy:<br>&nbsp;&nbsp;&nbsp;&nbsp;<36 months: N<br>&nbsp;&nbsp;&nbsp;&nbsp;30 months -- 5 years: N<br>&nbsp;&nbsp;&nbsp;&nbsp;Preschool: N<br>&nbsp;&nbsp;&nbsp;&nbsp;Grade 1 - Age 12: N<br>
5904,Licensed Family,Aster Meadow Early Learning And Care,737 Steenbuck Dr,,Campbell River,V9W 7J9,49.988133,-125.243359,250-739-3400,www.astermeadowearlylearningandcare.com,,N,N,N,N,N,N,N,N,N,N,N,N,N,N,N,N,N,,,N,N,N,N,N,N,N,N,N,N,N,2026-05-15,https://www.healthspace.ca/clients/viha/viha_website.nsf/CCFL-Main?OpenView,N,Y,N,Aster Meadow Early Learning And Care<br>Licensed Family<br>250-739-3400<br><br>Vacancy:<br>&nbsp;&nbsp;&nbsp;&nbsp;<36 months: N<br>&nbsp;&nbsp;&nbsp;&nbsp;30 months -- 5 years: N<br>&nbsp;&nbsp;&nbsp;&nbsp;Preschool: N<br>&nbsp;&nbsp;&nbsp;&nbsp;Grade 1 - Age 12: N<br>
5905,Licensed Group,Lil Ones Early Learning Center,552 Nova St,,Nanaimo,V9R 5N5,49.146867,-123.953077,250-716-2736,,,N,N,N,N,N,N,N,N,N,N,N,N,N,N,N,N,N,,,N,N,N,N,N,N,N,N,N,N,N,2026-05-15,https://www.healthspace.ca/clients/viha/viha_website.nsf/CCFL-Main?OpenView,N,Y,N,Lil Ones Early Learning Center<br>Licensed Group<br>250-716-2736<br><br>Vacancy:<br>&nbsp;&nbsp;&nbsp;&nbsp;<36 months: N<br>&nbsp;&nbsp;&nbsp;&nbsp;30 months -- 5 years: N<br>&nbsp;&nbsp;&nbsp;&nbsp;Preschool: N<br>&nbsp;&nbsp;&nbsp;&nbsp;Grade 1 - Age 12: N<br>
5906,Licensed Family,Fairfield Island Childcare,46491 Gilbert Ave,,Chilliwack,V2P 3V1,49.190615,-121.938265,604-802-0397,,,N,N,N,N,N,N,N,N,N,N,N,N,N,N,N,N,N,,,N,N,N,N,N,N,N,N,N,N,N,2026-05-15,http://www.healthspace.ca/fha/childcare,N,Y,N,Fairfield Island Childcare<br>Licensed Family<br>604-802-0397<br><br>Vacancy:<br>&nbsp;&nbsp;&nbsp;&nbsp;<36 months: N<br>&nbsp;&nbsp;&nbsp;&nbsp;30 months -- 5 years: N<br>&nbsp;&nbsp;&nbsp;&nbsp;Preschool: N<br>&nbsp;&nbsp;&nbsp;&nbsp;Grade 1 - Age 12: N<br>
5907,Licensed Group,La Garderie,Rm 160 B - 1166 W 14Th,,Vancouver,V6H 1P6,49.258314,-123.130362,604-736-3238,,,N,N,N,N,N,N,N,N,N,N,N,N,N,N,N,N,N,,,N,N,N,N,N,N,N,N,N,N,N,2026-05-19,https://inspections.vcha.ca/ChildCare/Table,N,Y,N,La Garderie<br>Licensed Group<br>604-736-3238<br><br>Vacancy:<br>&nbsp;&nbsp;&nbsp;&nbsp;<36 months: N<br>&nbsp;&nbsp;&nbsp;&nbsp;30 months -- 5 years: N<br>&nbsp;&nbsp;&nbsp;&nbsp;Preschool: N<br>&nbsp;&nbsp;&nbsp;&nbsp;Grade 1 - Age 12: N<br>
5908,Licensed Group,Starchild Centre - Malta Rd,1689 Malta Rd,,Shawnigan Lake,V0R 2W1,48.660834,-123.617624,250-929-3240,,,N,N,N,N,N,N,N,N,N,N,N,N,N,N,N,N,N,,,N,N,N,N,N,N,N,N,Y,N,N,2026-05-19,https://www.healthspace.ca/clients/viha/viha_website.nsf/CCFL-Main?OpenView,N,Y,N,Starchild Centre - Malta Rd<br>Licensed Group<br>250-929-3240<br><br>Vacancy:<br>&nbsp;&nbsp;&nbsp;&nbsp;<36 months: N<br>&nbsp;&nbsp;&nbsp;&nbsp;30 months -- 5 years: Y<br>&nbsp;&nbsp;&nbsp;&nbsp;Preschool: N<br>&nbsp;&nbsp;&nbsp;&nbsp;Grade 1 - Age 12: N<br>
5909,Licensed Group,Kinvig Early Learning Centre,14247 70A Ave,,Surrey,V3W 2J9,49.131075,-122.82758,778-386-3501,,,N,N,N,N,N,N,N,N,N,N,N,N,N,N,N,N,N,,,N,N,N,N,N,N,N,N,N,N,N,2026-05-18,http://www.healthspace.ca/fha/childcare,N,Y,N,Kinvig Early Learning Centre<br>Licensed Group<br>778-386-3501<br><br>Vacancy:<br>&nbsp;&nbsp;&nbsp;&nbsp;<36 months: N<br>&nbsp;&nbsp;&nbsp;&nbsp;30 months -- 5 years: N<br>&nbsp;&nbsp;&nbsp;&nbsp;Preschool: N<br>&nbsp;&nbsp;&nbsp;&nbsp;Grade 1 - Age 12: N<br>
5910,Licensed Group,L'ecole Bilingue Kindercare And Les Grands Enfants,Rm 160A - 1166 14Th Ave W,,Vancouver,V6H 1P6,49.258314,-123.130362,604-739-7200,,,N,N,N,N,N,N,N,N,N,N,N,N,N,N,N,N,N,,,N,N,N,N,N,N,N,N,N,N,N,2026-05-20,https://inspections.vcha.ca/ChildCare/Table,N,Y,N,L'ecole Bilingue Kindercare And Les Grands Enfants<br>Licensed Group<br>604-739-7200<br><br>Vacancy:<br>&nbsp;&nbsp;&nbsp;&nbsp;<36 months: N<br>&nbsp;&nbsp;&nbsp;&nbsp;30 months -- 5 years: N<br>&nbsp;&nbsp;&nbsp;&nbsp;Preschool: N<br>&nbsp;&nbsp;&nbsp;&nbsp;Grade 1 - Age 12: N<br>
5911,Licensed Family,Sweet Pea's Daycare,699 Accacia Ave,,Coquitlam,V3J 2E6,49.253986,-122.882175,778-707-2634,,,N,N,N,N,N,N,N,N,N,N,N,N,N,N,N,N,N,,,N,N,N,N,N,N,N,N,N,N,N,2026-05-15,http://www.healthspace.ca/fha/childcare,N,Y,N,Sweet Pea's Daycare<br>Licensed Family<br>778-707-2634<br><br>Vacancy:<br>&nbsp;&nbsp;&nbsp;&nbsp;<36 months: N<br>&nbsp;&nbsp;&nbsp;&nbsp;30 months -- 5 years: N<br>&nbsp;&nbsp;&nbsp;&nbsp;Preschool: N<br>&nbsp;&nbsp;&nbsp;&nbsp;Grade 1 - Age 12: N<br>
5912,Licensed Group,Lily Of The Valley Montessori Center,20645 120B Cres,,Maple Ridge,V2X 9T3,49.222724,-122.648842,778-938-9046,,,N,N,N,N,N,N,N,N,N,N,N,N,N,N,N,N,N,,,N,N,N,N,N,N,N,N,N,N,N,2026-05-17,http://www.healthspace.ca/fha/childcare,N,Y,N,Lily Of The Valley Montessori Center<br>Licensed Group<br>778-938-9046<br><br>Vacancy:<br>&nbsp;&nbsp;&nbsp;&nbsp;<36 months: N<br>&nbsp;&nbsp;&nbsp;&nbsp;30 months -- 5 years: N<br>&nbsp;&nbsp;&nbsp;&nbsp;Preschool: N<br>&nbsp;&nbsp;&nbsp;&nbsp;Grade 1 - Age 12: N<br>
5913,Licensed Group,Dandelion Daycare Centre,5870 Rumble St,,Burnaby,V5J 2C4,49.214518,-122.97803,604-566-2666,,,N,N,N,N,N,N,N,N,N,N,N,N,N,N,N,N,N,,,N,N,N,N,N,N,N,N,N,N,N,2026-05-15,http://www.healthspace.ca/fha/childcare,N,Y,N,Dandelion Daycare Centre<br>Licensed Group<br>604-566-2666<br><br>Vacancy:<br>&nbsp;&nbsp;&nbsp;&nbsp;<36 months: N<br>&nbsp;&nbsp;&nbsp;&nbsp;30 months -- 5 years: N<br>&nbsp;&nbsp;&nbsp;&nbsp;Preschool: N<br>&nbsp;&nbsp;&nbsp;&nbsp;Grade 1 - Age 12: N<br>
5914,Licensed Family,Little Ducklings Daycare,6724 Rhodonite Dr,,Sooke,V9Z 0L5,48.385764,-123.7286,236-464-1065,,,N,N,N,N,N,N,N,N,N,N,N,N,N,N,N,N,N,,,N,N,N,N,N,N,N,Y,Y,N,Y,2026-05-15,https://www.healthspace.ca/clients/viha/viha_website.nsf/CCFL-Main?OpenView,N,Y,N,Little Ducklings Daycare<br>Licensed Family<br>236-464-1065<br><br>Vacancy:<br>&nbsp;&nbsp;&nbsp;&nbsp;<36 months: Y<br>&nbsp;&nbsp;&nbsp;&nbsp;30 months -- 5 years: Y<br>&nbsp;&nbsp;&nbsp;&nbsp;Preschool: N<br>&nbsp;&nbsp;&nbsp;&nbsp;Grade 1 - Age 12: Y<br>
5915,Licensed Family,Garderie Pomme D'api Daycare,22 Erskine Lane,,Victoria,V8Z 1R7,48.465473,-123.438464,250-415-2573,,,N,N,N,N,N,N,N,N,N,N,N,N,N,N,N,N,N,,,N,N,N,N,N,N,N,N,N,N,N,2026-04-15,https://www.healthspace.ca/clients/viha/viha_website.nsf/CCFL-Main?OpenView,N,Y,N,Garderie Pomme D'api Daycare<br>Licensed Family<br>250-415-2573<br><br>Vacancy:<br>&nbsp;&nbsp;&nbsp;&nbsp;<36 months: N<br>&nbsp;&nbsp;&nbsp;&nbsp;30 months -- 5 years: N<br>&nbsp;&nbsp;&nbsp;&nbsp;Preschool: N<br>&nbsp;&nbsp;&nbsp;&nbsp;Grade 1 - Age 12: N<br>
5916,Licensed Group,Little Dreamers Preschool Ltd.,33165 King Rd,,Abbotsford,V2S 7Z9,49.031544,-122.305323,604-614-5308,,,N,N,N,N,N,N,N,N,N,N,N,N,N,N,N,N,N,,,N,N,N,N,N,N,N,N,Y,Y,Y,2026-05-13,http://www.healthspace.ca/fha/childcare,N,Y,N,Little Dreamers Preschool Ltd.<br>Licensed Group<br>604-614-5308<br><br>Vacancy:<br>&nbsp;&nbsp;&nbsp;&nbsp;<36 months: N<br>&nbsp;&nbsp;&nbsp;&nbsp;30 months -- 5 years: Y<br>&nbsp;&nbsp;&nbsp;&nbsp;Preschool: Y<br>&nbsp;&nbsp;&nbsp;&nbsp;Grade 1 - Age 12: Y<br>
5917,Licensed Family,Cozy Corner Child Care Centre,16411 80 Ave,,Surrey,V4N 0H2,49.148359,-122.767381,604-817-8417,,,N,N,N,N,N,N,N,N,N,N,N,N,N,N,N,N,N,,,N,N,N,N,N,N,N,N,N,N,N,2026-05-15,http://www.healthspace.ca/fha/childcare,N,Y,N,Cozy Corner Child Care Centre<br>Licensed Family<br>604-817-8417<br><br>Vacancy:<br>&nbsp;&nbsp;&nbsp;&nbsp;<36 months: N<br>&nbsp;&nbsp;&nbsp;&nbsp;30 months -- 5 years: N<br>&nbsp;&nbsp;&nbsp;&nbsp;Preschool: N<br>&nbsp;&nbsp;&nbsp;&nbsp;Grade 1 - Age 12: N<br>
5918,Licensed Group,My Daycare Centre,12972 58B Ave,,Surrey,V3X 0C2,49.109271,-122.862974,604-780-7200,,,N,N,N,N,N,N,N,N,N,N,N,N,N,N,N,N,N,,,N,N,N,N,N,N,N,N,N,N,N,2026-05-20,http://www.healthspace.ca/fha/childcare,N,Y,N,My Daycare Centre<br>Licensed Group<br>604-780-7200<br><br>Vacancy:<br>&nbsp;&nbsp;&nbsp;&nbsp;<36 months: N<br>&nbsp;&nbsp;&nbsp;&nbsp;30 months -- 5 years: N<br>&nbsp;&nbsp;&nbsp;&nbsp;Preschool: N<br>&nbsp;&nbsp;&nbsp;&nbsp;Grade 1 - Age 12: N<br>
5919,Licensed Family,Best Buddies Childcare,2746 Scott St,,Victoria,V8R 4J2,48.439319,-123.335271,250-888-8359,,,Y,N,N,N,N,N,Y,Y,N,Y,Y,N,N,N,N,N,N,Included in fee,Not offered,N,N,N,N,N,Y,Y,N,Y,N,N,2026-05-15,https://www.healthspace.ca/clients/viha/viha_website.nsf/CCFL-Main?OpenView,N,Y,N,Best Buddies Childcare<br>Licensed Family<br>250-888-8359<br><br>Vacancy:<br>&nbsp;&nbsp;&nbsp;&nbsp;<36 months: N<br>&nbsp;&nbsp;&nbsp;&nbsp;30 months -- 5 years: Y<br>&nbsp;&nbsp;&nbsp;&nbsp;Preschool: N<br>&nbsp;&nbsp;&nbsp;&nbsp;Grade 1 - Age 12: N<br>
5920,Licensed Family,Happy Beginnings Childcare,2744 Lonsdale St,,Prince George,V2L 4X9,53.893257,-122.759004,250-640-2340,,,N,N,N,N,N,N,N,N,N,N,N,N,N,N,N,N,N,,,N,N,N,N,N,N,N,Y,Y,N,N,2026-05-20,https://www.healthspace.ca/Clients/NHA/NHA_Website.nsf/CCFL-Frameset,N,Y,N,Happy Beginnings Childcare<br>Licensed Family<br>250-640-2340<br><br>Vacancy:<br>&nbsp;&nbsp;&nbsp;&nbsp;<36 months: Y<br>&nbsp;&nbsp;&nbsp;&nbsp;30 months -- 5 years: Y<br>&nbsp;&nbsp;&nbsp;&nbsp;Preschool: N<br>&nbsp;&nbsp;&nbsp;&nbsp;Grade 1 - Age 12: N<br>
5921,Licensed Group,Mosaic Montessori Preschool,2268 Bayswater St,,Vancouver,V6K 4P5,49.266039,-123.170467,604-734-1619,,,N,N,N,N,N,N,N,N,N,N,N,N,N,N,N,N,N,,,N,N,N,N,N,N,N,N,N,N,N,2026-04-27,https://inspections.vcha.ca/ChildCare/Table,N,Y,N,Mosaic Montessori Preschool<br>Licensed Group<br>604-734-1619<br><br>Vacancy:<br>&nbsp;&nbsp;&nbsp;&nbsp;<36 months: N<br>&nbsp;&nbsp;&nbsp;&nbsp;30 months -- 5 years: N<br>&nbsp;&nbsp;&nbsp;&nbsp;Preschool: N<br>&nbsp;&nbsp;&nbsp;&nbsp;Grade 1 - Age 12: N<br>
5922,Licensed Group,Kidspace Learning Centres Armstrong Inc.,2720 Rosedale Ave,,Armstrong,V4Y 0C9,50.441878,-119.193612,604-380-4060,,,N,N,N,N,N,N,N,N,N,N,N,N,N,N,N,N,N,,,N,N,N,N,N,N,N,N,N,N,N,2026-05-15,https://hedgehogportal.interiorhealth.ca/ChildCare/Map,N,Y,N,Kidspace Learning Centres Armstrong Inc.<br>Licensed Group<br>604-380-4060<br><br>Vacancy:<br>&nbsp;&nbsp;&nbsp;&nbsp;<36 months: N<br>&nbsp;&nbsp;&nbsp;&nbsp;30 months -- 5 years: N<br>&nbsp;&nbsp;&nbsp;&nbsp;Preschool: N<br>&nbsp;&nbsp;&nbsp;&nbsp;Grade 1 - Age 12: N<br>
5923,Licensed Group,Precious Early Years Childcare,1209 Hamilton St,,New Westminster,V3M 2N1,49.209499,-122.933684,778-999-8637,,,N,N,N,N,N,N,N,N,N,N,N,N,N,N,N,N,N,,,N,N,N,N,N,N,N,N,N,N,N,2026-05-15,http://www.healthspace.ca/fha/childcare,N,Y,N,Precious Early Years Childcare<br>Licensed Group<br>778-999-8637<br><br>Vacancy:<br>&nbsp;&nbsp;&nbsp;&nbsp;<36 months: N<br>&nbsp;&nbsp;&nbsp;&nbsp;30 months -- 5 years: N<br>&nbsp;&nbsp;&nbsp;&nbsp;Preschool: N<br>&nbsp;&nbsp;&nbsp;&nbsp;Grade 1 - Age 12: N<br>
5924,Licensed Group,Happy Hearts Childcare Centre,22330 Dewdney Trunk Rd,,Maple Ridge,V2X 3J2,49.220427,-122.603557,604-479-2273,,,N,N,N,N,N,N,N,N,N,N,N,N,N,N,N,N,N,,,N,N,N,N,N,N,N,N,N,N,N,2026-04-15,http://www.healthspace.ca/fha/childcare,N,Y,N,Happy Hearts Childcare Centre<br>Licensed Group<br>604-479-2273<br><br>Vacancy:<br>&nbsp;&nbsp;&nbsp;&nbsp;<36 months: N<br>&nbsp;&nbsp;&nbsp;&nbsp;30 months -- 5 years: N<br>&nbsp;&nbsp;&nbsp;&nbsp;Preschool: N<br>&nbsp;&nbsp;&nbsp;&nbsp;Grade 1 - Age 12: N<br>
